/*--------------------------------*- C++ -*----------------------------------*\
| =========                 |                                                 |
| \\      /  F ield         | OpenFOAM: The Open Source CFD Toolbox           |
|  \\    /   O peration     | Version:  v1912                                 |
|   \\  /    A nd           | Website:  www.openfoam.com                      |
|    \\/     M anipulation  |                                                 |
\*---------------------------------------------------------------------------*/
FoamFile
{
    version     2.0;
    format      ascii;
    class       labelList;
    note        "nPoints:18562  nCells:9072  nFaces:36496  nInternalFaces:17936";
    location    "constant/polyMesh";
    object      neighbour;
}
// * * * * * * * * * * * * * * * * * * * * * * * * * * * * * * * * * * * * * //


17936
(
4536
4559
6804
2268
2269
4537
2269
2270
4538
2270
2271
4539
2271
2272
4540
2272
2273
4541
2273
2274
4542
2274
2275
4543
2275
2276
4544
2276
2277
4545
2277
2278
4546
2278
2279
4547
2279
2280
4548
2280
2281
4549
2281
2282
4550
2282
2283
4551
2283
2284
4552
2284
2285
4553
2285
2286
4554
2286
2287
4555
2287
2288
4556
2288
2289
4557
2289
2290
4558
4559
4582
6827
2291
2292
4537
4560
2292
2293
4538
4561
2293
2294
4539
4562
2294
2295
4540
4563
2295
2296
4541
4564
2296
2297
4542
4565
2297
2298
4543
4566
2298
2299
4544
4567
2299
2300
4545
4568
2300
2301
4546
4569
2301
2302
4547
4570
2302
2303
4548
4571
2303
2304
4549
4572
2304
2305
4550
4573
2305
2306
4551
4574
2306
2307
4552
4575
2307
2308
4553
4576
2308
2309
4554
4577
2309
2310
4555
4578
2310
2311
4556
4579
2311
2312
4557
4580
2312
2313
4558
4581
4582
4605
6850
2314
2315
4560
4583
2315
2316
4561
4584
2316
2317
4562
4585
2317
2318
4563
4586
2318
2319
4564
4587
2319
2320
4565
4588
2320
2321
4566
4589
2321
2322
4567
4590
2322
2323
4568
4591
2323
2324
4569
4592
2324
2325
4570
4593
2325
2326
4571
4594
2326
2327
4572
4595
2327
2328
4573
4596
2328
2329
4574
4597
2329
2330
4575
4598
2330
2331
4576
4599
2331
2332
4577
4600
2332
2333
4578
4601
2333
2334
4579
4602
2334
2335
4580
4603
2335
2336
4581
4604
4605
4628
6873
2337
2338
4583
4606
2338
2339
4584
4607
2339
2340
4585
4608
2340
2341
4586
4609
2341
2342
4587
4610
2342
2343
4588
4611
2343
2344
4589
4612
2344
2345
4590
4613
2345
2346
4591
4614
2346
2347
4592
4615
2347
2348
4593
4616
2348
2349
4594
4617
2349
2350
4595
4618
2350
2351
4596
4619
2351
2352
4597
4620
2352
2353
4598
4621
2353
2354
4599
4622
2354
2355
4600
4623
2355
2356
4601
4624
2356
2357
4602
4625
2357
2358
4603
4626
2358
2359
4604
4627
4628
4651
6896
2360
2361
4606
4629
2361
2362
4607
4630
2362
2363
4608
4631
2363
2364
4609
4632
2364
2365
4610
4633
2365
2366
4611
4634
2366
2367
4612
4635
2367
2368
4613
4636
2368
2369
4614
4637
2369
2370
4615
4638
2370
2371
4616
4639
2371
2372
4617
4640
2372
2373
4618
4641
2373
2374
4619
4642
2374
2375
4620
4643
2375
2376
4621
4644
2376
2377
4622
4645
2377
2378
4623
4646
2378
2379
4624
4647
2379
2380
4625
4648
2380
2381
4626
4649
2381
2382
4627
4650
4651
4674
6919
2383
2384
4629
4652
2384
2385
4630
4653
2385
2386
4631
4654
2386
2387
4632
4655
2387
2388
4633
4656
2388
2389
4634
4657
2389
2390
4635
4658
2390
2391
4636
4659
2391
2392
4637
4660
2392
2393
4638
4661
2393
2394
4639
4662
2394
2395
4640
4663
2395
2396
4641
4664
2396
2397
4642
4665
2397
2398
4643
4666
2398
2399
4644
4667
2399
2400
4645
4668
2400
2401
4646
4669
2401
2402
4647
4670
2402
2403
4648
4671
2403
2404
4649
4672
2404
2405
4650
4673
4674
4697
6942
2406
2407
4652
4675
2407
2408
4653
4676
2408
2409
4654
4677
2409
2410
4655
4678
2410
2411
4656
4679
2411
2412
4657
4680
2412
2413
4658
4681
2413
2414
4659
4682
2414
2415
4660
4683
2415
2416
4661
4684
2416
2417
4662
4685
2417
2418
4663
4686
2418
2419
4664
4687
2419
2420
4665
4688
2420
2421
4666
4689
2421
2422
4667
4690
2422
2423
4668
4691
2423
2424
4669
4692
2424
2425
4670
4693
2425
2426
4671
4694
2426
2427
4672
4695
2427
2428
4673
4696
4697
4872
6965
2429
2430
4675
4698
2430
2431
4676
4699
2431
2432
4677
4700
2432
2433
4678
4701
2433
2434
4679
4702
2434
2435
4680
4703
2435
2436
4681
4704
2436
2437
4682
4705
2437
2438
4683
4706
2438
2439
4684
4707
2439
2440
4685
4708
2440
2441
4686
4709
2441
2442
4687
4710
2442
2443
4688
4711
2443
2444
4689
4712
2444
2445
4690
4713
2445
2446
4691
4714
2446
2447
4692
4715
2447
2448
4693
4716
2448
2449
4694
4717
2449
2450
4695
4718
2450
2451
4696
4719
4720
4739
6988
2452
2453
4721
2453
2454
4722
2454
2455
4723
2455
2456
4724
2456
2457
4725
2457
2458
4726
2458
2459
4727
2459
2460
4728
2460
2461
4729
2461
2462
4730
2462
2463
4731
2463
2464
4732
2464
2465
4733
2465
2466
4734
2466
2467
4735
2467
2468
4736
2468
2469
4737
2469
2470
4738
4739
4758
7007
2471
2472
4721
4740
2472
2473
4722
4741
2473
2474
4723
4742
2474
2475
4724
4743
2475
2476
4725
4744
2476
2477
4726
4745
2477
2478
4727
4746
2478
2479
4728
4747
2479
2480
4729
4748
2480
2481
4730
4749
2481
2482
4731
4750
2482
2483
4732
4751
2483
2484
4733
4752
2484
2485
4734
4753
2485
2486
4735
4754
2486
2487
4736
4755
2487
2488
4737
4756
2488
2489
4738
4757
4758
4777
7026
2490
2491
4740
4759
2491
2492
4741
4760
2492
2493
4742
4761
2493
2494
4743
4762
2494
2495
4744
4763
2495
2496
4745
4764
2496
2497
4746
4765
2497
2498
4747
4766
2498
2499
4748
4767
2499
2500
4749
4768
2500
2501
4750
4769
2501
2502
4751
4770
2502
2503
4752
4771
2503
2504
4753
4772
2504
2505
4754
4773
2505
2506
4755
4774
2506
2507
4756
4775
2507
2508
4757
4776
4777
4796
7045
2509
2510
4759
4778
2510
2511
4760
4779
2511
2512
4761
4780
2512
2513
4762
4781
2513
2514
4763
4782
2514
2515
4764
4783
2515
2516
4765
4784
2516
2517
4766
4785
2517
2518
4767
4786
2518
2519
4768
4787
2519
2520
4769
4788
2520
2521
4770
4789
2521
2522
4771
4790
2522
2523
4772
4791
2523
2524
4773
4792
2524
2525
4774
4793
2525
2526
4775
4794
2526
2527
4776
4795
4796
4815
7064
2528
2529
4778
4797
2529
2530
4779
4798
2530
2531
4780
4799
2531
2532
4781
4800
2532
2533
4782
4801
2533
2534
4783
4802
2534
2535
4784
4803
2535
2536
4785
4804
2536
2537
4786
4805
2537
2538
4787
4806
2538
2539
4788
4807
2539
2540
4789
4808
2540
2541
4790
4809
2541
2542
4791
4810
2542
2543
4792
4811
2543
2544
4793
4812
2544
2545
4794
4813
2545
2546
4795
4814
4815
4834
7083
2547
2548
4797
4816
2548
2549
4798
4817
2549
2550
4799
4818
2550
2551
4800
4819
2551
2552
4801
4820
2552
2553
4802
4821
2553
2554
4803
4822
2554
2555
4804
4823
2555
2556
4805
4824
2556
2557
4806
4825
2557
2558
4807
4826
2558
2559
4808
4827
2559
2560
4809
4828
2560
2561
4810
4829
2561
2562
4811
4830
2562
2563
4812
4831
2563
2564
4813
4832
2564
2565
4814
4833
4834
4853
7102
2566
2567
4816
4835
2567
2568
4817
4836
2568
2569
4818
4837
2569
2570
4819
4838
2570
2571
4820
4839
2571
2572
4821
4840
2572
2573
4822
4841
2573
2574
4823
4842
2574
2575
4824
4843
2575
2576
4825
4844
2576
2577
4826
4845
2577
2578
4827
4846
2578
2579
4828
4847
2579
2580
4829
4848
2580
2581
4830
4849
2581
2582
4831
4850
2582
2583
4832
4851
2583
2584
4833
4852
1470
4853
7121
2585
2586
4835
4854
2586
2587
4836
4855
2587
2588
4837
4856
2588
2589
4838
4857
2589
2590
4839
4858
2590
2591
4840
4859
2591
2592
4841
4860
2592
2593
4842
4861
2593
2594
4843
4862
2594
2595
4844
4863
2595
2596
4845
4864
2596
2597
4846
4865
2597
2598
4847
4866
2598
2599
4848
4867
2599
2600
4849
4868
2600
2601
4850
4869
2601
2602
4851
4870
2602
2603
4852
4871
4872
4895
7140
2604
2605
4698
4873
2605
2606
4699
4874
2606
2607
4700
4875
2607
2608
4701
4876
2608
2609
4702
4877
2609
2610
4703
4878
2610
2611
4704
4879
2611
2612
4705
4880
2612
2613
4706
4881
2613
2614
4707
4882
2614
2615
4708
4883
2615
2616
4709
4884
2616
2617
4710
4885
2617
2618
4711
4886
2618
2619
4712
4887
2619
2620
4713
4888
2620
2621
4714
4889
2621
2622
4715
4890
2622
2623
4716
4891
2623
2624
4717
4892
2624
2625
4718
4893
2625
2626
4719
4894
4895
4918
7163
2627
2628
4873
4896
2628
2629
4874
4897
2629
2630
4875
4898
2630
2631
4876
4899
2631
2632
4877
4900
2632
2633
4878
4901
2633
2634
4879
4902
2634
2635
4880
4903
2635
2636
4881
4904
2636
2637
4882
4905
2637
2638
4883
4906
2638
2639
4884
4907
2639
2640
4885
4908
2640
2641
4886
4909
2641
2642
4887
4910
2642
2643
4888
4911
2643
2644
4889
4912
2644
2645
4890
4913
2645
2646
4891
4914
2646
2647
4892
4915
2647
2648
4893
4916
2648
2649
4894
4917
4918
4941
7186
2650
2651
4896
4919
2651
2652
4897
4920
2652
2653
4898
4921
2653
2654
4899
4922
2654
2655
4900
4923
2655
2656
4901
4924
2656
2657
4902
4925
2657
2658
4903
4926
2658
2659
4904
4927
2659
2660
4905
4928
2660
2661
4906
4929
2661
2662
4907
4930
2662
2663
4908
4931
2663
2664
4909
4932
2664
2665
4910
4933
2665
2666
4911
4934
2666
2667
4912
4935
2667
2668
4913
4936
2668
2669
4914
4937
2669
2670
4915
4938
2670
2671
4916
4939
2671
2672
4917
4940
4941
4964
7209
2673
2674
4919
4942
2674
2675
4920
4943
2675
2676
4921
4944
2676
2677
4922
4945
2677
2678
4923
4946
2678
2679
4924
4947
2679
2680
4925
4948
2680
2681
4926
4949
2681
2682
4927
4950
2682
2683
4928
4951
2683
2684
4929
4952
2684
2685
4930
4953
2685
2686
4931
4954
2686
2687
4932
4955
2687
2688
4933
4956
2688
2689
4934
4957
2689
2690
4935
4958
2690
2691
4936
4959
2691
2692
4937
4960
2692
2693
4938
4961
2693
2694
4939
4962
2694
2695
4940
4963
4964
4987
7232
2696
2697
4942
4965
2697
2698
4943
4966
2698
2699
4944
4967
2699
2700
4945
4968
2700
2701
4946
4969
2701
2702
4947
4970
2702
2703
4948
4971
2703
2704
4949
4972
2704
2705
4950
4973
2705
2706
4951
4974
2706
2707
4952
4975
2707
2708
4953
4976
2708
2709
4954
4977
2709
2710
4955
4978
2710
2711
4956
4979
2711
2712
4957
4980
2712
2713
4958
4981
2713
2714
4959
4982
2714
2715
4960
4983
2715
2716
4961
4984
2716
2717
4962
4985
2717
2718
4963
4986
4987
5010
7255
2719
2720
4965
4988
2720
2721
4966
4989
2721
2722
4967
4990
2722
2723
4968
4991
2723
2724
4969
4992
2724
2725
4970
4993
2725
2726
4971
4994
2726
2727
4972
4995
2727
2728
4973
4996
2728
2729
4974
4997
2729
2730
4975
4998
2730
2731
4976
4999
2731
2732
4977
5000
2732
2733
4978
5001
2733
2734
4979
5002
2734
2735
4980
5003
2735
2736
4981
5004
2736
2737
4982
5005
2737
2738
4983
5006
2738
2739
4984
5007
2739
2740
4985
5008
2740
2741
4986
5009
5010
5033
7278
2742
2743
4988
5011
2743
2744
4989
5012
2744
2745
4990
5013
2745
2746
4991
5014
2746
2747
4992
5015
2747
2748
4993
5016
2748
2749
4994
5017
2749
2750
4995
5018
2750
2751
4996
5019
2751
2752
4997
5020
2752
2753
4998
5021
2753
2754
4999
5022
2754
2755
5000
5023
2755
2756
5001
5024
2756
2757
5002
5025
2757
2758
5003
5026
2758
2759
5004
5027
2759
2760
5005
5028
2760
2761
5006
5029
2761
2762
5007
5030
2762
2763
5008
5031
2763
2764
5009
5032
5033
5056
7301
2765
2766
5011
5034
2766
2767
5012
5035
2767
2768
5013
5036
2768
2769
5014
5037
2769
2770
5015
5038
2770
2771
5016
5039
2771
2772
5017
5040
2772
2773
5018
5041
2773
2774
5019
5042
2774
2775
5020
5043
2775
2776
5021
5044
2776
2777
5022
5045
2777
2778
5023
5046
2778
2779
5024
5047
2779
2780
5025
5048
2780
2781
5026
5049
2781
2782
5027
5050
2782
2783
5028
5051
2783
2784
5029
5052
2784
2785
5030
5053
2785
2786
5031
5054
2786
2787
5032
5055
5056
5079
7324
2788
2789
5034
5057
2789
2790
5035
5058
2790
2791
5036
5059
2791
2792
5037
5060
2792
2793
5038
5061
2793
2794
5039
5062
2794
2795
5040
5063
2795
2796
5041
5064
2796
2797
5042
5065
2797
2798
5043
5066
2798
2799
5044
5067
2799
2800
5045
5068
2800
2801
5046
5069
2801
2802
5047
5070
2802
2803
5048
5071
2803
2804
5049
5072
2804
2805
5050
5073
2805
2806
5051
5074
2806
2807
5052
5075
2807
2808
5053
5076
2808
2809
5054
5077
2809
2810
5055
5078
5079
5102
7347
2811
2812
5057
5080
2812
2813
5058
5081
2813
2814
5059
5082
2814
2815
5060
5083
2815
2816
5061
5084
2816
2817
5062
5085
2817
2818
5063
5086
2818
2819
5064
5087
2819
2820
5065
5088
2820
2821
5066
5089
2821
2822
5067
5090
2822
2823
5068
5091
2823
2824
5069
5092
2824
2825
5070
5093
2825
2826
5071
5094
2826
2827
5072
5095
2827
2828
5073
5096
2828
2829
5074
5097
2829
2830
5075
5098
2830
2831
5076
5099
2831
2832
5077
5100
2832
2833
5078
5101
5102
5125
7370
2834
2835
5080
5103
2835
2836
5081
5104
2836
2837
5082
5105
2837
2838
5083
5106
2838
2839
5084
5107
2839
2840
5085
5108
2840
2841
5086
5109
2841
2842
5087
5110
2842
2843
5088
5111
2843
2844
5089
5112
2844
2845
5090
5113
2845
2846
5091
5114
2846
2847
5092
5115
2847
2848
5093
5116
2848
2849
5094
5117
2849
2850
5095
5118
2850
2851
5096
5119
2851
2852
5097
5120
2852
2853
5098
5121
2853
2854
5099
5122
2854
2855
5100
5123
2855
2856
5101
5124
5125
5148
7393
2857
2858
5103
5126
2858
2859
5104
5127
2859
2860
5105
5128
2860
2861
5106
5129
2861
2862
5107
5130
2862
2863
5108
5131
2863
2864
5109
5132
2864
2865
5110
5133
2865
2866
5111
5134
2866
2867
5112
5135
2867
2868
5113
5136
2868
2869
5114
5137
2869
2870
5115
5138
2870
2871
5116
5139
2871
2872
5117
5140
2872
2873
5118
5141
2873
2874
5119
5142
2874
2875
5120
5143
2875
2876
5121
5144
2876
2877
5122
5145
2877
2878
5123
5146
2878
2879
5124
5147
5148
5171
7416
2880
2881
5126
5149
2881
2882
5127
5150
2882
2883
5128
5151
2883
2884
5129
5152
2884
2885
5130
5153
2885
2886
5131
5154
2886
2887
5132
5155
2887
2888
5133
5156
2888
2889
5134
5157
2889
2890
5135
5158
2890
2891
5136
5159
2891
2892
5137
5160
2892
2893
5138
5161
2893
2894
5139
5162
2894
2895
5140
5163
2895
2896
5141
5164
2896
2897
5142
5165
2897
2898
5143
5166
2898
2899
5144
5167
2899
2900
5145
5168
2900
2901
5146
5169
2901
2902
5147
5170
5171
5194
7439
2903
2904
5149
5172
2904
2905
5150
5173
2905
2906
5151
5174
2906
2907
5152
5175
2907
2908
5153
5176
2908
2909
5154
5177
2909
2910
5155
5178
2910
2911
5156
5179
2911
2912
5157
5180
2912
2913
5158
5181
2913
2914
5159
5182
2914
2915
5160
5183
2915
2916
5161
5184
2916
2917
5162
5185
2917
2918
5163
5186
2918
2919
5164
5187
2919
2920
5165
5188
2920
2921
5166
5189
2921
2922
5167
5190
2922
2923
5168
5191
2923
2924
5169
5192
2924
2925
5170
5193
5194
5217
7462
2926
2927
5172
5195
2927
2928
5173
5196
2928
2929
5174
5197
2929
2930
5175
5198
2930
2931
5176
5199
2931
2932
5177
5200
2932
2933
5178
5201
2933
2934
5179
5202
2934
2935
5180
5203
2935
2936
5181
5204
2936
2937
5182
5205
2937
2938
5183
5206
2938
2939
5184
5207
2939
2940
5185
5208
2940
2941
5186
5209
2941
2942
5187
5210
2942
2943
5188
5211
2943
2944
5189
5212
2944
2945
5190
5213
2945
2946
5191
5214
2946
2947
5192
5215
2947
2948
5193
5216
5217
5240
7485
2949
2950
5195
5218
2950
2951
5196
5219
2951
2952
5197
5220
2952
2953
5198
5221
2953
2954
5199
5222
2954
2955
5200
5223
2955
2956
5201
5224
2956
2957
5202
5225
2957
2958
5203
5226
2958
2959
5204
5227
2959
2960
5205
5228
2960
2961
5206
5229
2961
2962
5207
5230
2962
2963
5208
5231
2963
2964
5209
5232
2964
2965
5210
5233
2965
2966
5211
5234
2966
2967
5212
5235
2967
2968
5213
5236
2968
2969
5214
5237
2969
2970
5215
5238
2970
2971
5216
5239
5240
5263
7508
2972
2973
5218
5241
2973
2974
5219
5242
2974
2975
5220
5243
2975
2976
5221
5244
2976
2977
5222
5245
2977
2978
5223
5246
2978
2979
5224
5247
2979
2980
5225
5248
2980
2981
5226
5249
2981
2982
5227
5250
2982
2983
5228
5251
2983
2984
5229
5252
2984
2985
5230
5253
2985
2986
5231
5254
2986
2987
5232
5255
2987
2988
5233
5256
2988
2989
5234
5257
2989
2990
5235
5258
2990
2991
5236
5259
2991
2992
5237
5260
2992
2993
5238
5261
2993
2994
5239
5262
5263
5286
7531
2995
2996
5241
5264
2996
2997
5242
5265
2997
2998
5243
5266
2998
2999
5244
5267
2999
3000
5245
5268
3000
3001
5246
5269
3001
3002
5247
5270
3002
3003
5248
5271
3003
3004
5249
5272
3004
3005
5250
5273
3005
3006
5251
5274
3006
3007
5252
5275
3007
3008
5253
5276
3008
3009
5254
5277
3009
3010
5255
5278
3010
3011
5256
5279
3011
3012
5257
5280
3012
3013
5258
5281
3013
3014
5259
5282
3014
3015
5260
5283
3015
3016
5261
5284
3016
3017
5262
5285
5286
5309
7554
3018
3019
5264
5287
3019
3020
5265
5288
3020
3021
5266
5289
3021
3022
5267
5290
3022
3023
5268
5291
3023
3024
5269
5292
3024
3025
5270
5293
3025
3026
5271
5294
3026
3027
5272
5295
3027
3028
5273
5296
3028
3029
5274
5297
3029
3030
5275
5298
3030
3031
5276
5299
3031
3032
5277
5300
3032
3033
5278
5301
3033
3034
5279
5302
3034
3035
5280
5303
3035
3036
5281
5304
3036
3037
5282
5305
3037
3038
5283
5306
3038
3039
5284
5307
3039
3040
5285
5308
5309
5332
7577
3041
3042
5287
5310
3042
3043
5288
5311
3043
3044
5289
5312
3044
3045
5290
5313
3045
3046
5291
5314
3046
3047
5292
5315
3047
3048
5293
5316
3048
3049
5294
5317
3049
3050
5295
5318
3050
3051
5296
5319
3051
3052
5297
5320
3052
3053
5298
5321
3053
3054
5299
5322
3054
3055
5300
5323
3055
3056
5301
5324
3056
3057
5302
5325
3057
3058
5303
5326
3058
3059
5304
5327
3059
3060
5305
5328
3060
3061
5306
5329
3061
3062
5307
5330
3062
3063
5308
5331
5332
5355
7600
3064
3065
5310
5333
3065
3066
5311
5334
3066
3067
5312
5335
3067
3068
5313
5336
3068
3069
5314
5337
3069
3070
5315
5338
3070
3071
5316
5339
3071
3072
5317
5340
3072
3073
5318
5341
3073
3074
5319
5342
3074
3075
5320
5343
3075
3076
5321
5344
3076
3077
5322
5345
3077
3078
5323
5346
3078
3079
5324
5347
3079
3080
5325
5348
3080
3081
5326
5349
3081
3082
5327
5350
3082
3083
5328
5351
3083
3084
5329
5352
3084
3085
5330
5353
3085
3086
5331
5354
5355
5378
7623
3087
3088
5333
5356
3088
3089
5334
5357
3089
3090
5335
5358
3090
3091
5336
5359
3091
3092
5337
5360
3092
3093
5338
5361
3093
3094
5339
5362
3094
3095
5340
5363
3095
3096
5341
5364
3096
3097
5342
5365
3097
3098
5343
5366
3098
3099
5344
5367
3099
3100
5345
5368
3100
3101
5346
5369
3101
3102
5347
5370
3102
3103
5348
5371
3103
3104
5349
5372
3104
3105
5350
5373
3105
3106
5351
5374
3106
3107
5352
5375
3107
3108
5353
5376
3108
3109
5354
5377
5378
5401
7646
3110
3111
5356
5379
3111
3112
5357
5380
3112
3113
5358
5381
3113
3114
5359
5382
3114
3115
5360
5383
3115
3116
5361
5384
3116
3117
5362
5385
3117
3118
5363
5386
3118
3119
5364
5387
3119
3120
5365
5388
3120
3121
5366
5389
3121
3122
5367
5390
3122
3123
5368
5391
3123
3124
5369
5392
3124
3125
5370
5393
3125
3126
5371
5394
3126
3127
5372
5395
3127
3128
5373
5396
3128
3129
5374
5397
3129
3130
5375
5398
3130
3131
5376
5399
3131
3132
5377
5400
5401
5424
7669
3133
3134
5379
5402
3134
3135
5380
5403
3135
3136
5381
5404
3136
3137
5382
5405
3137
3138
5383
5406
3138
3139
5384
5407
3139
3140
5385
5408
3140
3141
5386
5409
3141
3142
5387
5410
3142
3143
5388
5411
3143
3144
5389
5412
3144
3145
5390
5413
3145
3146
5391
5414
3146
3147
5392
5415
3147
3148
5393
5416
3148
3149
5394
5417
3149
3150
5395
5418
3150
3151
5396
5419
3151
3152
5397
5420
3152
3153
5398
5421
3153
3154
5399
5422
3154
3155
5400
5423
5424
5447
7692
3156
3157
5402
5425
3157
3158
5403
5426
3158
3159
5404
5427
3159
3160
5405
5428
3160
3161
5406
5429
3161
3162
5407
5430
3162
3163
5408
5431
3163
3164
5409
5432
3164
3165
5410
5433
3165
3166
5411
5434
3166
3167
5412
5435
3167
3168
5413
5436
3168
3169
5414
5437
3169
3170
5415
5438
3170
3171
5416
5439
3171
3172
5417
5440
3172
3173
5418
5441
3173
3174
5419
5442
3174
3175
5420
5443
3175
3176
5421
5444
3176
3177
5422
5445
3177
3178
5423
5446
5447
5470
7715
3179
3180
5425
5448
3180
3181
5426
5449
3181
3182
5427
5450
3182
3183
5428
5451
3183
3184
5429
5452
3184
3185
5430
5453
3185
3186
5431
5454
3186
3187
5432
5455
3187
3188
5433
5456
3188
3189
5434
5457
3189
3190
5435
5458
3190
3191
5436
5459
3191
3192
5437
5460
3192
3193
5438
5461
3193
3194
5439
5462
3194
3195
5440
5463
3195
3196
5441
5464
3196
3197
5442
5465
3197
3198
5443
5466
3198
3199
5444
5467
3199
3200
5445
5468
3200
3201
5446
5469
5470
5493
7738
3202
3203
5448
5471
3203
3204
5449
5472
3204
3205
5450
5473
3205
3206
5451
5474
3206
3207
5452
5475
3207
3208
5453
5476
3208
3209
5454
5477
3209
3210
5455
5478
3210
3211
5456
5479
3211
3212
5457
5480
3212
3213
5458
5481
3213
3214
5459
5482
3214
3215
5460
5483
3215
3216
5461
5484
3216
3217
5462
5485
3217
3218
5463
5486
3218
3219
5464
5487
3219
3220
5465
5488
3220
3221
5466
5489
3221
3222
5467
5490
3222
3223
5468
5491
3223
3224
5469
5492
5493
5516
7761
3225
3226
5471
5494
3226
3227
5472
5495
3227
3228
5473
5496
3228
3229
5474
5497
3229
3230
5475
5498
3230
3231
5476
5499
3231
3232
5477
5500
3232
3233
5478
5501
3233
3234
5479
5502
3234
3235
5480
5503
3235
3236
5481
5504
3236
3237
5482
5505
3237
3238
5483
5506
3238
3239
5484
5507
3239
3240
5485
5508
3240
3241
5486
5509
3241
3242
5487
5510
3242
3243
5488
5511
3243
3244
5489
5512
3244
3245
5490
5513
3245
3246
5491
5514
3246
3247
5492
5515
5516
5539
7784
3248
3249
5494
5517
3249
3250
5495
5518
3250
3251
5496
5519
3251
3252
5497
5520
3252
3253
5498
5521
3253
3254
5499
5522
3254
3255
5500
5523
3255
3256
5501
5524
3256
3257
5502
5525
3257
3258
5503
5526
3258
3259
5504
5527
3259
3260
5505
5528
3260
3261
5506
5529
3261
3262
5507
5530
3262
3263
5508
5531
3263
3264
5509
5532
3264
3265
5510
5533
3265
3266
5511
5534
3266
3267
5512
5535
3267
3268
5513
5536
3268
3269
5514
5537
3269
3270
5515
5538
5539
5562
7807
3271
3272
5517
5540
3272
3273
5518
5541
3273
3274
5519
5542
3274
3275
5520
5543
3275
3276
5521
5544
3276
3277
5522
5545
3277
3278
5523
5546
3278
3279
5524
5547
3279
3280
5525
5548
3280
3281
5526
5549
3281
3282
5527
5550
3282
3283
5528
5551
3283
3284
5529
5552
3284
3285
5530
5553
3285
3286
5531
5554
3286
3287
5532
5555
3287
3288
5533
5556
3288
3289
5534
5557
3289
3290
5535
5558
3290
3291
5536
5559
3291
3292
5537
5560
3292
3293
5538
5561
5562
5585
7830
3294
3295
5540
5563
3295
3296
5541
5564
3296
3297
5542
5565
3297
3298
5543
5566
3298
3299
5544
5567
3299
3300
5545
5568
3300
3301
5546
5569
3301
3302
5547
5570
3302
3303
5548
5571
3303
3304
5549
5572
3304
3305
5550
5573
3305
3306
5551
5574
3306
3307
5552
5575
3307
3308
5553
5576
3308
3309
5554
5577
3309
3310
5555
5578
3310
3311
5556
5579
3311
3312
5557
5580
3312
3313
5558
5581
3313
3314
5559
5582
3314
3315
5560
5583
3315
3316
5561
5584
5585
5608
7853
3317
3318
5563
5586
3318
3319
5564
5587
3319
3320
5565
5588
3320
3321
5566
5589
3321
3322
5567
5590
3322
3323
5568
5591
3323
3324
5569
5592
3324
3325
5570
5593
3325
3326
5571
5594
3326
3327
5572
5595
3327
3328
5573
5596
3328
3329
5574
5597
3329
3330
5575
5598
3330
3331
5576
5599
3331
3332
5577
5600
3332
3333
5578
5601
3333
3334
5579
5602
3334
3335
5580
5603
3335
3336
5581
5604
3336
3337
5582
5605
3337
3338
5583
5606
3338
3339
5584
5607
5608
5631
7876
3340
3341
5586
5609
3341
3342
5587
5610
3342
3343
5588
5611
3343
3344
5589
5612
3344
3345
5590
5613
3345
3346
5591
5614
3346
3347
5592
5615
3347
3348
5593
5616
3348
3349
5594
5617
3349
3350
5595
5618
3350
3351
5596
5619
3351
3352
5597
5620
3352
3353
5598
5621
3353
3354
5599
5622
3354
3355
5600
5623
3355
3356
5601
5624
3356
3357
5602
5625
3357
3358
5603
5626
3358
3359
5604
5627
3359
3360
5605
5628
3360
3361
5606
5629
3361
3362
5607
5630
5631
5654
7899
3363
3364
5609
5632
3364
3365
5610
5633
3365
3366
5611
5634
3366
3367
5612
5635
3367
3368
5613
5636
3368
3369
5614
5637
3369
3370
5615
5638
3370
3371
5616
5639
3371
3372
5617
5640
3372
3373
5618
5641
3373
3374
5619
5642
3374
3375
5620
5643
3375
3376
5621
5644
3376
3377
5622
5645
3377
3378
5623
5646
3378
3379
5624
5647
3379
3380
5625
5648
3380
3381
5626
5649
3381
3382
5627
5650
3382
3383
5628
5651
3383
3384
5629
5652
3384
3385
5630
5653
5654
5677
7922
3386
3387
5632
5655
3387
3388
5633
5656
3388
3389
5634
5657
3389
3390
5635
5658
3390
3391
5636
5659
3391
3392
5637
5660
3392
3393
5638
5661
3393
3394
5639
5662
3394
3395
5640
5663
3395
3396
5641
5664
3396
3397
5642
5665
3397
3398
5643
5666
3398
3399
5644
5667
3399
3400
5645
5668
3400
3401
5646
5669
3401
3402
5647
5670
3402
3403
5648
5671
3403
3404
5649
5672
3404
3405
5650
5673
3405
3406
5651
5674
3406
3407
5652
5675
3407
3408
5653
5676
5677
5700
7945
3409
3410
5655
5678
3410
3411
5656
5679
3411
3412
5657
5680
3412
3413
5658
5681
3413
3414
5659
5682
3414
3415
5660
5683
3415
3416
5661
5684
3416
3417
5662
5685
3417
3418
5663
5686
3418
3419
5664
5687
3419
3420
5665
5688
3420
3421
5666
5689
3421
3422
5667
5690
3422
3423
5668
5691
3423
3424
5669
5692
3424
3425
5670
5693
3425
3426
5671
5694
3426
3427
5672
5695
3427
3428
5673
5696
3428
3429
5674
5697
3429
3430
5675
5698
3430
3431
5676
5699
5700
5723
7968
3432
3433
5678
5701
3433
3434
5679
5702
3434
3435
5680
5703
3435
3436
5681
5704
3436
3437
5682
5705
3437
3438
5683
5706
3438
3439
5684
5707
3439
3440
5685
5708
3440
3441
5686
5709
3441
3442
5687
5710
3442
3443
5688
5711
3443
3444
5689
5712
3444
3445
5690
5713
3445
3446
5691
5714
3446
3447
5692
5715
3447
3448
5693
5716
3448
3449
5694
5717
3449
3450
5695
5718
3450
3451
5696
5719
3451
3452
5697
5720
3452
3453
5698
5721
3453
3454
5699
5722
5723
5746
7991
3455
3456
5701
5724
3456
3457
5702
5725
3457
3458
5703
5726
3458
3459
5704
5727
3459
3460
5705
5728
3460
3461
5706
5729
3461
3462
5707
5730
3462
3463
5708
5731
3463
3464
5709
5732
3464
3465
5710
5733
3465
3466
5711
5734
3466
3467
5712
5735
3467
3468
5713
5736
3468
3469
5714
5737
3469
3470
5715
5738
3470
3471
5716
5739
3471
3472
5717
5740
3472
3473
5718
5741
3473
3474
5719
5742
3474
3475
5720
5743
3475
3476
5721
5744
3476
3477
5722
5745
5746
5769
8014
3478
3479
5724
5747
3479
3480
5725
5748
3480
3481
5726
5749
3481
3482
5727
5750
3482
3483
5728
5751
3483
3484
5729
5752
3484
3485
5730
5753
3485
3486
5731
5754
3486
3487
5732
5755
3487
3488
5733
5756
3488
3489
5734
5757
3489
3490
5735
5758
3490
3491
5736
5759
3491
3492
5737
5760
3492
3493
5738
5761
3493
3494
5739
5762
3494
3495
5740
5763
3495
3496
5741
5764
3496
3497
5742
5765
3497
3498
5743
5766
3498
3499
5744
5767
3499
3500
5745
5768
5769
5792
8037
3501
3502
5747
5770
3502
3503
5748
5771
3503
3504
5749
5772
3504
3505
5750
5773
3505
3506
5751
5774
3506
3507
5752
5775
3507
3508
5753
5776
3508
3509
5754
5777
3509
3510
5755
5778
3510
3511
5756
5779
3511
3512
5757
5780
3512
3513
5758
5781
3513
3514
5759
5782
3514
3515
5760
5783
3515
3516
5761
5784
3516
3517
5762
5785
3517
3518
5763
5786
3518
3519
5764
5787
3519
3520
5765
5788
3520
3521
5766
5789
3521
3522
5767
5790
3522
3523
5768
5791
5792
5815
8060
3524
3525
5770
5793
3525
3526
5771
5794
3526
3527
5772
5795
3527
3528
5773
5796
3528
3529
5774
5797
3529
3530
5775
5798
3530
3531
5776
5799
3531
3532
5777
5800
3532
3533
5778
5801
3533
3534
5779
5802
3534
3535
5780
5803
3535
3536
5781
5804
3536
3537
5782
5805
3537
3538
5783
5806
3538
3539
5784
5807
3539
3540
5785
5808
3540
3541
5786
5809
3541
3542
5787
5810
3542
3543
5788
5811
3543
3544
5789
5812
3544
3545
5790
5813
3545
3546
5791
5814
5815
8083
3547
3548
5793
5816
3548
3549
5794
5817
3549
3550
5795
5818
3550
3551
5796
5819
3551
3552
5797
5820
3552
3553
5798
5821
3553
3554
5799
5822
3554
3555
5800
5823
3555
3556
5801
5824
3556
3557
5802
5825
3557
3558
5803
5826
3558
3559
5804
5827
3559
3560
5805
5828
3560
3561
5806
5829
3561
3562
5807
5830
3562
3563
5808
5831
3563
3564
5809
5832
3564
3565
5810
5833
3565
3566
5811
5834
3566
3567
5812
5835
3567
3568
5813
5836
3568
3569
5814
5837
2626
3570
5838
3570
3571
5839
3571
3572
5840
3572
3573
5841
2649
3574
5838
5842
3574
3575
5839
5843
3575
3576
5840
5844
3576
3577
5841
5845
2672
3578
5842
5846
3578
3579
5843
5847
3579
3580
5844
5848
3580
3581
5845
5849
2695
3582
5846
5850
3582
3583
5847
5851
3583
3584
5848
5852
3584
3585
5849
5853
2718
3586
5850
5854
3586
3587
5851
5855
3587
3588
5852
5856
3588
3589
5853
5857
2741
3590
5854
5858
3590
3591
5855
5859
3591
3592
5856
5860
3592
3593
5857
5861
2764
3594
5858
5862
3594
3595
5859
5863
3595
3596
5860
5864
3596
3597
5861
5865
2787
3598
5862
5866
3598
3599
5863
5867
3599
3600
5864
5868
3600
3601
5865
5869
2810
3602
5866
5870
3602
3603
5867
5871
3603
3604
5868
5872
3604
3605
5869
5873
2833
3606
5870
5874
3606
3607
5871
5875
3607
3608
5872
5876
3608
3609
5873
5877
2856
3610
5874
5878
3610
3611
5875
5879
3611
3612
5876
5880
3612
3613
5877
5881
2879
3614
5878
5882
3614
3615
5879
5883
3615
3616
5880
5884
3616
3617
5881
5885
2902
3618
5882
5886
3618
3619
5883
5887
3619
3620
5884
5888
3620
3621
5885
5889
2925
3622
5886
5890
3622
3623
5887
5891
3623
3624
5888
5892
3624
3625
5889
5893
2948
3626
5890
5894
3626
3627
5891
5895
3627
3628
5892
5896
3628
3629
5893
5897
2971
3630
5894
5898
3630
3631
5895
5899
3631
3632
5896
5900
3632
3633
5897
5901
2994
3634
5898
5902
3634
3635
5899
5903
3635
3636
5900
5904
3636
3637
5901
5905
3017
3638
5902
5906
3638
3639
5903
5907
3639
3640
5904
5908
3640
3641
5905
5909
3040
3642
5906
5910
3642
3643
5907
5911
3643
3644
5908
5912
3644
3645
5909
5913
3063
3646
5910
5914
3646
3647
5911
5915
3647
3648
5912
5916
3648
3649
5913
5917
3086
3650
5914
5918
3650
3651
5915
5919
3651
3652
5916
5920
3652
3653
5917
5921
3109
3654
5918
5922
3654
3655
5919
5923
3655
3656
5920
5924
3656
3657
5921
5925
3132
3658
5922
5926
3658
3659
5923
5927
3659
3660
5924
5928
3660
3661
5925
5929
3155
3662
5926
5930
3662
3663
5927
5931
3663
3664
5928
5932
3664
3665
5929
5933
3178
3666
5930
5934
3666
3667
5931
5935
3667
3668
5932
5936
3668
3669
5933
5937
3201
3670
5934
5938
3670
3671
5935
5939
3671
3672
5936
5940
3672
3673
5937
5941
3224
3674
5938
5942
3674
3675
5939
5943
3675
3676
5940
5944
3676
3677
5941
5945
3247
3678
5942
5946
3678
3679
5943
5947
3679
3680
5944
5948
3680
3681
5945
5949
3270
3682
5946
5950
3682
3683
5947
5951
3683
3684
5948
5952
3684
3685
5949
5953
3293
3686
5950
5954
3686
3687
5951
5955
3687
3688
5952
5956
3688
3689
5953
5957
3316
3690
5954
5958
3690
3691
5955
5959
3691
3692
5956
5960
3692
3693
5957
5961
3339
3694
5958
5962
3694
3695
5959
5963
3695
3696
5960
5964
3696
3697
5961
5965
3362
3698
5962
5966
3698
3699
5963
5967
3699
3700
5964
5968
3700
3701
5965
5969
3385
3702
5966
5970
3702
3703
5967
5971
3703
3704
5968
5972
3704
3705
5969
5973
3408
3706
5970
5974
3706
3707
5971
5975
3707
3708
5972
5976
3708
3709
5973
5977
3431
3710
5974
5978
3710
3711
5975
5979
3711
3712
5976
5980
3712
3713
5977
5981
3454
3714
5978
5982
3714
3715
5979
5983
3715
3716
5980
5984
3716
3717
5981
5985
3477
3718
5982
5986
3718
3719
5983
5987
3719
3720
5984
5988
3720
3721
5985
5989
3500
3722
5986
5990
3722
3723
5987
5991
3723
3724
5988
5992
3724
3725
5989
5993
3523
3726
5990
5994
3726
3727
5991
5995
3727
3728
5992
5996
3728
3729
5993
5997
3546
3730
5994
5998
3730
3731
5995
5999
3731
3732
5996
6000
3732
3733
5997
6001
3569
3734
5998
6002
3734
3735
5999
6003
3735
3736
6000
6004
3736
3737
6001
6005
3573
3738
6006
3738
3739
4854
6007
3739
3740
4855
6008
3740
3741
4856
6009
3741
3742
4857
6010
3742
3743
4858
6011
3743
3744
4859
6012
3744
3745
4860
6013
3745
3746
4861
6014
3746
3747
4862
6015
3747
3748
4863
6016
3748
3749
4864
6017
3749
3750
4865
6018
3750
3751
4866
6019
3751
3752
4867
6020
3752
3753
4868
6021
3753
3754
4869
6022
3754
3755
4870
6023
3755
3756
4871
6024
3577
3757
6006
6025
3757
3758
6007
6026
3758
3759
6008
6027
3759
3760
6009
6028
3760
3761
6010
6029
3761
3762
6011
6030
3762
3763
6012
6031
3763
3764
6013
6032
3764
3765
6014
6033
3765
3766
6015
6034
3766
3767
6016
6035
3767
3768
6017
6036
3768
3769
6018
6037
3769
3770
6019
6038
3770
3771
6020
6039
3771
3772
6021
6040
3772
3773
6022
6041
3773
3774
6023
6042
3774
3775
6024
6043
3581
3776
6025
6044
3776
3777
6026
6045
3777
3778
6027
6046
3778
3779
6028
6047
3779
3780
6029
6048
3780
3781
6030
6049
3781
3782
6031
6050
3782
3783
6032
6051
3783
3784
6033
6052
3784
3785
6034
6053
3785
3786
6035
6054
3786
3787
6036
6055
3787
3788
6037
6056
3788
3789
6038
6057
3789
3790
6039
6058
3790
3791
6040
6059
3791
3792
6041
6060
3792
3793
6042
6061
3793
3794
6043
6062
3585
3795
6044
6063
3795
3796
6045
6064
3796
3797
6046
6065
3797
3798
6047
6066
3798
3799
6048
6067
3799
3800
6049
6068
3800
3801
6050
6069
3801
3802
6051
6070
3802
3803
6052
6071
3803
3804
6053
6072
3804
3805
6054
6073
3805
3806
6055
6074
3806
3807
6056
6075
3807
3808
6057
6076
3808
3809
6058
6077
3809
3810
6059
6078
3810
3811
6060
6079
3811
3812
6061
6080
3812
3813
6062
6081
3589
3814
6063
6082
3814
3815
6064
6083
3815
3816
6065
6084
3816
3817
6066
6085
3817
3818
6067
6086
3818
3819
6068
6087
3819
3820
6069
6088
3820
3821
6070
6089
3821
3822
6071
6090
3822
3823
6072
6091
3823
3824
6073
6092
3824
3825
6074
6093
3825
3826
6075
6094
3826
3827
6076
6095
3827
3828
6077
6096
3828
3829
6078
6097
3829
3830
6079
6098
3830
3831
6080
6099
3831
3832
6081
6100
3593
3833
6082
6101
3833
3834
6083
6102
3834
3835
6084
6103
3835
3836
6085
6104
3836
3837
6086
6105
3837
3838
6087
6106
3838
3839
6088
6107
3839
3840
6089
6108
3840
3841
6090
6109
3841
3842
6091
6110
3842
3843
6092
6111
3843
3844
6093
6112
3844
3845
6094
6113
3845
3846
6095
6114
3846
3847
6096
6115
3847
3848
6097
6116
3848
3849
6098
6117
3849
3850
6099
6118
3850
3851
6100
6119
3597
3852
6101
6120
3852
3853
6102
6121
3853
3854
6103
6122
3854
3855
6104
6123
3855
3856
6105
6124
3856
3857
6106
6125
3857
3858
6107
6126
3858
3859
6108
6127
3859
3860
6109
6128
3860
3861
6110
6129
3861
3862
6111
6130
3862
3863
6112
6131
3863
3864
6113
6132
3864
3865
6114
6133
3865
3866
6115
6134
3866
3867
6116
6135
3867
3868
6117
6136
3868
3869
6118
6137
3869
3870
6119
6138
3601
3871
6120
6139
3871
3872
6121
6140
3872
3873
6122
6141
3873
3874
6123
6142
3874
3875
6124
6143
3875
3876
6125
6144
3876
3877
6126
6145
3877
3878
6127
6146
3878
3879
6128
6147
3879
3880
6129
6148
3880
3881
6130
6149
3881
3882
6131
6150
3882
3883
6132
6151
3883
3884
6133
6152
3884
3885
6134
6153
3885
3886
6135
6154
3886
3887
6136
6155
3887
3888
6137
6156
3888
3889
6138
6157
3605
3890
6139
6158
3890
3891
6140
6159
3891
3892
6141
6160
3892
3893
6142
6161
3893
3894
6143
6162
3894
3895
6144
6163
3895
3896
6145
6164
3896
3897
6146
6165
3897
3898
6147
6166
3898
3899
6148
6167
3899
3900
6149
6168
3900
3901
6150
6169
3901
3902
6151
6170
3902
3903
6152
6171
3903
3904
6153
6172
3904
3905
6154
6173
3905
3906
6155
6174
3906
3907
6156
6175
3907
3908
6157
6176
3609
3909
6158
6177
3909
3910
6159
6178
3910
3911
6160
6179
3911
3912
6161
6180
3912
3913
6162
6181
3913
3914
6163
6182
3914
3915
6164
6183
3915
3916
6165
6184
3916
3917
6166
6185
3917
3918
6167
6186
3918
3919
6168
6187
3919
3920
6169
6188
3920
3921
6170
6189
3921
3922
6171
6190
3922
3923
6172
6191
3923
3924
6173
6192
3924
3925
6174
6193
3925
3926
6175
6194
3926
3927
6176
6195
3613
3928
6177
6196
3928
3929
6178
6197
3929
3930
6179
6198
3930
3931
6180
6199
3931
3932
6181
6200
3932
3933
6182
6201
3933
3934
6183
6202
3934
3935
6184
6203
3935
3936
6185
6204
3936
3937
6186
6205
3937
3938
6187
6206
3938
3939
6188
6207
3939
3940
6189
6208
3940
3941
6190
6209
3941
3942
6191
6210
3942
3943
6192
6211
3943
3944
6193
6212
3944
3945
6194
6213
3945
3946
6195
6214
3617
3947
6196
6215
3947
3948
6197
6216
3948
3949
6198
6217
3949
3950
6199
6218
3950
3951
6200
6219
3951
3952
6201
6220
3952
3953
6202
6221
3953
3954
6203
6222
3954
3955
6204
6223
3955
3956
6205
6224
3956
3957
6206
6225
3957
3958
6207
6226
3958
3959
6208
6227
3959
3960
6209
6228
3960
3961
6210
6229
3961
3962
6211
6230
3962
3963
6212
6231
3963
3964
6213
6232
3964
3965
6214
6233
3621
3966
6215
6234
3966
3967
6216
6235
3967
3968
6217
6236
3968
3969
6218
6237
3969
3970
6219
6238
3970
3971
6220
6239
3971
3972
6221
6240
3972
3973
6222
6241
3973
3974
6223
6242
3974
3975
6224
6243
3975
3976
6225
6244
3976
3977
6226
6245
3977
3978
6227
6246
3978
3979
6228
6247
3979
3980
6229
6248
3980
3981
6230
6249
3981
3982
6231
6250
3982
3983
6232
6251
3983
3984
6233
6252
3625
3985
6234
6253
3985
3986
6235
6254
3986
3987
6236
6255
3987
3988
6237
6256
3988
3989
6238
6257
3989
3990
6239
6258
3990
3991
6240
6259
3991
3992
6241
6260
3992
3993
6242
6261
3993
3994
6243
6262
3994
3995
6244
6263
3995
3996
6245
6264
3996
3997
6246
6265
3997
3998
6247
6266
3998
3999
6248
6267
3999
4000
6249
6268
4000
4001
6250
6269
4001
4002
6251
6270
4002
4003
6252
6271
3629
4004
6253
6272
4004
4005
6254
6273
4005
4006
6255
6274
4006
4007
6256
6275
4007
4008
6257
6276
4008
4009
6258
6277
4009
4010
6259
6278
4010
4011
6260
6279
4011
4012
6261
6280
4012
4013
6262
6281
4013
4014
6263
6282
4014
4015
6264
6283
4015
4016
6265
6284
4016
4017
6266
6285
4017
4018
6267
6286
4018
4019
6268
6287
4019
4020
6269
6288
4020
4021
6270
6289
4021
4022
6271
6290
3633
4023
6272
6291
4023
4024
6273
6292
4024
4025
6274
6293
4025
4026
6275
6294
4026
4027
6276
6295
4027
4028
6277
6296
4028
4029
6278
6297
4029
4030
6279
6298
4030
4031
6280
6299
4031
4032
6281
6300
4032
4033
6282
6301
4033
4034
6283
6302
4034
4035
6284
6303
4035
4036
6285
6304
4036
4037
6286
6305
4037
4038
6287
6306
4038
4039
6288
6307
4039
4040
6289
6308
4040
4041
6290
6309
3637
4042
6291
6310
4042
4043
6292
6311
4043
4044
6293
6312
4044
4045
6294
6313
4045
4046
6295
6314
4046
4047
6296
6315
4047
4048
6297
6316
4048
4049
6298
6317
4049
4050
6299
6318
4050
4051
6300
6319
4051
4052
6301
6320
4052
4053
6302
6321
4053
4054
6303
6322
4054
4055
6304
6323
4055
4056
6305
6324
4056
4057
6306
6325
4057
4058
6307
6326
4058
4059
6308
6327
4059
4060
6309
6328
3641
4061
6310
6329
4061
4062
6311
6330
4062
4063
6312
6331
4063
4064
6313
6332
4064
4065
6314
6333
4065
4066
6315
6334
4066
4067
6316
6335
4067
4068
6317
6336
4068
4069
6318
6337
4069
4070
6319
6338
4070
4071
6320
6339
4071
4072
6321
6340
4072
4073
6322
6341
4073
4074
6323
6342
4074
4075
6324
6343
4075
4076
6325
6344
4076
4077
6326
6345
4077
4078
6327
6346
4078
4079
6328
6347
3645
4080
6329
6348
4080
4081
6330
6349
4081
4082
6331
6350
4082
4083
6332
6351
4083
4084
6333
6352
4084
4085
6334
6353
4085
4086
6335
6354
4086
4087
6336
6355
4087
4088
6337
6356
4088
4089
6338
6357
4089
4090
6339
6358
4090
4091
6340
6359
4091
4092
6341
6360
4092
4093
6342
6361
4093
4094
6343
6362
4094
4095
6344
6363
4095
4096
6345
6364
4096
4097
6346
6365
4097
4098
6347
6366
3649
4099
6348
6367
4099
4100
6349
6368
4100
4101
6350
6369
4101
4102
6351
6370
4102
4103
6352
6371
4103
4104
6353
6372
4104
4105
6354
6373
4105
4106
6355
6374
4106
4107
6356
6375
4107
4108
6357
6376
4108
4109
6358
6377
4109
4110
6359
6378
4110
4111
6360
6379
4111
4112
6361
6380
4112
4113
6362
6381
4113
4114
6363
6382
4114
4115
6364
6383
4115
4116
6365
6384
4116
4117
6366
6385
3653
4118
6367
6386
4118
4119
6368
6387
4119
4120
6369
6388
4120
4121
6370
6389
4121
4122
6371
6390
4122
4123
6372
6391
4123
4124
6373
6392
4124
4125
6374
6393
4125
4126
6375
6394
4126
4127
6376
6395
4127
4128
6377
6396
4128
4129
6378
6397
4129
4130
6379
6398
4130
4131
6380
6399
4131
4132
6381
6400
4132
4133
6382
6401
4133
4134
6383
6402
4134
4135
6384
6403
4135
4136
6385
6404
3657
4137
6386
6405
4137
4138
6387
6406
4138
4139
6388
6407
4139
4140
6389
6408
4140
4141
6390
6409
4141
4142
6391
6410
4142
4143
6392
6411
4143
4144
6393
6412
4144
4145
6394
6413
4145
4146
6395
6414
4146
4147
6396
6415
4147
4148
6397
6416
4148
4149
6398
6417
4149
4150
6399
6418
4150
4151
6400
6419
4151
4152
6401
6420
4152
4153
6402
6421
4153
4154
6403
6422
4154
4155
6404
6423
3661
4156
6405
6424
4156
4157
6406
6425
4157
4158
6407
6426
4158
4159
6408
6427
4159
4160
6409
6428
4160
4161
6410
6429
4161
4162
6411
6430
4162
4163
6412
6431
4163
4164
6413
6432
4164
4165
6414
6433
4165
4166
6415
6434
4166
4167
6416
6435
4167
4168
6417
6436
4168
4169
6418
6437
4169
4170
6419
6438
4170
4171
6420
6439
4171
4172
6421
6440
4172
4173
6422
6441
4173
4174
6423
6442
3665
4175
6424
6443
4175
4176
6425
6444
4176
4177
6426
6445
4177
4178
6427
6446
4178
4179
6428
6447
4179
4180
6429
6448
4180
4181
6430
6449
4181
4182
6431
6450
4182
4183
6432
6451
4183
4184
6433
6452
4184
4185
6434
6453
4185
4186
6435
6454
4186
4187
6436
6455
4187
4188
6437
6456
4188
4189
6438
6457
4189
4190
6439
6458
4190
4191
6440
6459
4191
4192
6441
6460
4192
4193
6442
6461
3669
4194
6443
6462
4194
4195
6444
6463
4195
4196
6445
6464
4196
4197
6446
6465
4197
4198
6447
6466
4198
4199
6448
6467
4199
4200
6449
6468
4200
4201
6450
6469
4201
4202
6451
6470
4202
4203
6452
6471
4203
4204
6453
6472
4204
4205
6454
6473
4205
4206
6455
6474
4206
4207
6456
6475
4207
4208
6457
6476
4208
4209
6458
6477
4209
4210
6459
6478
4210
4211
6460
6479
4211
4212
6461
6480
3673
4213
6462
6481
4213
4214
6463
6482
4214
4215
6464
6483
4215
4216
6465
6484
4216
4217
6466
6485
4217
4218
6467
6486
4218
4219
6468
6487
4219
4220
6469
6488
4220
4221
6470
6489
4221
4222
6471
6490
4222
4223
6472
6491
4223
4224
6473
6492
4224
4225
6474
6493
4225
4226
6475
6494
4226
4227
6476
6495
4227
4228
6477
6496
4228
4229
6478
6497
4229
4230
6479
6498
4230
4231
6480
6499
3677
4232
6481
6500
4232
4233
6482
6501
4233
4234
6483
6502
4234
4235
6484
6503
4235
4236
6485
6504
4236
4237
6486
6505
4237
4238
6487
6506
4238
4239
6488
6507
4239
4240
6489
6508
4240
4241
6490
6509
4241
4242
6491
6510
4242
4243
6492
6511
4243
4244
6493
6512
4244
4245
6494
6513
4245
4246
6495
6514
4246
4247
6496
6515
4247
4248
6497
6516
4248
4249
6498
6517
4249
4250
6499
6518
3681
4251
6500
6519
4251
4252
6501
6520
4252
4253
6502
6521
4253
4254
6503
6522
4254
4255
6504
6523
4255
4256
6505
6524
4256
4257
6506
6525
4257
4258
6507
6526
4258
4259
6508
6527
4259
4260
6509
6528
4260
4261
6510
6529
4261
4262
6511
6530
4262
4263
6512
6531
4263
4264
6513
6532
4264
4265
6514
6533
4265
4266
6515
6534
4266
4267
6516
6535
4267
4268
6517
6536
4268
4269
6518
6537
3685
4270
6519
6538
4270
4271
6520
6539
4271
4272
6521
6540
4272
4273
6522
6541
4273
4274
6523
6542
4274
4275
6524
6543
4275
4276
6525
6544
4276
4277
6526
6545
4277
4278
6527
6546
4278
4279
6528
6547
4279
4280
6529
6548
4280
4281
6530
6549
4281
4282
6531
6550
4282
4283
6532
6551
4283
4284
6533
6552
4284
4285
6534
6553
4285
4286
6535
6554
4286
4287
6536
6555
4287
4288
6537
6556
3689
4289
6538
6557
4289
4290
6539
6558
4290
4291
6540
6559
4291
4292
6541
6560
4292
4293
6542
6561
4293
4294
6543
6562
4294
4295
6544
6563
4295
4296
6545
6564
4296
4297
6546
6565
4297
4298
6547
6566
4298
4299
6548
6567
4299
4300
6549
6568
4300
4301
6550
6569
4301
4302
6551
6570
4302
4303
6552
6571
4303
4304
6553
6572
4304
4305
6554
6573
4305
4306
6555
6574
4306
4307
6556
6575
3693
4308
6557
6576
4308
4309
6558
6577
4309
4310
6559
6578
4310
4311
6560
6579
4311
4312
6561
6580
4312
4313
6562
6581
4313
4314
6563
6582
4314
4315
6564
6583
4315
4316
6565
6584
4316
4317
6566
6585
4317
4318
6567
6586
4318
4319
6568
6587
4319
4320
6569
6588
4320
4321
6570
6589
4321
4322
6571
6590
4322
4323
6572
6591
4323
4324
6573
6592
4324
4325
6574
6593
4325
4326
6575
6594
3697
4327
6576
6595
4327
4328
6577
6596
4328
4329
6578
6597
4329
4330
6579
6598
4330
4331
6580
6599
4331
4332
6581
6600
4332
4333
6582
6601
4333
4334
6583
6602
4334
4335
6584
6603
4335
4336
6585
6604
4336
4337
6586
6605
4337
4338
6587
6606
4338
4339
6588
6607
4339
4340
6589
6608
4340
4341
6590
6609
4341
4342
6591
6610
4342
4343
6592
6611
4343
4344
6593
6612
4344
4345
6594
6613
3701
4346
6595
6614
4346
4347
6596
6615
4347
4348
6597
6616
4348
4349
6598
6617
4349
4350
6599
6618
4350
4351
6600
6619
4351
4352
6601
6620
4352
4353
6602
6621
4353
4354
6603
6622
4354
4355
6604
6623
4355
4356
6605
6624
4356
4357
6606
6625
4357
4358
6607
6626
4358
4359
6608
6627
4359
4360
6609
6628
4360
4361
6610
6629
4361
4362
6611
6630
4362
4363
6612
6631
4363
4364
6613
6632
3705
4365
6614
6633
4365
4366
6615
6634
4366
4367
6616
6635
4367
4368
6617
6636
4368
4369
6618
6637
4369
4370
6619
6638
4370
4371
6620
6639
4371
4372
6621
6640
4372
4373
6622
6641
4373
4374
6623
6642
4374
4375
6624
6643
4375
4376
6625
6644
4376
4377
6626
6645
4377
4378
6627
6646
4378
4379
6628
6647
4379
4380
6629
6648
4380
4381
6630
6649
4381
4382
6631
6650
4382
4383
6632
6651
3709
4384
6633
6652
4384
4385
6634
6653
4385
4386
6635
6654
4386
4387
6636
6655
4387
4388
6637
6656
4388
4389
6638
6657
4389
4390
6639
6658
4390
4391
6640
6659
4391
4392
6641
6660
4392
4393
6642
6661
4393
4394
6643
6662
4394
4395
6644
6663
4395
4396
6645
6664
4396
4397
6646
6665
4397
4398
6647
6666
4398
4399
6648
6667
4399
4400
6649
6668
4400
4401
6650
6669
4401
4402
6651
6670
3713
4403
6652
6671
4403
4404
6653
6672
4404
4405
6654
6673
4405
4406
6655
6674
4406
4407
6656
6675
4407
4408
6657
6676
4408
4409
6658
6677
4409
4410
6659
6678
4410
4411
6660
6679
4411
4412
6661
6680
4412
4413
6662
6681
4413
4414
6663
6682
4414
4415
6664
6683
4415
4416
6665
6684
4416
4417
6666
6685
4417
4418
6667
6686
4418
4419
6668
6687
4419
4420
6669
6688
4420
4421
6670
6689
3717
4422
6671
6690
4422
4423
6672
6691
4423
4424
6673
6692
4424
4425
6674
6693
4425
4426
6675
6694
4426
4427
6676
6695
4427
4428
6677
6696
4428
4429
6678
6697
4429
4430
6679
6698
4430
4431
6680
6699
4431
4432
6681
6700
4432
4433
6682
6701
4433
4434
6683
6702
4434
4435
6684
6703
4435
4436
6685
6704
4436
4437
6686
6705
4437
4438
6687
6706
4438
4439
6688
6707
4439
4440
6689
6708
3721
4441
6690
6709
4441
4442
6691
6710
4442
4443
6692
6711
4443
4444
6693
6712
4444
4445
6694
6713
4445
4446
6695
6714
4446
4447
6696
6715
4447
4448
6697
6716
4448
4449
6698
6717
4449
4450
6699
6718
4450
4451
6700
6719
4451
4452
6701
6720
4452
4453
6702
6721
4453
4454
6703
6722
4454
4455
6704
6723
4455
4456
6705
6724
4456
4457
6706
6725
4457
4458
6707
6726
4458
4459
6708
6727
3725
4460
6709
6728
4460
4461
6710
6729
4461
4462
6711
6730
4462
4463
6712
6731
4463
4464
6713
6732
4464
4465
6714
6733
4465
4466
6715
6734
4466
4467
6716
6735
4467
4468
6717
6736
4468
4469
6718
6737
4469
4470
6719
6738
4470
4471
6720
6739
4471
4472
6721
6740
4472
4473
6722
6741
4473
4474
6723
6742
4474
4475
6724
6743
4475
4476
6725
6744
4476
4477
6726
6745
4477
4478
6727
6746
3729
4479
6728
6747
4479
4480
6729
6748
4480
4481
6730
6749
4481
4482
6731
6750
4482
4483
6732
6751
4483
4484
6733
6752
4484
4485
6734
6753
4485
4486
6735
6754
4486
4487
6736
6755
4487
4488
6737
6756
4488
4489
6738
6757
4489
4490
6739
6758
4490
4491
6740
6759
4491
4492
6741
6760
4492
4493
6742
6761
4493
4494
6743
6762
4494
4495
6744
6763
4495
4496
6745
6764
4496
4497
6746
6765
3733
4498
6747
6766
4498
4499
6748
6767
4499
4500
6749
6768
4500
4501
6750
6769
4501
4502
6751
6770
4502
4503
6752
6771
4503
4504
6753
6772
4504
4505
6754
6773
4505
4506
6755
6774
4506
4507
6756
6775
4507
4508
6757
6776
4508
4509
6758
6777
4509
4510
6759
6778
4510
4511
6760
6779
4511
4512
6761
6780
4512
4513
6762
6781
4513
4514
6763
6782
4514
4515
6764
6783
4515
4516
6765
6784
3737
4517
6766
6785
4517
4518
6767
6786
4518
4519
6768
6787
4519
4520
6769
6788
4520
4521
6770
6789
4521
4522
6771
6790
4522
4523
6772
6791
4523
4524
6773
6792
4524
4525
6774
6793
4525
4526
6775
6794
4526
4527
6776
6795
4527
4528
6777
6796
4528
4529
6778
6797
4529
4530
6779
6798
4530
4531
6780
6799
4531
4532
6781
6800
4532
4533
6782
6801
4533
4534
6783
6802
4534
4535
6784
6803
4536
6804
6805
6806
6807
6808
6809
6810
6811
6812
6813
6814
6815
6816
6817
6818
6819
6820
6821
6822
6823
6824
6825
6826
4559
6804
6827
6805
6828
6806
6829
6807
6830
6808
6831
6809
6832
6810
6833
6811
6834
6812
6835
6813
6836
6814
6837
6815
6838
6816
6839
6817
6840
6818
6841
6819
6842
6820
6843
6821
6844
6822
6845
6823
6846
6824
6847
6825
6848
6826
6849
4582
6827
6850
6828
6851
6829
6852
6830
6853
6831
6854
6832
6855
6833
6856
6834
6857
6835
6858
6836
6859
6837
6860
6838
6861
6839
6862
6840
6863
6841
6864
6842
6865
6843
6866
6844
6867
6845
6868
6846
6869
6847
6870
6848
6871
6849
6872
4605
6850
6873
6851
6874
6852
6875
6853
6876
6854
6877
6855
6878
6856
6879
6857
6880
6858
6881
6859
6882
6860
6883
6861
6884
6862
6885
6863
6886
6864
6887
6865
6888
6866
6889
6867
6890
6868
6891
6869
6892
6870
6893
6871
6894
6872
6895
4628
6873
6896
6874
6897
6875
6898
6876
6899
6877
6900
6878
6901
6879
6902
6880
6903
6881
6904
6882
6905
6883
6906
6884
6907
6885
6908
6886
6909
6887
6910
6888
6911
6889
6912
6890
6913
6891
6914
6892
6915
6893
6916
6894
6917
6895
6918
4651
6896
6919
6897
6920
6898
6921
6899
6922
6900
6923
6901
6924
6902
6925
6903
6926
6904
6927
6905
6928
6906
6929
6907
6930
6908
6931
6909
6932
6910
6933
6911
6934
6912
6935
6913
6936
6914
6937
6915
6938
6916
6939
6917
6940
6918
6941
4674
6919
6942
6920
6943
6921
6944
6922
6945
6923
6946
6924
6947
6925
6948
6926
6949
6927
6950
6928
6951
6929
6952
6930
6953
6931
6954
6932
6955
6933
6956
6934
6957
6935
6958
6936
6959
6937
6960
6938
6961
6939
6962
6940
6963
6941
6964
4697
6942
6965
6943
6966
6944
6967
6945
6968
6946
6969
6947
6970
6948
6971
6949
6972
6950
6973
6951
6974
6952
6975
6953
6976
6954
6977
6955
6978
6956
6979
6957
6980
6958
6981
6959
6982
6960
6983
6961
6984
6962
6985
6963
6986
6964
6987
4720
6988
6989
6990
6991
6992
6993
6994
6995
6996
6997
6998
6999
7000
7001
7002
7003
7004
7005
7006
4739
6988
7007
6989
7008
6990
7009
6991
7010
6992
7011
6993
7012
6994
7013
6995
7014
6996
7015
6997
7016
6998
7017
6999
7018
7000
7019
7001
7020
7002
7021
7003
7022
7004
7023
7005
7024
7006
7025
4758
7007
7026
7008
7027
7009
7028
7010
7029
7011
7030
7012
7031
7013
7032
7014
7033
7015
7034
7016
7035
7017
7036
7018
7037
7019
7038
7020
7039
7021
7040
7022
7041
7023
7042
7024
7043
7025
7044
4777
7026
7045
7027
7046
7028
7047
7029
7048
7030
7049
7031
7050
7032
7051
7033
7052
7034
7053
7035
7054
7036
7055
7037
7056
7038
7057
7039
7058
7040
7059
7041
7060
7042
7061
7043
7062
7044
7063
4796
7045
7064
7046
7065
7047
7066
7048
7067
7049
7068
7050
7069
7051
7070
7052
7071
7053
7072
7054
7073
7055
7074
7056
7075
7057
7076
7058
7077
7059
7078
7060
7079
7061
7080
7062
7081
7063
7082
4815
7064
7083
7065
7084
7066
7085
7067
7086
7068
7087
7069
7088
7070
7089
7071
7090
7072
7091
7073
7092
7074
7093
7075
7094
7076
7095
7077
7096
7078
7097
7079
7098
7080
7099
7081
7100
7082
7101
4834
7083
7102
7084
7103
7085
7104
7086
7105
7087
7106
7088
7107
7089
7108
7090
7109
7091
7110
7092
7111
7093
7112
7094
7113
7095
7114
7096
7115
7097
7116
7098
7117
7099
7118
7100
7119
7101
7120
4853
7102
7121
7103
7122
7104
7123
7105
7124
7106
7125
7107
7126
7108
7127
7109
7128
7110
7129
7111
7130
7112
7131
7113
7132
7114
7133
7115
7134
7116
7135
7117
7136
7118
7137
7119
7138
7120
7139
4872
6965
7140
6966
7141
6967
7142
6968
7143
6969
7144
6970
7145
6971
7146
6972
7147
6973
7148
6974
7149
6975
7150
6976
7151
6977
7152
6978
7153
6979
7154
6980
7155
6981
7156
6982
7157
6983
7158
6984
7159
6985
7160
6986
7161
6987
7162
4895
7140
7163
7141
7164
7142
7165
7143
7166
7144
7167
7145
7168
7146
7169
7147
7170
7148
7171
7149
7172
7150
7173
7151
7174
7152
7175
7153
7176
7154
7177
7155
7178
7156
7179
7157
7180
7158
7181
7159
7182
7160
7183
7161
7184
7162
7185
4918
7163
7186
7164
7187
7165
7188
7166
7189
7167
7190
7168
7191
7169
7192
7170
7193
7171
7194
7172
7195
7173
7196
7174
7197
7175
7198
7176
7199
7177
7200
7178
7201
7179
7202
7180
7203
7181
7204
7182
7205
7183
7206
7184
7207
7185
7208
4941
7186
7209
7187
7210
7188
7211
7189
7212
7190
7213
7191
7214
7192
7215
7193
7216
7194
7217
7195
7218
7196
7219
7197
7220
7198
7221
7199
7222
7200
7223
7201
7224
7202
7225
7203
7226
7204
7227
7205
7228
7206
7229
7207
7230
7208
7231
4964
7209
7232
7210
7233
7211
7234
7212
7235
7213
7236
7214
7237
7215
7238
7216
7239
7217
7240
7218
7241
7219
7242
7220
7243
7221
7244
7222
7245
7223
7246
7224
7247
7225
7248
7226
7249
7227
7250
7228
7251
7229
7252
7230
7253
7231
7254
4987
7232
7255
7233
7256
7234
7257
7235
7258
7236
7259
7237
7260
7238
7261
7239
7262
7240
7263
7241
7264
7242
7265
7243
7266
7244
7267
7245
7268
7246
7269
7247
7270
7248
7271
7249
7272
7250
7273
7251
7274
7252
7275
7253
7276
7254
7277
5010
7255
7278
7256
7279
7257
7280
7258
7281
7259
7282
7260
7283
7261
7284
7262
7285
7263
7286
7264
7287
7265
7288
7266
7289
7267
7290
7268
7291
7269
7292
7270
7293
7271
7294
7272
7295
7273
7296
7274
7297
7275
7298
7276
7299
7277
7300
5033
7278
7301
7279
7302
7280
7303
7281
7304
7282
7305
7283
7306
7284
7307
7285
7308
7286
7309
7287
7310
7288
7311
7289
7312
7290
7313
7291
7314
7292
7315
7293
7316
7294
7317
7295
7318
7296
7319
7297
7320
7298
7321
7299
7322
7300
7323
5056
7301
7324
7302
7325
7303
7326
7304
7327
7305
7328
7306
7329
7307
7330
7308
7331
7309
7332
7310
7333
7311
7334
7312
7335
7313
7336
7314
7337
7315
7338
7316
7339
7317
7340
7318
7341
7319
7342
7320
7343
7321
7344
7322
7345
7323
7346
5079
7324
7347
7325
7348
7326
7349
7327
7350
7328
7351
7329
7352
7330
7353
7331
7354
7332
7355
7333
7356
7334
7357
7335
7358
7336
7359
7337
7360
7338
7361
7339
7362
7340
7363
7341
7364
7342
7365
7343
7366
7344
7367
7345
7368
7346
7369
5102
7347
7370
7348
7371
7349
7372
7350
7373
7351
7374
7352
7375
7353
7376
7354
7377
7355
7378
7356
7379
7357
7380
7358
7381
7359
7382
7360
7383
7361
7384
7362
7385
7363
7386
7364
7387
7365
7388
7366
7389
7367
7390
7368
7391
7369
7392
5125
7370
7393
7371
7394
7372
7395
7373
7396
7374
7397
7375
7398
7376
7399
7377
7400
7378
7401
7379
7402
7380
7403
7381
7404
7382
7405
7383
7406
7384
7407
7385
7408
7386
7409
7387
7410
7388
7411
7389
7412
7390
7413
7391
7414
7392
7415
5148
7393
7416
7394
7417
7395
7418
7396
7419
7397
7420
7398
7421
7399
7422
7400
7423
7401
7424
7402
7425
7403
7426
7404
7427
7405
7428
7406
7429
7407
7430
7408
7431
7409
7432
7410
7433
7411
7434
7412
7435
7413
7436
7414
7437
7415
7438
5171
7416
7439
7417
7440
7418
7441
7419
7442
7420
7443
7421
7444
7422
7445
7423
7446
7424
7447
7425
7448
7426
7449
7427
7450
7428
7451
7429
7452
7430
7453
7431
7454
7432
7455
7433
7456
7434
7457
7435
7458
7436
7459
7437
7460
7438
7461
5194
7439
7462
7440
7463
7441
7464
7442
7465
7443
7466
7444
7467
7445
7468
7446
7469
7447
7470
7448
7471
7449
7472
7450
7473
7451
7474
7452
7475
7453
7476
7454
7477
7455
7478
7456
7479
7457
7480
7458
7481
7459
7482
7460
7483
7461
7484
5217
7462
7485
7463
7486
7464
7487
7465
7488
7466
7489
7467
7490
7468
7491
7469
7492
7470
7493
7471
7494
7472
7495
7473
7496
7474
7497
7475
7498
7476
7499
7477
7500
7478
7501
7479
7502
7480
7503
7481
7504
7482
7505
7483
7506
7484
7507
5240
7485
7508
7486
7509
7487
7510
7488
7511
7489
7512
7490
7513
7491
7514
7492
7515
7493
7516
7494
7517
7495
7518
7496
7519
7497
7520
7498
7521
7499
7522
7500
7523
7501
7524
7502
7525
7503
7526
7504
7527
7505
7528
7506
7529
7507
7530
5263
7508
7531
7509
7532
7510
7533
7511
7534
7512
7535
7513
7536
7514
7537
7515
7538
7516
7539
7517
7540
7518
7541
7519
7542
7520
7543
7521
7544
7522
7545
7523
7546
7524
7547
7525
7548
7526
7549
7527
7550
7528
7551
7529
7552
7530
7553
5286
7531
7554
7532
7555
7533
7556
7534
7557
7535
7558
7536
7559
7537
7560
7538
7561
7539
7562
7540
7563
7541
7564
7542
7565
7543
7566
7544
7567
7545
7568
7546
7569
7547
7570
7548
7571
7549
7572
7550
7573
7551
7574
7552
7575
7553
7576
5309
7554
7577
7555
7578
7556
7579
7557
7580
7558
7581
7559
7582
7560
7583
7561
7584
7562
7585
7563
7586
7564
7587
7565
7588
7566
7589
7567
7590
7568
7591
7569
7592
7570
7593
7571
7594
7572
7595
7573
7596
7574
7597
7575
7598
7576
7599
5332
7577
7600
7578
7601
7579
7602
7580
7603
7581
7604
7582
7605
7583
7606
7584
7607
7585
7608
7586
7609
7587
7610
7588
7611
7589
7612
7590
7613
7591
7614
7592
7615
7593
7616
7594
7617
7595
7618
7596
7619
7597
7620
7598
7621
7599
7622
5355
7600
7623
7601
7624
7602
7625
7603
7626
7604
7627
7605
7628
7606
7629
7607
7630
7608
7631
7609
7632
7610
7633
7611
7634
7612
7635
7613
7636
7614
7637
7615
7638
7616
7639
7617
7640
7618
7641
7619
7642
7620
7643
7621
7644
7622
7645
5378
7623
7646
7624
7647
7625
7648
7626
7649
7627
7650
7628
7651
7629
7652
7630
7653
7631
7654
7632
7655
7633
7656
7634
7657
7635
7658
7636
7659
7637
7660
7638
7661
7639
7662
7640
7663
7641
7664
7642
7665
7643
7666
7644
7667
7645
7668
5401
7646
7669
7647
7670
7648
7671
7649
7672
7650
7673
7651
7674
7652
7675
7653
7676
7654
7677
7655
7678
7656
7679
7657
7680
7658
7681
7659
7682
7660
7683
7661
7684
7662
7685
7663
7686
7664
7687
7665
7688
7666
7689
7667
7690
7668
7691
5424
7669
7692
7670
7693
7671
7694
7672
7695
7673
7696
7674
7697
7675
7698
7676
7699
7677
7700
7678
7701
7679
7702
7680
7703
7681
7704
7682
7705
7683
7706
7684
7707
7685
7708
7686
7709
7687
7710
7688
7711
7689
7712
7690
7713
7691
7714
5447
7692
7715
7693
7716
7694
7717
7695
7718
7696
7719
7697
7720
7698
7721
7699
7722
7700
7723
7701
7724
7702
7725
7703
7726
7704
7727
7705
7728
7706
7729
7707
7730
7708
7731
7709
7732
7710
7733
7711
7734
7712
7735
7713
7736
7714
7737
5470
7715
7738
7716
7739
7717
7740
7718
7741
7719
7742
7720
7743
7721
7744
7722
7745
7723
7746
7724
7747
7725
7748
7726
7749
7727
7750
7728
7751
7729
7752
7730
7753
7731
7754
7732
7755
7733
7756
7734
7757
7735
7758
7736
7759
7737
7760
5493
7738
7761
7739
7762
7740
7763
7741
7764
7742
7765
7743
7766
7744
7767
7745
7768
7746
7769
7747
7770
7748
7771
7749
7772
7750
7773
7751
7774
7752
7775
7753
7776
7754
7777
7755
7778
7756
7779
7757
7780
7758
7781
7759
7782
7760
7783
5516
7761
7784
7762
7785
7763
7786
7764
7787
7765
7788
7766
7789
7767
7790
7768
7791
7769
7792
7770
7793
7771
7794
7772
7795
7773
7796
7774
7797
7775
7798
7776
7799
7777
7800
7778
7801
7779
7802
7780
7803
7781
7804
7782
7805
7783
7806
5539
7784
7807
7785
7808
7786
7809
7787
7810
7788
7811
7789
7812
7790
7813
7791
7814
7792
7815
7793
7816
7794
7817
7795
7818
7796
7819
7797
7820
7798
7821
7799
7822
7800
7823
7801
7824
7802
7825
7803
7826
7804
7827
7805
7828
7806
7829
5562
7807
7830
7808
7831
7809
7832
7810
7833
7811
7834
7812
7835
7813
7836
7814
7837
7815
7838
7816
7839
7817
7840
7818
7841
7819
7842
7820
7843
7821
7844
7822
7845
7823
7846
7824
7847
7825
7848
7826
7849
7827
7850
7828
7851
7829
7852
5585
7830
7853
7831
7854
7832
7855
7833
7856
7834
7857
7835
7858
7836
7859
7837
7860
7838
7861
7839
7862
7840
7863
7841
7864
7842
7865
7843
7866
7844
7867
7845
7868
7846
7869
7847
7870
7848
7871
7849
7872
7850
7873
7851
7874
7852
7875
5608
7853
7876
7854
7877
7855
7878
7856
7879
7857
7880
7858
7881
7859
7882
7860
7883
7861
7884
7862
7885
7863
7886
7864
7887
7865
7888
7866
7889
7867
7890
7868
7891
7869
7892
7870
7893
7871
7894
7872
7895
7873
7896
7874
7897
7875
7898
5631
7876
7899
7877
7900
7878
7901
7879
7902
7880
7903
7881
7904
7882
7905
7883
7906
7884
7907
7885
7908
7886
7909
7887
7910
7888
7911
7889
7912
7890
7913
7891
7914
7892
7915
7893
7916
7894
7917
7895
7918
7896
7919
7897
7920
7898
7921
5654
7899
7922
7900
7923
7901
7924
7902
7925
7903
7926
7904
7927
7905
7928
7906
7929
7907
7930
7908
7931
7909
7932
7910
7933
7911
7934
7912
7935
7913
7936
7914
7937
7915
7938
7916
7939
7917
7940
7918
7941
7919
7942
7920
7943
7921
7944
5677
7922
7945
7923
7946
7924
7947
7925
7948
7926
7949
7927
7950
7928
7951
7929
7952
7930
7953
7931
7954
7932
7955
7933
7956
7934
7957
7935
7958
7936
7959
7937
7960
7938
7961
7939
7962
7940
7963
7941
7964
7942
7965
7943
7966
7944
7967
5700
7945
7968
7946
7969
7947
7970
7948
7971
7949
7972
7950
7973
7951
7974
7952
7975
7953
7976
7954
7977
7955
7978
7956
7979
7957
7980
7958
7981
7959
7982
7960
7983
7961
7984
7962
7985
7963
7986
7964
7987
7965
7988
7966
7989
7967
7990
5723
7968
7991
7969
7992
7970
7993
7971
7994
7972
7995
7973
7996
7974
7997
7975
7998
7976
7999
7977
8000
7978
8001
7979
8002
7980
8003
7981
8004
7982
8005
7983
8006
7984
8007
7985
8008
7986
8009
7987
8010
7988
8011
7989
8012
7990
8013
5746
7991
8014
7992
8015
7993
8016
7994
8017
7995
8018
7996
8019
7997
8020
7998
8021
7999
8022
8000
8023
8001
8024
8002
8025
8003
8026
8004
8027
8005
8028
8006
8029
8007
8030
8008
8031
8009
8032
8010
8033
8011
8034
8012
8035
8013
8036
5769
8014
8037
8015
8038
8016
8039
8017
8040
8018
8041
8019
8042
8020
8043
8021
8044
8022
8045
8023
8046
8024
8047
8025
8048
8026
8049
8027
8050
8028
8051
8029
8052
8030
8053
8031
8054
8032
8055
8033
8056
8034
8057
8035
8058
8036
8059
5792
8037
8060
8038
8061
8039
8062
8040
8063
8041
8064
8042
8065
8043
8066
8044
8067
8045
8068
8046
8069
8047
8070
8048
8071
8049
8072
8050
8073
8051
8074
8052
8075
8053
8076
8054
8077
8055
8078
8056
8079
8057
8080
8058
8081
8059
8082
5815
8060
8083
8061
8084
8062
8085
8063
8086
8064
8087
8065
8088
8066
8089
8067
8090
8068
8091
8069
8092
8070
8093
8071
8094
8072
8095
8073
8096
8074
8097
8075
8098
8076
8099
8077
8100
8078
8101
8079
8102
8080
8103
8081
8104
8082
8105
8106
8107
8108
8109
8106
8110
8107
8111
8108
8112
8109
8113
8110
8114
8111
8115
8112
8116
8113
8117
8114
8118
8115
8119
8116
8120
8117
8121
8118
8122
8119
8123
8120
8124
8121
8125
8122
8126
8123
8127
8124
8128
8125
8129
8126
8130
8127
8131
8128
8132
8129
8133
8130
8134
8131
8135
8132
8136
8133
8137
8134
8138
8135
8139
8136
8140
8137
8141
8138
8142
8139
8143
8140
8144
8141
8145
8142
8146
8143
8147
8144
8148
8145
8149
8146
8150
8147
8151
8148
8152
8149
8153
8150
8154
8151
8155
8152
8156
8153
8157
8154
8158
8155
8159
8156
8160
8157
8161
8158
8162
8159
8163
8160
8164
8161
8165
8162
8166
8163
8167
8164
8168
8165
8169
8166
8170
8167
8171
8168
8172
8169
8173
8170
8174
8171
8175
8172
8176
8173
8177
8174
8178
8175
8179
8176
8180
8177
8181
8178
8182
8179
8183
8180
8184
8181
8185
8182
8186
8183
8187
8184
8188
8185
8189
8186
8190
8187
8191
8188
8192
8189
8193
8190
8194
8191
8195
8192
8196
8193
8197
8194
8198
8195
8199
8196
8200
8197
8201
8198
8202
8199
8203
8200
8204
8201
8205
8202
8206
8203
8207
8204
8208
8205
8209
8206
8210
8207
8211
8208
8212
8209
8213
8210
8214
8211
8215
8212
8216
8213
8217
8214
8218
8215
8219
8216
8220
8217
8221
8218
8222
8219
8223
8220
8224
8221
8225
8222
8226
8223
8227
8224
8228
8225
8229
8226
8230
8227
8231
8228
8232
8229
8233
8230
8234
8231
8235
8232
8236
8233
8237
8234
8238
8235
8239
8236
8240
8237
8241
8238
8242
8239
8243
8240
8244
8241
8245
8242
8246
8243
8247
8244
8248
8245
8249
8246
8250
8247
8251
8248
8252
8249
8253
8250
8254
8251
8255
8252
8256
8253
8257
8254
8258
8255
8259
8256
8260
8257
8261
8258
8262
8259
8263
8260
8264
8261
8265
8262
8266
8263
8267
8264
8268
8265
8269
8266
8270
8267
8271
8268
8272
8269
8273
7121
8274
7122
8275
7123
8276
7124
8277
7125
8278
7126
8279
7127
8280
7128
8281
7129
8282
7130
8283
7131
8284
7132
8285
7133
8286
7134
8287
7135
8288
7136
8289
7137
8290
7138
8291
7139
8292
8274
8293
8275
8294
8276
8295
8277
8296
8278
8297
8279
8298
8280
8299
8281
8300
8282
8301
8283
8302
8284
8303
8285
8304
8286
8305
8287
8306
8288
8307
8289
8308
8290
8309
8291
8310
8292
8311
8293
8312
8294
8313
8295
8314
8296
8315
8297
8316
8298
8317
8299
8318
8300
8319
8301
8320
8302
8321
8303
8322
8304
8323
8305
8324
8306
8325
8307
8326
8308
8327
8309
8328
8310
8329
8311
8330
8312
8331
8313
8332
8314
8333
8315
8334
8316
8335
8317
8336
8318
8337
8319
8338
8320
8339
8321
8340
8322
8341
8323
8342
8324
8343
8325
8344
8326
8345
8327
8346
8328
8347
8329
8348
8330
8349
8331
8350
8332
8351
8333
8352
8334
8353
8335
8354
8336
8355
8337
8356
8338
8357
8339
8358
8340
8359
8341
8360
8342
8361
8343
8362
8344
8363
8345
8364
8346
8365
8347
8366
8348
8367
8349
8368
8350
8369
8351
8370
8352
8371
8353
8372
8354
8373
8355
8374
8356
8375
8357
8376
8358
8377
8359
8378
8360
8379
8361
8380
8362
8381
8363
8382
8364
8383
8365
8384
8366
8385
8367
8386
8368
8387
8369
8388
8370
8389
8371
8390
8372
8391
8373
8392
8374
8393
8375
8394
8376
8395
8377
8396
8378
8397
8379
8398
8380
8399
8381
8400
8382
8401
8383
8402
8384
8403
8385
8404
8386
8405
8387
8406
8388
8407
8389
8408
8390
8409
8391
8410
8392
8411
8393
8412
8394
8413
8395
8414
8396
8415
8397
8416
8398
8417
8399
8418
8400
8419
8401
8420
8402
8421
8403
8422
8404
8423
8405
8424
8406
8425
8407
8426
8408
8427
8409
8428
8410
8429
8411
8430
8412
8431
8413
8432
8414
8433
8415
8434
8416
8435
8417
8436
8418
8437
8419
8438
8420
8439
8421
8440
8422
8441
8423
8442
8424
8443
8425
8444
8426
8445
8427
8446
8428
8447
8429
8448
8430
8449
8431
8450
8432
8451
8433
8452
8434
8453
8435
8454
8436
8455
8437
8456
8438
8457
8439
8458
8440
8459
8441
8460
8442
8461
8443
8462
8444
8463
8445
8464
8446
8465
8447
8466
8448
8467
8449
8468
8450
8469
8451
8470
8452
8471
8453
8472
8454
8473
8455
8474
8456
8475
8457
8476
8458
8477
8459
8478
8460
8479
8461
8480
8462
8481
8463
8482
8464
8483
8465
8484
8466
8485
8467
8486
8468
8487
8469
8488
8470
8489
8471
8490
8472
8491
8473
8492
8474
8493
8475
8494
8476
8495
8477
8496
8478
8497
8479
8498
8480
8499
8481
8500
8482
8501
8483
8502
8484
8503
8485
8504
8486
8505
8487
8506
8488
8507
8489
8508
8490
8509
8491
8510
8492
8511
8493
8512
8494
8513
8495
8514
8496
8515
8497
8516
8498
8517
8499
8518
8500
8519
8501
8520
8502
8521
8503
8522
8504
8523
8505
8524
8506
8525
8507
8526
8508
8527
8509
8528
8510
8529
8511
8530
8512
8531
8513
8532
8514
8533
8515
8534
8516
8535
8517
8536
8518
8537
8519
8538
8520
8539
8521
8540
8522
8541
8523
8542
8524
8543
8525
8544
8526
8545
8527
8546
8528
8547
8529
8548
8530
8549
8531
8550
8532
8551
8533
8552
8534
8553
8535
8554
8536
8555
8537
8556
8538
8557
8539
8558
8540
8559
8541
8560
8542
8561
8543
8562
8544
8563
8545
8564
8546
8565
8547
8566
8548
8567
8549
8568
8550
8569
8551
8570
8552
8571
8553
8572
8554
8573
8555
8574
8556
8575
8557
8576
8558
8577
8559
8578
8560
8579
8561
8580
8562
8581
8563
8582
8564
8583
8565
8584
8566
8585
8567
8586
8568
8587
8569
8588
8570
8589
8571
8590
8572
8591
8573
8592
8574
8593
8575
8594
8576
8595
8577
8596
8578
8597
8579
8598
8580
8599
8581
8600
8582
8601
8583
8602
8584
8603
8585
8604
8586
8605
8587
8606
8588
8607
8589
8608
8590
8609
8591
8610
8592
8611
8593
8612
8594
8613
8595
8614
8596
8615
8597
8616
8598
8617
8599
8618
8600
8619
8601
8620
8602
8621
8603
8622
8604
8623
8605
8624
8606
8625
8607
8626
8608
8627
8609
8628
8610
8629
8611
8630
8612
8631
8613
8632
8614
8633
8615
8634
8616
8635
8617
8636
8618
8637
8619
8638
8620
8639
8621
8640
8622
8641
8623
8642
8624
8643
8625
8644
8626
8645
8627
8646
8628
8647
8629
8648
8630
8649
8631
8650
8632
8651
8633
8652
8634
8653
8635
8654
8636
8655
8637
8656
8638
8657
8639
8658
8640
8659
8641
8660
8642
8661
8643
8662
8644
8663
8645
8664
8646
8665
8647
8666
8648
8667
8649
8668
8650
8669
8651
8670
8652
8671
8653
8672
8654
8673
8655
8674
8656
8675
8657
8676
8658
8677
8659
8678
8660
8679
8661
8680
8662
8681
8663
8682
8664
8683
8665
8684
8666
8685
8667
8686
8668
8687
8669
8688
8670
8689
8671
8690
8672
8691
8673
8692
8674
8693
8675
8694
8676
8695
8677
8696
8678
8697
8679
8698
8680
8699
8681
8700
8682
8701
8683
8702
8684
8703
8685
8704
8686
8705
8687
8706
8688
8707
8689
8708
8690
8709
8691
8710
8692
8711
8693
8712
8694
8713
8695
8714
8696
8715
8697
8716
8698
8717
8699
8718
8700
8719
8701
8720
8702
8721
8703
8722
8704
8723
8705
8724
8706
8725
8707
8726
8708
8727
8709
8728
8710
8729
8711
8730
8712
8731
8713
8732
8714
8733
8715
8734
8716
8735
8717
8736
8718
8737
8719
8738
8720
8739
8721
8740
8722
8741
8723
8742
8724
8743
8725
8744
8726
8745
8727
8746
8728
8747
8729
8748
8730
8749
8731
8750
8732
8751
8733
8752
8734
8753
8735
8754
8736
8755
8737
8756
8738
8757
8739
8758
8740
8759
8741
8760
8742
8761
8743
8762
8744
8763
8745
8764
8746
8765
8747
8766
8748
8767
8749
8768
8750
8769
8751
8770
8752
8771
8753
8772
8754
8773
8755
8774
8756
8775
8757
8776
8758
8777
8759
8778
8760
8779
8761
8780
8762
8781
8763
8782
8764
8783
8765
8784
8766
8785
8767
8786
8768
8787
8769
8788
8770
8789
8771
8790
8772
8791
8773
8792
8774
8793
8775
8794
8776
8795
8777
8796
8778
8797
8779
8798
8780
8799
8781
8800
8782
8801
8783
8802
8784
8803
8785
8804
8786
8805
8787
8806
8788
8807
8789
8808
8790
8809
8791
8810
8792
8811
8793
8812
8794
8813
8795
8814
8796
8815
8797
8816
8798
8817
8799
8818
8800
8819
8801
8820
8802
8821
8803
8822
8804
8823
8805
8824
8806
8825
8807
8826
8808
8827
8809
8828
8810
8829
8811
8830
8812
8831
8813
8832
8814
8833
8815
8834
8816
8835
8817
8836
8818
8837
8819
8838
8820
8839
8821
8840
8822
8841
8823
8842
8824
8843
8825
8844
8826
8845
8827
8846
8828
8847
8829
8848
8830
8849
8831
8850
8832
8851
8833
8852
8834
8853
8835
8854
8836
8855
8837
8856
8838
8857
8839
8858
8840
8859
8841
8860
8842
8861
8843
8862
8844
8863
8845
8864
8846
8865
8847
8866
8848
8867
8849
8868
8850
8869
8851
8870
8852
8871
8853
8872
8854
8873
8855
8874
8856
8875
8857
8876
8858
8877
8859
8878
8860
8879
8861
8880
8862
8881
8863
8882
8864
8883
8865
8884
8866
8885
8867
8886
8868
8887
8869
8888
8870
8889
8871
8890
8872
8891
8873
8892
8874
8893
8875
8894
8876
8895
8877
8896
8878
8897
8879
8898
8880
8899
8881
8900
8882
8901
8883
8902
8884
8903
8885
8904
8886
8905
8887
8906
8888
8907
8889
8908
8890
8909
8891
8910
8892
8911
8893
8912
8894
8913
8895
8914
8896
8915
8897
8916
8898
8917
8899
8918
8900
8919
8901
8920
8902
8921
8903
8922
8904
8923
8905
8924
8906
8925
8907
8926
8908
8927
8909
8928
8910
8929
8911
8930
8912
8931
8913
8932
8914
8933
8915
8934
8916
8935
8917
8936
8918
8937
8919
8938
8920
8939
8921
8940
8922
8941
8923
8942
8924
8943
8925
8944
8926
8945
8927
8946
8928
8947
8929
8948
8930
8949
8931
8950
8932
8951
8933
8952
8934
8953
8935
8954
8936
8955
8937
8956
8938
8957
8939
8958
8940
8959
8941
8960
8942
8961
8943
8962
8944
8963
8945
8964
8946
8965
8947
8966
8948
8967
8949
8968
8950
8969
8951
8970
8952
8971
8953
8972
8954
8973
8955
8974
8956
8975
8957
8976
8958
8977
8959
8978
8960
8979
8961
8980
8962
8981
8963
8982
8964
8983
8965
8984
8966
8985
8967
8986
8968
8987
8969
8988
8970
8989
8971
8990
8972
8991
8973
8992
8974
8993
8975
8994
8976
8995
8977
8996
8978
8997
8979
8998
8980
8999
8981
9000
8982
9001
8983
9002
8984
9003
8985
9004
8986
9005
8987
9006
8988
9007
8989
9008
8990
9009
8991
9010
8992
9011
8993
9012
8994
9013
8995
9014
8996
9015
8997
9016
8998
9017
8999
9018
9000
9019
9001
9020
9002
9021
9003
9022
9004
9023
9005
9024
9006
9025
9007
9026
9008
9027
9009
9028
9010
9029
9011
9030
9012
9031
9013
9032
9014
9033
9015
9034
9016
9035
9017
9036
9018
9037
9019
9038
9020
9039
9021
9040
9022
9041
9023
9042
9024
9043
9025
9044
9026
9045
9027
9046
9028
9047
9029
9048
9030
9049
9031
9050
9032
9051
9033
9052
9034
9053
9035
9054
9036
9055
9037
9056
9038
9057
9039
9058
9040
9059
9041
9060
9042
9061
9043
9062
9044
9063
9045
9064
9046
9065
9047
9066
9048
9067
9049
9068
9050
9069
9051
9070
9052
9071
6804
6805
6805
6806
6806
6807
6807
6808
6808
6809
6809
6810
6810
6811
6811
6812
6812
6813
6813
6814
6814
6815
6815
6816
6816
6817
6817
6818
6818
6819
6819
6820
6820
6821
6821
6822
6822
6823
6823
6824
6824
6825
6825
6826
6827
6828
6828
6829
6829
6830
6830
6831
6831
6832
6832
6833
6833
6834
6834
6835
6835
6836
6836
6837
6837
6838
6838
6839
6839
6840
6840
6841
6841
6842
6842
6843
6843
6844
6844
6845
6845
6846
6846
6847
6847
6848
6848
6849
6850
6851
6851
6852
6852
6853
6853
6854
6854
6855
6855
6856
6856
6857
6857
6858
6858
6859
6859
6860
6860
6861
6861
6862
6862
6863
6863
6864
6864
6865
6865
6866
6866
6867
6867
6868
6868
6869
6869
6870
6870
6871
6871
6872
6873
6874
6874
6875
6875
6876
6876
6877
6877
6878
6878
6879
6879
6880
6880
6881
6881
6882
6882
6883
6883
6884
6884
6885
6885
6886
6886
6887
6887
6888
6888
6889
6889
6890
6890
6891
6891
6892
6892
6893
6893
6894
6894
6895
6896
6897
6897
6898
6898
6899
6899
6900
6900
6901
6901
6902
6902
6903
6903
6904
6904
6905
6905
6906
6906
6907
6907
6908
6908
6909
6909
6910
6910
6911
6911
6912
6912
6913
6913
6914
6914
6915
6915
6916
6916
6917
6917
6918
6919
6920
6920
6921
6921
6922
6922
6923
6923
6924
6924
6925
6925
6926
6926
6927
6927
6928
6928
6929
6929
6930
6930
6931
6931
6932
6932
6933
6933
6934
6934
6935
6935
6936
6936
6937
6937
6938
6938
6939
6939
6940
6940
6941
6942
6943
6943
6944
6944
6945
6945
6946
6946
6947
6947
6948
6948
6949
6949
6950
6950
6951
6951
6952
6952
6953
6953
6954
6954
6955
6955
6956
6956
6957
6957
6958
6958
6959
6959
6960
6960
6961
6961
6962
6962
6963
6963
6964
6965
6966
6966
6967
6967
6968
6968
6969
6969
6970
6970
6971
6971
6972
6972
6973
6973
6974
6974
6975
6975
6976
6976
6977
6977
6978
6978
6979
6979
6980
6980
6981
6981
6982
6982
6983
6983
6984
6984
6985
6985
6986
6986
6987
6988
6989
6989
6990
6990
6991
6991
6992
6992
6993
6993
6994
6994
6995
6995
6996
6996
6997
6997
6998
6998
6999
6999
7000
7000
7001
7001
7002
7002
7003
7003
7004
7004
7005
7005
7006
7007
7008
7008
7009
7009
7010
7010
7011
7011
7012
7012
7013
7013
7014
7014
7015
7015
7016
7016
7017
7017
7018
7018
7019
7019
7020
7020
7021
7021
7022
7022
7023
7023
7024
7024
7025
7026
7027
7027
7028
7028
7029
7029
7030
7030
7031
7031
7032
7032
7033
7033
7034
7034
7035
7035
7036
7036
7037
7037
7038
7038
7039
7039
7040
7040
7041
7041
7042
7042
7043
7043
7044
7045
7046
7046
7047
7047
7048
7048
7049
7049
7050
7050
7051
7051
7052
7052
7053
7053
7054
7054
7055
7055
7056
7056
7057
7057
7058
7058
7059
7059
7060
7060
7061
7061
7062
7062
7063
7064
7065
7065
7066
7066
7067
7067
7068
7068
7069
7069
7070
7070
7071
7071
7072
7072
7073
7073
7074
7074
7075
7075
7076
7076
7077
7077
7078
7078
7079
7079
7080
7080
7081
7081
7082
7083
7084
7084
7085
7085
7086
7086
7087
7087
7088
7088
7089
7089
7090
7090
7091
7091
7092
7092
7093
7093
7094
7094
7095
7095
7096
7096
7097
7097
7098
7098
7099
7099
7100
7100
7101
7102
7103
7103
7104
7104
7105
7105
7106
7106
7107
7107
7108
7108
7109
7109
7110
7110
7111
7111
7112
7112
7113
7113
7114
7114
7115
7115
7116
7116
7117
7117
7118
7118
7119
7119
7120
7121
7122
7122
7123
7123
7124
7124
7125
7125
7126
7126
7127
7127
7128
7128
7129
7129
7130
7130
7131
7131
7132
7132
7133
7133
7134
7134
7135
7135
7136
7136
7137
7137
7138
7138
7139
7140
7141
7141
7142
7142
7143
7143
7144
7144
7145
7145
7146
7146
7147
7147
7148
7148
7149
7149
7150
7150
7151
7151
7152
7152
7153
7153
7154
7154
7155
7155
7156
7156
7157
7157
7158
7158
7159
7159
7160
7160
7161
7161
7162
7163
7164
7164
7165
7165
7166
7166
7167
7167
7168
7168
7169
7169
7170
7170
7171
7171
7172
7172
7173
7173
7174
7174
7175
7175
7176
7176
7177
7177
7178
7178
7179
7179
7180
7180
7181
7181
7182
7182
7183
7183
7184
7184
7185
7186
7187
7187
7188
7188
7189
7189
7190
7190
7191
7191
7192
7192
7193
7193
7194
7194
7195
7195
7196
7196
7197
7197
7198
7198
7199
7199
7200
7200
7201
7201
7202
7202
7203
7203
7204
7204
7205
7205
7206
7206
7207
7207
7208
7209
7210
7210
7211
7211
7212
7212
7213
7213
7214
7214
7215
7215
7216
7216
7217
7217
7218
7218
7219
7219
7220
7220
7221
7221
7222
7222
7223
7223
7224
7224
7225
7225
7226
7226
7227
7227
7228
7228
7229
7229
7230
7230
7231
7232
7233
7233
7234
7234
7235
7235
7236
7236
7237
7237
7238
7238
7239
7239
7240
7240
7241
7241
7242
7242
7243
7243
7244
7244
7245
7245
7246
7246
7247
7247
7248
7248
7249
7249
7250
7250
7251
7251
7252
7252
7253
7253
7254
7255
7256
7256
7257
7257
7258
7258
7259
7259
7260
7260
7261
7261
7262
7262
7263
7263
7264
7264
7265
7265
7266
7266
7267
7267
7268
7268
7269
7269
7270
7270
7271
7271
7272
7272
7273
7273
7274
7274
7275
7275
7276
7276
7277
7278
7279
7279
7280
7280
7281
7281
7282
7282
7283
7283
7284
7284
7285
7285
7286
7286
7287
7287
7288
7288
7289
7289
7290
7290
7291
7291
7292
7292
7293
7293
7294
7294
7295
7295
7296
7296
7297
7297
7298
7298
7299
7299
7300
7301
7302
7302
7303
7303
7304
7304
7305
7305
7306
7306
7307
7307
7308
7308
7309
7309
7310
7310
7311
7311
7312
7312
7313
7313
7314
7314
7315
7315
7316
7316
7317
7317
7318
7318
7319
7319
7320
7320
7321
7321
7322
7322
7323
7324
7325
7325
7326
7326
7327
7327
7328
7328
7329
7329
7330
7330
7331
7331
7332
7332
7333
7333
7334
7334
7335
7335
7336
7336
7337
7337
7338
7338
7339
7339
7340
7340
7341
7341
7342
7342
7343
7343
7344
7344
7345
7345
7346
7347
7348
7348
7349
7349
7350
7350
7351
7351
7352
7352
7353
7353
7354
7354
7355
7355
7356
7356
7357
7357
7358
7358
7359
7359
7360
7360
7361
7361
7362
7362
7363
7363
7364
7364
7365
7365
7366
7366
7367
7367
7368
7368
7369
7370
7371
7371
7372
7372
7373
7373
7374
7374
7375
7375
7376
7376
7377
7377
7378
7378
7379
7379
7380
7380
7381
7381
7382
7382
7383
7383
7384
7384
7385
7385
7386
7386
7387
7387
7388
7388
7389
7389
7390
7390
7391
7391
7392
7393
7394
7394
7395
7395
7396
7396
7397
7397
7398
7398
7399
7399
7400
7400
7401
7401
7402
7402
7403
7403
7404
7404
7405
7405
7406
7406
7407
7407
7408
7408
7409
7409
7410
7410
7411
7411
7412
7412
7413
7413
7414
7414
7415
7416
7417
7417
7418
7418
7419
7419
7420
7420
7421
7421
7422
7422
7423
7423
7424
7424
7425
7425
7426
7426
7427
7427
7428
7428
7429
7429
7430
7430
7431
7431
7432
7432
7433
7433
7434
7434
7435
7435
7436
7436
7437
7437
7438
7439
7440
7440
7441
7441
7442
7442
7443
7443
7444
7444
7445
7445
7446
7446
7447
7447
7448
7448
7449
7449
7450
7450
7451
7451
7452
7452
7453
7453
7454
7454
7455
7455
7456
7456
7457
7457
7458
7458
7459
7459
7460
7460
7461
7462
7463
7463
7464
7464
7465
7465
7466
7466
7467
7467
7468
7468
7469
7469
7470
7470
7471
7471
7472
7472
7473
7473
7474
7474
7475
7475
7476
7476
7477
7477
7478
7478
7479
7479
7480
7480
7481
7481
7482
7482
7483
7483
7484
7485
7486
7486
7487
7487
7488
7488
7489
7489
7490
7490
7491
7491
7492
7492
7493
7493
7494
7494
7495
7495
7496
7496
7497
7497
7498
7498
7499
7499
7500
7500
7501
7501
7502
7502
7503
7503
7504
7504
7505
7505
7506
7506
7507
7508
7509
7509
7510
7510
7511
7511
7512
7512
7513
7513
7514
7514
7515
7515
7516
7516
7517
7517
7518
7518
7519
7519
7520
7520
7521
7521
7522
7522
7523
7523
7524
7524
7525
7525
7526
7526
7527
7527
7528
7528
7529
7529
7530
7531
7532
7532
7533
7533
7534
7534
7535
7535
7536
7536
7537
7537
7538
7538
7539
7539
7540
7540
7541
7541
7542
7542
7543
7543
7544
7544
7545
7545
7546
7546
7547
7547
7548
7548
7549
7549
7550
7550
7551
7551
7552
7552
7553
7554
7555
7555
7556
7556
7557
7557
7558
7558
7559
7559
7560
7560
7561
7561
7562
7562
7563
7563
7564
7564
7565
7565
7566
7566
7567
7567
7568
7568
7569
7569
7570
7570
7571
7571
7572
7572
7573
7573
7574
7574
7575
7575
7576
7577
7578
7578
7579
7579
7580
7580
7581
7581
7582
7582
7583
7583
7584
7584
7585
7585
7586
7586
7587
7587
7588
7588
7589
7589
7590
7590
7591
7591
7592
7592
7593
7593
7594
7594
7595
7595
7596
7596
7597
7597
7598
7598
7599
7600
7601
7601
7602
7602
7603
7603
7604
7604
7605
7605
7606
7606
7607
7607
7608
7608
7609
7609
7610
7610
7611
7611
7612
7612
7613
7613
7614
7614
7615
7615
7616
7616
7617
7617
7618
7618
7619
7619
7620
7620
7621
7621
7622
7623
7624
7624
7625
7625
7626
7626
7627
7627
7628
7628
7629
7629
7630
7630
7631
7631
7632
7632
7633
7633
7634
7634
7635
7635
7636
7636
7637
7637
7638
7638
7639
7639
7640
7640
7641
7641
7642
7642
7643
7643
7644
7644
7645
7646
7647
7647
7648
7648
7649
7649
7650
7650
7651
7651
7652
7652
7653
7653
7654
7654
7655
7655
7656
7656
7657
7657
7658
7658
7659
7659
7660
7660
7661
7661
7662
7662
7663
7663
7664
7664
7665
7665
7666
7666
7667
7667
7668
7669
7670
7670
7671
7671
7672
7672
7673
7673
7674
7674
7675
7675
7676
7676
7677
7677
7678
7678
7679
7679
7680
7680
7681
7681
7682
7682
7683
7683
7684
7684
7685
7685
7686
7686
7687
7687
7688
7688
7689
7689
7690
7690
7691
7692
7693
7693
7694
7694
7695
7695
7696
7696
7697
7697
7698
7698
7699
7699
7700
7700
7701
7701
7702
7702
7703
7703
7704
7704
7705
7705
7706
7706
7707
7707
7708
7708
7709
7709
7710
7710
7711
7711
7712
7712
7713
7713
7714
7715
7716
7716
7717
7717
7718
7718
7719
7719
7720
7720
7721
7721
7722
7722
7723
7723
7724
7724
7725
7725
7726
7726
7727
7727
7728
7728
7729
7729
7730
7730
7731
7731
7732
7732
7733
7733
7734
7734
7735
7735
7736
7736
7737
7738
7739
7739
7740
7740
7741
7741
7742
7742
7743
7743
7744
7744
7745
7745
7746
7746
7747
7747
7748
7748
7749
7749
7750
7750
7751
7751
7752
7752
7753
7753
7754
7754
7755
7755
7756
7756
7757
7757
7758
7758
7759
7759
7760
7761
7762
7762
7763
7763
7764
7764
7765
7765
7766
7766
7767
7767
7768
7768
7769
7769
7770
7770
7771
7771
7772
7772
7773
7773
7774
7774
7775
7775
7776
7776
7777
7777
7778
7778
7779
7779
7780
7780
7781
7781
7782
7782
7783
7784
7785
7785
7786
7786
7787
7787
7788
7788
7789
7789
7790
7790
7791
7791
7792
7792
7793
7793
7794
7794
7795
7795
7796
7796
7797
7797
7798
7798
7799
7799
7800
7800
7801
7801
7802
7802
7803
7803
7804
7804
7805
7805
7806
7807
7808
7808
7809
7809
7810
7810
7811
7811
7812
7812
7813
7813
7814
7814
7815
7815
7816
7816
7817
7817
7818
7818
7819
7819
7820
7820
7821
7821
7822
7822
7823
7823
7824
7824
7825
7825
7826
7826
7827
7827
7828
7828
7829
7830
7831
7831
7832
7832
7833
7833
7834
7834
7835
7835
7836
7836
7837
7837
7838
7838
7839
7839
7840
7840
7841
7841
7842
7842
7843
7843
7844
7844
7845
7845
7846
7846
7847
7847
7848
7848
7849
7849
7850
7850
7851
7851
7852
7853
7854
7854
7855
7855
7856
7856
7857
7857
7858
7858
7859
7859
7860
7860
7861
7861
7862
7862
7863
7863
7864
7864
7865
7865
7866
7866
7867
7867
7868
7868
7869
7869
7870
7870
7871
7871
7872
7872
7873
7873
7874
7874
7875
7876
7877
7877
7878
7878
7879
7879
7880
7880
7881
7881
7882
7882
7883
7883
7884
7884
7885
7885
7886
7886
7887
7887
7888
7888
7889
7889
7890
7890
7891
7891
7892
7892
7893
7893
7894
7894
7895
7895
7896
7896
7897
7897
7898
7899
7900
7900
7901
7901
7902
7902
7903
7903
7904
7904
7905
7905
7906
7906
7907
7907
7908
7908
7909
7909
7910
7910
7911
7911
7912
7912
7913
7913
7914
7914
7915
7915
7916
7916
7917
7917
7918
7918
7919
7919
7920
7920
7921
7922
7923
7923
7924
7924
7925
7925
7926
7926
7927
7927
7928
7928
7929
7929
7930
7930
7931
7931
7932
7932
7933
7933
7934
7934
7935
7935
7936
7936
7937
7937
7938
7938
7939
7939
7940
7940
7941
7941
7942
7942
7943
7943
7944
7945
7946
7946
7947
7947
7948
7948
7949
7949
7950
7950
7951
7951
7952
7952
7953
7953
7954
7954
7955
7955
7956
7956
7957
7957
7958
7958
7959
7959
7960
7960
7961
7961
7962
7962
7963
7963
7964
7964
7965
7965
7966
7966
7967
7968
7969
7969
7970
7970
7971
7971
7972
7972
7973
7973
7974
7974
7975
7975
7976
7976
7977
7977
7978
7978
7979
7979
7980
7980
7981
7981
7982
7982
7983
7983
7984
7984
7985
7985
7986
7986
7987
7987
7988
7988
7989
7989
7990
7991
7992
7992
7993
7993
7994
7994
7995
7995
7996
7996
7997
7997
7998
7998
7999
7999
8000
8000
8001
8001
8002
8002
8003
8003
8004
8004
8005
8005
8006
8006
8007
8007
8008
8008
8009
8009
8010
8010
8011
8011
8012
8012
8013
8014
8015
8015
8016
8016
8017
8017
8018
8018
8019
8019
8020
8020
8021
8021
8022
8022
8023
8023
8024
8024
8025
8025
8026
8026
8027
8027
8028
8028
8029
8029
8030
8030
8031
8031
8032
8032
8033
8033
8034
8034
8035
8035
8036
8037
8038
8038
8039
8039
8040
8040
8041
8041
8042
8042
8043
8043
8044
8044
8045
8045
8046
8046
8047
8047
8048
8048
8049
8049
8050
8050
8051
8051
8052
8052
8053
8053
8054
8054
8055
8055
8056
8056
8057
8057
8058
8058
8059
8060
8061
8061
8062
8062
8063
8063
8064
8064
8065
8065
8066
8066
8067
8067
8068
8068
8069
8069
8070
8070
8071
8071
8072
8072
8073
8073
8074
8074
8075
8075
8076
8076
8077
8077
8078
8078
8079
8079
8080
8080
8081
8081
8082
8083
8084
8084
8085
8085
8086
8086
8087
8087
8088
8088
8089
8089
8090
8090
8091
8091
8092
8092
8093
8093
8094
8094
8095
8095
8096
8096
8097
8097
8098
8098
8099
8099
8100
8100
8101
8101
8102
8102
8103
8103
8104
8104
8105
7162
8106
8106
8107
8107
8108
8108
8109
7185
8110
8110
8111
8111
8112
8112
8113
7208
8114
8114
8115
8115
8116
8116
8117
7231
8118
8118
8119
8119
8120
8120
8121
7254
8122
8122
8123
8123
8124
8124
8125
7277
8126
8126
8127
8127
8128
8128
8129
7300
8130
8130
8131
8131
8132
8132
8133
7323
8134
8134
8135
8135
8136
8136
8137
7346
8138
8138
8139
8139
8140
8140
8141
7369
8142
8142
8143
8143
8144
8144
8145
7392
8146
8146
8147
8147
8148
8148
8149
7415
8150
8150
8151
8151
8152
8152
8153
7438
8154
8154
8155
8155
8156
8156
8157
7461
8158
8158
8159
8159
8160
8160
8161
7484
8162
8162
8163
8163
8164
8164
8165
7507
8166
8166
8167
8167
8168
8168
8169
7530
8170
8170
8171
8171
8172
8172
8173
7553
8174
8174
8175
8175
8176
8176
8177
7576
8178
8178
8179
8179
8180
8180
8181
7599
8182
8182
8183
8183
8184
8184
8185
7622
8186
8186
8187
8187
8188
8188
8189
7645
8190
8190
8191
8191
8192
8192
8193
7668
8194
8194
8195
8195
8196
8196
8197
7691
8198
8198
8199
8199
8200
8200
8201
7714
8202
8202
8203
8203
8204
8204
8205
7737
8206
8206
8207
8207
8208
8208
8209
7760
8210
8210
8211
8211
8212
8212
8213
7783
8214
8214
8215
8215
8216
8216
8217
7806
8218
8218
8219
8219
8220
8220
8221
7829
8222
8222
8223
8223
8224
8224
8225
7852
8226
8226
8227
8227
8228
8228
8229
7875
8230
8230
8231
8231
8232
8232
8233
7898
8234
8234
8235
8235
8236
8236
8237
7921
8238
8238
8239
8239
8240
8240
8241
7944
8242
8242
8243
8243
8244
8244
8245
7967
8246
8246
8247
8247
8248
8248
8249
7990
8250
8250
8251
8251
8252
8252
8253
8013
8254
8254
8255
8255
8256
8256
8257
8036
8258
8258
8259
8259
8260
8260
8261
8059
8262
8262
8263
8263
8264
8264
8265
8082
8266
8266
8267
8267
8268
8268
8269
8105
8270
8270
8271
8271
8272
8272
8273
8109
8274
8274
8275
8275
8276
8276
8277
8277
8278
8278
8279
8279
8280
8280
8281
8281
8282
8282
8283
8283
8284
8284
8285
8285
8286
8286
8287
8287
8288
8288
8289
8289
8290
8290
8291
8291
8292
8113
8293
8293
8294
8294
8295
8295
8296
8296
8297
8297
8298
8298
8299
8299
8300
8300
8301
8301
8302
8302
8303
8303
8304
8304
8305
8305
8306
8306
8307
8307
8308
8308
8309
8309
8310
8310
8311
8117
8312
8312
8313
8313
8314
8314
8315
8315
8316
8316
8317
8317
8318
8318
8319
8319
8320
8320
8321
8321
8322
8322
8323
8323
8324
8324
8325
8325
8326
8326
8327
8327
8328
8328
8329
8329
8330
8121
8331
8331
8332
8332
8333
8333
8334
8334
8335
8335
8336
8336
8337
8337
8338
8338
8339
8339
8340
8340
8341
8341
8342
8342
8343
8343
8344
8344
8345
8345
8346
8346
8347
8347
8348
8348
8349
8125
8350
8350
8351
8351
8352
8352
8353
8353
8354
8354
8355
8355
8356
8356
8357
8357
8358
8358
8359
8359
8360
8360
8361
8361
8362
8362
8363
8363
8364
8364
8365
8365
8366
8366
8367
8367
8368
8129
8369
8369
8370
8370
8371
8371
8372
8372
8373
8373
8374
8374
8375
8375
8376
8376
8377
8377
8378
8378
8379
8379
8380
8380
8381
8381
8382
8382
8383
8383
8384
8384
8385
8385
8386
8386
8387
8133
8388
8388
8389
8389
8390
8390
8391
8391
8392
8392
8393
8393
8394
8394
8395
8395
8396
8396
8397
8397
8398
8398
8399
8399
8400
8400
8401
8401
8402
8402
8403
8403
8404
8404
8405
8405
8406
8137
8407
8407
8408
8408
8409
8409
8410
8410
8411
8411
8412
8412
8413
8413
8414
8414
8415
8415
8416
8416
8417
8417
8418
8418
8419
8419
8420
8420
8421
8421
8422
8422
8423
8423
8424
8424
8425
8141
8426
8426
8427
8427
8428
8428
8429
8429
8430
8430
8431
8431
8432
8432
8433
8433
8434
8434
8435
8435
8436
8436
8437
8437
8438
8438
8439
8439
8440
8440
8441
8441
8442
8442
8443
8443
8444
8145
8445
8445
8446
8446
8447
8447
8448
8448
8449
8449
8450
8450
8451
8451
8452
8452
8453
8453
8454
8454
8455
8455
8456
8456
8457
8457
8458
8458
8459
8459
8460
8460
8461
8461
8462
8462
8463
8149
8464
8464
8465
8465
8466
8466
8467
8467
8468
8468
8469
8469
8470
8470
8471
8471
8472
8472
8473
8473
8474
8474
8475
8475
8476
8476
8477
8477
8478
8478
8479
8479
8480
8480
8481
8481
8482
8153
8483
8483
8484
8484
8485
8485
8486
8486
8487
8487
8488
8488
8489
8489
8490
8490
8491
8491
8492
8492
8493
8493
8494
8494
8495
8495
8496
8496
8497
8497
8498
8498
8499
8499
8500
8500
8501
8157
8502
8502
8503
8503
8504
8504
8505
8505
8506
8506
8507
8507
8508
8508
8509
8509
8510
8510
8511
8511
8512
8512
8513
8513
8514
8514
8515
8515
8516
8516
8517
8517
8518
8518
8519
8519
8520
8161
8521
8521
8522
8522
8523
8523
8524
8524
8525
8525
8526
8526
8527
8527
8528
8528
8529
8529
8530
8530
8531
8531
8532
8532
8533
8533
8534
8534
8535
8535
8536
8536
8537
8537
8538
8538
8539
8165
8540
8540
8541
8541
8542
8542
8543
8543
8544
8544
8545
8545
8546
8546
8547
8547
8548
8548
8549
8549
8550
8550
8551
8551
8552
8552
8553
8553
8554
8554
8555
8555
8556
8556
8557
8557
8558
8169
8559
8559
8560
8560
8561
8561
8562
8562
8563
8563
8564
8564
8565
8565
8566
8566
8567
8567
8568
8568
8569
8569
8570
8570
8571
8571
8572
8572
8573
8573
8574
8574
8575
8575
8576
8576
8577
8173
8578
8578
8579
8579
8580
8580
8581
8581
8582
8582
8583
8583
8584
8584
8585
8585
8586
8586
8587
8587
8588
8588
8589
8589
8590
8590
8591
8591
8592
8592
8593
8593
8594
8594
8595
8595
8596
8177
8597
8597
8598
8598
8599
8599
8600
8600
8601
8601
8602
8602
8603
8603
8604
8604
8605
8605
8606
8606
8607
8607
8608
8608
8609
8609
8610
8610
8611
8611
8612
8612
8613
8613
8614
8614
8615
8181
8616
8616
8617
8617
8618
8618
8619
8619
8620
8620
8621
8621
8622
8622
8623
8623
8624
8624
8625
8625
8626
8626
8627
8627
8628
8628
8629
8629
8630
8630
8631
8631
8632
8632
8633
8633
8634
8185
8635
8635
8636
8636
8637
8637
8638
8638
8639
8639
8640
8640
8641
8641
8642
8642
8643
8643
8644
8644
8645
8645
8646
8646
8647
8647
8648
8648
8649
8649
8650
8650
8651
8651
8652
8652
8653
8189
8654
8654
8655
8655
8656
8656
8657
8657
8658
8658
8659
8659
8660
8660
8661
8661
8662
8662
8663
8663
8664
8664
8665
8665
8666
8666
8667
8667
8668
8668
8669
8669
8670
8670
8671
8671
8672
8193
8673
8673
8674
8674
8675
8675
8676
8676
8677
8677
8678
8678
8679
8679
8680
8680
8681
8681
8682
8682
8683
8683
8684
8684
8685
8685
8686
8686
8687
8687
8688
8688
8689
8689
8690
8690
8691
8197
8692
8692
8693
8693
8694
8694
8695
8695
8696
8696
8697
8697
8698
8698
8699
8699
8700
8700
8701
8701
8702
8702
8703
8703
8704
8704
8705
8705
8706
8706
8707
8707
8708
8708
8709
8709
8710
8201
8711
8711
8712
8712
8713
8713
8714
8714
8715
8715
8716
8716
8717
8717
8718
8718
8719
8719
8720
8720
8721
8721
8722
8722
8723
8723
8724
8724
8725
8725
8726
8726
8727
8727
8728
8728
8729
8205
8730
8730
8731
8731
8732
8732
8733
8733
8734
8734
8735
8735
8736
8736
8737
8737
8738
8738
8739
8739
8740
8740
8741
8741
8742
8742
8743
8743
8744
8744
8745
8745
8746
8746
8747
8747
8748
8209
8749
8749
8750
8750
8751
8751
8752
8752
8753
8753
8754
8754
8755
8755
8756
8756
8757
8757
8758
8758
8759
8759
8760
8760
8761
8761
8762
8762
8763
8763
8764
8764
8765
8765
8766
8766
8767
8213
8768
8768
8769
8769
8770
8770
8771
8771
8772
8772
8773
8773
8774
8774
8775
8775
8776
8776
8777
8777
8778
8778
8779
8779
8780
8780
8781
8781
8782
8782
8783
8783
8784
8784
8785
8785
8786
8217
8787
8787
8788
8788
8789
8789
8790
8790
8791
8791
8792
8792
8793
8793
8794
8794
8795
8795
8796
8796
8797
8797
8798
8798
8799
8799
8800
8800
8801
8801
8802
8802
8803
8803
8804
8804
8805
8221
8806
8806
8807
8807
8808
8808
8809
8809
8810
8810
8811
8811
8812
8812
8813
8813
8814
8814
8815
8815
8816
8816
8817
8817
8818
8818
8819
8819
8820
8820
8821
8821
8822
8822
8823
8823
8824
8225
8825
8825
8826
8826
8827
8827
8828
8828
8829
8829
8830
8830
8831
8831
8832
8832
8833
8833
8834
8834
8835
8835
8836
8836
8837
8837
8838
8838
8839
8839
8840
8840
8841
8841
8842
8842
8843
8229
8844
8844
8845
8845
8846
8846
8847
8847
8848
8848
8849
8849
8850
8850
8851
8851
8852
8852
8853
8853
8854
8854
8855
8855
8856
8856
8857
8857
8858
8858
8859
8859
8860
8860
8861
8861
8862
8233
8863
8863
8864
8864
8865
8865
8866
8866
8867
8867
8868
8868
8869
8869
8870
8870
8871
8871
8872
8872
8873
8873
8874
8874
8875
8875
8876
8876
8877
8877
8878
8878
8879
8879
8880
8880
8881
8237
8882
8882
8883
8883
8884
8884
8885
8885
8886
8886
8887
8887
8888
8888
8889
8889
8890
8890
8891
8891
8892
8892
8893
8893
8894
8894
8895
8895
8896
8896
8897
8897
8898
8898
8899
8899
8900
8241
8901
8901
8902
8902
8903
8903
8904
8904
8905
8905
8906
8906
8907
8907
8908
8908
8909
8909
8910
8910
8911
8911
8912
8912
8913
8913
8914
8914
8915
8915
8916
8916
8917
8917
8918
8918
8919
8245
8920
8920
8921
8921
8922
8922
8923
8923
8924
8924
8925
8925
8926
8926
8927
8927
8928
8928
8929
8929
8930
8930
8931
8931
8932
8932
8933
8933
8934
8934
8935
8935
8936
8936
8937
8937
8938
8249
8939
8939
8940
8940
8941
8941
8942
8942
8943
8943
8944
8944
8945
8945
8946
8946
8947
8947
8948
8948
8949
8949
8950
8950
8951
8951
8952
8952
8953
8953
8954
8954
8955
8955
8956
8956
8957
8253
8958
8958
8959
8959
8960
8960
8961
8961
8962
8962
8963
8963
8964
8964
8965
8965
8966
8966
8967
8967
8968
8968
8969
8969
8970
8970
8971
8971
8972
8972
8973
8973
8974
8974
8975
8975
8976
8257
8977
8977
8978
8978
8979
8979
8980
8980
8981
8981
8982
8982
8983
8983
8984
8984
8985
8985
8986
8986
8987
8987
8988
8988
8989
8989
8990
8990
8991
8991
8992
8992
8993
8993
8994
8994
8995
8261
8996
8996
8997
8997
8998
8998
8999
8999
9000
9000
9001
9001
9002
9002
9003
9003
9004
9004
9005
9005
9006
9006
9007
9007
9008
9008
9009
9009
9010
9010
9011
9011
9012
9012
9013
9013
9014
8265
9015
9015
9016
9016
9017
9017
9018
9018
9019
9019
9020
9020
9021
9021
9022
9022
9023
9023
9024
9024
9025
9025
9026
9026
9027
9027
9028
9028
9029
9029
9030
9030
9031
9031
9032
9032
9033
8269
9034
9034
9035
9035
9036
9036
9037
9037
9038
9038
9039
9039
9040
9040
9041
9041
9042
9042
9043
9043
9044
9044
9045
9045
9046
9046
9047
9047
9048
9048
9049
9049
9050
9050
9051
9051
9052
8273
9053
9053
9054
9054
9055
9055
9056
9056
9057
9057
9058
9058
9059
9059
9060
9060
9061
9061
9062
9062
9063
9063
9064
9064
9065
9065
9066
9066
9067
9067
9068
9068
9069
9069
9070
9070
9071
)


// ************************************************************************* //
