/*--------------------------------*- C++ -*----------------------------------*\
| =========                 |                                                 |
| \\      /  F ield         | OpenFOAM: The Open Source CFD Toolbox           |
|  \\    /   O peration     | Version:  v1912                                 |
|   \\  /    A nd           | Website:  www.openfoam.com                      |
|    \\/     M anipulation  |                                                 |
\*---------------------------------------------------------------------------*/
FoamFile
{
    version     2.0;
    format      ascii;
    class       volScalarField;
    location    "0.3";
    object      p;
}
// * * * * * * * * * * * * * * * * * * * * * * * * * * * * * * * * * * * * * //

dimensions      [1 -1 -2 0 0 0 0];


internalField   nonuniform List<scalar> 
9072
(
1256.81
1290.09
1289.28
1281.14
1270.98
1260.98
1251.14
1241.19
1231.22
1221.77
1213.68
1208.08
1206.3
1209.9
1220.74
1241.26
1273.65
1320.31
1374.6
1401.42
1407.17
1345.89
1359.73
1196.44
1230.31
1229.47
1221.41
1211.42
1201.52
1191.69
1181.69
1171.65
1162.11
1153.92
1148.2
1146.28
1149.69
1160.16
1179.57
1209.81
1251.44
1299.92
1337.31
1366.05
1253.63
1215.83
1134.9
1169.33
1168.41
1160.56
1150.94
1141.26
1131.44
1121.32
1111.11
1101.37
1092.96
1086.98
1084.73
1087.73
1097.61
1115.99
1144.11
1181.42
1222.41
1257.24
1285.49
1174.75
1126.8
1072.28
1107.22
1106.2
1098.67
1089.58
1080.2
1070.37
1060.07
1049.59
1039.55
1030.79
1024.39
1021.64
1023.99
1033.01
1050.07
1075.93
1109.48
1145.88
1176.23
1190.81
1134.37
1148.09
1008.71
1044.06
1042.94
1035.86
1027.41
1018.34
1008.47
997.911
987.082
976.622
967.378
960.405
956.964
958.474
966.382
981.894
1005.43
1035.65
1068.22
1095.91
1110.85
1108.23
1189.42
944.367
979.992
978.787
972.26
964.473
955.677
945.7
934.82
923.555
912.574
902.711
895.003
890.682
891.129
897.715
911.507
932.732
959.995
989.463
1015.4
1033.65
1055.06
1152.13
879.424
915.144
913.893
907.968
900.802
892.199
882.046
870.776
858.994
847.382
836.761
828.144
822.744
821.91
826.962
838.886
857.822
882.424
909.31
933.806
953.678
979.819
1052.62
813.952
849.673
848.39
843.071
836.418
827.895
817.488
805.763
793.38
781.02
769.486
759.773
753.075
750.725
754.021
763.931
780.598
802.769
827.4
850.272
868.685
886.687
909.698
34.7215
34.7556
34.7598
34.7608
34.7605
34.7598
34.7581
34.7542
34.7471
34.7361
34.7216
34.7041
34.6849
34.6652
34.6461
34.629
34.615
34.6048
34.5989
34.6613
34.6965
34.7009
34.7019
34.7015
34.7009
34.6994
34.6957
34.6886
34.6777
34.6631
34.6455
34.6261
34.6061
34.5869
34.5697
34.5555
34.5452
34.5393
34.5998
34.6369
34.6423
34.6428
34.6423
34.6421
34.641
34.6377
34.6308
34.6199
34.6051
34.5872
34.5673
34.5468
34.5271
34.5094
34.4948
34.4841
34.4781
34.5367
34.5766
34.5836
34.5836
34.5829
34.5831
34.5829
34.5802
34.5737
34.5629
34.5478
34.5292
34.5085
34.4871
34.4666
34.4481
34.4328
34.4217
34.4153
34.471
34.5151
34.5253
34.524
34.5232
34.5242
34.525
34.5233
34.5174
34.5066
34.491
34.4716
34.4498
34.4272
34.4054
34.3858
34.3696
34.3577
34.351
34.4022
34.4514
34.4671
34.4642
34.4629
34.465
34.4675
34.4671
34.4619
34.4511
34.4349
34.4144
34.3911
34.3669
34.3435
34.3224
34.305
34.2922
34.2848
34.3271
34.3796
34.4113
34.4036
34.4019
34.4057
34.4103
34.4117
34.4073
34.3965
34.3795
34.3576
34.3326
34.3064
34.2809
34.2579
34.2389
34.2249
34.2168
34.2376
34.329
34.3551
34.3415
34.3397
34.346
34.3536
34.3571
34.3538
34.3428
34.3249
34.3013
34.2741
34.2454
34.2175
34.1922
34.1711
34.1557
34.1468
692.071
764.953
763.657
759.123
752.959
744.36
733.515
721.122
707.86
694.384
681.47
670.087
661.413
656.778
657.485
664.544
678.235
697.507
719.56
739.98
753.24
749.214
667.738
550.311
623.026
621.645
617.777
611.7
602.508
590.638
576.846
561.725
545.843
529.926
514.869
501.834
492.213
487.438
488.888
497.237
512.005
531.095
548.764
554.247
527.256
428.749
407.799
479.824
477.906
474.074
467.348
457.013
443.699
428.075
410.485
391.288
371.165
350.786
331.445
314.749
302.173
295.738
297.121
309.37
328.696
350.489
362.822
347.979
292.96
263.982
335.464
332.224
327.998
320.019
307.925
292.579
274.732
254.227
231.348
208.162
183.637
160.013
138.004
118.119
102.946
94.8277
95.3134
110.823
151.239
180.124
182.442
166.056
124.226
188.625
186.322
180.722
171.289
157.519
140.264
121.818
101.206
72.9362
48.2744
20.8373
4.32692
-2.85719
-3.25283
-3.54925
-3.62987
-3.3415
-3.21844
-1.64488
5.8185
32.0356
52.4659
28.5847
46.6644
43.3994
37.6192
29.56
19.2374
8.11975
1.53878
-2.85835
-3.3571
-3.85642
-3.80751
-3.91854
-4.05269
-4.00373
-4.04912
-4.20943
-4.25233
-4.03374
-3.79547
-3.88837
-4.61302
-4.87061
-3.89597
-3.70033
-3.71635
-3.73551
-3.73012
-3.61423
-3.59345
-3.64937
-3.65144
-3.70726
-3.96566
-4.16483
-4.28191
-4.3721
-4.37687
-4.3559
-4.39126
-4.54782
-4.5148
-4.66212
-4.94392
-5.17191
-5.46071
-4.01193
-3.86689
-3.88192
-3.88873
-3.8802
-3.85045
-3.83325
-3.8401
-3.84666
-3.98329
-4.32655
-4.56265
-4.71503
-4.8298
-4.86225
-4.82396
-4.83647
-5.12757
-5.08138
-5.0962
-5.24158
-5.43338
-5.67178
-4.19217
-4.07732
-4.07247
-4.07372
-4.07382
-4.07205
-4.07633
-4.08827
-4.09201
-4.40878
-4.67765
-4.84085
-5.02614
-5.21625
-5.33487
-5.32618
-5.2691
-5.24855
-5.25382
-5.33169
-5.4759
-5.66473
-5.89596
-4.36741
-4.26861
-4.26564
-4.27047
-4.28081
-4.29703
-4.32315
-4.36395
-4.42587
-4.71601
-4.86696
-5.03965
-5.27818
-5.61751
-5.89046
-5.91826
-5.6212
-5.3946
-5.38709
-5.51019
-5.67032
-5.85857
-6.07862
-4.54285
-4.45443
-4.45833
-4.46945
-4.48865
-4.51789
-4.56133
-4.62673
-4.73632
-4.90411
-5.03634
-5.18112
-5.3678
-5.59865
-5.80504
-5.82572
-5.63713
-5.48298
-5.52731
-5.66752
-5.83952
-6.03309
-6.24729
-4.72116
-4.63818
-4.64812
-4.66512
-4.69103
-4.7282
-4.78015
-4.85261
-4.9544
-5.08318
-5.18909
-5.29424
-5.40954
-5.5295
-5.61181
-5.62012
-5.57964
-5.59116
-5.68604
-5.83574
-6.01287
-6.2098
-6.42024
-4.90113
-4.82068
-4.83441
-4.85553
-4.8857
-4.92677
-4.98101
-5.05088
-5.13845
-5.23968
-5.32958
-5.4171
-5.50142
-5.57592
-5.62936
-5.65928
-5.69075
-5.75831
-5.87263
-6.02422
-6.20262
-6.39991
-6.60735
-5.07986
-5.00095
-5.0166
-5.04002
-5.0725
-5.11515
-5.16901
-5.2347
-5.31165
-5.3957
-5.47785
-5.55547
-5.62742
-5.6912
-5.74644
-5.79914
-5.86386
-5.9553
-6.07894
-6.23271
-6.41169
-6.60834
-6.81538
-5.25489
-5.17761
-5.19392
-5.21848
-5.25196
-5.29488
-5.34756
-5.40987
-5.48051
-5.55625
-5.63229
-5.70564
-5.77548
-5.84194
-5.90782
-5.97917
-6.06451
-6.17115
-6.30267
-6.45963
-6.63991
-6.83825
-7.04957
-5.42468
-5.34934
-5.36576
-5.39072
-5.42453
-5.46727
-5.51886
-5.57882
-5.6458
-5.71743
-5.79093
-5.86443
-5.93779
-6.01221
-6.09075
-6.17819
-6.27985
-6.39968
-6.53988
-6.7021
-6.88689
-7.09177
-7.31244
-5.58822
-5.51538
-5.53177
-5.55687
-5.59067
-5.63315
-5.68406
-5.74275
-5.8081
-5.87855
-5.95254
-6.02926
-6.10903
-6.19323
-6.28451
-6.38668
-6.50332
-6.63638
-6.78704
-6.95795
-7.1522
-7.36903
-7.60437
-5.74535
-5.67533
-5.69164
-5.71676
-5.75059
-5.793
-5.84374
-5.90226
-5.96771
-6.03915
-6.11588
-6.1978
-6.28535
-6.3797
-6.48325
-6.59939
-6.73075
-6.87803
-7.04188
-7.22581
-7.43451
-7.66847
-7.92482
-5.89567
-5.82878
-5.84506
-5.87026
-5.90427
-5.947
-5.99824
-6.05757
-6.12444
-6.19843
-6.27943
-6.36764
-6.46339
-6.56772
-6.6832
-6.81314
-6.95967
-7.12292
-7.3031
-7.50378
-7.731
-7.98695
-8.2706
-6.03885
-5.97547
-5.99177
-6.01717
-6.05162
-6.09505
-6.14732
-6.20821
-6.27753
-6.35522
-6.44143
-6.53629
-6.64016
-6.75452
-6.8822
-7.02626
-7.1886
-7.3693
-7.56799
-7.78812
-8.03721
-8.31938
-8.63623
-6.17442
-6.11485
-6.13137
-6.15721
-6.19235
-6.23679
-6.29056
-6.35372
-6.4263
-6.50838
-6.60001
-6.70141
-6.81352
-6.93845
-7.07881
-7.23697
-7.41501
-7.61358
-7.83225
-8.07438
-8.34834
-8.66066
-9.01604
-6.3025
-6.2468
-6.26365
-6.29007
-6.3261
-6.37189
-6.42769
-6.49367
-6.5699
-6.65633
-6.75309
-6.861
-6.98188
-7.1179
-7.27066
-7.44206
-7.63518
-7.85215
-8.09273
-8.35931
-8.66048
-9.00546
-9.40202
-6.42277
-6.3712
-6.38838
-6.4154
-6.45245
-6.49985
-6.55798
-6.62698
-6.70674
-6.79718
-6.89892
-7.0137
-7.14374
-7.29048
-7.45458
-7.63842
-7.84688
-8.08321
-8.34687
-8.63939
-8.96879
-9.34587
-9.782
-6.53461
-6.48747
-6.50499
-6.53265
-6.57081
-6.61996
-6.68049
-6.75238
-6.83534
-6.92955
-7.03643
-7.15832
-7.29714
-7.45349
-7.62811
-7.82467
-8.04889
-8.30398
-8.59016
-8.9091
-9.2667
-9.67333
-10.1416
-6.63775
-6.59517
-6.61311
-6.64153
-6.68089
-6.73179
-6.79454
-6.86895
-6.95468
-7.05248
-7.16447
-7.29306
-7.43961
-7.60461
-7.78978
-7.99936
-8.23843
-8.51054
-8.81799
-9.16296
-9.54928
-9.98382
-10.4747
-6.7319
-6.69414
-6.71252
-6.74165
-6.78213
-6.83455
-6.89913
-6.97547
-7.06347
-7.16452
-7.2812
-7.41557
-7.56875
-7.74199
-7.93766
-8.15945
-8.41197
-8.69969
-9.02686
-9.39735
-9.81333
-10.2782
-10.7958
-6.81631
-6.78372
-6.80239
-6.83204
-6.87334
-6.92691
-6.9928
-7.07053
-7.16034
-7.26426
-7.38493
-7.52402
-7.68297
-7.86391
-8.0691
-8.30168
-8.56638
-8.86841
-9.21409
-9.6088
-10.055
-10.5572
-11.1187
-6.89061
-6.86315
-6.88197
-6.91193
-6.9538
-7.00817
-7.07494
-7.15361
-7.24484
-7.35109
-7.47483
-7.61752
-7.78123
-7.96863
-8.18162
-8.42319
-8.69856
-9.01377
-9.37603
-9.79269
-10.2692
-10.8129
-11.4341
-6.95538
-6.93262
-6.95151
-6.98165
-7.02387
-7.07871
-7.14593
-7.22507
-7.31715
-7.42488
-7.55049
-7.69544
-7.86243
-8.05441
-8.27294
-8.52132
-8.80556
-9.13173
-9.50796
-9.94378
-10.447
-11.028
-11.7049
-7.01126
-6.9929
-7.01175
-7.04188
-7.08413
-7.13897
-7.20605
-7.28499
-7.37706
-7.48509
-7.61113
-7.75674
-7.9251
-8.11924
-8.34069
-8.59331
-8.88339
-9.2174
-9.60452
-10.0553
-10.5787
-11.187
-11.8967
-7.0583
-7.0443
-7.06292
-7.09272
-7.13452
-7.18874
-7.25499
-7.33289
-7.42389
-7.53084
-7.65574
-7.80023
-7.96768
-8.16119
-8.38255
-8.63591
-8.9278
-9.26562
-9.65946
-10.1201
-10.6584
-11.2875
-12.016
-7.09619
-7.08656
-7.10471
-7.13381
-7.17465
-7.22761
-7.29226
-7.36825
-7.45704
-7.56149
-7.68363
-7.82508
-7.98908
-8.17877
-8.39635
-8.64615
-8.93494
-9.27131
-9.6666
-10.1326
-10.6834
-11.3348
-12.0933
-7.12474
-7.11939
-7.13686
-7.1649
-7.20426
-7.25532
-7.31765
-7.39085
-7.47631
-7.57685
-7.69457
-7.83091
-7.98864
-8.17089
-8.38041
-8.62184
-8.90209
-9.23078
-9.62048
-10.0857
-10.6455
-11.3227
-12.1366
-7.14408
-7.14286
-7.15944
-7.18608
-7.22349
-7.27205
-7.33135
-7.40094
-7.48199
-7.57726
-7.68881
-7.81775
-7.96619
-8.13728
-8.33448
-8.56265
-8.82857
-9.1419
-9.51609
-9.9691
-10.5258
-11.223
-12.1072
-7.15469
-7.15729
-7.17281
-7.19774
-7.23276
-7.27825
-7.33386
-7.39907
-7.47476
-7.56339
-7.6669
-7.78603
-7.92237
-8.07916
-8.26036
-8.47043
-8.71516
-9.00342
-9.34864
-9.77086
-10.3011
-10.9884
-11.9112
-7.15713
-7.16313
-7.1774
-7.20037
-7.23261
-7.27453
-7.32586
-7.38599
-7.45539
-7.53604
-7.62965
-7.73684
-7.85899
-7.99926
-8.16116
-8.34786
-8.56372
-8.81639
-9.11831
-9.48858
-9.95747
-10.5761
-11.4363
-7.1518
-7.16091
-7.17385
-7.19467
-7.22381
-7.26172
-7.30824
-7.36264
-7.42487
-7.49629
-7.57851
-7.67236
-7.77912
-7.9011
-8.04033
-8.19851
-8.379
-8.58796
-8.83447
-9.13251
-9.50525
-9.99052
-10.6585
-7.13936
-7.15114
-7.16279
-7.18134
-7.20714
-7.24069
-7.28191
-7.32998
-7.38426
-7.44553
-7.51553
-7.59549
-7.68602
-7.78779
-7.90144
-8.02792
-8.16977
-8.33022
-8.51323
-8.72585
-8.98043
-9.29524
-9.70026
-7.12077
-7.13526
-7.14568
-7.16189
-7.18422
-7.21315
-7.24868
-7.28989
-7.3357
-7.38649
-7.44421
-7.51018
-7.58372
-7.66374
-7.75065
-7.84534
-7.94786
-8.05778
-8.17463
-8.29923
-8.43361
-8.57988
-8.73797
-7.09391
-7.11249
-7.12183
-7.13569
-7.15446
-7.17856
-7.20802
-7.24193
-7.27903
-7.31949
-7.36518
-7.41695
-7.47286
-7.53101
-7.592
-7.65603
-7.72028
-7.78124
-7.8362
-7.88118
-7.911
-7.91788
-7.89059
-7.07037
-7.0858
-7.09415
-7.1057
-7.12095
-7.14014
-7.16329
-7.18969
-7.21831
-7.24908
-7.28316
-7.32067
-7.35924
-7.397
-7.43405
-7.46875
-7.49704
-7.51451
-7.51623
-7.49531
-7.44293
-7.34896
-7.20225
-7.01994
-7.06352
-7.07112
-7.08064
-7.09262
-7.10714
-7.12416
-7.14342
-7.16446
-7.18692
-7.21054
-7.23466
-7.25781
-7.27828
-7.29472
-7.30409
-7.30239
-7.28508
-7.2461
-7.1769
-7.06847
-6.91157
-6.69833
-12.3887
34.1078
36.3055
34.474
236.891
77.9763
-38.4399
31.4052
203.063
149.169
107.77
68.1351
132.849
110.927
91.29
74.217
53.5263
49.2515
45.9288
42.2941
-3.05824
1.96708
8.57667
10.504
-5.77798
-5.91546
-6.14668
-6.4956
-5.96179
-6.14637
-6.31985
-6.49588
-6.13873
-6.29055
-6.44696
-6.59871
-6.2939
-6.42149
-6.54896
-6.67162
-6.44586
-6.56156
-6.67724
-6.79002
-6.60975
-6.72031
-6.83208
-6.94087
-6.79353
-6.90331
-7.01381
-7.11974
-7.00321
-7.11376
-7.22308
-7.32858
-7.24258
-7.35469
-7.46553
-7.57564
-7.5147
-7.63217
-7.75001
-7.86871
-7.82281
-7.95131
-8.08125
-8.21274
-8.16703
-8.3114
-8.45944
-8.61091
-8.54397
-8.70959
-8.88236
-9.06082
-8.94802
-9.13982
-9.34155
-9.55263
-9.37037
-9.58975
-9.82363
-10.0737
-9.80076
-10.0486
-10.3178
-10.6124
-10.2239
-10.5
-10.8037
-11.1447
-10.6134
-10.907
-11.2352
-11.6194
-10.951
-11.2309
-11.5246
-11.8372
-11.2798
-11.5489
-11.808
-12.0486
-11.647
-11.9437
-12.2373
-12.5208
-12.0488
-12.4168
-12.8172
-13.2547
-12.4045
-12.851
-13.3753
-14.0295
-12.6234
-13.0786
-13.605
-14.2296
-12.7323
-13.1511
-13.5953
-14.0378
-12.8282
-13.2497
-13.6788
-14.0954
-12.9538
-13.4424
-13.9628
-14.4916
-13.0699
-13.692
-14.3812
-15.1094
-13.0328
-13.8204
-14.8105
-16.0572
-12.5625
-13.405
-14.5314
-16.1283
-11.5264
-12.1686
-13.0097
-14.1934
-10.1783
-10.4968
-10.8724
-11.3003
-8.8841
-8.95829
-9.02446
-9.06635
-7.82452
-7.7659
-7.68742
-7.58402
-7.02464
-6.90877
-6.78037
-6.64196
-6.46845
-6.33133
-6.19204
-6.05916
34.1807
34.2922
34.2695
34.2582
34.258
34.2688
34.2817
34.2887
34.2868
34.2756
34.256
34.2297
34.1991
34.1667
34.135
34.1061
34.0819
34.0643
34.0541
34.0622
34.2001
34.2039
34.1207
34.1091
34.1381
34.166
34.1803
34.1811
34.1691
34.1455
34.1128
34.0744
34.0338
33.9938
33.9572
33.9264
33.9036
33.8903
28.2483
-0.34513
32.5572
33.9031
33.9071
33.9997
34.0621
34.0803
34.0841
34.0705
34.0407
33.9985
33.9491
33.8972
33.8462
33.7992
33.7592
33.7292
33.7116
53.9346
21.4761
8.66057
16.9097
33.4229
33.7843
33.9968
33.9869
33.9983
33.9828
33.9435
33.8862
33.8215
33.7552
33.6899
33.6289
33.5764
33.5365
33.5131
37.6329
28.4337
20.79
12.8185
9.81415
20.8443
33.7569
33.9329
33.9219
33.9129
33.8564
33.7738
33.6889
33.6048
33.5215
33.4421
33.3725
33.3194
33.2881
11.6883
10.914
10.9451
14.5045
15.5288
18.6941
20.9419
33.1293
33.6931
33.8964
33.7805
33.6527
33.5454
33.4424
33.3367
33.2327
33.1401
33.0688
33.0266
-6.70108
-5.12067
5.61663
5.56618
5.22358
9.50232
16.865
16.5956
21.882
34.0911
33.6769
33.5008
33.382
33.2641
33.1301
32.9923
32.8676
32.7713
32.7143
-6.70347
-6.966
-7.08608
-7.2686
-4.52772
7.75735
3.19964
7.32361
16.2285
22.8894
33.3667
33.2728
33.1951
33.0684
32.8941
32.7069
32.5373
32.4073
32.3309
-6.77155
-6.99232
-7.18664
-7.38909
-7.55828
-7.72502
-7.23065
5.1504
-1.89724
15.2446
21.9676
32.9207
32.9996
32.857
32.6127
32.3528
32.1219
31.9484
31.8479
-6.82403
-7.04469
-7.25463
-7.45427
-7.64278
-7.8111
-7.94238
-8.09988
-5.26647
-0.860912
12.0197
24.3707
32.931
32.6065
32.2473
31.8874
31.58
31.3553
31.2273
-6.93171
-7.14785
-7.3582
-7.56092
-7.74991
-7.91507
-8.04694
-8.13838
-8.16297
-7.74164
-9.86755
13.5375
30.9848
32.1663
31.7127
31.2405
30.8521
30.5764
30.4224
-7.07662
-7.29146
-7.50487
-7.70884
-7.89451
-8.05459
-8.18173
-8.27309
-8.34888
-8.50301
-7.50365
-4.35152
20.4919
31.3051
30.8747
30.3077
29.8605
29.5509
29.3813
-7.25318
-7.47234
-7.69061
-7.89727
-8.0814
-8.23559
-8.35415
-8.43807
-8.49878
-8.55398
-8.54966
-18.2509
11.0777
29.0577
29.5442
28.9564
28.5195
28.2185
28.0561
-7.46629
-7.69548
-7.9209
-8.13181
-8.31735
-8.46708
-8.57156
-8.63245
-8.65972
-8.66528
-8.66343
-7.94092
2.41415
25.9485
27.4115
27.0442
26.7602
26.5404
26.4195
-7.7223
-7.96632
-8.20483
-8.426
-8.61797
-8.76453
-8.85296
-8.87741
-8.85458
-8.82495
-8.79881
-9.07027
-6.06758
17.2675
24.3364
24.528
24.5809
24.5263
24.483
-8.02756
-8.29523
-8.55833
-8.80151
-9.00853
-9.1593
-9.22693
-9.19621
-9.09849
-8.99429
-8.93351
-9.04683
0.928958
13.2056
21.1341
21.7424
22.1154
22.2521
22.3043
-8.39016
-8.6962
-9.00019
-9.28174
-9.52262
-9.69482
-9.73948
-9.62275
-9.40704
-9.18881
-9.00601
-8.85572
3.48112
12.3983
18.1342
18.9455
19.5295
19.8323
19.9749
-8.81614
-9.1801
-9.54826
-9.90689
-10.2421
-10.4962
-10.523
-10.2659
-9.84898
-9.43087
-9.11643
-8.92341
2.71277
11.0879
15.0023
16.1483
16.9258
17.3758
17.6002
-9.30495
-9.75551
-10.246
-10.8175
-11.424
-11.8555
-11.7582
-11.3197
-10.601
-9.81041
-9.28976
-9.20252
0.503871
7.43635
11.1137
13.3891
14.4122
14.9897
15.2797
-9.8494
-10.4233
-11.1292
-11.9833
-12.8765
-13.6196
-13.5016
-13.1015
-11.9861
-10.4835
-9.53866
-8.27114
2.26706
9.40485
9.34569
11.0625
12.1328
12.7697
13.0976
-10.4337
-11.159
-12.0627
-12.9479
-13.9479
-15.0932
-15.2894
-14.8729
-13.611
-11.3712
-10.2454
-11.9274
3.24166
4.74507
7.77104
9.158
10.1354
10.7685
11.1057
-11.0455
-11.9872
-12.9576
-13.6402
-15.3904
-17.0724
-17.1584
-16.5823
-15.0366
-12.4709
-11.3355
-0.0121027
5.41271
4.14089
6.11014
7.46593
8.38925
8.995
9.32068
-11.6647
-13.0034
-13.5991
-14.0292
-18.4276
-18.9104
-18.4996
-17.6927
-15.7295
-13.1292
-8.40906
-0.640711
1.95318
3.39359
4.89276
6.05161
6.88484
7.44163
7.73977
-12.2767
-14.2271
-14.1254
-14.7152
-17.867
-18.9383
-18.7012
-17.8367
-16.3751
-12.4697
1.41331
0.511915
1.44863
2.66829
3.88805
4.86205
5.59213
6.08905
6.35513
-12.3146
-13.574
-15.1178
-16.5024
-20.0688
-18.2152
-18.1904
-17.983
-15.4115
-1.724
-0.914889
-0.198617
0.852804
2.00089
3.01731
3.84444
4.47553
4.90885
5.14363
-12.3004
-12.189
-14.4711
-15.5062
-16.8425
-17.744
-18.1621
-18.007
-4.54757
-1.96912
-1.49308
-0.6026
0.43853
1.41473
2.25841
2.95962
3.50046
3.8744
4.07887
-12.872
-13.258
-13.511
-15.132
-18.2351
-18.5755
-18.6134
-6.71948
-2.62727
-2.29922
-1.69035
-0.825333
0.0637936
0.876508
1.5856
2.17858
2.63981
2.96031
3.13651
-13.85
-13.9474
-15.0093
-15.5575
-15.5674
-30.7562
-11.6581
-3.11654
-2.83938
-2.4211
-1.77875
-1.03143
-0.293078
0.383786
0.979664
1.47884
1.87029
2.14419
2.29555
-15.0598
-17.6655
-14.1064
-14.1882
-18.9591
-34.902
-5.08201
-3.52135
-3.04874
-2.52772
-1.90368
-1.26164
-0.643482
-0.0754316
0.424003
0.842758
1.17492
1.40683
1.53579
-15.088
-15.1044
-5.227
-10.112
-19.6256
-27.6245
-7.62609
-4.38818
-3.37486
-2.67712
-2.07584
-1.5106
-0.986201
-0.510034
-0.0933287
0.258259
0.537462
0.732112
0.840774
-14.493
-13.6334
-6.34422
-7.37298
-10.3097
-11.0133
-6.94103
-4.60888
-3.50305
-2.81462
-2.25952
-1.76858
-1.32454
-0.926693
-0.579439
-0.286524
-0.0547895
0.107611
0.198122
-14.4486
-14.2475
-4.33792
-5.4855
-6.37858
-6.28579
-5.1333
-4.14635
-3.44842
-2.90629
-2.44499
-2.03278
-1.66209
-1.3318
-1.0428
-0.800765
-0.610345
-0.476593
-0.402042
-15.0382
-14.8756
-6.36285
-3.87619
-4.89185
-4.75965
-4.29077
-3.81925
-3.39023
-3.00009
-2.63928
-2.30642
-2.00293
-1.73054
-1.49226
-1.29284
-1.13631
-1.02787
-0.967168
-16.0098
-15.5146
-23.1977
-10.276
-5.11896
-4.08943
-3.84315
-3.63962
-3.39339
-3.12495
-2.85393
-2.59255
-2.34736
-2.12638
-1.93379
-1.76924
-1.64016
-1.55206
-1.50291
-18.1234
-20.8929
-49.3811
-6.77089
-4.20418
-3.46592
-3.61449
-3.60581
-3.47914
-3.29695
-3.09579
-2.89262
-2.69699
-2.52122
-2.36782
-2.23489
-2.12839
-2.05587
-2.01699
-19.0619
-26.0318
-40.2553
-7.67351
-2.65981
-3.33033
-3.65587
-3.71359
-3.64447
-3.51686
-3.36632
-3.20959
-3.05626
-2.91665
-2.79591
-2.69147
-2.60623
-2.54719
-2.51673
-16.58
-26.9163
-25.7938
-8.03693
-4.3524
-3.90783
-3.93534
-3.93475
-3.87419
-3.77709
-3.66335
-3.54427
-3.42607
-3.31676
-3.22114
-3.14091
-3.07683
-3.03086
-3.0062
-12.0036
-13.1852
-10.785
-6.6755
-4.86627
-4.37969
-4.26398
-4.20775
-4.14578
-4.06943
-3.98297
-3.89327
-3.80529
-3.72203
-3.64802
-3.58709
-3.54086
-3.50772
-3.48865
-9.10132
-8.72636
-7.30773
-5.83267
-5.01813
-4.6926
-4.56378
-4.49736
-4.44367
-4.38593
-4.3218
-4.25586
-4.19164
-4.13254
-4.07899
-4.03389
-4.00097
-3.97868
-3.96622
-7.41469
-6.91781
-6.19597
-5.5369
-5.13635
-4.93963
-4.84842
-4.79847
-4.75986
-4.72092
-4.6778
-4.63114
-4.58693
-4.548
-4.51338
-4.48366
-4.46113
-4.44609
-4.43813
-6.45057
-6.09558
-5.74139
-5.45809
-5.28096
-5.18805
-5.14163
-5.11585
-5.09518
-5.072
-5.04663
-5.0197
-4.99218
-4.96898
-4.95072
-4.93533
-4.92249
-4.91181
-4.90471
-5.91156
-5.74747
-5.62969
-5.54648
-5.49706
-5.47193
-5.46061
-5.45413
-5.44691
-5.43836
-5.42912
-5.4183
-5.4069
-5.39745
-5.39095
-5.38645
-5.38218
-5.37615
-5.37012
1287.71
1290.78
1285.78
1276.08
1265.94
1256.06
1246.18
1236.18
1226.38
1217.49
1210.49
1206.62
1207.32
1214.28
1229.65
1255.79
1295.18
1347.9
1394.28
1403.72
1397.47
1306.77
1427.43
1227.95
1230.99
1225.98
1216.44
1206.45
1196.62
1186.71
1176.65
1166.77
1157.78
1150.68
1146.68
1147.21
1153.93
1168.66
1193.24
1229.28
1275.52
1322.03
1349.3
1356.76
1177.86
1329.98
1167
1169.98
1164.98
1155.78
1146.1
1136.38
1126.41
1116.2
1106.13
1096.94
1089.59
1085.3
1085.47
1091.7
1105.65
1128.79
1161.8
1202.09
1240.95
1272.15
1270.79
1098.45
1253.38
1104.92
1107.82
1102.86
1094.17
1084.93
1075.35
1065.27
1054.82
1044.47
1034.94
1027.22
1022.47
1022.08
1027.58
1040.46
1061.9
1091.94
1127.82
1162.42
1186.29
1179.96
1104.55
1262.09
1041.8
1044.59
1039.76
1031.71
1022.97
1013.5
1003.25
992.495
981.758
971.787
963.533
958.157
957.008
961.542
973.135
992.684
1019.9
1052.05
1083.18
1105.44
1112.29
1125.32
1283.22
977.763
980.432
975.809
968.468
960.224
950.827
940.344
929.197
917.981
907.443
898.515
892.335
890.222
893.576
903.669
921.227
945.788
974.79
1003.24
1025.55
1042.1
1088.13
1231.97
912.967
915.506
911.158
904.53
896.705
887.297
876.515
864.909
853.12
841.889
832.13
824.959
821.67
823.625
832.029
847.517
869.578
895.866
922.133
944.177
964.389
1007.87
1105.12
847.591
849.952
845.915
839.939
832.413
822.898
811.749
799.613
787.151
775.092
764.332
755.966
751.272
751.594
758.114
771.457
791.144
815.032
839.311
860.021
877.156
898.046
893.786
34.753
34.7581
34.7606
34.7607
34.7602
34.7592
34.7565
34.7511
34.7421
34.7293
34.7131
34.6947
34.675
34.6555
34.6372
34.6216
34.6094
34.6013
34.5977
34.6934
34.6992
34.7017
34.7017
34.7012
34.7004
34.6979
34.6926
34.6837
34.6708
34.6546
34.6359
34.6161
34.5963
34.578
34.5622
34.5498
34.5416
34.538
34.6327
34.6404
34.6428
34.6425
34.6422
34.6417
34.6397
34.6348
34.6259
34.613
34.5965
34.5774
34.557
34.5367
34.5179
34.5017
34.4889
34.4805
34.4769
34.5707
34.5815
34.584
34.5831
34.5829
34.5832
34.5819
34.5775
34.5689
34.5558
34.5388
34.519
34.4978
34.4767
34.457
34.44
34.4267
34.4179
34.414
34.506
34.5229
34.5249
34.5233
34.5235
34.5248
34.5246
34.5209
34.5126
34.4993
34.4817
34.4609
34.4385
34.4161
34.3953
34.3772
34.3631
34.3537
34.3496
34.4361
34.464
34.466
34.463
34.4637
34.4664
34.4678
34.4652
34.4572
34.4436
34.4251
34.403
34.379
34.355
34.3326
34.3132
34.298
34.2878
34.2832
34.3549
34.4055
34.4072
34.4018
34.4034
34.4082
34.4116
34.4103
34.4027
34.3887
34.3691
34.3454
34.3195
34.2934
34.269
34.2478
34.2312
34.2201
34.2152
34.2996
34.3469
34.3477
34.3392
34.3423
34.35
34.3561
34.3564
34.3493
34.3347
34.3136
34.288
34.2598
34.2312
34.2044
34.181
34.1627
34.1504
34.1449
763.246
765.075
761.551
756.312
748.975
739.177
727.467
714.56
701.105
687.801
675.518
665.33
658.507
656.39
660.18
670.581
687.306
708.43
730.295
747.899
754.494
724.806
411.063
621.896
622.914
619.889
615.11
607.486
596.858
583.941
569.418
553.838
537.837
522.226
508.014
496.508
489.128
487.316
492.214
503.862
521.28
540.63
553.959
546.465
489.622
349.238
479.502
479.219
476.228
471.168
462.604
450.678
436.149
419.511
401.047
381.301
360.958
340.873
322.683
307.805
298.098
295.306
302.099
318.393
339.721
359.081
359.59
326.816
246.46
336.283
333.873
330.444
324.553
314.445
300.587
283.963
264.838
242.893
219.804
196.141
171.553
148.815
127.263
110.06
97.4207
95.2065
98.9197
129.409
170.358
183.166
177.209
149.128
189.773
188.286
183.949
176.48
165.063
148.992
131.249
111.882
86.5994
59.912
37.1242
10.5939
0.0815308
-3.3075
-3.39665
-3.62626
-3.49031
-3.35766
-2.63835
0.592618
16.1644
45.0764
55.3376
56.4823
46.2958
40.6836
33.7665
25.5312
12.142
4.63648
-1.15023
-3.02741
-3.65885
-3.85988
-3.82967
-4.01227
-4.03622
-4.00707
-4.12059
-4.26271
-4.16265
-3.90721
-3.77813
-4.13168
-4.92029
-4.38566
-3.28077
-3.71495
-3.72769
-3.73818
-3.69522
-3.58004
-3.62406
-3.66189
-3.65213
-3.8243
-4.0855
-4.22296
-4.33646
-4.38314
-4.36598
-4.35383
-4.48026
-4.57478
-4.53868
-4.8134
-5.05343
-5.30561
-5.64869
-3.88262
-3.87509
-3.88694
-3.8869
-3.86741
-3.83756
-3.83582
-3.84409
-3.87961
-4.15211
-4.46602
-4.64151
-4.78013
-4.85752
-4.84852
-4.80476
-4.96654
-5.14101
-5.05899
-5.16157
-5.33335
-5.54396
-5.82331
-4.09436
-4.0733
-4.07286
-4.07415
-4.07285
-4.07291
-4.08125
-4.09164
-4.20066
-4.57124
-4.76421
-4.92895
-5.1244
-5.28984
-5.34472
-5.30101
-5.25015
-5.24671
-5.28224
-5.39731
-5.56534
-5.77448
-6.02942
-4.27514
-4.26587
-4.26726
-4.27501
-4.28806
-4.30874
-4.34131
-4.38289
-4.56437
-4.79537
-4.94845
-5.1496
-5.43274
-5.77935
-5.93846
-5.78098
-5.48403
-5.3646
-5.44084
-5.5872
-5.76049
-5.96471
-6.19921
-4.45371
-4.45565
-4.46294
-4.47798
-4.50181
-4.53751
-4.59052
-4.67058
-4.81386
-4.97294
-5.10576
-5.26719
-5.48061
-5.71359
-5.85
-5.74654
-5.53576
-5.48625
-5.59105
-5.7509
-5.9335
-6.13797
-6.3596
-4.63378
-4.64256
-4.65562
-4.67683
-4.70802
-4.75202
-4.81308
-4.89854
-5.01802
-5.14016
-5.24001
-5.35077
-5.46955
-5.57769
-5.62692
-5.59868
-5.57483
-5.62929
-5.75635
-5.9216
-6.10917
-6.31376
-6.52788
-4.81506
-4.82689
-4.84391
-4.86938
-4.90475
-4.95209
-5.01385
-5.09229
-5.18826
-5.2867
-5.37327
-5.45999
-5.54047
-5.60598
-5.64639
-5.67234
-5.71866
-5.80999
-5.94456
-6.11057
-6.29944
-6.50271
-6.71291
-4.99527
-5.008
-5.02723
-5.05506
-5.09248
-5.14063
-5.20037
-5.27193
-5.35326
-5.43762
-5.51709
-5.59238
-5.66041
-5.71975
-5.77235
-5.82893
-5.90564
-6.01312
-6.15234
-6.31945
-6.50831
-6.71076
-6.92164
-5.17224
-5.1848
-5.20513
-5.23407
-5.27222
-5.32
-5.37755
-5.44431
-5.51803
-5.59454
-5.66932
-5.74106
-5.80902
-5.87467
-5.9423
-6.01956
-6.11485
-6.23371
-6.37802
-6.54711
-6.73719
-6.94243
-7.15891
-5.3442
-5.35653
-5.37714
-5.40651
-5.44479
-5.49197
-5.54786
-5.61156
-5.68121
-5.75412
-5.82771
-5.9011
-5.97472
-6.0507
-6.13301
-6.22695
-6.33733
-6.46713
-6.61815
-6.79174
-6.98709
-7.20031
-7.42707
-5.51042
-5.52249
-5.54323
-5.57268
-5.61083
-5.65759
-5.71249
-5.77468
-5.84279
-5.91517
-5.99056
-6.06871
-6.15044
-6.23776
-6.33399
-6.44303
-6.56773
-6.70938
-6.86972
-7.05209
-7.25804
-7.48447
-7.72773
-5.67047
-5.68239
-5.70311
-5.73259
-5.77073
-5.81736
-5.87208
-5.93419
-6.00274
-6.07687
-6.15618
-6.24082
-6.33156
-6.43012
-6.53954
-6.66308
-6.8024
-6.95773
-7.13101
-7.32692
-7.54849
-7.79384
-8.06092
-5.824
-5.83581
-5.85656
-5.88617
-5.92455
-5.97158
-6.02693
-6.0901
-6.16056
-6.23805
-6.32262
-6.41453
-6.51436
-6.62385
-6.74617
-6.88429
-7.03923
-7.21077
-7.4005
-7.61379
-7.85546
-8.12512
-8.42333
-5.97074
-5.98249
-6.00334
-6.03328
-6.07222
-6.12009
-6.1767
-6.24183
-6.31532
-6.39725
-6.48777
-6.58704
-6.69587
-6.81649
-6.95202
-7.10509
-7.27673
-7.46632
-7.67491
-7.90866
-8.17411
-8.47297
-8.80952
-6.1101
-6.12196
-6.14313
-6.17362
-6.21341
-6.2625
-6.32097
-6.38883
-6.46615
-6.553
-6.64945
-6.75601
-6.87422
-7.00656
-7.15551
-7.32343
-7.51178
-7.7203
-7.94993
-8.20686
-8.49943
-8.83233
-9.21246
-6.24197
-6.25404
-6.27566
-6.30687
-6.34776
-6.39853
-6.4594
-6.53051
-6.61184
-6.70339
-6.80555
-6.91967
-7.04789
-7.19209
-7.35385
-7.53572
-7.74066
-7.9695
-8.22234
-8.50492
-8.82706
-9.1965
-9.62274
-6.36629
-6.37858
-6.40065
-6.43265
-6.47483
-6.52755
-6.59112
-6.66553
-6.75061
-6.84655
-6.95453
-7.0767
-7.21499
-7.37028
-7.54376
-7.73925
-7.96158
-8.21166
-8.48911
-8.79887
-9.15067
-9.5556
-10.0262
-6.48252
-6.495
-6.51753
-6.55039
-6.59398
-6.64879
-6.71503
-6.79248
-6.88098
-6.98127
-7.09535
-7.22555
-7.37312
-7.53838
-7.72326
-7.93305
-8.17256
-8.44311
-8.74535
-9.08246
-9.46314
-9.8988
-10.4031
-6.59015
-6.60289
-6.62599
-6.6598
-6.70487
-6.76169
-6.83032
-6.91039
-7.00196
-7.10654
-7.22657
-7.36406
-7.51976
-7.69444
-7.89119
-8.11497
-8.37013
-8.65979
-8.98559
-9.35055
-9.76002
-10.2217
-10.7426
-6.68904
-6.70205
-6.72571
-6.76043
-6.80682
-6.86534
-6.93586
-7.01797
-7.11221
-7.22075
-7.34609
-7.48976
-7.65274
-7.83683
-8.04504
-8.28153
-8.55121
-8.85809
-9.20645
-9.59964
-10.0391
-10.5305
-11.0712
-6.77857
-6.79175
-6.8158
-6.85119
-6.89857
-6.95835
-7.03021
-7.11383
-7.21036
-7.32237
-7.45209
-7.60088
-7.77055
-7.96334
-8.18165
-8.42973
-8.7124
-9.03528
-9.40526
-9.82515
-10.2988
-10.8304
-11.4188
-6.858
-6.87124
-6.89551
-6.93132
-6.97941
-7.04004
-7.11279
-7.19753
-7.29591
-7.41068
-7.5437
-7.69657
-7.87186
-8.07177
-8.29854
-8.55634
-8.85067
-9.18862
-9.57711
-10.0232
-10.532
-11.1128
-11.7769
-6.92747
-6.94074
-6.96512
-7.0012
-7.04971
-7.11082
-7.18399
-7.26933
-7.36888
-7.48537
-7.62041
-7.77597
-7.95519
-8.16021
-8.39308
-8.65853
-8.96301
-9.31295
-9.71792
-10.1865
-10.7268
-11.3531
-12.0888
-6.98776
-7.00099
-7.02535
-7.06144
-7.10998
-7.17103
-7.24401
-7.32921
-7.42892
-7.54578
-7.68133
-7.83785
-8.01884
-8.22641
-8.4627
-8.73331
-9.04442
-9.40359
-9.82145
-10.3071
-10.8715
-11.5276
-12.2986
-7.0392
-7.05228
-7.07637
-7.11208
-7.16009
-7.22041
-7.29245
-7.37658
-7.47521
-7.59097
-7.72536
-7.88085
-8.06108
-8.26821
-8.50484
-8.77663
-9.09037
-9.45488
-9.88077
-10.3788
-10.9608
-11.639
-12.4193
-7.08151
-7.09431
-7.11785
-7.15272
-7.19962
-7.25852
-7.3288
-7.41087
-7.50715
-7.62027
-7.75177
-7.90403
-8.08059
-8.28387
-8.51686
-8.78517
-9.09652
-9.46088
-9.88996
-10.3963
-10.9959
-11.7007
-12.5096
-7.11442
-7.12682
-7.14951
-7.18313
-7.22834
-7.28513
-7.35286
-7.43188
-7.52453
-7.63349
-7.76027
-7.90689
-8.07654
-8.27202
-8.49675
-8.75659
-9.05963
-9.41717
-9.84256
-10.3524
-10.9682
-11.712
-12.5954
-7.13805
-7.14989
-7.17146
-7.20341
-7.24638
-7.3004
-7.36483
-7.43987
-7.52768
-7.63093
-7.75101
-7.88934
-8.0487
-8.23237
-8.44431
-8.69037
-8.97856
-9.32035
-9.73127
-10.232
-10.8543
-11.639
-12.6335
-7.15272
-7.16385
-7.18407
-7.21397
-7.2542
-7.30484
-7.36526
-7.43547
-7.5173
-7.61323
-7.72446
-7.85188
-7.99796
-8.16645
-8.36148
-8.58798
-8.85312
-9.16787
-9.54835
-10.0201
-10.6209
-11.4144
-12.5015
-7.15882
-7.16916
-7.1878
-7.21532
-7.25236
-7.29907
-7.35484
-7.41943
-7.49417
-7.58118
-7.6815
-7.79587
-7.92663
-8.07731
-8.25119
-8.45178
-8.68478
-8.96018
-9.29337
-9.70822
-10.2434
-10.9678
-12.0184
-7.15696
-7.16646
-7.18333
-7.20819
-7.24166
-7.28394
-7.33449
-7.39272
-7.45932
-7.53598
-7.62392
-7.72399
-7.83806
-7.96848
-8.11688
-8.28566
-8.47945
-8.70577
-8.97587
-9.30768
-9.73046
-10.2947
-11.1106
-7.1478
-7.15631
-7.17129
-7.19332
-7.22293
-7.26038
-7.30515
-7.35633
-7.41392
-7.47934
-7.55421
-7.6394
-7.73546
-7.84309
-7.96299
-8.09667
-8.24752
-8.41856
-8.61516
-8.84696
-9.12884
-9.48341
-9.95743
-7.13267
-7.14009
-7.15314
-7.17226
-7.19784
-7.23013
-7.26866
-7.31225
-7.36037
-7.41436
-7.47616
-7.54608
-7.62295
-7.70624
-7.797
-7.89569
-8.00185
-8.1154
-8.2358
-8.36509
-8.50517
-8.65737
-8.82275
-7.11074
-7.11704
-7.12823
-7.14443
-7.16582
-7.19266
-7.22451
-7.26012
-7.29874
-7.34156
-7.39038
-7.44455
-7.50166
-7.5611
-7.62372
-7.68841
-7.75134
-7.80963
-7.86034
-7.89827
-7.918
-7.90931
-7.85966
-7.08479
-7.08996
-7.09949
-7.11285
-7.13004
-7.15125
-7.17616
-7.20377
-7.23337
-7.26565
-7.30161
-7.34
-7.37821
-7.41567
-7.45195
-7.48389
-7.5075
-7.51772
-7.50904
-7.47377
-7.40175
-7.28291
-7.10658
-7.06206
-7.06724
-7.07558
-7.08631
-7.09955
-7.11534
-7.13353
-7.15374
-7.17553
-7.19861
-7.22261
-7.24646
-7.26848
-7.28724
-7.3005
-7.30491
-7.29597
-7.26879
-7.21584
-7.12813
-6.99669
-6.81219
-6.57083
30.6219
37.3388
34.6352
34.5102
144.363
21.812
-29.4417
35.1297
174.296
127.461
89.0857
49.8775
121.694
100.794
82.4697
65.9961
51.2049
47.6237
44.1098
40.6227
-1.25897
5.63145
9.8477
11.5576
-5.84414
-6.00861
-6.32512
-6.63001
-6.05645
-6.23286
-6.40842
-6.57505
-6.2134
-6.36869
-6.52425
-6.66911
-6.35719
-6.48566
-6.61109
-6.73075
-6.5033
-6.61969
-6.73419
-6.84457
-6.66445
-6.77642
-6.88712
-6.993
-6.84779
-6.95894
-7.06747
-7.17058
-7.05807
-7.16889
-7.27622
-7.38066
-7.29836
-7.41035
-7.52061
-7.631
-7.57306
-7.69111
-7.80924
-7.92854
-7.88653
-8.01615
-8.14676
-8.27934
-8.23842
-8.385
-8.53483
-8.68773
-8.62558
-8.79519
-8.97103
-9.15172
-9.0423
-9.2395
-9.4459
-9.66207
-9.47802
-9.70478
-9.94653
-10.2051
-9.92209
-10.1803
-10.4621
-10.7697
-10.3588
-10.6479
-10.9694
-11.3346
-10.7565
-11.0657
-11.4184
-11.8447
-11.0891
-11.3758
-11.6773
-12.0042
-11.4148
-11.6802
-11.9313
-12.1496
-11.7952
-12.0919
-12.3788
-12.6507
-12.23
-12.612
-13.0309
-13.4727
-12.6205
-13.0997
-13.6875
-14.3967
-12.8433
-13.3317
-13.9085
-14.5682
-12.9384
-13.3698
-13.8203
-14.2386
-13.0374
-13.4601
-13.8978
-14.2408
-13.1909
-13.7039
-14.2264
-14.7171
-13.3701
-14.0282
-14.7517
-15.4492
-13.409
-14.2829
-15.3955
-16.8349
-12.9558
-13.9268
-15.2471
-17.1807
-11.8268
-12.5579
-13.5477
-14.9678
-10.3311
-10.6768
-11.0811
-11.5343
-8.92167
-8.99344
-9.04897
-9.08235
-7.79732
-7.72953
-7.6389
-7.52533
-6.9684
-6.84601
-6.71207
-6.57109
-6.40059
-6.26147
-6.12416
-5.99935
34.1588
34.2355
34.2644
34.2567
34.2625
34.2756
34.2862
34.2889
34.2823
34.2667
34.2435
34.2148
34.183
34.1506
34.12
34.0933
34.0722
34.0582
34.052
34.1986
34.1294
34.1114
34.1106
34.1236
34.1532
34.175
34.1823
34.1766
34.1586
34.1301
34.0941
34.0542
34.0135
33.9749
33.9409
33.9138
33.8957
33.8876
-7.74755
23.5097
33.8064
33.8999
33.9875
34.0369
34.0732
34.0844
34.0794
34.0575
34.0208
33.9743
33.9232
33.8714
33.822
33.7781
33.7427
33.7187
33.708
37.0367
14.7817
6.38812
28.6241
33.8303
33.997
33.9716
33.998
33.9932
33.9661
33.9163
33.8543
33.7884
33.7222
33.6586
33.6013
33.5546
33.5226
33.5083
33.2696
24.5496
18.4251
13.7178
10.8333
33.0162
33.7138
33.944
33.9197
33.8907
33.8161
33.7312
33.6468
33.563
33.481
33.4057
33.3435
33.3007
33.2817
11.1936
10.2994
12.9403
14.9278
16.1524
18.4749
21.2662
33.8823
33.8834
33.8489
33.7133
33.5976
33.4941
33.3898
33.2839
33.1844
33.1012
33.0437
33.0179
-6.57001
-1.03432
8.56401
4.94005
6.17051
14.2057
18.3792
19.472
33.5044
33.823
33.576
33.4382
33.3252
33.1986
33.0606
32.9273
32.8151
32.7374
32.7025
-6.84661
-7.04446
-7.22945
-6.99844
2.44156
5.26019
3.69125
12.7201
17.7049
30.3052
33.3493
33.2341
33.1393
32.9852
32.8
32.6184
32.4663
32.3618
32.3152
-6.8866
-7.09372
-7.29278
-7.47844
-7.61281
-7.75076
-1.9102
0.65528
5.07513
20.3847
30.0908
33.0071
32.949
32.7404
32.4814
32.2317
32.0267
31.8884
31.8273
-6.93662
-7.15173
-7.35554
-7.55111
-7.72603
-7.88026
-7.99597
-8.07686
3.46467
1.39318
19.1431
32.5214
32.7785
32.4323
32.0632
31.7249
31.4561
31.2787
31.2014
-7.04222
-7.25349
-7.46081
-7.65757
-7.83603
-7.9853
-8.0979
-8.15306
-8.20384
-3.76552
0.843203
21.3236
32.1893
31.9539
31.4696
31.0334
30.6992
30.484
30.3916
-7.18559
-7.39843
-7.60881
-7.80433
-7.97822
-8.12239
-8.232
-8.3099
-8.40152
-8.61487
-14.1906
10.8611
30.5831
31.1494
30.5804
30.0677
29.6879
29.4489
29.3475
-7.36377
-7.58198
-7.79623
-7.99262
-8.16271
-8.29961
-8.39939
-8.47001
-8.52865
-8.58136
-8.12533
-3.21093
21.8166
29.7084
29.2429
28.7212
28.351
28.1206
28.024
-7.58174
-7.80917
-8.02885
-8.22842
-8.39739
-8.52522
-8.60712
-8.64914
-8.66437
-8.6587
-8.63922
-11.02
13.0393
27.3163
27.2369
26.8972
26.6379
26.4677
26.3957
-7.8451
-8.08692
-8.31827
-8.52666
-8.69781
-8.8167
-8.87304
-8.86999
-8.83629
-8.81449
-8.85117
-10.684
6.85813
23.5869
24.4272
24.5853
24.555
24.5009
24.4737
-8.16188
-8.42831
-8.68334
-8.91072
-9.09232
-9.2054
-9.22281
-9.15312
-9.04046
-8.96363
-8.95373
-8.83595
5.62096
20.4126
21.3966
21.9804
22.1995
22.2847
22.3134
-8.54285
-8.84982
-9.14474
-9.40856
-9.62033
-9.73744
-9.69875
-9.52273
-9.28942
-9.10283
-8.90971
-8.70037
7.48635
17.5764
18.4723
19.288
19.7065
19.9193
20.0019
-8.99633
-9.36528
-9.72873
-10.0798
-10.3857
-10.549
-10.4182
-10.0738
-9.62313
-9.2695
-8.99402
-8.65402
8.35116
14.2489
15.5363
16.5857
17.1843
17.5122
17.6433
-9.52575
-9.99418
-10.5203
-11.1248
-11.6853
-11.8839
-11.527
-11.0242
-10.1822
-9.51588
-9.17228
-8.67835
5.57431
9.37929
12.6027
13.9677
14.7427
15.1659
15.3356
-10.1261
-10.7532
-11.5469
-12.4266
-13.3141
-13.6619
-13.3067
-12.7217
-11.1428
-9.93937
-9.24974
-7.68114
2.69375
8.05425
10.3491
11.6683
12.4935
12.9684
13.1615
-10.7736
-11.5998
-12.5099
-13.4265
-14.5307
-15.335
-15.1334
-14.4584
-12.3757
-10.6742
-9.8312
0.637031
5.77969
6.74667
8.4918
9.69591
10.4906
10.9717
11.1733
-11.463
-12.5297
-13.2708
-14.3971
-16.3813
-17.2967
-16.8549
-16.14
-13.676
-11.6723
-12.1118
3.27506
2.79542
5.28636
6.8581
7.97199
8.72799
9.19133
9.39678
-12.2265
-13.4972
-13.5721
-15.8947
-18.9929
-18.7408
-18.1373
-16.9387
-14.5001
-13.8291
-0.674324
2.03423
2.75799
4.15225
5.51858
6.505
7.19495
7.6241
7.82765
-13.0841
-14.3881
-14.2206
-15.9366
-18.9337
-18.8595
-18.3557
-17.1612
-16.2133
-0.637094
1.68536
0.845525
2.0572
3.30608
4.40817
5.2555
5.86878
6.25453
6.43926
-12.8119
-14.7785
-15.3525
-19.8295
-18.5296
-18.2044
-18.1275
-17.9628
-7.6888
-0.284736
-0.58568
0.295084
1.4275
2.53653
3.4539
4.18372
4.71691
5.05574
5.2169
-12.3471
-13.3008
-14.8603
-14.5145
-17.4667
-17.9431
-18.2498
-10.063
-1.9213
-1.78754
-1.08317
-0.0868735
0.943866
1.85436
2.62645
3.25062
3.70866
4.00246
4.13963
-13.0837
-13.3514
-14.2999
-16.5725
-20.6152
-18.0616
-13.6839
-3.41892
-2.48305
-2.04326
-1.27443
-0.371654
0.483863
1.24303
1.89683
2.42673
2.81825
3.07045
3.18545
-14.0323
-13.9359
-15.3758
-15.7473
-15.8352
-21.2873
-6.66331
-2.92473
-2.66682
-2.1212
-1.40838
-0.655873
0.053531
0.69176
1.24243
1.68861
2.02299
2.23837
2.33408
-15.8285
-15.771
-12.4919
-16.0584
-24.0282
-15.2868
-4.01149
-3.28783
-2.80479
-2.22216
-1.58094
-0.948164
-0.352985
0.183975
0.64381
1.02065
1.30434
1.48661
1.56535
-15.8516
-7.50796
-7.28457
-13.8777
-27.6513
-14.4441
-5.45142
-3.8018
-3.00839
-2.36968
-1.78916
-1.24368
-0.741296
-0.293692
0.0911663
0.407522
0.646298
0.799117
0.86205
-14.6223
-8.36345
-6.61908
-8.83941
-11.2897
-9.1163
-5.54096
-3.97854
-3.13135
-2.52662
-2.00843
-1.54097
-1.1195
-0.746296
-0.425877
-0.162664
0.0362291
0.163021
0.211897
-14.425
-10.5553
-5.76331
-5.9667
-6.54364
-5.72504
-4.60092
-3.77046
-3.16318
-2.66918
-2.23352
-1.84227
-1.49172
-1.18193
-0.915618
-0.698767
-0.535392
-0.431557
-0.394986
-15.0413
-14.4809
-2.64291
-4.54769
-4.90714
-4.53367
-4.04984
-3.59923
-3.19154
-2.81617
-2.46934
-2.15062
-1.86294
-1.6067
-1.38752
-1.20879
-1.07545
-0.991723
-0.965612
-15.9882
-16.3096
-12.4353
-5.23743
-4.40723
-3.94455
-3.74748
-3.52069
-3.26055
-2.98892
-2.72127
-2.46779
-2.23313
-2.02679
-1.84755
-1.69987
-1.59058
-1.52316
-1.50458
-18.335
-34.4516
-19.4938
-4.06541
-3.5268
-3.56866
-3.63007
-3.55275
-3.3921
-3.19707
-2.99433
-2.79266
-2.60642
-2.44175
-2.29877
-2.17765
-2.0875
-2.03312
-2.02027
-22.1207
-39.3204
-15.6232
-4.76134
-3.18694
-3.54797
-3.70804
-3.68957
-3.58497
-3.4435
-3.28765
-3.13216
-2.984
-2.85417
-2.74166
-2.64588
-2.57314
-2.5292
-2.52115
-20.4962
-31.1082
-13.6767
-5.41147
-3.92431
-3.91727
-3.9429
-3.91023
-3.82913
-3.72099
-3.60442
-3.48433
-3.37003
-3.2671
-3.17894
-3.10687
-3.05138
-3.01643
-3.01109
-12.8187
-12.5319
-8.49037
-5.51977
-4.53725
-4.30208
-4.23418
-4.17894
-4.10898
-4.02734
-3.93792
-3.84902
-3.76278
-3.68348
-3.61591
-3.56212
-3.52277
-3.49695
-3.49365
-9.0311
-8.12997
-6.48616
-5.34444
-4.81416
-4.61419
-4.52745
-4.47031
-4.41595
-4.3541
-4.28897
-4.22328
-4.16129
-4.10509
-4.05507
-4.01585
-3.98879
-3.9719
-3.97164
-7.2014
-6.57273
-5.83839
-5.30435
-5.01903
-4.88608
-4.82083
-4.77886
-4.74044
-4.70026
-4.65447
-4.60836
-4.56695
-4.53016
-4.4977
-4.47147
-4.45287
-4.44201
-4.44376
-6.27527
-5.91452
-5.58683
-5.35679
-5.22651
-5.16103
-5.1273
-5.10537
-5.08431
-5.05924
-5.03352
-5.0057
-4.97984
-4.95937
-4.94275
-4.92858
-4.91705
-4.90848
-4.91
-5.82221
-5.68423
-5.58371
-5.51796
-5.48224
-5.46512
-5.45714
-5.45091
-5.44251
-5.43407
-5.42375
-5.41257
-5.4018
-5.39385
-5.38858
-5.3844
-5.37958
-5.37371
-5.37551
1286.53
1260.35
1259.54
1251.42
1241.32
1231.35
1221.51
1211.55
1201.56
1192.07
1183.95
1178.31
1176.48
1180.02
1190.67
1210.29
1241.38
1286.11
1340.48
1371.43
1385.24
1304.16
1293.49
1226.77
1199.97
1199.09
1191.12
1181.29
1171.49
1161.66
1151.62
1141.5
1131.87
1123.59
1117.76
1115.7
1118.93
1129.14
1148.08
1177.28
1216.62
1260.49
1298.05
1332.16
1208.95
1155.1
1165.81
1138.41
1137.44
1129.74
1120.37
1110.83
1101.01
1090.81
1080.48
1070.6
1062.03
1055.85
1053.38
1056.08
1065.56
1083.31
1110.32
1145.7
1184.32
1216.6
1235.94
1149.63
1129.08
1103.72
1075.76
1074.69
1067.38
1058.6
1049.37
1039.53
1029.11
1018.46
1008.22
999.238
992.572
989.499
991.46
999.949
1016.26
1040.96
1072.8
1107.17
1136.03
1149.89
1123.54
1176.1
1040.6
1012.13
1010.97
1004.15
996.036
987.109
977.193
966.483
955.447
944.74
935.203
927.883
924.027
925.032
932.306
946.978
969.355
998.056
1028.99
1055.74
1072.34
1085.04
1180.9
976.624
947.654
946.421
940.194
932.729
924.041
913.986
902.919
891.406
880.123
869.9
861.759
856.925
856.758
862.604
875.479
895.558
921.459
949.584
974.8
994.224
1019.8
1108.22
911.964
882.481
881.219
875.592
868.696
860.149
849.88
838.39
826.317
814.346
803.288
794.147
788.128
786.567
790.772
801.71
819.512
842.872
868.596
892.321
911.84
935.334
986.679
846.748
816.707
815.396
810.408
803.975
795.441
784.875
772.9
760.188
747.413
735.367
725.034
717.602
714.4
716.724
725.551
741.067
762.087
785.684
807.636
824.334
834.744
824.89
34.7512
34.7261
34.7304
34.7313
34.731
34.7304
34.7288
34.7249
34.7178
34.7068
34.6922
34.6748
34.6555
34.6357
34.6166
34.5995
34.5854
34.5752
34.5693
34.6915
34.6667
34.6716
34.6723
34.672
34.6715
34.6702
34.6667
34.6597
34.6487
34.634
34.6163
34.5967
34.5765
34.5571
34.5397
34.5253
34.5148
34.5089
34.6307
34.6069
34.613
34.6132
34.6126
34.6126
34.6119
34.6089
34.6022
34.5913
34.5764
34.5581
34.5379
34.517
34.4969
34.4789
34.464
34.4531
34.4469
34.5684
34.5461
34.5544
34.5538
34.5531
34.5536
34.5539
34.5517
34.5455
34.5346
34.5193
34.5004
34.4791
34.4572
34.4361
34.4171
34.4014
34.3899
34.3833
34.5042
34.4836
34.4961
34.4941
34.4931
34.4947
34.4962
34.4951
34.4895
34.4787
34.4629
34.443
34.4204
34.3971
34.3745
34.3543
34.3375
34.3252
34.3181
34.4371
34.417
34.4387
34.434
34.4325
34.4353
34.4388
34.4393
34.4345
34.4237
34.4071
34.386
34.3619
34.3367
34.3123
34.2903
34.2722
34.2588
34.251
34.367
34.3462
34.3841
34.3728
34.371
34.3759
34.3819
34.3843
34.3804
34.3695
34.3521
34.3294
34.3033
34.276
34.2493
34.2252
34.2052
34.1905
34.1821
34.313
34.318
34.323
34.3096
34.3082
34.3159
34.3254
34.3303
34.3275
34.3164
34.2978
34.2733
34.2448
34.2148
34.1854
34.1588
34.1366
34.1203
34.111
762.5
694.173
692.879
688.748
682.721
673.897
662.587
649.539
635.408
620.815
606.51
593.435
582.766
575.851
574.036
578.439
589.515
606.57
626.905
645.346
653.379
631.193
508.983
621.323
551.562
549.996
546.22
539.902
530.206
517.675
503.034
486.776
469.387
451.562
434.098
418.128
405.11
396.613
394.54
400.505
413.604
431.969
450.304
456.997
434.675
361.988
479.118
407.875
405.343
401.342
394.058
382.926
368.666
351.904
332.766
311.516
289.133
266.079
244.439
225.719
210.773
200.963
197.574
203.59
222.2
247.59
267.03
262.957
227.922
336.17
261.942
258.798
254.208
245.468
232.413
216.112
197.902
177.019
152.889
128.989
100.41
70.8536
43.0153
16.2368
6.50391
3.10717
3.55486
8.52631
41.0895
91.7873
110.437
109.451
192.239
118.251
114.446
107.337
97.1761
82.9203
63.5783
46.3205
31.3825
9.06262
-0.45135
-3.31568
-3.69986
-3.86503
-3.75352
-3.84713
-3.99832
-4.11436
-3.94373
-3.69414
-3.63509
-2.25988
8.11537
65.8844
0.376659
2.57335
0.230456
-1.98662
-3.25718
-3.47218
-3.60033
-3.54013
-3.57528
-3.88202
-4.01362
-4.0917
-4.18525
-4.17301
-4.19493
-4.28172
-4.33396
-4.12796
-4.037
-4.41718
-4.87595
-5.22889
4.78307
-3.79526
-3.79253
-3.80534
-3.79555
-3.7392
-3.71131
-3.73346
-3.74426
-3.83445
-4.11838
-4.3634
-4.50612
-4.60153
-4.61239
-4.56488
-4.58514
-4.89244
-4.89314
-4.95965
-5.11752
-5.31398
-5.56264
-3.93245
-3.97917
-3.97697
-3.97921
-3.97446
-3.9609
-3.95407
-3.95857
-3.95893
-4.18447
-4.53472
-4.72107
-4.88457
-5.02877
-5.093
-5.07927
-5.07122
-5.20079
-5.17637
-5.22259
-5.36283
-5.55499
-5.79
-4.10279
-4.17376
-4.16882
-4.17128
-4.17658
-4.18447
-4.19988
-4.22543
-4.2506
-4.59319
-4.778
-4.94409
-5.16137
-5.43641
-5.63726
-5.61142
-5.4565
-5.32292
-5.31973
-5.42465
-5.57785
-5.7654
-5.99079
-4.2802
-4.36185
-4.36224
-4.37013
-4.38513
-4.40851
-4.44427
-4.49915
-4.59506
-4.81093
-4.95388
-5.11802
-5.34213
-5.65354
-5.92849
-5.9443
-5.67404
-5.44554
-5.45685
-5.58943
-5.75597
-5.94681
-6.16339
-4.45482
-4.5465
-4.55366
-4.56789
-4.59075
-4.62454
-4.67329
-4.74419
-4.84904
-4.99174
-5.11497
-5.23766
-5.38341
-5.54989
-5.67967
-5.69065
-5.57623
-5.52757
-5.60325
-5.74915
-5.92442
-6.12025
-6.3325
-4.63166
-4.72962
-4.74173
-4.76104
-4.78936
-4.82888
-4.88248
-4.95418
-5.04916
-5.16611
-5.25915
-5.35371
-5.45005
-5.53967
-5.60145
-5.61972
-5.62327
-5.6695
-5.77676
-5.92761
-6.10543
-6.30276
-6.51155
-4.81111
-4.91117
-4.92606
-4.94852
-4.98006
-5.02213
-5.07636
-5.14411
-5.22563
-5.31651
-5.40271
-5.48453
-5.56103
-5.62783
-5.68021
-5.72218
-5.77277
-5.854
-5.97337
-6.12599
-6.30471
-6.5016
-6.7084
-4.99081
-5.08983
-5.10592
-5.13002
-5.16311
-5.20601
-5.25931
-5.32317
-5.39658
-5.47582
-5.55446
-5.62931
-5.69927
-5.76335
-5.8234
-5.88587
-5.9618
-6.06134
-6.18888
-6.34404
-6.52341
-6.72046
-6.92899
-5.16797
-5.26415
-5.28055
-5.30538
-5.33908
-5.38193
-5.43402
-5.49502
-5.56356
-5.63682
-5.71116
-5.78413
-5.85524
-5.9253
-5.99743
-6.07705
-6.17082
-6.28414
-6.41983
-6.57907
-6.76108
-6.962
-7.17736
-5.34051
-5.43309
-5.44952
-5.47456
-5.50838
-5.55099
-5.60218
-5.66138
-5.7273
-5.79802
-5.87144
-5.94625
-6.02256
-6.10175
-6.18671
-6.28164
-6.39086
-6.51724
-6.66239
-6.82846
-7.01731
-7.22748
-7.4548
-5.50725
-5.59615
-5.6125
-5.63761
-5.67141
-5.71382
-5.76456
-5.82303
-5.88823
-5.95895
-6.03408
-6.11321
-6.19677
-6.28604
-6.38353
-6.49275
-6.61672
-6.75671
-6.91359
-7.09047
-7.29136
-7.51614
-7.76114
-5.66762
-5.75287
-5.76917
-5.79432
-5.82821
-5.87073
-5.92164
-5.98046
-6.04648
-6.11903
-6.19774
-6.28271
-6.37435
-6.47372
-6.58325
-6.70627
-6.84511
-7.00014
-7.1718
-7.36372
-7.58124
-7.82559
-8.09487
-5.82138
-5.90301
-5.91928
-5.94456
-5.97875
-6.02179
-6.07349
-6.13352
-6.20149
-6.2772
-6.36074
-6.45226
-6.55208
-6.6614
-6.78291
-6.91986
-7.07425
-7.2461
-7.43534
-7.64548
-7.88319
-8.15174
-8.45132
-5.96819
-6.04609
-6.06248
-6.08807
-6.12284
-6.16673
-6.21968
-6.28163
-6.35249
-6.43233
-6.52127
-6.61942
-6.72737
-6.84693
-6.98092
-7.13209
-7.30235
-7.49196
-7.70045
-7.93124
-8.19241
-8.4892
-8.82477
-6.10758
-6.18175
-6.19843
-6.22455
-6.26012
-6.30519
-6.35992
-6.42445
-6.49884
-6.58313
-6.67736
-6.78199
-6.89842
-7.02887
-7.17553
-7.34044
-7.52607
-7.73371
-7.96307
-8.21721
-8.50455
-8.83301
-9.20897
-6.2394
-6.30997
-6.32699
-6.35371
-6.39024
-6.43682
-6.49376
-6.56125
-6.63927
-6.72774
-6.82699
-6.93828
-7.06375
-7.20521
-7.36378
-7.54146
-7.74218
-7.96872
-8.22083
-8.50029
-8.8155
-9.1768
-9.59362
-6.36365
-6.43038
-6.44773
-6.47506
-6.51265
-6.56092
-6.62025
-6.69073
-6.77213
-6.86447
-6.96878
-7.08712
-7.22165
-7.37332
-7.54274
-7.73289
-7.94923
-8.19512
-8.47019
-8.77588
-9.11945
-9.51164
-9.96516
-6.47975
-6.54239
-6.56012
-6.58815
-6.62691
-6.67694
-6.73862
-6.81182
-6.89623
-6.99227
-7.10175
-7.22707
-7.36989
-7.53065
-7.71053
-7.91363
-8.14545
-8.40927
-8.70622
-9.03828
-9.41014
-9.8307
-10.3109
-6.58727
-6.64577
-6.66394
-6.69273
-6.73268
-6.78439
-6.84811
-6.92356
-7.01049
-7.10997
-7.22438
-7.35598
-7.50596
-7.67513
-7.8656
-8.08145
-8.32741
-8.60747
-8.92498
-9.28279
-9.68378
-10.1329
-10.6355
-6.68599
-6.74016
-6.75871
-6.78813
-6.82906
-6.88211
-6.94739
-7.02448
-7.11344
-7.21599
-7.33476
-7.47162
-7.6278
-7.80499
-8.0056
-8.23299
-8.49175
-8.78679
-9.12341
-9.50616
-9.93724
-10.4198
-10.9569
-6.77536
-6.82471
-6.84347
-6.8733
-6.91491
-6.96892
-7.03529
-7.11354
-7.20413
-7.30931
-7.43163
-7.57267
-7.73417
-7.91853
-8.12786
-8.36519
-8.63543
-8.94425
-9.29849
-9.7045
-10.166
-10.6889
-11.2791
-6.8547
-6.89909
-6.91794
-6.94801
-6.99009
-7.04474
-7.11179
-7.19076
-7.28252
-7.38964
-7.51447
-7.65848
-7.82406
-8.014
-8.23006
-8.47536
-8.75543
-9.07645
-9.44611
-9.87272
-10.3633
-10.9267
-11.5779
-6.92415
-6.96388
-6.98276
-7.01293
-7.05522
-7.11013
-7.17735
-7.25649
-7.3487
-7.45674
-7.58275
-7.72825
-7.8962
-8.08955
-8.30991
-8.56079
-8.84837
-9.17894
-9.56104
-10.0049
-10.5192
-11.115
-11.8114
-6.98443
-7.01972
-7.03848
-7.06849
-7.11058
-7.16519
-7.23195
-7.31048
-7.40216
-7.50983
-7.63549
-7.78078
-7.94899
-8.14317
-8.365
-8.61848
-8.91002
-9.24652
-9.6376
-10.0939
-10.6252
-11.2442
-11.9635
-7.03592
-7.0666
-7.08501
-7.11451
-7.15589
-7.20956
-7.27509
-7.35216
-7.44221
-7.54808
-7.67179
-7.81502
-7.98109
-8.1731
-8.39308
-8.64525
-8.93621
-9.27408
-9.66937
-10.1332
-10.6781
-11.3177
-12.0585
-7.07842
-7.10416
-7.122
-7.15061
-7.19078
-7.24286
-7.30643
-7.38114
-7.46841
-7.57108
-7.69121
-7.83039
-7.99163
-8.17805
-8.39216
-8.63839
-8.92359
-9.25701
-9.65049
-10.1172
-10.6733
-11.3374
-12.1204
-7.11163
-7.13228
-7.14933
-7.17671
-7.21515
-7.26503
-7.32593
-7.39742
-7.48082
-7.57889
-7.69374
-7.82669
-7.98015
-8.15725
-8.36113
-8.59652
-8.87038
-9.19249
-9.57588
-10.0368
-10.5975
-11.2858
-12.1354
-7.13554
-7.15118
-7.16725
-7.19308
-7.22934
-7.27643
-7.33396
-7.40145
-7.47995
-7.57207
-7.67983
-7.80416
-7.94687
-8.11114
-8.30078
-8.52051
-8.77677
-9.07889
-9.44066
-9.88045
-10.4279
-11.1259
-12.0378
-7.15044
-7.16125
-7.17616
-7.20015
-7.23383
-7.27759
-7.33112
-7.39387
-7.46653
-7.55135
-7.65012
-7.7635
-7.89295
-8.04172
-8.2137
-8.41275
-8.64398
-8.91567
-9.24097
-9.63996
-10.1442
-10.8057
-11.7134
-7.1569
-7.163
-7.1766
-7.19852
-7.22925
-7.26921
-7.31819
-7.37553
-7.44146
-7.51764
-7.60569
-7.70633
-7.82091
-7.95226
-8.10323
-8.27624
-8.47504
-8.70664
-8.98217
-9.31855
-9.74311
-10.3022
-11.0807
-7.15542
-7.15691
-7.1692
-7.1889
-7.2164
-7.25216
-7.29608
-7.34739
-7.40573
-7.47216
-7.54832
-7.63527
-7.73403
-7.84614
-7.97285
-8.11536
-8.27679
-8.46192
-8.67736
-8.93378
-9.249
-9.65101
-10.1904
-7.14637
-7.14386
-7.15489
-7.17227
-7.19635
-7.22761
-7.26603
-7.31072
-7.3608
-7.41684
-7.48067
-7.55364
-7.63576
-7.72676
-7.82703
-7.9375
-8.05962
-8.19486
-8.34471
-8.51286
-8.70637
-8.93465
-9.21023
-7.13094
-7.12499
-7.13485
-7.14989
-7.17045
-7.19701
-7.22955
-7.26716
-7.30864
-7.35424
-7.40595
-7.46486
-7.52963
-7.59867
-7.67246
-7.75171
-7.83492
-7.9199
-8.00492
-8.08819
-8.16755
-8.23934
-8.29581
-7.10824
-7.09847
-7.1073
-7.11997
-7.13694
-7.15857
-7.18484
-7.21495
-7.24771
-7.28317
-7.32293
-7.36745
-7.41448
-7.46212
-7.51079
-7.55977
-7.60551
-7.64381
-7.67078
-7.68092
-7.66683
-7.61872
-7.52476
-7.08064
-7.07634
-7.08432
-7.09487
-7.10851
-7.12541
-7.14554
-7.16841
-7.19325
-7.21983
-7.24869
-7.27954
-7.31032
-7.33926
-7.36577
-7.38746
-7.40006
-7.39919
-7.37918
-7.33173
-7.2476
-7.117
-6.92971
-7.05617
-7.03096
-7.03782
-7.04591
-7.05576
-7.06737
-7.08065
-7.09552
-7.11184
-7.12909
-7.14624
-7.16228
-7.1764
-7.18712
-7.19182
-7.18742
-7.17066
-7.13658
-7.07897
-6.99107
-6.86469
-6.69222
-6.471
141.214
-12.1635
30.686
30.5629
233.53
138.231
67.5408
40.8093
170.129
135.253
105.18
79.2633
92.9389
81.8168
71.1891
60.6386
18.5824
20.2932
22.2938
22.507
-5.86051
-5.8557
-5.73461
-5.52831
-5.86892
-6.06661
-6.25871
-6.4495
-6.05347
-6.22656
-6.39833
-6.56018
-6.21847
-6.35576
-6.49392
-6.62788
-6.36897
-6.48967
-6.61004
-6.72632
-6.52577
-6.63829
-6.75136
-6.86181
-6.69872
-6.80856
-6.91959
-7.02682
-6.89483
-7.00496
-7.11478
-7.21997
-7.11904
-7.23011
-7.33962
-7.44682
-7.37439
-7.48844
-7.60207
-7.71609
-7.66412
-7.78644
-7.9097
-8.03401
-7.99057
-8.12639
-8.26448
-8.40501
-8.35174
-8.50595
-8.66565
-8.82988
-8.74306
-8.92141
-9.10822
-9.30221
-9.1575
-9.36299
-9.58041
-9.81031
-9.5853
-9.81883
-10.0701
-10.3418
-10.0145
-10.2768
-10.5633
-10.8806
-10.4251
-10.7131
-11.0332
-11.401
-10.7873
-11.0773
-11.3953
-11.7599
-11.1127
-11.3833
-11.653
-11.9145
-11.4574
-11.7349
-12.0026
-12.2543
-11.8468
-12.1738
-12.5117
-12.8525
-12.2399
-12.6517
-13.1215
-13.6804
-12.5325
-12.9937
-13.5383
-14.2151
-12.6856
-13.1225
-13.6076
-14.1355
-12.7771
-13.188
-13.6108
-14.0123
-12.8882
-13.3353
-13.8022
-14.2643
-13.0188
-13.5643
-14.1544
-14.7621
-13.0866
-13.7942
-14.6275
-15.5859
-12.868
-13.7088
-14.8057
-16.2736
-12.1077
-12.8822
-13.9214
-15.4335
-10.8655
-11.3434
-11.9427
-12.7071
-9.50839
-9.68989
-9.88577
-10.0785
-8.32099
-8.31688
-8.29474
-8.24399
-7.39341
-7.2994
-7.18795
-7.05826
-6.71819
-6.58799
-6.45157
-6.3148
-6.24527
-6.1159
-5.98871
-5.87229
34.1013
34.2078
34.2421
34.1858
34.1864
34.2039
34.2231
34.2336
34.233
34.2215
34.2001
34.171
34.1368
34.1006
34.0651
34.0326
34.0054
33.9854
33.9739
3.18073
32.2928
34.0859
34.0432
34.0214
34.0709
34.1116
34.1291
34.1313
34.1186
34.0923
34.0553
34.0119
33.966
33.9209
33.8795
33.8444
33.8183
33.8031
50.8903
-0.890874
12.6151
33.2138
33.7584
33.9048
34.0241
34.0331
34.0396
34.025
33.991
33.9421
33.8857
33.827
33.7693
33.7158
33.67
33.6355
33.6152
48.2116
30.1487
16.8349
4.692
21.1266
33.8263
33.9346
33.9453
33.9598
33.9448
33.8985
33.8303
33.7561
33.6813
33.6074
33.5379
33.4775
33.4315
33.4045
22.9399
19.8224
19.7709
16.9773
13.3934
11.8732
27.7823
34.0951
33.8616
33.8931
33.8173
33.7154
33.619
33.5254
33.4315
33.3407
33.2605
33.199
33.1627
0.31753
9.84158
6.11237
6.65012
11.6102
17.1321
19.6389
18.6492
33.4564
33.9433
33.7403
33.5824
33.4669
33.3554
33.2365
33.1171
33.0098
32.9269
32.8779
-6.65782
-6.99571
-6.89538
-1.00591
7.31049
4.22039
8.85227
16.57
14.5567
32.4995
33.581
33.3975
33.2909
33.1685
33.0165
32.8564
32.7111
32.5991
32.533
-6.74047
-6.97978
-7.15523
-7.3458
-7.5136
-6.50499
6.74688
-0.218063
8.74297
20.6143
29.4859
33.1522
33.0933
32.9648
32.7608
32.5405
32.3425
32.1918
32.104
-6.79287
-7.01396
-7.2169
-7.41636
-7.60496
-7.76034
-7.89844
-7.19206
2.0171
2.80816
18.6219
31.2542
32.9477
32.7417
32.4444
32.1377
31.8701
31.6716
31.5575
-6.87173
-7.0898
-7.30051
-7.50259
-7.69169
-7.85862
-7.9945
-8.08809
-8.10323
2.71288
-0.238775
21.0161
32.7866
32.4125
32.0081
31.5923
31.2439
30.9927
30.8511
-7.0002
-7.21526
-7.42675
-7.62999
-7.817
-7.98033
-8.10924
-8.20017
-8.26344
-8.41686
-11.5346
5.52065
28.3473
31.8465
31.3442
30.8179
30.3947
30.0985
29.9346
-7.16079
-7.37697
-7.59264
-7.79758
-7.9826
-8.13927
-8.26316
-8.35324
-8.4236
-8.52861
-8.59104
-10.1899
16.4571
30.5165
30.28
29.6926
29.2388
28.9263
28.7566
-7.35486
-7.57831
-7.79968
-8.00834
-8.1924
-8.34435
-8.45643
-8.52963
-8.57755
-8.6019
-8.65224
-9.61439
8.98478
27.9707
28.6053
28.0797
27.6949
27.4235
27.2771
-7.58856
-7.82444
-8.05529
-8.2702
-8.45836
-8.60602
-8.70245
-8.74786
-8.75095
-8.74248
-8.71404
-7.9194
-4.77851
20.7091
25.9928
25.8519
25.7178
25.5721
25.4862
-7.86823
-8.12259
-8.37181
-8.60208
-8.79973
-8.94723
-9.02646
-9.02584
-8.97073
-8.90704
-8.88447
-9.22169
-3.05999
14.4412
22.686
23.1408
23.3716
23.4147
23.4188
-8.2012
-8.48603
-8.76701
-9.02693
-9.24819
-9.40597
-9.46144
-9.39479
-9.24304
-9.08706
-8.96664
-8.91424
3.2933
12.7842
19.6065
20.3429
20.8303
21.0532
21.1519
-8.59518
-8.92719
-9.25951
-9.57129
-9.84487
-10.0454
-10.0817
-9.90108
-9.59815
-9.29959
-9.05499
-8.8518
2.61966
11.9699
16.6654
17.55
18.2247
18.6018
18.7867
-9.05293
-9.45579
-9.8738
-10.3134
-10.7567
-11.0903
-11.0848
-10.7108
-10.169
-9.59276
-9.20053
-9.08884
3.05173
9.71054
13.0234
14.7474
15.6486
16.1672
16.4275
-9.57109
-10.079
-10.6688
-11.4015
-12.1874
-12.7485
-12.5681
-12.1866
-11.2193
-10.1089
-9.37868
-8.65797
-1.34447
7.74439
9.89785
12.1518
13.2359
13.8541
14.1672
-10.1378
-10.7839
-11.6004
-12.4975
-13.4221
-14.3555
-14.3761
-13.9776
-12.7979
-10.9025
-9.82546
-9.51153
5.55691
6.17925
8.72685
10.0864
11.1009
11.7404
12.0761
-10.7369
-11.5548
-12.517
-13.3384
-14.6106
-15.9797
-16.2624
-15.7785
-14.3957
-11.9101
-10.3209
-2.71882
-0.433439
4.39526
6.85599
8.27842
9.23097
9.85336
10.1877
-11.3539
-12.4683
-13.33
-13.8556
-16.5625
-18.1648
-17.946
-17.2103
-15.4944
-12.9797
-20.5882
1.04356
2.72597
3.81377
5.46866
6.72674
7.60795
8.1917
8.50466
-11.9895
-13.6092
-13.8432
-14.2228
-19.1406
-19.1892
-18.762
-17.8746
-15.9849
-14.4198
0.35418
1.52359
1.76785
3.01167
4.37162
5.43222
6.21406
6.742
7.02422
-12.3864
-14.4898
-14.6738
-15.7823
-18.5397
-18.5224
-18.4323
-17.8192
-17.1658
-4.62437
0.983697
0.128848
1.12367
2.32919
3.43714
4.33421
5.01382
5.47923
5.72941
-12.2343
-12.496
-15.0681
-16.1842
-19.1908
-17.8954
-18.1161
-18.2596
-8.77529
-1.29546
-1.24105
-0.4393
0.636927
1.69941
2.62485
3.38691
3.97221
4.37511
4.59449
-12.5392
-12.7068
-13.8866
-15.4937
-17.4207
-17.8266
-18.062
-12.1216
-2.55534
-2.16805
-1.62548
-0.724181
0.249926
1.13919
1.91229
2.55757
3.05752
3.4038
3.59376
-13.2825
-13.5265
-13.724
-15.012
-13.3796
-21.3038
-17.6152
-4.91414
-2.73479
-2.38039
-1.73452
-0.924112
-0.116422
0.625016
1.27494
1.81982
2.24496
2.54119
2.7047
-14.5324
-15.2133
-15.7383
-15.3793
-16.8668
-34.6445
-7.70241
-3.22231
-2.93156
-2.46703
-1.83268
-1.14426
-0.469294
0.149966
0.696507
1.1539
1.51432
1.76671
1.90669
-15.229
-16.0547
-8.42351
-12.1728
-20.8015
-33.8623
-7.00216
-3.92608
-3.21409
-2.59814
-1.98743
-1.38415
-0.816202
-0.295169
0.161157
0.544846
0.849778
1.06257
1.181
-14.7719
-15.3202
-5.42704
-8.53789
-14.3424
-17.3859
-7.85909
-4.65131
-3.47299
-2.75368
-2.16661
-1.63953
-1.15557
-0.720157
-0.339765
-0.0184921
0.236292
0.414266
0.513541
-14.3444
-13.7388
-6.22044
-6.38375
-7.92189
-7.86237
-5.858
-4.37686
-3.48595
-2.8624
-2.35254
-1.89965
-1.49306
-1.13035
-0.813356
-0.546927
-0.336671
-0.189074
-0.106696
-14.6969
-14.5467
-9.45003
-4.57374
-5.41799
-5.34575
-4.64796
-3.96584
-3.41315
-2.95114
-2.54023
-2.16812
-1.83208
-1.53159
-1.26886
-1.04909
-0.876514
-0.756034
-0.688581
-15.4443
-15.2468
-9.0071
-4.24
-4.8152
-4.37874
-4.03236
-3.70932
-3.38249
-3.05736
-2.74338
-2.4479
-2.17457
-1.92877
-1.7139
-1.53261
-1.39062
-1.29295
-1.23827
-16.9358
-16.8909
-40.6047
-6.48164
-5.3218
-3.79508
-3.70282
-3.60553
-3.42583
-3.20459
-2.97138
-2.74052
-2.52136
-2.32385
-2.15161
-2.00334
-1.88589
-1.80593
-1.76216
-18.7028
-23.7617
-51.9654
-6.9769
-2.24622
-3.25719
-3.59678
-3.64198
-3.55238
-3.40146
-3.22742
-3.04888
-2.87527
-2.71858
-2.58246
-2.46419
-2.36834
-2.30271
-2.26834
-18.4257
-30.8189
-36.2337
-8.64634
-3.75746
-3.59655
-3.77694
-3.81424
-3.75283
-3.64232
-3.51185
-3.37485
-3.23988
-3.11611
-3.00856
-2.91681
-2.84242
-2.78993
-2.76252
-14.126
-18.6012
-16.0377
-7.32204
-4.66073
-4.16834
-4.10314
-4.06772
-4.00581
-3.9199
-3.82057
-3.71707
-3.61471
-3.51873
-3.43416
-3.36416
-3.30956
-3.27011
-3.24811
-10.3627
-10.4204
-8.41294
-6.1435
-4.95808
-4.55209
-4.41668
-4.35128
-4.29232
-4.22497
-4.15011
-4.07294
-3.99747
-3.92664
-3.86301
-3.81025
-3.77113
-3.74376
-3.72806
-8.14155
-7.64027
-6.63282
-5.65268
-5.0786
-4.81826
-4.70658
-4.64641
-4.59937
-4.55138
-4.49795
-4.44186
-4.38812
-4.33961
-4.2958
-4.25845
-4.23089
-4.21267
-4.20292
-6.86499
-6.42949
-5.91465
-5.47496
-5.20098
-5.06122
-4.99274
-4.95471
-4.92539
-4.89452
-4.86064
-4.82401
-4.78836
-4.75773
-4.73176
-4.70944
-4.69183
-4.67916
-4.67192
-6.14147
-5.87604
-5.65088
-5.48211
-5.37905
-5.32479
-5.29812
-5.28319
-5.26975
-5.2542
-5.23714
-5.21861
-5.19928
-5.1831
-5.17118
-5.16181
-5.1535
-5.14489
-5.13813
-5.75741
-5.69016
-5.66001
-5.64506
-5.63951
-5.6386
-5.63928
-5.63946
-5.63793
-5.63564
-5.63309
-5.62972
-5.62604
-5.62303
-5.62113
-5.62
-5.61873
-5.61649
-5.61455
1257.98
1261.04
1256.04
1246.4
1236.3
1226.44
1216.55
1206.53
1196.71
1187.78
1180.75
1176.83
1177.47
1184.34
1199.15
1224.24
1261.99
1313.14
1362.45
1374.26
1375.91
1245.1
1383.59
1197.62
1200.64
1195.63
1186.24
1176.38
1166.6
1156.67
1146.54
1136.58
1127.5
1120.29
1116.17
1116.55
1123.05
1137.43
1161.33
1195.84
1238.67
1280.63
1314.57
1321.55
1126.21
1281.78
1136.09
1139.04
1134.05
1125.09
1115.62
1105.97
1095.95
1085.63
1075.43
1066.08
1058.56
1054.07
1053.98
1059.88
1073.32
1095.65
1127.16
1165.16
1201.79
1228.47
1220.7
1094.13
1247.93
1073.48
1076.33
1071.43
1063.04
1054.05
1044.53
1034.37
1023.78
1013.25
1003.51
995.54
990.499
989.756
994.798
1007.07
1027.58
1056.18
1090.11
1122.87
1145.51
1145.54
1119.88
1279.16
1009.88
1012.62
1007.88
1000.18
991.693
982.271
971.913
960.969
950.004
939.765
931.193
925.437
923.832
927.804
938.671
957.235
983.101
1013.61
1043.32
1065.57
1077.96
1114.01
1267.8
945.452
948.053
943.562
936.584
928.562
919.17
908.546
897.179
885.688
874.82
865.497
858.845
856.171
858.853
868.124
884.657
907.952
935.551
962.87
985.151
1004.37
1052
1177.23
880.336
882.808
878.609
872.312
864.653
855.205
844.248
832.385
820.272
808.645
798.407
790.666
786.705
787.875
795.365
809.793
830.653
855.706
880.965
902.493
921.957
956.474
1013.65
814.751
816.914
813.073
807.418
799.989
790.378
779.02
766.595
753.763
741.242
729.916
720.874
715.388
714.798
720.288
732.506
751.031
773.811
797.139
816.769
830.361
833.775
733.831
34.7233
34.7286
34.7312
34.7312
34.7307
34.7298
34.7272
34.7218
34.7128
34.7
34.6838
34.6653
34.6456
34.626
34.6077
34.592
34.5798
34.5717
34.5681
34.6632
34.6698
34.6723
34.6722
34.6717
34.671
34.6688
34.6636
34.6547
34.6418
34.6255
34.6066
34.5866
34.5666
34.548
34.532
34.5196
34.5113
34.5076
34.6019
34.6109
34.6134
34.6128
34.6126
34.6125
34.6108
34.606
34.5973
34.5843
34.5676
34.5482
34.5274
34.5068
34.4876
34.471
34.458
34.4494
34.4456
34.5388
34.5522
34.5544
34.5533
34.5533
34.5539
34.5532
34.5491
34.5406
34.5275
34.5102
34.4899
34.4681
34.4464
34.4263
34.4088
34.3951
34.386
34.382
34.4719
34.4934
34.4955
34.4932
34.4937
34.4956
34.4961
34.4929
34.4848
34.4714
34.4534
34.4319
34.4088
34.3856
34.364
34.3454
34.3307
34.321
34.3166
34.3974
34.4347
34.4365
34.4326
34.4336
34.4372
34.4396
34.4376
34.4298
34.416
34.397
34.3742
34.3493
34.3243
34.3009
34.2807
34.2648
34.2542
34.2495
34.3071
34.3775
34.3778
34.3707
34.373
34.3791
34.3838
34.3832
34.3759
34.3616
34.3413
34.3167
34.2897
34.2624
34.2368
34.2146
34.1972
34.1855
34.1803
34.2762
34.3061
34.3164
34.3073
34.3114
34.3209
34.3287
34.3299
34.323
34.308
34.2862
34.2594
34.2299
34.1999
34.1717
34.147
34.1277
34.1147
34.109
692.732
694.204
690.976
686.056
678.661
668.506
656.236
642.572
628.127
613.572
599.751
587.718
578.753
574.227
575.411
583.15
597.407
616.595
636.78
651.416
648.048
587.775
354.303
550.792
551.257
548.311
543.477
535.458
524.244
510.584
495.081
478.183
460.481
442.729
425.836
411.157
400.18
394.66
396.444
406.121
422.405
441.662
456.116
450.589
406.894
301.875
408.093
406.798
403.621
398.198
388.938
376.134
360.582
342.631
322.34
300.427
277.651
254.917
234.691
217.619
205.233
198.253
199.232
211.245
234.669
259.462
268.362
249.95
197.442
263.286
260.479
256.924
250.393
239.463
224.515
207.259
187.899
164.943
140.992
116.251
85.3381
56.9879
26.906
10.0973
4.2946
2.52643
5.40887
16.7808
73.1396
102.428
113.058
101.578
120.055
117.973
111.09
102.64
91.0001
72.8632
54.774
38.3813
17.0452
3.73334
-3.29866
-3.43248
-3.87836
-3.78171
-3.78194
-3.9225
-4.07085
-4.08489
-3.76386
-3.7638
-3.18399
1.42552
14.8474
9.52634
2.38686
1.5371
-0.932767
-2.95361
-3.33926
-3.55272
-3.61854
-3.49771
-3.72661
-3.9786
-4.03829
-4.15134
-4.18565
-4.17459
-4.23042
-4.34167
-4.25606
-4.04501
-4.18594
-4.66255
-5.05302
-5.56167
-3.79506
-3.78855
-3.80073
-3.80431
-3.77404
-3.7147
-3.72169
-3.7411
-3.76512
-3.96161
-4.26025
-4.43956
-4.56262
-4.61778
-4.59237
-4.54469
-4.72381
-4.93257
-4.90483
-5.03219
-5.21145
-5.42928
-5.72474
-3.99707
-3.9762
-3.97853
-3.97806
-3.96827
-3.95547
-3.95569
-3.96079
-4.02206
-4.37711
-4.63871
-4.80149
-4.96292
-5.07326
-5.09189
-5.06651
-5.12444
-5.20336
-5.18138
-5.28464
-5.45401
-5.66586
-5.93018
-4.18489
-4.16981
-4.16949
-4.17375
-4.18003
-4.19102
-4.2108
-4.23417
-4.39524
-4.70132
-4.85802
-5.04679
-5.29177
-5.55946
-5.65981
-5.54829
-5.37669
-5.3039
-5.36306
-5.49718
-5.66705
-5.87324
-6.11741
-4.36428
-4.36111
-4.36528
-4.37673
-4.39562
-4.42466
-4.46899
-4.53227
-4.69979
-4.88434
-5.03165
-5.22033
-5.48616
-5.80943
-5.98009
-5.82595
-5.53323
-5.42466
-5.51631
-5.66992
-5.84806
-6.05208
-6.27915
-4.54353
-4.54945
-4.55979
-4.57812
-4.60607
-4.64667
-4.705
-4.79083
-4.92522
-5.05941
-5.17416
-5.30691
-5.4672
-5.62495
-5.70517
-5.63532
-5.53526
-5.55332
-5.6709
-5.83409
-6.01989
-6.22472
-6.44218
-4.72438
-4.73507
-4.75036
-4.77395
-4.80756
-4.8537
-4.91567
-4.99802
-5.10558
-5.2138
-5.30569
-5.40202
-5.49651
-5.57547
-5.6159
-5.61922
-5.63873
-5.71618
-5.84812
-6.01367
-6.2021
-6.40619
-6.61788
-4.90546
-4.9179
-4.93621
-4.96307
-4.99968
-5.04763
-5.10851
-5.18326
-5.27052
-5.36097
-5.44386
-5.52375
-5.59594
-5.65593
-5.70161
-5.74483
-5.80867
-5.90907
-6.04598
-6.21252
-6.40146
-6.60407
-6.81392
-5.08429
-5.097
-5.11689
-5.14539
-5.18329
-5.23134
-5.28994
-5.35884
-5.43584
-5.51565
-5.59233
-5.66503
-5.732
-5.79361
-5.8537
-5.92142
-6.0082
-6.12156
-6.26315
-6.43105
-6.6202
-6.82342
-7.03645
-5.25889
-5.27135
-5.29188
-5.32109
-5.35935
-5.40682
-5.46346
-5.52849
-5.59982
-5.67408
-5.74786
-5.81992
-5.89026
-5.96082
-6.03589
-6.12177
-6.22481
-6.34909
-6.49649
-6.6674
-6.85948
-7.06802
-7.28902
-5.42807
-5.44025
-5.46094
-5.49037
-5.52859
-5.57553
-5.63085
-5.6936
-5.7622
-5.83451
-5.90869
-5.98416
-6.06165
-6.14327
-6.23264
-6.33424
-6.45181
-6.58737
-6.74265
-6.92002
-7.11998
-7.33915
-7.5733
-5.59124
-5.60323
-5.62396
-5.65343
-5.69155
-5.73818
-5.79288
-5.85486
-5.92298
-5.99601
-6.07314
-6.15438
-6.24057
-6.33355
-6.43645
-6.55277
-6.6847
-6.83291
-6.99923
-7.18778
-7.40097
-7.63616
-7.89039
-5.74806
-5.75991
-5.78065
-5.81018
-5.8484
-5.89515
-5.9501
-6.01262
-6.08197
-6.15762
-6.23943
-6.32766
-6.42296
-6.52701
-6.64287
-6.77365
-6.92062
-7.08375
-7.26487
-7.46906
-7.70018
-7.95705
-8.2388
-5.89826
-5.91003
-5.9308
-5.96055
-5.99917
-6.04657
-6.10249
-6.16653
-6.23838
-6.31798
-6.40549
-6.5011
-6.60542
-6.72041
-6.84927
-6.99483
-7.15804
-7.33846
-7.53739
-7.76053
-8.01365
-8.29733
-8.61386
-6.04137
-6.05315
-6.07413
-6.10431
-6.14365
-6.19208
-6.24953
-6.31594
-6.39128
-6.47566
-6.56918
-6.67209
-6.78553
-6.91193
-7.0542
-7.21477
-7.39481
-7.59378
-7.81259
-8.05756
-8.3362
-8.65157
-9.00937
-6.17696
-6.18892
-6.2103
-6.24115
-6.28146
-6.33134
-6.39095
-6.4604
-6.53974
-6.629
-6.72832
-6.8386
-6.96174
-7.10005
-7.25555
-7.43055
-7.62715
-7.84563
-8.0866
-8.35611
-8.6633
-9.01436
-9.41744
-6.3051
-6.31728
-6.33913
-6.37073
-6.41225
-6.46397
-6.52618
-6.59896
-6.6822
-6.77597
-6.881
-6.9991
-7.1324
-7.2823
-7.45003
-7.63866
-7.85218
-8.09163
-8.35673
-8.65278
-8.9898
-9.37742
-9.82642
-6.42545
-6.43785
-6.46014
-6.49255
-6.53542
-6.58919
-6.65411
-6.73008
-6.8169
-6.91502
-7.02603
-7.15226
-7.29533
-7.45573
-7.63488
-7.83745
-8.06849
-8.32902
-8.61893
-8.94229
-9.30868
-9.72977
-10.2194
-6.53741
-6.55001
-6.57282
-6.60615
-6.65048
-6.70632
-6.7738
-6.85263
-6.94272
-7.04518
-7.16229
-7.29625
-7.44802
-7.61802
-7.8088
-8.02569
-8.27325
-8.55354
-8.86768
-9.21871
-9.61373
-10.0625
-10.5766
-6.64071
-6.65359
-6.67698
-6.71127
-6.75703
-6.81475
-6.88441
-6.96557
-7.05853
-7.16514
-7.28793
-7.42864
-7.58806
-7.76748
-7.97007
-8.20038
-8.46295
-8.76138
-9.09862
-9.47776
-9.90181
-10.3773
-10.9058
-6.73503
-6.74815
-6.77203
-6.80712
-6.85405
-6.91325
-6.9845
-7.06742
-7.16285
-7.2732
-7.40086
-7.54721
-7.71363
-7.9022
-8.11567
-8.35813
-8.63447
-8.94948
-9.3089
-9.71553
-10.1717
-10.6818
-11.242
-6.81956
-6.83279
-6.85696
-6.89259
-6.94035
-7.0006
-7.07295
-7.15719
-7.25471
-7.36821
-7.49973
-7.6507
-7.82335
-8.01993
-8.24273
-8.4959
-8.78457
-9.11525
-9.49477
-9.92799
-10.4195
-10.975
-11.5991
-6.89393
-6.90719
-6.93152
-6.9675
-7.01583
-7.07676
-7.14978
-7.2349
-7.33398
-7.44975
-7.58396
-7.73838
-7.91587
-8.11863
-8.34876
-8.61065
-8.91038
-9.2547
-9.65174
-10.1097
-10.635
-11.2402
-11.9432
-6.95873
-6.97198
-6.99638
-7.03251
-7.08109
-7.14225
-7.21541
-7.3008
-7.40057
-7.51742
-7.65291
-7.80919
-7.98959
-8.19623
-8.43117
-8.69959
-9.00788
-9.36282
-9.77477
-10.2526
-10.8061
-11.4489
-12.2078
-7.0146
-7.02777
-7.05203
-7.08798
-7.13633
-7.1971
-7.26971
-7.35451
-7.45383
-7.57033
-7.70551
-7.86178
-8.04273
-8.25048
-8.48738
-8.75913
-9.07212
-9.43452
-9.85705
-10.3495
-10.9229
-11.5904
-12.3661
-7.06152
-7.07448
-7.09832
-7.13367
-7.1812
-7.24089
-7.31215
-7.39539
-7.493
-7.60763
-7.74079
-7.89496
-8.07373
-8.27941
-8.51476
-8.78543
-9.09866
-9.46387
-9.89201
-10.3945
-10.9854
-11.6753
-12.4656
-7.09914
-7.11176
-7.13491
-7.16921
-7.21534
-7.27326
-7.34236
-7.42303
-7.51765
-7.62888
-7.75826
-7.90802
-8.08155
-8.28144
-8.51089
-8.77561
-9.08358
-9.44546
-9.87373
-10.3829
-10.9909
-11.7141
-12.5539
-7.12738
-7.13952
-7.16168
-7.19451
-7.23867
-7.29415
-7.36033
-7.43747
-7.52785
-7.63414
-7.75783
-7.90065
-8.06557
-8.25562
-8.4745
-8.72813
-9.02464
-9.37557
-9.79545
-10.3029
-10.9247
-11.6891
-12.6259
-7.14649
-7.15799
-7.17891
-7.20988
-7.25154
-7.30394
-7.36645
-7.43918
-7.52414
-7.62393
-7.73985
-7.87304
-8.02609
-8.20253
-8.40652
-8.64356
-8.92137
-9.25123
-9.64872
-10.1385
-10.7545
-11.551
-12.5997
-7.15681
-7.16754
-7.18701
-7.21575
-7.25445
-7.30318
-7.36135
-7.42884
-7.50727
-7.59893
-7.70494
-7.82606
-7.96468
-8.12456
-8.30957
-8.52393
-8.77408
-9.07062
-9.42959
-9.87636
-10.4507
-11.2213
-12.3138
-7.15885
-7.16878
-7.18655
-7.21276
-7.24807
-7.29262
-7.34584
-7.40734
-7.47814
-7.56013
-7.6544
-7.76172
-7.88428
-8.02515
-8.18679
-8.37211
-8.58617
-8.83796
-9.14139
-9.51755
-10.0016
-10.656
-11.6119
-7.15323
-7.16226
-7.1782
-7.20166
-7.23323
-7.27314
-7.32087
-7.37565
-7.43783
-7.50895
-7.59039
-7.68307
-7.78831
-7.90763
-8.04204
-8.19341
-8.36608
-8.5653
-8.79947
-9.08269
-9.43674
-9.89845
-10.5468
-7.14089
-7.14886
-7.16287
-7.18345
-7.21106
-7.24596
-7.28767
-7.3351
-7.38798
-7.44767
-7.51597
-7.59357
-7.68015
-7.77568
-7.88094
-7.99698
-8.12548
-8.26788
-8.4261
-8.60589
-8.81551
-9.06524
-9.37495
-7.12281
-7.12968
-7.14178
-7.15945
-7.18296
-7.21256
-7.24782
-7.28746
-7.33082
-7.3792
-7.43453
-7.49664
-7.56365
-7.63487
-7.7114
-7.79303
-7.87728
-7.96251
-8.04692
-8.1285
-8.20476
-8.27004
-8.31543
-7.09711
-7.10285
-7.11315
-7.12789
-7.14716
-7.17115
-7.1995
-7.23105
-7.26502
-7.30241
-7.3447
-7.39085
-7.43822
-7.48631
-7.53541
-7.58331
-7.62589
-7.65897
-7.67836
-7.67747
-7.64773
-7.5783
-7.45648
-7.0754
-7.08028
-7.08922
-7.10129
-7.11654
-7.13508
-7.15668
-7.18062
-7.20629
-7.23394
-7.26396
-7.29509
-7.32505
-7.35291
-7.37748
-7.39514
-7.40159
-7.39205
-7.35945
-7.29484
-7.18874
-7.03092
-6.81373
-7.02912
-7.03437
-7.04167
-7.05062
-7.06136
-7.07382
-7.08789
-7.10352
-7.12042
-7.13776
-7.15446
-7.16965
-7.18234
-7.19046
-7.19095
-7.18087
-7.15618
-7.11112
-7.03931
-6.93324
-6.78457
-6.58757
-6.34413
32.4557
27.804
24.0162
34.1665
181.392
99.6891
54.9051
8.02344
152.084
119.79
91.5902
69.2466
87.1735
76.5487
65.8206
55.5273
19.3793
21.5148
22.4596
22.7446
-5.95032
-5.71607
-5.85386
-4.08818
-5.96714
-6.16369
-6.3549
-6.53472
-6.13979
-6.31267
-6.48168
-6.63082
-6.28633
-6.42529
-6.56158
-6.69324
-6.42892
-6.55025
-6.66883
-6.78234
-6.58155
-6.69501
-6.80713
-6.9151
-6.75295
-6.86432
-6.97396
-7.07812
-6.9493
-7.06036
-7.16804
-7.27108
-7.17428
-7.2853
-7.3934
-7.50027
-7.43117
-7.54535
-7.65895
-7.77351
-7.72482
-7.848
-7.97171
-8.09689
-8.05781
-8.19521
-8.3345
-8.47625
-8.42783
-8.58519
-8.74736
-8.91319
-8.83078
-9.01387
-9.20443
-9.40185
-9.2584
-9.47024
-9.69377
-9.93039
-9.69972
-9.94209
-10.2034
-10.4854
-10.1427
-10.4166
-10.7182
-11.0533
-10.5655
-10.8683
-11.2104
-11.6115
-10.9292
-11.232
-11.5694
-11.9705
-11.2477
-11.5185
-11.7852
-12.0367
-11.5966
-11.8709
-12.1299
-12.3631
-12.0091
-12.3423
-12.6804
-13.0121
-12.4408
-12.8766
-13.3907
-13.9805
-12.7546
-13.2527
-13.8628
-14.5936
-12.8985
-13.3596
-13.8692
-14.4023
-12.981
-13.3954
-13.8226
-14.1622
-13.1077
-13.5679
-14.0381
-14.4401
-13.2824
-13.8597
-14.4585
-15.0279
-13.4273
-14.1898
-15.101
-16.1031
-13.2644
-14.22
-15.4779
-17.1909
-12.4677
-13.3617
-14.5965
-16.4544
-11.0918
-11.6238
-12.3036
-13.1634
-9.59705
-9.7869
-9.98295
-10.1784
-8.3206
-8.30884
-8.27341
-8.21048
-7.34851
-7.24592
-7.12515
-6.9888
-6.6542
-6.52022
-6.38278
-6.24866
-6.18073
-6.05157
-5.92853
-5.82255
34.1259
34.0714
34.187
34.1853
34.1941
34.2141
34.2297
34.2347
34.2286
34.2119
34.1864
34.1543
34.1188
34.0826
34.0483
34.0182
33.9944
33.9785
33.9715
21.6158
33.6185
34.0455
34.0193
34.0529
34.0932
34.1227
34.1321
34.1268
34.107
34.0749
34.0342
33.989
33.9432
33.8996
33.861
33.8301
33.8093
33.8
16.1692
-1.36698
26.7747
33.669
33.9121
33.996
34.0252
34.0394
34.0347
34.0103
33.9679
33.9145
33.8564
33.7979
33.7418
33.6917
33.6511
33.6234
33.6111
39.7197
24.2102
13.2489
7.30799
31.3169
34.0913
33.881
33.9643
33.9547
33.9257
33.8658
33.7934
33.7187
33.6441
33.5718
33.5062
33.4524
33.4154
33.3989
20.8596
19.918
18.8701
16.0665
11.4751
18.9736
33.6667
33.9235
33.8912
33.8638
33.7661
33.6665
33.5722
33.4784
33.3853
33.2987
33.2269
33.1774
33.1552
7.32878
6.94344
6.66488
8.26971
14.4871
19.4441
16.4518
28.2729
34.036
33.8407
33.6538
33.5222
33.412
33.2967
33.1761
33.0611
32.9646
32.8978
32.8678
-6.78667
-7.03735
-5.34752
6.53981
4.79077
5.37267
13.6536
17.1223
21.4
33.7885
33.4614
33.3442
33.2338
33.0951
32.9359
32.7806
32.65
32.5598
32.5194
-6.86841
-7.07813
-7.25755
-7.44318
-7.49122
-1.10182
4.23004
1.87855
16.7415
23.3131
33.1084
33.1142
33.0442
32.8677
32.6499
32.4369
32.26
32.1395
32.0859
-6.90676
-7.11814
-7.31852
-7.51347
-7.67827
-7.82296
-7.94325
0.136714
-3.09241
13.1641
21.6427
32.8429
32.8638
32.5988
32.2886
31.9968
31.7609
31.6034
31.5343
-6.98341
-7.19612
-7.40264
-7.59937
-7.77781
-7.92857
-8.04929
-8.06945
-6.99464
-4.23393
13.0992
31.603
32.5775
32.2204
31.7946
31.4073
31.105
30.9079
30.8226
-7.10976
-7.3213
-7.53
-7.72586
-7.90217
-8.04965
-8.15971
-8.22903
-8.31255
-8.02197
-10.1376
16.7625
31.7657
31.6159
31.0713
30.5913
30.23
30.0001
29.9019
-7.27005
-7.48504
-7.69733
-7.89309
-8.06486
-8.20548
-8.31158
-8.38996
-8.46484
-8.63587
-7.61696
5.58658
29.2937
30.5102
29.9765
29.4487
29.0642
28.8242
28.723
-7.46737
-7.68978
-7.90641
-8.10388
-8.27301
-8.40567
-8.49727
-8.55569
-8.59386
-8.60524
-8.6732
-5.70708
17.4403
28.6879
28.3439
27.8732
27.5431
27.3353
27.2482
-7.70738
-7.94113
-8.16529
-8.36851
-8.53802
-8.66093
-8.73148
-8.75285
-8.74581
-8.73457
-8.68596
-15.3738
7.92968
25.4349
25.9249
25.7949
25.6388
25.5208
25.4689
-7.99615
-8.2486
-8.49007
-8.7061
-8.88084
-8.99656
-9.03531
-9.00314
-8.93497
-8.89102
-8.9678
-9.08778
5.9266
21.9418
22.8891
23.3015
23.4025
23.4182
23.4185
-8.3437
-8.62811
-8.90062
-9.1437
-9.33693
-9.44925
-9.44214
-9.32572
-9.1586
-9.03204
-8.91886
-8.75151
6.62999
18.9442
19.9242
20.6386
20.9627
21.1139
21.1702
-8.76019
-9.09499
-9.41876
-9.71435
-9.95853
-10.0914
-10.013
-9.75904
-9.43884
-9.18045
-8.92834
-8.63087
7.82389
16.0456
17.0261
17.9351
18.4427
18.7144
18.822
-9.25146
-9.66372
-10.0897
-10.5393
-10.9504
-11.1416
-10.9126
-10.463
-9.86476
-9.37598
-9.09752
-8.71099
7.97563
12.1628
14.0169
15.2529
15.9458
16.3254
16.4775
-9.81818
-10.3586
-11.0195
-11.7964
-12.5353
-12.7479
-12.349
-11.835
-10.616
-9.69877
-9.16637
-11.3391
4.01151
7.71111
11.3878
12.7683
13.5885
14.0441
14.2278
-10.4456
-11.1693
-12.0503
-12.9525
-13.9308
-14.4753
-14.2219
-13.5802
-11.7372
-10.2548
-9.37729
-0.897518
1.87573
7.68204
9.41073
10.6514
11.461
11.9434
12.1422
-11.1113
-12.0497
-12.9269
-13.8931
-15.3678
-16.3001
-16.0352
-15.3659
-13.0479
-11.127
-10.922
3.69613
3.69825
6.00443
7.63424
8.80036
9.57972
10.0544
10.2575
-11.8304
-13.0269
-13.4768
-15.0372
-17.6607
-18.1765
-17.5902
-16.6364
-14.1288
-12.045
-4.73254
1.07834
2.87715
4.64253
6.15538
7.20853
7.93376
8.3817
8.58841
-12.6769
-13.9247
-13.772
-15.9716
-19.8975
-18.9799
-18.3878
-17.0814
-14.8171
-7.83548
0.566763
1.21362
2.447
3.72462
4.93895
5.85599
6.50786
6.91627
7.11173
-13.1531
-14.9275
-14.887
-17.8145
-18.4416
-18.5132
-18.1886
-17.4135
-15.8266
0.493983
-0.134834
0.564294
1.71402
2.9062
3.91512
4.6994
5.27316
5.6354
5.80851
-12.432
-13.9581
-15.2409
-17.7712
-18.0004
-18.0056
-18.2209
-16.6001
-3.5658
-1.57663
-0.893084
0.0835465
1.17823
2.18629
3.02564
3.70182
4.19655
4.51245
4.66163
-12.6648
-13.1977
-14.5356
-15.9331
-17.8448
-17.9351
-18.4508
-5.50999
-2.28387
-1.952
-1.20001
-0.232435
0.709669
1.54097
2.25064
2.82662
3.25029
3.52271
3.64843
-13.4684
-13.5486
-14.8627
-15.912
-32.9541
-20.7289
-8.25647
-2.87358
-2.5985
-2.08839
-1.33741
-0.51405
0.26705
0.960171
1.56141
2.04821
2.40994
2.64316
2.74819
-14.9176
-13.3288
-14.621
-16.0313
-17.4822
-17.3427
-3.50589
-3.10205
-2.7248
-2.16212
-1.49142
-0.799137
-0.153615
0.433293
0.937228
1.34673
1.65508
1.85358
1.94059
-16.0071
-12.0861
-9.22885
-15.673
-29.3908
-15.2447
-4.61055
-3.53205
-2.90365
-2.2956
-1.67997
-1.09672
-0.548875
-0.0579152
0.362209
0.708034
0.968695
1.13571
1.20633
-15.331
-7.78226
-6.78906
-11.1403
-17.3737
-12.49
-5.79837
-3.96591
-3.08996
-2.44694
-1.89891
-1.39219
-0.931126
-0.522879
-0.171323
0.117824
0.335888
0.47528
0.531019
-14.2185
-12.23
-6.13484
-7.19061
-8.27466
-6.87523
-5.02393
-3.88769
-3.1499
-2.59962
-2.1202
-1.69071
-1.30618
-0.965837
-0.6734
-0.434573
-0.253928
-0.138922
-0.0963803
-14.686
-13.2182
-5.10729
-5.06268
-5.51214
-5.02016
-4.29268
-3.67281
-3.17462
-2.74072
-2.34968
-1.99548
-1.67739
-1.39504
-1.15344
-0.956572
-0.808916
-0.715586
-0.68459
-15.5051
-15.4714
-2.08357
-4.65891
-4.57619
-4.19673
-3.87092
-3.5465
-3.21918
-2.89855
-2.59292
-2.30824
-2.04786
-1.81743
-1.6187
-1.45626
-1.33577
-1.26066
-1.23863
-16.8559
-17.5499
-18.3669
-6.75899
-4.0994
-3.73453
-3.66754
-3.52309
-3.31831
-3.08812
-2.85517
-2.62878
-2.41947
-2.23477
-2.07421
-1.94016
-1.84087
-1.7803
-1.7647
-20.4489
-41.3829
-17.2522
-2.87262
-3.09703
-3.4937
-3.64277
-3.609
-3.48128
-3.31591
-3.1381
-2.96068
-2.79427
-2.64811
-2.52118
-2.41278
-2.33137
-2.28248
-2.27225
-22.7505
-41.4177
-14.2107
-5.3084
-3.48681
-3.70722
-3.8136
-3.79148
-3.70169
-3.5784
-3.44365
-3.30657
-3.17598
-3.06037
-2.96069
-2.87721
-2.8131
-2.77378
-2.76731
-16.2467
-19.2686
-10.69
-5.52024
-4.28666
-4.12266
-4.08588
-4.04062
-3.96515
-3.87123
-3.76902
-3.66537
-3.5657
-3.47467
-3.39724
-3.33499
-3.28792
-3.25744
-3.25303
-10.5781
-9.67441
-7.14689
-5.41367
-4.69934
-4.46472
-4.38142
-4.32253
-4.25987
-4.18815
-4.11143
-4.0349
-3.96129
-3.89373
-3.83503
-3.78893
-3.75627
-3.73504
-3.73322
-7.95909
-7.18058
-6.09745
-5.31622
-4.91844
-4.75212
-4.67343
-4.62249
-4.57592
-4.5253
-4.46994
-4.41436
-4.36322
-4.31718
-4.27602
-4.24335
-4.22085
-4.20753
-4.20856
-6.66142
-6.17357
-5.67602
-5.31673
-5.11881
-5.02125
-4.97169
-4.9397
-4.91039
-4.87801
-4.84255
-4.80568
-4.77236
-4.74427
-4.72013
-4.70001
-4.68502
-4.67563
-4.67744
-6.00341
-5.75788
-5.55803
-5.42318
-5.34724
-5.30925
-5.28986
-5.27678
-5.26219
-5.24575
-5.22815
-5.20882
-5.19057
-5.17667
-5.16632
-5.15764
-5.14944
-5.14188
-5.14291
-5.71343
-5.6728
-5.65106
-5.6414
-5.63881
-5.63878
-5.63958
-5.6389
-5.63675
-5.63452
-5.6314
-5.62792
-5.6244
-5.62193
-5.62051
-5.61945
-5.61785
-5.61632
-5.61389
)
;

boundaryField
{
    leftWall
    {
        type            calculated;
        value           nonuniform List<scalar> 
100
(
1286.53
1226.77
1165.81
1103.72
1040.6
976.624
911.964
846.748
762.5
621.323
479.118
336.17
192.239
65.8844
4.78307
-3.93245
-4.10279
-4.2802
-4.45482
-4.63166
-4.81111
-4.99081
-5.16797
-5.34051
-5.50725
-5.66762
-5.82138
-5.96819
-6.10758
-6.2394
-6.36365
-6.47975
-6.58727
-6.68599
-6.77536
-6.8547
-6.92415
-6.98443
-7.03592
-7.07842
-7.11163
-7.13554
-7.15044
-7.1569
-7.15542
-7.14637
-7.13094
-7.10824
-7.08064
-7.05617
1256.81
1196.44
1134.9
1072.28
1008.71
944.367
879.424
813.952
692.071
550.311
407.799
263.982
124.226
28.5847
-3.89597
-4.01193
-4.19217
-4.36741
-4.54285
-4.72116
-4.90113
-5.07986
-5.25489
-5.42468
-5.58822
-5.74535
-5.89567
-6.03885
-6.17442
-6.3025
-6.42277
-6.53461
-6.63775
-6.7319
-6.81631
-6.89061
-6.95538
-7.01126
-7.0583
-7.09619
-7.12474
-7.14408
-7.15469
-7.15713
-7.1518
-7.13936
-7.12077
-7.09391
-7.07037
-7.01994
)
;
    }
    rightWall
    {
        type            calculated;
        value           nonuniform List<scalar> 
100
(
34.5681
34.5076
34.4456
34.382
34.3166
34.2495
34.1803
34.109
33.9715
33.8
33.6111
33.3989
33.1552
32.8678
32.5194
32.0859
31.5343
30.8226
29.9019
28.723
27.2482
25.4689
23.4185
21.1702
18.822
16.4775
14.2278
12.1422
10.2575
8.58841
7.11173
5.80851
4.66163
3.64843
2.74819
1.94059
1.20633
0.531019
-0.0963803
-0.68459
-1.23863
-1.7647
-2.27225
-2.76731
-3.25303
-3.73322
-4.20856
-4.67744
-5.14291
-5.61389
34.5977
34.538
34.4769
34.414
34.3496
34.2832
34.2152
34.1449
34.052
33.8876
33.708
33.5083
33.2817
33.0179
32.7025
32.3152
31.8273
31.2014
30.3916
29.3475
28.024
26.3957
24.4737
22.3134
20.0019
17.6433
15.3356
13.1615
11.1733
9.39678
7.82765
6.43926
5.2169
4.13963
3.18545
2.33408
1.56535
0.86205
0.211897
-0.394986
-0.965612
-1.50458
-2.02027
-2.52115
-3.01109
-3.49365
-3.97164
-4.44376
-4.91
-5.37551
)
;
    }
    lowerWall
    {
        type            calculated;
        value           nonuniform List<scalar> 
124
(
1302.43
1305.49
1300.49
1290.8
1280.66
1270.77
1260.9
1250.9
1241.1
1232.2
1225.2
1221.33
1222.03
1228.99
1244.37
1270.51
1309.89
1362.62
1409
1416.22
1410.82
1321.46
1442.12
1383.59
1281.78
1247.93
1279.16
1267.8
1177.23
1013.65
733.831
59.1784
40.1723
34.7672
34.5598
34.7512
34.6915
34.6307
34.5684
34.5042
34.4371
34.367
34.313
34.7677
34.7728
34.7753
34.7754
34.7749
34.7739
34.7712
34.7658
34.7568
34.744
34.7279
34.7094
34.6898
34.6702
34.652
34.6363
34.6241
34.616
34.6124
1301.25
1304.8
1304
1295.85
1285.69
1275.69
1265.85
1255.9
1245.94
1236.48
1228.4
1222.79
1221.01
1224.61
1235.46
1255.98
1288.36
1335.03
1389.32
1416
1419.24
1360.58
1374.42
18.9096
36.9637
37.6307
34.5659
34.7659
34.7703
34.7745
34.7755
34.7752
34.7745
34.7728
34.7689
34.7618
34.7508
34.7363
34.7188
34.6997
34.6799
34.6608
34.6437
34.6297
34.6195
34.6136
1427.43
1329.98
1253.38
1262.09
1283.22
1231.97
1105.12
893.786
34.7215
34.6613
34.5998
34.5367
34.471
34.4022
34.3271
34.2376
)
;
    }
    atmosphere
    {
        type            calculated;
        value           nonuniform List<scalar> 
92
(
-6.99714
-7.0006
-7.00699
-7.01468
-7.02371
-7.03395
-7.04529
-7.05783
-7.07134
-7.08476
-7.0966
-7.10612
-7.1127
-7.11396
-7.10644
-7.08757
-7.05361
-6.99875
-6.91752
-6.8038
-6.65063
-6.45518
-6.22359
-6.07459
-5.96082
-5.85712
-5.77488
-5.72904
-5.72904
-5.72904
-5.72904
-5.72904
-5.72904
-5.72904
-5.72904
-5.72904
-5.72904
-5.72904
-5.72904
-5.72904
-5.72904
-5.72904
-5.72904
-5.72904
-5.72904
-5.72904
-6.98144
-6.99749
-7.00362
-7.01063
-7.019
-7.02865
-7.03946
-7.0514
-7.06448
-7.07811
-7.0909
-7.10164
-7.10984
-7.11415
-7.11141
-7.09853
-7.07274
-7.02911
-6.96169
-6.86512
-6.73243
-6.55797
-6.34295
-6.13293
-6.01699
-5.90709
-5.81234
-5.73617
-5.72904
-5.72904
-5.72904
-5.72904
-5.72904
-5.72904
-5.72904
-5.72904
-5.72904
-5.72904
-5.72904
-5.72904
-5.72904
-5.72904
-5.72904
-5.72904
-5.72904
-5.72904
)
;
    }
    defaultFaces
    {
        type            empty;
    }
}


// ************************************************************************* //
