/*--------------------------------*- C++ -*----------------------------------*\
| =========                 |                                                 |
| \\      /  F ield         | OpenFOAM: The Open Source CFD Toolbox           |
|  \\    /   O peration     | Version:  v1912                                 |
|   \\  /    A nd           | Website:  www.openfoam.com                      |
|    \\/     M anipulation  |                                                 |
\*---------------------------------------------------------------------------*/
FoamFile
{
    version     2.0;
    format      ascii;
    class       volScalarField;
    location    "0.3";
    object      p_rgh;
}
// * * * * * * * * * * * * * * * * * * * * * * * * * * * * * * * * * * * * * //

dimensions      [1 -1 -2 0 0 0 0];


internalField   nonuniform List<scalar> 
9072
(
1300.95
1304.8
1304
1295.85
1285.69
1275.69
1265.85
1255.9
1245.94
1236.48
1228.4
1222.79
1221.01
1224.61
1235.46
1255.98
1288.36
1335.03
1389.32
1416
1419.24
1360.58
1374.42
1299.44
1303.88
1303.04
1294.98
1284.99
1275.1
1265.26
1255.26
1245.22
1235.68
1227.5
1221.78
1219.85
1223.26
1233.74
1253.14
1283.38
1325.02
1373.5
1410.89
1439.13
1323.85
1276.92
1296.76
1301.76
1300.85
1292.99
1283.37
1273.69
1263.87
1253.75
1243.54
1233.8
1225.39
1219.41
1217.16
1220.16
1230.04
1248.42
1276.54
1313.85
1354.84
1389.67
1417.92
1298.18
1236.52
1293
1298.51
1297.49
1289.96
1280.88
1271.49
1261.66
1251.36
1240.88
1230.84
1222.08
1215.68
1212.93
1215.29
1224.3
1241.36
1267.22
1300.78
1337.17
1367.52
1382.1
1325.14
1328.75
1288.29
1294.21
1293.09
1286.01
1277.56
1268.49
1258.62
1248.06
1237.23
1226.77
1217.53
1210.55
1207.11
1208.62
1216.53
1232.04
1255.58
1285.8
1318.37
1346.06
1361
1358.38
1439.56
1282.8
1289
1287.8
1281.27
1273.48
1264.69
1254.71
1243.83
1232.56
1221.58
1211.72
1204.01
1199.69
1200.14
1206.72
1220.52
1241.74
1269
1298.47
1324.41
1342.66
1364.07
1461.14
1276.72
1283.01
1281.76
1275.84
1268.67
1260.07
1249.91
1238.64
1226.86
1215.25
1204.63
1196.01
1190.61
1189.78
1194.83
1206.75
1225.69
1250.29
1277.18
1301.67
1321.54
1347.69
1420.49
1270.11
1276.4
1275.12
1269.8
1263.14
1254.62
1244.21
1232.49
1220.11
1207.75
1196.21
1186.5
1179.8
1177.45
1180.75
1190.66
1207.32
1229.49
1254.13
1277
1295.41
1313.41
1336.42
34.7657
34.7703
34.7745
34.7755
34.7752
34.7745
34.7728
34.7689
34.7618
34.7508
34.7363
34.7188
34.6997
34.6799
34.6608
34.6437
34.6297
34.6195
34.6136
34.7643
34.77
34.7745
34.7754
34.7751
34.7745
34.773
34.7693
34.7622
34.7513
34.7366
34.7191
34.6997
34.6797
34.6605
34.6432
34.6291
34.6188
34.6128
34.7616
34.7693
34.7747
34.7752
34.7748
34.7745
34.7734
34.7701
34.7633
34.7524
34.7376
34.7196
34.6997
34.6792
34.6595
34.6418
34.6272
34.6166
34.6105
34.7574
34.7679
34.7749
34.7749
34.7742
34.7744
34.7742
34.7715
34.765
34.7542
34.7391
34.7205
34.6998
34.6784
34.6579
34.6394
34.6241
34.613
34.6066
34.7506
34.7653
34.7754
34.7741
34.7733
34.7743
34.7752
34.7735
34.7676
34.7567
34.7412
34.7218
34.6999
34.6773
34.6556
34.636
34.6198
34.6079
34.6011
34.7407
34.7604
34.7761
34.7732
34.7719
34.774
34.7765
34.7761
34.7709
34.7601
34.7439
34.7234
34.7001
34.6759
34.6525
34.6314
34.614
34.6012
34.5938
34.7244
34.7474
34.7791
34.7714
34.7698
34.7736
34.7782
34.7795
34.7752
34.7643
34.7474
34.7255
34.7005
34.6742
34.6487
34.6258
34.6068
34.5928
34.5847
34.7683
34.7579
34.7819
34.7682
34.7665
34.7727
34.7803
34.7839
34.7805
34.7696
34.7516
34.728
34.7008
34.6722
34.6442
34.6189
34.5979
34.5824
34.5735
1256.84
1267.12
1265.83
1261.29
1255.13
1246.53
1235.68
1223.29
1210.03
1196.55
1183.64
1172.26
1163.58
1158.95
1159.65
1166.71
1180.4
1199.68
1221.73
1242.15
1255.41
1251.38
1169.91
1240.27
1250.39
1249.01
1245.14
1239.06
1229.87
1218
1204.21
1189.09
1173.21
1157.29
1142.23
1129.2
1119.58
1114.8
1116.25
1124.6
1139.37
1158.46
1176.13
1181.61
1154.62
1056.11
1222.95
1232.38
1230.46
1226.63
1219.91
1209.57
1196.26
1180.63
1163.04
1143.85
1123.72
1103.34
1084
1067.31
1054.73
1048.3
1049.68
1061.93
1081.25
1103.05
1115.38
1100.54
1045.52
1204.33
1213.22
1209.98
1205.75
1197.77
1185.68
1170.33
1152.48
1131.98
1109.1
1085.91
1061.38
1037.72
1015.65
992.96
948.302
900.822
909.389
988.575
1028.99
1057.88
1060.19
1043.81
1189.77
1191.55
1189.26
1183.66
1174.22
1160.43
1143.14
1124.59
1103.74
1054.52
903.829
598.908
259.351
32.5649
-2.24962
-2.54629
-2.62692
-2.34054
-2.00655
26.9183
305.051
881.139
1055.41
1162.33
1006.17
1060.53
987.827
870.55
687.669
423.318
189.784
14.7942
-2.22878
-2.72722
-2.67915
-2.79037
-2.92454
-2.87558
-2.92098
-3.08129
-3.12419
-2.90134
-2.61223
-2.20021
-2.90353
-0.448192
-2.58004
-2.44699
-2.46301
-2.48216
-2.47678
-2.36089
-2.34011
-2.39603
-2.3981
-2.45376
-2.71115
-2.9008
-3.02623
-3.11875
-3.12352
-3.10256
-3.13792
-1.69781
-1.24173
-1.45785
-2.70314
-3.69948
-4.20321
-2.57081
-2.48836
-2.50339
-2.51021
-2.50168
-2.47193
-2.45473
-2.46158
-2.46813
-2.44292
-2.17797
-3.18118
-3.33639
-3.45114
-3.48371
-3.44543
-3.45794
-2.57043
-3.41568
-3.71733
-3.86302
-4.05484
-4.29325
-2.62585
-2.5736
-2.56875
-2.57
-2.5701
-2.56833
-2.57261
-2.58455
-2.41216
-1.67465
-3.12954
-3.33708
-3.5224
-3.70897
-3.53335
-3.4553
-3.76536
-3.74276
-3.74972
-3.82768
-3.97216
-4.16101
-4.39224
-2.6759
-2.6397
-2.63673
-2.64155
-2.65189
-2.66811
-2.69423
-2.73503
-1.43332
-2.91616
-3.23668
-3.40992
-3.64925
-3.08498
-3.35323
-3.38098
-3.57047
-3.76322
-3.74765
-3.87193
-4.0414
-4.22965
-4.44971
-2.72615
-2.70032
-2.70422
-2.71534
-2.73454
-2.76378
-2.80722
-2.87262
-2.82934
-2.40346
-3.27885
-3.42501
-3.61368
-3.64572
-3.81839
-3.90502
-3.66685
-3.4547
-3.77061
-3.9134
-4.08541
-4.27898
-4.49318
-2.77926
-2.75888
-2.76881
-2.78581
-2.81172
-2.84889
-2.90084
-2.9733
-3.07508
-2.60594
-3.30904
-3.41463
-3.53021
-3.65018
-3.70246
-3.69135
-3.68489
-3.71185
-3.80674
-3.95643
-4.13356
-4.33049
-4.54094
-2.83403
-2.81618
-2.8299
-2.85102
-2.8812
-2.92227
-2.97651
-3.04638
-3.13381
-3.23518
-3.31602
-3.4124
-3.49643
-3.5714
-3.62486
-3.65477
-3.68623
-3.75381
-3.86813
-4.01972
-4.19812
-4.3954
-4.60284
-2.88756
-2.87126
-2.88691
-2.91032
-2.9428
-2.98546
-3.03931
-3.105
-3.18195
-3.266
-3.34815
-3.42526
-3.49727
-3.5615
-3.61675
-3.66944
-3.73416
-3.8256
-3.94925
-4.10301
-4.28199
-4.47864
-4.68568
-2.9374
-2.92272
-2.93903
-2.96359
-2.99707
-3.03999
-3.09267
-3.15498
-3.22562
-3.30136
-3.3774
-3.45075
-3.52059
-3.58705
-3.65293
-3.72428
-3.80962
-3.91626
-4.04777
-4.20474
-4.38502
-4.58336
-4.79468
-2.98199
-2.96926
-2.98568
-3.01064
-3.04444
-3.08718
-3.13877
-3.19874
-3.26571
-3.33735
-3.41085
-3.48435
-3.55771
-3.63212
-3.71067
-3.7981
-3.89976
-4.01959
-4.1598
-4.32201
-4.5068
-4.71168
-4.93235
-3.02034
-3.01009
-3.02649
-3.05159
-3.08538
-3.12787
-3.17878
-3.23747
-3.30282
-3.37326
-3.44726
-3.52398
-3.60375
-3.68794
-3.77923
-3.8814
-3.99803
-4.1311
-4.28176
-4.45267
-4.64692
-4.86374
-5.09909
-3.05228
-3.04485
-3.06116
-3.08628
-3.12011
-3.16252
-3.21326
-3.27179
-3.33724
-3.40867
-3.48541
-3.56732
-3.65487
-3.74922
-3.85277
-3.96891
-4.10027
-4.24755
-4.4114
-4.59533
-4.80403
-5.038
-5.29434
-3.0774
-3.0731
-3.08939
-3.11459
-3.1486
-3.19132
-3.24257
-3.3019
-3.36877
-3.44275
-3.52376
-3.61196
-3.70771
-3.81205
-3.92752
-4.05747
-4.204
-4.36725
-4.54742
-4.74811
-4.97533
-5.23128
-5.51492
-3.09538
-3.09461
-3.1109
-3.1363
-3.17076
-3.21418
-3.26645
-3.32735
-3.39666
-3.47435
-3.56056
-3.65542
-3.7593
-3.87365
-4.00133
-4.14539
-4.30773
-4.48844
-4.68713
-4.90726
-5.15634
-5.43852
-5.75536
-3.10577
-3.10879
-3.12531
-3.15115
-3.18629
-3.23072
-3.2845
-3.34766
-3.42024
-3.50231
-3.59395
-3.69534
-3.80746
-3.93239
-4.07274
-4.23091
-4.40895
-4.60751
-4.82619
-5.06831
-5.34228
-5.6546
-6.00998
-3.10866
-3.11555
-3.1324
-3.15882
-3.19485
-3.24065
-3.29644
-3.36242
-3.43865
-3.52508
-3.62184
-3.72975
-3.85063
-3.98665
-4.13941
-4.31081
-4.50394
-4.7209
-4.96148
-5.22806
-5.52923
-5.87421
-6.27077
-3.10373
-3.11475
-3.13194
-3.15896
-3.196
-3.24341
-3.30154
-3.37054
-3.45029
-3.54073
-3.64248
-3.75725
-3.8873
-4.03403
-4.19814
-4.38198
-4.59044
-4.82676
-5.09042
-5.38294
-5.71235
-6.08942
-6.52555
-3.09037
-3.10583
-3.12335
-3.15101
-3.18917
-3.23832
-3.29885
-3.37074
-3.4537
-3.54791
-3.65479
-3.77668
-3.9155
-4.07185
-4.24647
-4.44303
-4.66725
-4.92234
-5.20853
-5.52746
-5.88507
-6.2917
-6.75995
-3.06831
-3.08834
-3.10628
-3.13469
-3.17406
-3.22495
-3.28771
-3.36211
-3.44785
-3.54565
-3.65764
-3.78622
-3.93277
-4.09778
-4.28294
-4.49253
-4.73159
-5.00371
-5.31116
-5.65613
-6.04244
-6.47698
-6.96788
-3.03728
-3.06211
-3.08049
-3.10962
-3.1501
-3.20252
-3.2671
-3.34344
-3.43144
-3.53249
-3.64917
-3.78354
-3.93672
-4.10996
-4.30563
-4.52742
-4.77994
-5.06766
-5.39483
-5.76532
-6.1813
-6.64612
-7.16377
-2.99649
-3.0265
-3.04516
-3.07482
-3.11612
-3.16969
-3.23557
-3.3133
-3.40311
-3.50703
-3.6277
-3.76679
-3.92575
-4.10668
-4.31187
-4.54446
-4.80916
-5.11119
-5.45686
-5.85157
-6.2978
-6.79994
-7.36152
-2.9456
-2.98073
-2.99955
-3.02951
-3.07138
-3.12575
-3.19252
-3.27119
-3.36242
-3.46867
-3.59241
-3.7351
-3.89881
-4.08621
-4.2992
-4.54077
-4.81614
-5.13135
-5.49361
-5.91027
-6.38678
-6.93045
-7.55165
-2.88517
-2.92501
-2.94389
-2.97403
-3.01626
-3.0711
-3.13831
-3.21745
-3.30953
-3.41726
-3.54288
-3.68782
-3.85482
-4.04679
-4.26532
-4.5137
-4.79794
-5.12411
-5.50034
-5.93616
-6.43942
-7.02043
-7.69731
-2.81586
-2.86008
-2.87894
-2.90907
-2.95132
-3.00616
-3.07324
-3.15218
-3.24425
-3.35228
-3.47832
-3.62393
-3.79229
-3.98643
-4.20788
-4.4605
-4.75058
-5.08459
-5.47171
-5.92244
-6.44593
-7.05417
-7.76392
-2.7377
-2.78629
-2.80491
-2.83471
-2.87651
-2.93074
-2.99698
-3.07489
-3.16589
-3.27284
-3.39774
-3.54222
-3.70967
-3.90318
-4.12455
-4.3779
-4.66979
-5.00762
-5.40145
-5.86212
-6.40039
-7.02949
-7.75803
-2.65039
-2.70336
-2.72151
-2.75061
-2.79145
-2.84441
-2.90906
-2.98505
-3.07384
-3.17829
-3.30043
-3.44188
-3.60588
-3.79557
-4.01315
-4.26295
-4.55174
-4.88811
-5.28339
-5.7494
-6.30021
-6.95158
-7.71006
-2.55375
-2.61099
-2.62846
-2.6565
-2.69587
-2.74693
-2.80925
-2.88246
-2.96791
-3.06846
-3.18617
-3.32251
-3.48024
-3.66249
-3.87202
-4.11344
-4.39369
-4.72238
-5.11208
-5.57733
-6.13711
-6.8143
-7.6282
-2.44789
-2.50926
-2.52585
-2.55249
-2.5899
-2.63845
-2.69775
-2.76734
-2.8484
-2.94367
-3.05522
-3.18415
-3.3326
-3.50369
-3.70089
-3.92906
-4.19498
-4.50831
-4.88249
-5.33551
-5.89221
-6.58941
-7.47356
-2.33332
-2.3985
-2.41402
-2.43896
-2.47397
-2.51946
-2.57507
-2.64028
-2.71597
-2.8046
-2.90812
-3.02725
-3.16358
-3.32037
-3.50158
-3.71164
-3.95637
-4.24463
-4.58985
-5.01208
-5.54236
-6.2296
-7.15238
-2.21056
-2.27916
-2.29342
-2.3164
-2.34864
-2.39056
-2.44189
-2.50202
-2.57141
-2.65206
-2.74568
-2.85287
-2.97502
-3.11528
-3.27719
-3.46389
-3.67974
-3.93242
-4.23433
-4.60461
-5.0735
-5.6921
-6.55231
-2.08004
-2.15174
-2.16468
-2.18551
-2.21464
-2.25255
-2.29907
-2.35347
-2.4157
-2.48712
-2.56934
-2.66319
-2.76995
-2.89193
-3.03116
-3.18934
-3.36983
-3.57879
-3.8253
-4.12334
-4.49608
-4.98136
-5.64933
-1.9424
-2.01678
-2.02843
-2.04698
-2.07278
-2.10632
-2.14755
-2.19562
-2.24989
-2.31116
-2.38116
-2.46113
-2.55166
-2.65343
-2.76708
-2.89356
-3.0354
-3.19585
-3.37886
-3.59149
-3.84607
-4.16087
-4.5659
-1.79862
-1.8757
-1.88612
-1.90233
-1.92466
-1.95359
-1.98912
-2.03034
-2.07614
-2.12693
-2.18465
-2.25062
-2.32416
-2.40419
-2.49109
-2.58578
-2.6883
-2.79822
-2.91507
-3.03967
-3.17406
-3.32032
-3.47841
-1.64656
-1.72774
-1.73708
-1.75094
-1.7697
-1.79381
-1.82327
-1.85717
-1.89428
-1.93473
-1.98043
-2.0322
-2.08811
-2.14626
-2.20725
-2.27128
-2.33553
-2.39649
-2.45145
-2.49643
-2.52624
-2.53312
-2.50584
-1.49782
-1.57585
-1.5842
-1.59576
-1.611
-1.6302
-1.65334
-1.67974
-1.70836
-1.73913
-1.77322
-1.81072
-1.84929
-1.88705
-1.9241
-1.95881
-1.98709
-2.00456
-2.00628
-1.98536
-1.93298
-1.83901
-1.6923
-1.32219
-1.42837
-1.43598
-1.4455
-1.45748
-1.47199
-1.48902
-1.50827
-1.52932
-1.55178
-1.5754
-1.59951
-1.62266
-1.64314
-1.65958
-1.66895
-1.66725
-1.64993
-1.61095
-1.54176
-1.43333
-1.27642
-1.06318
489.78
79.9306
57.5676
35.9481
864.254
705.18
578.347
638.296
955.621
901.726
860.323
820.684
1010.6
988.678
969.042
951.969
1056.47
1052.2
1048.88
1045.24
131.871
328.673
610.232
896.692
-4.52767
-4.65403
-4.83051
-5.12619
-4.58326
-4.76783
-4.94123
-5.11691
-4.63501
-4.78683
-4.94324
-5.09499
-4.66498
-4.79257
-4.92005
-5.0427
-4.69175
-4.80745
-4.92313
-5.03591
-4.73045
-4.841
-4.95278
-5.06157
-4.78902
-4.8988
-5.00931
-5.11523
-4.87352
-4.98406
-5.09339
-5.19888
-4.98768
-5.0998
-5.21064
-5.32075
-5.13461
-5.25208
-5.36992
-5.48862
-5.31753
-5.44602
-5.57596
-5.70746
-5.53656
-5.68092
-5.82896
-5.98043
-5.7883
-5.95392
-6.12669
-6.30515
-6.06715
-6.25895
-6.46068
-6.67177
-6.36431
-6.58369
-6.81756
-7.06759
-6.66951
-6.91739
-7.1866
-7.48114
-6.96747
-7.2436
-7.54725
-7.88822
-7.2318
-7.52539
-7.85353
-8.2378
-7.44419
-7.72409
-8.01776
-8.33032
-7.64776
-7.91682
-8.176
-8.41659
-7.88978
-8.18643
-8.4801
-8.76353
-8.16636
-8.53435
-8.93478
-9.37227
-8.39685
-8.84335
-9.36706
-10.0218
-8.49056
-8.94583
-9.4705
-10.0964
-8.47424
-8.89309
-9.33681
-9.77699
-8.445
-8.86639
-9.29384
-9.62099
-8.44545
-8.93392
-9.45089
-9.84438
-8.43634
-9.05832
-9.74506
-10.3765
-8.27399
-9.0615
-10.0496
-11.2298
-7.67852
-8.52092
-9.64506
-11.2039
-6.51724
-7.15942
-7.99967
-9.16942
-5.04393
-5.36239
-5.73805
-6.16578
-3.62454
-3.69873
-3.7649
-3.80679
-2.43976
-2.38115
-2.30267
-2.19927
-1.51469
-1.39883
-1.27042
-1.13201
-0.833308
-0.696183
-0.556899
-0.424012
34.9506
34.7943
34.7717
34.7604
34.7602
34.771
34.7839
34.7909
34.7889
34.7778
34.7581
34.7319
34.7012
34.6689
34.6371
34.6082
34.5841
34.5664
34.5563
34.7202
34.8283
34.8314
34.7481
34.7364
34.7655
34.7934
34.8076
34.8084
34.7964
34.7729
34.7402
34.7018
34.6611
34.6212
34.5846
34.5537
34.5309
34.5177
780.705
678.16
75.9448
34.6679
34.6598
34.7523
34.8147
34.8329
34.8366
34.823
34.7933
34.751
34.7016
34.6497
34.5988
34.5517
34.5117
34.4817
34.4642
931.686
899.217
886.238
695.106
45.3411
34.6686
34.8748
34.8647
34.8761
34.8605
34.8212
34.7639
34.6993
34.6329
34.5676
34.5066
34.4541
34.4143
34.3909
1040.58
1031.38
1023.74
1015.75
1012.46
477.684
34.9869
34.9379
34.9249
34.9158
34.8594
34.7767
34.6919
34.6078
34.5244
34.445
34.3755
34.3223
34.291
1139.83
1139.06
1139.09
1142.65
1143.67
1146.79
1108.59
71.6873
34.85
35.0247
34.9087
34.7809
34.6735
34.5705
34.4648
34.3609
34.2683
34.1969
34.1547
-5.05283
93.6924
569.411
1258.86
1258.54
1262.78
1270.11
1269.37
578.176
35.499
34.9318
34.7541
34.6354
34.5175
34.3835
34.2456
34.1209
34.0246
33.9676
-5.32446
-5.57726
-5.6726
-5.64427
144.867
1192.72
1381.47
1385.32
1393.86
1110.04
35.6079
34.6623
34.5737
34.4469
34.2727
34.0854
33.9158
33.7858
33.7094
-5.26783
-5.48856
-5.68274
-5.8848
-6.04797
-6.14474
38.9825
1224.54
1499.72
1514.79
1245.14
37.105
34.5295
34.3609
34.1164
33.8565
33.6256
33.4521
33.3516
-5.19512
-5.41578
-5.62572
-5.82536
-6.01383
-6.1822
-6.31114
-6.39736
224.143
1619.3
1627.13
948.368
36.5554
34.2664
33.8766
33.5163
33.209
32.9842
32.8562
-5.1776
-5.39374
-5.60409
-5.80681
-5.9958
-6.16095
-6.29283
-6.38414
-6.4004
40.2457
1711.81
1720.71
228.115
34.587
33.4782
32.9948
32.6062
32.3305
32.1766
-5.19731
-5.41215
-5.62556
-5.82954
-6.0152
-6.17528
-6.30242
-6.39378
-6.46956
-6.6186
260.56
1799.53
1382.12
38.3356
32.8721
32.1887
31.7398
31.4302
31.2606
-5.24868
-5.46784
-5.68611
-5.89277
-6.0769
-6.23108
-6.34965
-6.43357
-6.49427
-6.54945
-6.53779
1456.25
1824
112.766
32.1332
30.9716
30.5241
30.223
30.0606
-5.33659
-5.56579
-5.7912
-6.00212
-6.18765
-6.33739
-6.44186
-6.50275
-6.53002
-6.53558
-6.53369
253.218
1886.68
643.399
31.5325
29.2147
28.8903
28.6701
28.5492
-5.46741
-5.71142
-5.94994
-6.17111
-6.36308
-6.50964
-6.59807
-6.62251
-6.59967
-6.57004
-6.54391
-6.81491
1870
1244.22
30.6187
26.8685
26.8366
26.7812
26.7379
-5.64747
-5.91514
-6.17824
-6.42142
-6.62844
-6.77921
-6.84684
-6.81613
-6.71838
-6.61416
-6.5534
-6.66672
1779.29
1299.83
28.1141
24.2203
24.4965
24.6322
24.6844
-5.88487
-6.19092
-6.49491
-6.77646
-7.01734
-7.18954
-7.2342
-7.11747
-6.90175
-6.68347
-6.50069
-6.35043
1629.29
1183.46
24.5626
21.5259
22.0355
22.3376
22.4802
-6.18566
-6.54962
-6.91778
-7.27641
-7.61163
-7.86514
-7.89237
-7.63539
-7.21851
-6.80039
-6.48594
-6.29292
1633.2
953.214
20.2639
18.8264
19.5566
20.0063
20.2307
-6.54928
-6.99983
-7.49032
-8.06181
-8.66831
-9.09979
-9.00248
-6.97685
-7.84532
-7.05486
-6.53407
-6.44683
1651.74
639.983
15.306
16.1641
17.1679
17.7454
18.0353
-6.96853
-7.54243
-8.24833
-9.10227
-9.99547
-10.7377
-10.6203
-7.59423
-7.8531
-7.59595
-6.65751
116.348
1677.58
144.877
12.7864
13.9646
15.0137
15.6505
15.9784
-7.42768
-8.15289
-9.05666
-9.94176
-10.7928
-9.91832
-12.2565
-9.09263
-7.80214
-8.35298
-7.23661
1431.23
1458.66
14.6932
11.456
12.1744
13.1414
13.7746
14.1117
-7.9143
-8.85594
-9.82451
-10.5087
-12.2213
-11.4548
-13.9145
-11.0071
-8.98799
-9.31974
155.826
1539.73
396.15
10.2664
9.49602
10.5991
11.5205
12.1262
12.4519
-8.40822
-9.74689
-10.3248
-10.7667
-4.20273
-14.6378
-15.2105
-14.391
-12.36
-9.81907
1430.29
1100.17
14.7011
8.66
8.16209
9.30808
10.1413
10.6981
10.9962
-8.89507
-9.57424
-10.1669
-11.2548
-2.36085
-15.2071
-15.2967
-14.4314
-12.9103
1222.06
1316.28
21.4082
6.25687
6.08752
7.27005
8.24369
8.97377
9.47069
9.73677
-8.80776
2.38218
-3.6002
-12.8333
-4.40845
-14.6796
-14.661
-14.4536
991.72
1253.86
46.2498
5.62099
4.50689
5.512
6.52417
7.35127
7.98236
8.41568
8.65046
-8.66839
-3.92535
-4.90315
-11.5309
7.91816
-14.0852
-14.5068
829.299
1161.66
88.2787
5.0305
3.25802
4.08574
5.04711
5.89044
6.59165
7.13249
7.50643
7.7109
-9.11479
-9.49556
-7.2415
-10.956
174.319
-14.6858
497.892
1052.18
84.9694
4.11195
2.32051
2.95676
3.82241
4.63377
5.34283
5.9358
6.39704
6.71753
6.89374
-9.92145
-10.0402
45.308
-11.4027
-11.4128
876.227
959.909
123.139
3.27893
1.68017
2.13039
2.85313
3.58945
4.26621
4.86208
5.36126
5.75271
6.02661
6.17797
-10.3156
198.019
206.581
-9.99118
-4.09324
926.701
476.26
2.94528
1.1347
1.50141
2.10615
2.74612
3.36414
3.93218
4.43162
4.85037
5.18254
5.41444
5.54341
-10.2348
221.094
29.3988
-5.92154
-9.63758
12.4535
-0.529859
-0.0847395
0.773728
1.4574
2.05711
2.62222
3.14661
3.62278
4.03948
4.39107
4.67027
4.86492
4.97358
-9.16858
-6.83929
0.121278
-3.11293
-5.6076
-6.2763
-2.469
-0.337365
0.75603
1.44348
1.9985
2.48942
2.93347
3.33131
3.67857
3.97148
4.20322
4.36562
4.45613
-8.93491
-8.88451
13.4698
-1.10218
-1.99057
-1.88667
-0.740875
0.237553
0.934831
1.47692
1.93821
2.35042
2.72111
3.0514
3.3404
3.58244
3.77286
3.90661
3.98116
-9.97215
-9.94126
1877.94
0.632284
-0.383399
-0.250787
0.217956
0.689169
1.11816
1.50831
1.86911
2.20198
2.50547
2.77785
3.01614
3.21555
3.37209
3.48052
3.54123
-10.6926
-10.4432
2021.68
906.685
-0.485357
0.544164
0.790451
0.993976
1.2402
1.50864
1.77967
2.04104
2.28623
2.50721
2.6998
2.86435
2.99343
3.08153
3.13068
-12.9955
55.9394
2067.72
2105.33
19.3407
1.29287
1.1443
1.15298
1.27964
1.46183
1.66299
1.86617
2.0618
2.23757
2.39097
2.5239
2.6304
2.70291
2.74179
-13.802
7.85136
2132.54
681.796
18.9886
1.55364
1.2281
1.17038
1.2395
1.36712
1.51766
1.67438
1.82771
1.96732
2.08806
2.19251
2.27774
2.33678
2.36724
-11.4141
-9.13189
4.4029
2.94146
0.652494
1.10134
1.07382
1.07441
1.13498
1.23208
1.34582
1.46489
1.5831
1.6924
1.78803
1.86825
1.93233
1.97831
2.00297
-6.8675
-7.54965
-5.21134
-1.27782
0.268183
0.754675
0.870384
0.926617
0.988581
1.06493
1.1514
1.24109
1.32907
1.41234
1.48634
1.54727
1.5935
1.62664
1.64572
-3.84176
-3.46437
-2.04253
-0.566376
0.241436
0.566962
0.695776
0.762201
0.815886
0.873632
0.937754
1.0037
1.06792
1.12702
1.18056
1.22567
1.25858
1.28087
1.29334
-2.02993
-1.53306
-0.811157
-0.15203
0.248405
0.445119
0.536338
0.58628
0.62489
0.663834
0.706955
0.753618
0.797825
0.836756
0.871369
0.901097
0.92362
0.938665
0.946624
-0.940619
-0.585627
-0.23144
0.0518622
0.228993
0.321894
0.368318
0.394101
0.414768
0.437943
0.463315
0.490247
0.517769
0.540967
0.559224
0.574623
0.587463
0.598143
0.605234
-0.276415
-0.11233
0.00545287
0.0886629
0.138088
0.163215
0.174534
0.181015
0.188235
0.196782
0.206027
0.216844
0.228246
0.237693
0.244195
0.24869
0.252965
0.258997
0.265021
1302.43
1305.49
1300.49
1290.8
1280.66
1270.77
1260.9
1250.9
1241.1
1232.2
1225.2
1221.33
1222.03
1228.99
1244.37
1270.51
1309.89
1362.62
1409
1416.22
1410.82
1321.46
1442.12
1301.52
1304.57
1299.56
1290.02
1280.02
1270.19
1260.29
1250.22
1240.34
1231.35
1224.25
1220.25
1220.79
1227.51
1242.23
1266.82
1302.86
1349.09
1395.6
1422.87
1423.69
1238.77
1403.07
1299.43
1302.42
1297.41
1288.22
1278.53
1268.82
1258.85
1248.63
1238.57
1229.37
1222.02
1217.73
1217.91
1224.13
1238.08
1261.23
1294.23
1334.52
1373.39
1404.59
1403.22
1208.1
1381.53
1296.21
1299.11
1294.15
1285.47
1276.23
1266.64
1256.56
1246.11
1235.76
1226.24
1218.51
1213.76
1213.37
1218.87
1231.75
1253.19
1283.23
1319.11
1353.71
1377.58
1371.25
1274.3
1452.96
1291.95
1294.74
1289.91
1281.86
1273.12
1263.65
1253.4
1242.64
1231.91
1221.94
1213.68
1208.31
1207.16
1211.69
1223.28
1242.83
1270.05
1302.2
1333.33
1355.59
1362.44
1375.46
1533.37
1286.77
1289.44
1284.82
1277.48
1269.23
1259.84
1249.35
1238.21
1226.99
1216.45
1207.52
1201.34
1199.23
1202.58
1212.68
1230.24
1254.8
1283.8
1312.25
1334.56
1351.11
1397.14
1540.97
1280.83
1283.37
1279.02
1272.4
1264.57
1255.16
1244.38
1232.78
1220.99
1209.76
1200
1192.83
1189.54
1191.49
1199.9
1215.38
1237.45
1263.73
1290
1312.04
1332.26
1375.74
1472.99
1274.32
1276.68
1272.64
1266.66
1259.14
1249.62
1238.47
1226.34
1213.88
1201.82
1191.06
1182.69
1178
1178.32
1184.84
1198.18
1217.87
1241.76
1266.04
1286.75
1303.88
1324.77
1320.51
34.7677
34.7728
34.7753
34.7754
34.7749
34.7739
34.7712
34.7658
34.7568
34.744
34.7279
34.7094
34.6898
34.6702
34.652
34.6363
34.6241
34.616
34.6124
34.767
34.7728
34.7753
34.7753
34.7748
34.7739
34.7715
34.7662
34.7572
34.7444
34.7281
34.7095
34.6897
34.6699
34.6515
34.6357
34.6234
34.6152
34.6116
34.7652
34.7728
34.7753
34.7749
34.7746
34.7742
34.7722
34.7672
34.7583
34.7454
34.7289
34.7098
34.6894
34.6692
34.6503
34.6341
34.6214
34.6129
34.6093
34.762
34.7728
34.7752
34.7744
34.7742
34.7745
34.7732
34.7688
34.7602
34.7471
34.7301
34.7103
34.6891
34.668
34.6483
34.6313
34.618
34.6092
34.6053
34.7561
34.773
34.7751
34.7734
34.7737
34.7749
34.7747
34.7711
34.7628
34.7495
34.7319
34.711
34.6886
34.6662
34.6454
34.6274
34.6132
34.6038
34.5997
34.7452
34.773
34.775
34.772
34.7727
34.7754
34.7768
34.7742
34.7662
34.7526
34.7341
34.712
34.688
34.664
34.6416
34.6222
34.607
34.5968
34.5922
34.7227
34.7734
34.7751
34.7697
34.7713
34.7761
34.7795
34.7782
34.7706
34.7566
34.7369
34.7132
34.6874
34.6613
34.6368
34.6157
34.5991
34.5879
34.5831
34.7302
34.7738
34.7744
34.7659
34.769
34.7767
34.7829
34.7831
34.776
34.7614
34.7404
34.7147
34.6865
34.658
34.6311
34.6078
34.5894
34.5771
34.5716
1265.41
1267.24
1263.72
1258.48
1251.14
1241.35
1229.64
1216.73
1203.27
1189.97
1177.69
1167.5
1160.68
1158.56
1162.35
1172.75
1189.47
1210.6
1232.46
1250.07
1256.66
1226.97
913.231
1249.26
1250.28
1247.25
1242.47
1234.85
1224.22
1211.3
1196.78
1181.2
1165.2
1149.59
1135.38
1123.87
1116.49
1114.68
1119.58
1131.23
1148.64
1167.99
1181.32
1173.83
1116.99
976.601
1232.06
1231.78
1228.79
1223.73
1215.16
1203.24
1188.71
1172.07
1153.6
1133.86
1113.52
1093.43
1075.24
1060.36
1050.66
1047.86
1054.66
1070.95
1092.28
1111.64
1112.15
1079.37
999.018
1214.03
1211.62
1208.2
1202.3
1192.2
1178.34
1161.71
1142.59
1120.64
1097.55
1073.88
1049.28
1026.5
1004.88
973.934
922.026
899.943
946.744
1007.16
1048.11
1060.92
1054.96
1026.88
1192.72
1191.22
1186.89
1179.41
1167.99
1151.9
1134.09
1114.55
1087.04
994.803
777.666
417.828
136.98
-2.30325
-2.39365
-2.62331
-2.48735
-2.28366
0.590819
125.599
565.519
1048.01
1058.29
1131.42
1056.77
1033.17
934.206
791.853
553.441
300.1
97.8003
-1.89923
-2.53015
-2.73105
-2.70145
-2.88412
-2.90807
-2.87893
-2.99244
-3.13456
-3.03406
-2.76163
-2.43545
-1.84389
-3.23722
43.2785
-2.02743
-2.46161
-2.47435
-2.48484
-2.44188
-2.3267
-2.37072
-2.40855
-2.39878
-2.57035
-2.83052
-2.96108
-3.08306
-3.12979
-3.11264
-3.10049
-3.1848
-1.30542
-1.26753
-2.43118
-3.00108
-4.04848
-4.38834
-2.50409
-2.49656
-2.50841
-2.50838
-2.48888
-2.45904
-2.45729
-2.46557
-2.49953
-2.10853
-2.80485
-3.26252
-3.40138
-3.47896
-3.46994
-3.42623
-3.50328
-2.67147
-3.67815
-3.78296
-3.95481
-4.16543
-4.44478
-2.59064
-2.56958
-2.56914
-2.57043
-2.56913
-2.56919
-2.57753
-2.58792
-1.43965
-2.07778
-3.26024
-3.42521
-3.62066
-3.69019
-3.33767
-3.73976
-3.74342
-3.74231
-3.77819
-3.89337
-4.06162
-4.27076
-4.5257
-2.64622
-2.63695
-2.63835
-2.6461
-2.65915
-2.67983
-2.71239
-2.70491
-1.57182
-3.16471
-3.31696
-3.52066
-3.17578
-3.24357
-3.40083
-3.24405
-3.84945
-3.73388
-3.79915
-3.95795
-4.13157
-4.33579
-4.57029
-2.6996
-2.70154
-2.70883
-2.72387
-2.7477
-2.7834
-2.83641
-2.91647
-1.60223
-3.18293
-3.34746
-3.51304
-3.72649
-3.66846
-3.92893
-3.83403
-3.50315
-3.57431
-3.83685
-3.99679
-4.17938
-4.38386
-4.60549
-2.75447
-2.76325
-2.77632
-2.79752
-2.82871
-2.87271
-2.93377
-3.01918
-3.13871
-3.0118
-3.36038
-3.47138
-3.59023
-3.68514
-3.71418
-3.68048
-3.6949
-3.74998
-3.87704
-4.04229
-4.22987
-4.43445
-4.64857
-2.81056
-2.82239
-2.8394
-2.86488
-2.90025
-2.94758
-3.00935
-3.08765
-3.18375
-3.2822
-3.36776
-3.45496
-3.5359
-3.60147
-3.64188
-3.66782
-3.71414
-3.80548
-3.94006
-4.10607
-4.29494
-4.4982
-4.7084
-2.86557
-2.8783
-2.89753
-2.92536
-2.96278
-3.01093
-3.07067
-3.14223
-3.22357
-3.30792
-3.38739
-3.46213
-3.53069
-3.59005
-3.64265
-3.69924
-3.77594
-3.88342
-4.02264
-4.18975
-4.37862
-4.58106
-4.79194
-2.91735
-2.92991
-2.95024
-2.97917
-3.01732
-3.0651
-3.12266
-3.18942
-3.26314
-3.33965
-3.41443
-3.48616
-3.55413
-3.61977
-3.68741
-3.76467
-3.85996
-3.97882
-4.12313
-4.29222
-4.4823
-4.68754
-4.90401
-2.96412
-2.97645
-2.99705
-3.02643
-3.0647
-3.11188
-3.16777
-3.23147
-3.30112
-3.37403
-3.44763
-3.52101
-3.59464
-3.67061
-3.75293
-3.84686
-3.95724
-4.08704
-4.23806
-4.41165
-4.607
-4.82022
-5.04698
-3.00514
-3.01721
-3.03795
-3.0674
-3.10555
-3.1523
-3.20721
-3.2694
-3.33751
-3.40989
-3.48528
-3.56343
-3.64516
-3.73248
-3.82871
-3.93774
-4.06245
-4.2041
-4.36443
-4.54681
-4.75276
-4.97919
-5.22245
-3.03999
-3.05191
-3.07263
-3.10212
-3.14025
-3.18688
-3.2416
-3.30371
-3.37226
-3.4464
-3.5257
-3.61034
-3.70108
-3.79964
-3.90906
-4.0326
-4.17192
-4.32725
-4.50053
-4.69644
-4.91801
-5.16336
-5.43045
-3.06833
-3.08014
-3.10088
-3.1305
-3.16888
-3.2159
-3.27126
-3.33443
-3.40489
-3.48237
-3.56695
-3.65886
-3.75868
-3.86818
-3.9905
-4.12862
-4.28356
-4.4551
-4.64483
-4.85812
-5.09979
-5.36945
-5.66766
-3.08988
-3.10162
-3.12247
-3.15241
-3.19136
-3.23922
-3.29583
-3.36096
-3.43445
-3.51638
-3.6069
-3.70617
-3.815
-3.93562
-4.07116
-4.22423
-4.39586
-4.58545
-4.79404
-5.02779
-5.29324
-5.5921
-5.92865
-3.10404
-3.11589
-3.13706
-3.16756
-3.20734
-3.25644
-3.3149
-3.38277
-3.46008
-3.54693
-3.64339
-3.74994
-3.86816
-4.00049
-4.14945
-4.31736
-4.50572
-4.71424
-4.94386
-5.2008
-5.49337
-5.82627
-6.2064
-3.11072
-3.12279
-3.14441
-3.17563
-3.21651
-3.26728
-3.32815
-3.39926
-3.48059
-3.57214
-3.6743
-3.78843
-3.91664
-4.06084
-4.22261
-4.40447
-4.60941
-4.83825
-5.09109
-5.37367
-5.69581
-6.06525
-6.49149
-3.10985
-3.12214
-3.1442
-3.1762
-3.21838
-3.27111
-3.33468
-3.40909
-3.49416
-3.5901
-3.69809
-3.82025
-3.95854
-4.11384
-4.28731
-4.48281
-4.70513
-4.95522
-5.23267
-5.54242
-5.89422
-6.29916
-6.76977
-3.10088
-3.11336
-3.13589
-3.16875
-3.21234
-3.26715
-3.33339
-3.41084
-3.49934
-3.59963
-3.71371
-3.84391
-3.99148
-4.15674
-4.34162
-4.55141
-4.79092
-5.06147
-5.36371
-5.70082
-6.0815
-6.51716
-7.02149
-3.08332
-3.09605
-3.11915
-3.15297
-3.19803
-3.25485
-3.32349
-3.40356
-3.49513
-3.5997
-3.71974
-3.85722
-4.01292
-4.18761
-4.38436
-4.60814
-4.8633
-5.15296
-5.47876
-5.84371
-6.25319
-6.71487
-7.23572
-3.05701
-3.07002
-3.09368
-3.1284
-3.17479
-3.23331
-3.30383
-3.38594
-3.48018
-3.58872
-3.71406
-3.85773
-4.02071
-4.2048
-4.41301
-4.6495
-4.91918
-5.22606
-5.57442
-5.96761
-6.40711
-6.89851
-7.43919
-3.02135
-3.03453
-3.05858
-3.09397
-3.14135
-3.20112
-3.27298
-3.35661
-3.45313
-3.56515
-3.69487
-3.84366
-4.01333
-4.20611
-4.42442
-4.6725
-4.95518
-5.27805
-5.64804
-6.06793
-6.5416
-7.0732
-7.66156
-2.97558
-2.98882
-3.01309
-3.0489
-3.09699
-3.15762
-3.23037
-3.31511
-3.41349
-3.52826
-3.66128
-3.81415
-3.98944
-4.18935
-4.41612
-4.67392
-4.96825
-5.3062
-5.69469
-6.14075
-6.64962
-7.23041
-7.89451
-2.91985
-2.93312
-2.9575
-2.99359
-3.04209
-3.1032
-3.17638
-3.26172
-3.36127
-3.47775
-3.61279
-3.76836
-3.94757
-4.1526
-4.38547
-4.65091
-4.95539
-5.30533
-5.7103
-6.17888
-6.7192
-7.34545
-8.08123
-2.85495
-2.86818
-2.89254
-2.92863
-2.97717
-3.03822
-3.1112
-3.1964
-3.29611
-3.41297
-3.54852
-3.70504
-3.88603
-4.0936
-4.32989
-4.6005
-4.91161
-5.27078
-5.68864
-6.17431
-6.73873
-7.3948
-8.1658
-2.78119
-2.79427
-2.81836
-2.85407
-2.90208
-2.9624
-3.03444
-3.11858
-3.21721
-3.33297
-3.46735
-3.62284
-3.80307
-4.0102
-4.24684
-4.51863
-4.83236
-5.19687
-5.62276
-6.12082
-6.70282
-7.38096
-8.16131
-2.69831
-2.71111
-2.73465
-2.76952
-2.81642
-2.87532
-2.9456
-3.02767
-3.12395
-3.23707
-3.36856
-3.52083
-3.69739
-3.90067
-4.13366
-4.40197
-4.71332
-5.07768
-5.50675
-6.01313
-6.61266
-7.31748
-8.12644
-2.60603
-2.61843
-2.64111
-2.67473
-2.71994
-2.77673
-2.84446
-2.92348
-3.01613
-3.12509
-3.25187
-3.3985
-3.56815
-3.76362
-3.98836
-4.2482
-4.55123
-4.90877
-5.33416
-5.84401
-6.45978
-7.20359
-8.08699
-2.50446
-2.5163
-2.53787
-2.56981
-2.61279
-2.66681
-2.73124
-2.80628
-2.89409
-2.99734
-3.11742
-3.25575
-3.41511
-3.59878
-3.81072
-4.05678
-4.34497
-4.68676
-5.09768
-5.59838
-6.22072
-7.00536
-7.99988
-2.39393
-2.40506
-2.42528
-2.45518
-2.49542
-2.54605
-2.60647
-2.67668
-2.75851
-2.85444
-2.96567
-3.09309
-3.23918
-3.40766
-3.6027
-3.8292
-4.09433
-4.40909
-4.78956
-5.26128
-5.86209
-6.65564
-7.74271
-2.27485
-2.28519
-2.30383
-2.33135
-2.36839
-2.41509
-2.47087
-2.53545
-2.61019
-2.6972
-2.79753
-2.9119
-3.04266
-3.19333
-3.36722
-3.56781
-3.80081
-4.07621
-4.4094
-4.82424
-5.35943
-6.08378
-7.13439
-2.14779
-2.15729
-2.17417
-2.19902
-2.23249
-2.27478
-2.32532
-2.38355
-2.45015
-2.52682
-2.61476
-2.71482
-2.82889
-2.95931
-3.10771
-3.27649
-3.47029
-3.6966
-3.9667
-4.29851
-4.72129
-5.28558
-6.10145
-2.01344
-2.02195
-2.03693
-2.05896
-2.08857
-2.12602
-2.17079
-2.22197
-2.27955
-2.34497
-2.41985
-2.50504
-2.6011
-2.70873
-2.82862
-2.96231
-3.11316
-3.28419
-3.48079
-3.7126
-3.99448
-4.34905
-4.82307
-1.87312
-1.88053
-1.89358
-1.9127
-1.93828
-1.97057
-2.0091
-2.05269
-2.10081
-2.1548
-2.2166
-2.28652
-2.36339
-2.44668
-2.53744
-2.63614
-2.74229
-2.85584
-2.97625
-3.10553
-3.24561
-3.39781
-3.56319
-1.72598
-1.73229
-1.74348
-1.75967
-1.78107
-1.8079
-1.83975
-1.87537
-1.91399
-1.95681
-2.00563
-2.05979
-2.1169
-2.17634
-2.23897
-2.30366
-2.36658
-2.42488
-2.47558
-2.51352
-2.53325
-2.52455
-2.47491
-1.57484
-1.58001
-1.58954
-1.6029
-1.6201
-1.6413
-1.66621
-1.69382
-1.72342
-1.7557
-1.79166
-1.83005
-1.86826
-1.90572
-1.942
-1.97394
-1.99756
-2.00778
-1.99909
-1.96383
-1.8918
-1.77296
-1.59663
-1.42692
-1.43209
-1.44043
-1.45117
-1.46441
-1.4802
-1.49839
-1.5186
-1.54038
-1.56346
-1.58746
-1.61131
-1.63334
-1.6521
-1.66535
-1.66976
-1.66083
-1.63365
-1.58069
-1.49299
-1.36155
-1.17704
-0.935686
488.798
82.8005
36.7523
35.3058
771.73
648.885
558.759
409.024
926.854
880.019
841.636
802.409
999.446
978.546
960.221
943.748
1054.15
1050.57
1047.06
1043.57
215.79
461.366
749.077
1127.81
-4.59349
-4.73059
-4.98795
-5.18433
-4.67791
-4.85434
-5.02964
-5.19586
-4.70968
-4.86497
-5.02053
-5.16538
-4.72827
-4.85674
-4.98218
-5.10183
-4.74918
-4.86558
-4.98008
-5.09046
-4.78514
-4.89712
-5.00781
-5.11369
-4.84329
-4.95444
-5.06297
-5.16608
-4.92837
-5.03919
-5.14653
-5.25096
-5.04347
-5.15546
-5.26572
-5.3761
-5.19298
-5.31102
-5.42915
-5.54846
-5.38125
-5.51087
-5.64148
-5.77406
-5.60794
-5.75452
-5.90435
-6.05725
-5.8699
-6.03952
-6.21536
-6.39605
-6.16144
-6.35864
-6.56504
-6.7812
-6.47195
-6.69872
-6.94047
-7.19904
-6.79084
-7.04906
-7.33081
-7.63843
-7.10236
-7.39143
-7.71299
-8.0782
-7.37481
-7.68408
-8.03674
-8.46311
-7.58231
-7.86901
-8.17051
-8.49738
-7.78275
-8.04813
-8.2993
-8.51752
-8.03802
-8.33464
-8.62158
-8.89349
-8.3476
-8.72962
-9.14846
-9.59023
-8.6129
-9.09208
-9.67979
-10.3889
-8.71051
-9.19889
-9.77455
-10.4162
-8.6804
-9.11172
-9.55379
-9.52488
-8.65419
-9.07639
-9.50354
-9.58795
-8.68251
-9.19479
-9.69979
-9.80509
-8.73651
-9.39418
-10.1035
-10.3324
-8.65025
-9.52374
-10.6209
-11.9374
-8.07184
-9.04245
-10.3533
-12.1676
-6.81764
-7.54855
-8.53469
-9.90737
-5.19669
-5.54248
-5.94674
-6.39949
-3.66211
-3.73388
-3.78942
-3.82279
-2.41257
-2.34477
-2.25415
-2.14058
-1.45845
-1.33606
-1.20212
-1.06115
-0.765445
-0.626327
-0.489013
-0.364202
34.6694
34.7377
34.7666
34.7589
34.7647
34.7778
34.7884
34.791
34.7845
34.7689
34.7457
34.7169
34.6851
34.6528
34.6222
34.5955
34.5744
34.5604
34.5542
34.9731
34.7568
34.7387
34.738
34.7509
34.7805
34.8023
34.8097
34.804
34.786
34.7575
34.7215
34.6816
34.6409
34.6023
34.5683
34.5412
34.523
34.515
729.589
246.035
34.5731
34.6535
34.7401
34.7895
34.8258
34.8369
34.8319
34.81
34.7734
34.7269
34.6758
34.624
34.5746
34.5306
34.4953
34.4713
34.4606
914.784
892.471
870.105
155.119
34.7648
34.8755
34.8494
34.8757
34.8709
34.8438
34.7941
34.732
34.6661
34.6
34.5364
34.479
34.4323
34.4003
34.3861
1036.22
1027.5
1021.37
1016.62
962.267
65.8931
34.7375
34.9473
34.9227
34.8936
34.8191
34.7342
34.6498
34.5659
34.4839
34.4086
34.3465
34.3037
34.2846
1139.34
1138.44
1141.08
1143.07
1144.28
1146.35
594.133
35.28
35.0141
34.9771
34.8415
34.7257
34.6223
34.5179
34.4121
34.3125
34.2294
34.1718
34.146
2.22651
265.863
1112.82
1258.26
1259.49
1267.47
1271.53
1205.83
58.5161
35.0928
34.8295
34.6916
34.5785
34.452
34.314
34.1806
34.0684
33.9907
33.9559
-5.46511
-5.64849
-5.73885
20.2072
477.53
1383.48
1381.93
1390.51
1394.11
244.382
34.8326
34.6135
34.5178
34.3637
34.1785
33.9969
33.8448
33.7403
33.6937
-5.38287
-5.58991
-5.789
-5.97196
-6.09141
-6.00249
343.491
1502.33
1505.97
1518.96
281.934
34.7826
34.455
34.2442
33.9851
33.7354
33.5305
33.3921
33.331
-5.3077
-5.52282
-5.72662
-5.92219
-6.0971
-6.25063
-6.35465
-6.04544
1208
1620.27
1630.48
89.4614
34.6635
34.0647
33.6922
33.3538
33.0851
32.9076
32.8304
-5.28811
-5.49938
-5.70669
-5.90346
-6.08191
-6.23119
-6.34375
-6.39785
-6.33481
975.339
1720.27
1322.28
38.4639
33.7992
33.225
32.7876
32.4533
32.2381
32.1457
-5.30628
-5.51912
-5.72951
-5.92502
-6.09891
-6.24309
-6.35269
-6.43059
-6.52185
-6.63418
1531.36
1784.35
234.435
33.8418
32.4749
31.9472
31.5672
31.3282
31.2268
-5.35927
-5.57748
-5.79173
-5.98811
-6.15821
-6.2951
-6.39488
-6.4655
-6.52415
-6.57648
110.864
1858.07
1142.33
35.3464
31.3323
30.7268
30.3555
30.1251
30.0285
-5.45205
-5.67948
-5.89915
-6.09872
-6.26769
-6.39553
-6.47742
-6.51944
-6.53467
-6.529
-6.50878
1647.61
1804.53
41.3236
29.672
29.0314
28.7676
28.5974
28.5254
-5.59021
-5.83203
-6.06338
-6.27177
-6.44292
-6.56181
-6.61815
-6.6151
-6.58136
-6.55959
-6.59626
910.401
1858.39
119.466
27.3112
26.85
26.81
26.7558
26.7286
-5.78179
-6.04822
-6.30325
-6.53063
-6.71223
-6.82531
-6.84272
-6.77303
-6.66033
-6.5835
-6.57362
466.7
1890.96
137.885
24.4982
24.3716
24.5797
24.6648
24.6934
-6.03757
-6.34453
-6.63945
-6.90328
-7.11505
-7.23216
-7.19347
-7.01744
-6.78412
-6.5975
-6.40442
293.888
1893.18
102.895
21.5631
21.8015
22.2118
22.4246
22.5071
-6.36585
-6.7348
-7.09825
-7.44934
-7.75491
-7.91796
-7.78769
-7.44335
-6.99265
-6.639
-6.36353
473.286
1837.24
51.2487
18.5442
19.2211
19.8148
20.1427
20.2738
-6.77008
-7.23851
-7.76466
-8.36913
-8.92958
-9.12817
-8.26774
-7.84993
-7.42674
-6.76021
-6.41659
982.733
1702.6
22.7699
15.5255
16.7251
17.4983
17.9215
18.0912
-7.24523
-7.87237
-8.66607
-9.54529
-10.4331
-10.781
-8.22346
-7.18019
-8.20513
-7.05728
-6.36875
1426.72
1247.77
14.8792
13.3804
14.5506
15.3743
15.8493
16.0424
-7.76755
-8.59372
-9.50384
-10.4204
-9.55716
-11.9698
-11.2116
-8.65993
-8.5812
-7.66439
74.6527
1571.03
348.752
11.0814
11.6141
12.7025
13.4967
13.9777
14.1794
-8.33179
-9.3982
-10.1393
-11.2646
-11.436
-13.3495
-13.6691
-10.1077
-9.81429
-8.52114
1421.43
1444.09
15.7264
9.9835
10.0167
11.1033
11.8592
12.3226
12.528
-8.97006
-10.2261
-10.3136
-8.99822
-8.57909
-15.418
-14.8553
-12.7231
-11.1674
587.874
1459.6
150.246
10.825
7.59109
8.77557
9.76144
10.4514
10.8805
11.0841
-9.70251
-10.0108
-10.7487
-10.0072
-6.4278
-15.451
-14.9518
-13.7442
156.257
1355.29
459.25
9.26166
5.68831
6.69229
7.78983
8.63713
9.25042
9.63616
9.8209
-9.30505
2.79117
-11.586
3.74678
-13.3147
-14.6749
-14.5982
65.4187
1220.6
667.651
10.4519
4.42475
4.96421
6.04379
6.96074
7.69056
8.22375
8.56258
8.72373
-8.71499
4.85317
-10.8246
14.6575
-12.1327
-14.2877
5.96925
1122.04
745.861
10.4439
3.4152
3.60546
4.57877
5.48643
6.25848
6.88265
7.34069
7.63449
7.77166
-9.32331
-9.58718
-6.9792
-12.2139
-15.2445
-14.27
1013.76
679.625
9.04668
2.56138
2.56602
3.39217
4.24132
5.00026
5.65406
6.18395
6.57547
6.82767
6.94268
-10.1322
60.1299
-8.43183
-11.5958
715.593
927.173
825.314
8.0908
1.89119
1.83769
2.48247
3.22702
3.93597
4.57418
5.12485
5.57103
5.90541
6.12079
6.2165
-11.7602
324.008
-7.15217
-11.7981
334.929
946.317
10.2115
1.28951
1.26316
1.79292
2.42725
3.05949
3.65463
4.19159
4.65143
5.02827
5.31196
5.49423
5.57297
-11.5638
200.168
-3.14233
-9.61076
2.29213
15.578
-0.665578
0.380396
1.1298
1.76361
2.34369
2.88913
3.39151
3.83912
4.22398
4.54033
4.77911
4.93193
4.99486
-9.57978
194.647
-2.35623
-4.56906
-6.14728
-4.27918
-1.23062
0.283161
1.12696
1.73142
2.24958
2.71704
3.13851
3.51171
3.83213
4.09534
4.29424
4.42103
4.4699
-9.35128
838.597
0.750264
-1.58319
-2.14978
-1.32241
-0.214966
0.612905
1.22004
1.71403
2.14968
2.54093
2.89148
3.20127
3.46758
3.68443
3.84781
3.95164
3.98822
-10.1068
391.089
34.7831
-0.0392354
-0.398578
-0.0246708
0.458639
0.909169
1.31686
1.69223
2.03905
2.35778
2.64545
2.9017
3.12087
3.29961
3.43294
3.51667
3.54278
-10.9165
627.859
2013.77
10.4713
0.226359
0.689052
0.886112
1.1129
1.37304
1.64467
1.91232
2.16581
2.40046
2.6068
2.78604
2.93373
3.04302
3.11043
3.12901
-13.1549
2079.43
2098.45
1523.56
1.2316
1.19013
1.12872
1.20604
1.36668
1.56172
1.76445
1.96612
2.15237
2.31703
2.46002
2.58114
2.67128
2.72567
2.73852
-16.4944
706.173
1968.81
122.583
1.71368
1.336
1.17594
1.1944
1.299
1.44047
1.59632
1.75181
1.89998
2.02981
2.14232
2.2381
2.31083
2.35477
2.36282
-14.9691
6.73125
8.48937
0.274085
1.08464
1.0919
1.06627
1.09894
1.18003
1.28818
1.40475
1.52484
1.63914
1.74207
1.83023
1.9023
1.95779
1.99274
1.99808
-7.67571
-6.24503
-2.81512
-0.349892
0.597103
0.832282
0.900183
0.95542
1.02539
1.10703
1.19644
1.28534
1.37158
1.45088
1.51846
1.57224
1.61159
1.63741
1.64071
-3.77152
-2.8629
-1.21679
-0.0835522
0.445396
0.645369
0.732106
0.789248
0.843609
0.905454
0.970586
1.03628
1.09827
1.15447
1.20449
1.24371
1.27077
1.28766
1.28791
-1.81664
-1.18795
-0.453516
0.0804365
0.365728
0.49867
0.563923
0.605895
0.644316
0.684488
0.730283
0.776397
0.817801
0.854593
0.887056
0.913287
0.931881
0.942743
0.940993
-0.765317
-0.404569
-0.0768765
0.153162
0.283437
0.348916
0.382644
0.40458
0.425635
0.450707
0.476426
0.504251
0.530113
0.55058
0.567195
0.581366
0.592897
0.60147
0.599947
-0.187067
-0.0490828
0.051438
0.117183
0.152906
0.170026
0.178005
0.184233
0.192636
0.201074
0.211392
0.222569
0.233346
0.241292
0.246564
0.250742
0.255564
0.261436
0.259636
1301.25
1304.5
1303.68
1295.56
1285.46
1275.5
1265.66
1255.69
1245.7
1236.22
1228.1
1222.46
1220.63
1224.16
1234.82
1254.43
1285.52
1330.26
1384.63
1415.56
1423.56
1348.23
1335.17
1300.35
1302.97
1302.1
1294.12
1284.29
1274.49
1264.67
1254.62
1244.5
1234.88
1226.6
1220.76
1218.7
1221.93
1232.15
1251.08
1280.28
1319.62
1363.49
1401.06
1435.16
1306.63
1240.39
1298.24
1300.27
1299.31
1291.6
1282.23
1272.69
1262.87
1252.67
1242.34
1232.46
1223.89
1217.72
1215.24
1217.94
1227.42
1245.18
1272.18
1307.57
1346.18
1378.46
1397.8
1304.69
1263.23
1295.01
1296.48
1295.41
1288.1
1279.32
1270.09
1260.25
1249.83
1239.18
1228.94
1219.96
1213.29
1210.22
1212.18
1220.67
1236.98
1261.68
1293.52
1327.89
1356.75
1370.61
1344.26
1395.15
1290.75
1291.71
1290.55
1283.73
1275.62
1266.69
1256.77
1246.06
1235.03
1224.32
1214.78
1207.46
1203.61
1204.61
1211.89
1226.56
1248.93
1277.64
1308.57
1335.32
1351.92
1364.62
1460.48
1285.63
1286.09
1284.86
1278.63
1271.17
1262.48
1252.42
1241.36
1229.84
1218.56
1208.34
1200.2
1195.36
1195.2
1201.04
1213.92
1234
1259.9
1288.02
1313.24
1332.66
1358.24
1446.66
1279.83
1279.78
1278.52
1272.89
1265.99
1257.45
1247.18
1235.69
1223.61
1211.64
1200.58
1191.44
1185.42
1183.86
1188.07
1199.01
1216.81
1240.17
1265.89
1289.62
1309.14
1332.63
1383.98
1273.47
1272.86
1271.55
1266.56
1260.13
1251.6
1241.03
1229.05
1216.34
1203.57
1191.52
1181.19
1173.76
1170.56
1172.88
1181.71
1197.22
1218.24
1241.84
1263.79
1280.49
1290.9
1281.05
34.7659
34.7702
34.7745
34.7755
34.7752
34.7745
34.7729
34.769
34.7619
34.751
34.7364
34.7189
34.6997
34.6798
34.6607
34.6436
34.6296
34.6193
34.6134
34.7651
34.7697
34.7746
34.7753
34.775
34.7745
34.7732
34.7697
34.7627
34.7517
34.737
34.7193
34.6997
34.6795
34.6601
34.6427
34.6283
34.6179
34.6119
34.7631
34.7687
34.7748
34.775
34.7745
34.7745
34.7738
34.7707
34.7641
34.7532
34.7382
34.72
34.6997
34.6789
34.6588
34.6408
34.6258
34.6149
34.6088
34.7597
34.7668
34.7751
34.7746
34.7738
34.7743
34.7746
34.7724
34.7662
34.7553
34.74
34.7211
34.6999
34.6779
34.6568
34.6378
34.6221
34.6106
34.6041
34.7543
34.7632
34.7756
34.7737
34.7726
34.7742
34.7758
34.7747
34.7691
34.7583
34.7425
34.7225
34.7
34.6767
34.6541
34.6338
34.6171
34.6048
34.5977
34.7461
34.7554
34.7772
34.7724
34.771
34.7738
34.7773
34.7777
34.7729
34.7621
34.7455
34.7244
34.7003
34.6751
34.6507
34.6288
34.6106
34.5972
34.5895
34.7349
34.7438
34.7814
34.7701
34.7683
34.7732
34.7792
34.7816
34.7777
34.7668
34.7494
34.7267
34.7006
34.6733
34.6466
34.6225
34.6025
34.5878
34.5794
34.7397
34.7742
34.7792
34.7657
34.7643
34.7721
34.7816
34.7864
34.7836
34.7726
34.754
34.7294
34.701
34.671
34.6416
34.6149
34.5928
34.5765
34.5671
1264.67
1258.94
1257.64
1253.51
1247.49
1238.66
1227.35
1214.3
1200.17
1185.58
1171.28
1158.2
1147.53
1140.62
1138.8
1143.2
1154.28
1171.34
1191.67
1210.11
1218.14
1195.96
1073.75
1248.69
1241.52
1239.96
1236.18
1229.86
1220.17
1207.64
1192.99
1176.74
1159.35
1141.52
1124.06
1108.09
1095.07
1086.57
1084.5
1090.47
1103.56
1121.93
1140.26
1146.96
1124.64
1051.95
1231.68
1223.03
1220.5
1216.5
1209.21
1198.08
1183.82
1167.06
1147.92
1126.67
1104.29
1081.23
1059.59
1040.87
1025.92
1016.11
1012.73
1018.74
1037.35
1062.74
1082.18
1078.11
1043.08
1213.92
1202.29
1199.15
1194.56
1185.82
1172.76
1156.46
1138.24
1117.35
1093.19
1069.19
1039.77
956.161
768.4
498.282
293.89
194.542
192.859
297.899
680.889
1032.14
1050.79
1049.8
1195.19
1183.42
1179.77
1172.58
1162.27
1147.33
1103.08
988.986
772.672
416.445
132.3
-2.24948
-2.63424
-2.79949
-2.68797
-2.78158
-2.93277
-3.0494
-2.86171
-2.47008
-1.47368
81.4687
496.803
1194
163.024
237.286
149.572
64.6668
-2.06644
-2.28144
-2.40958
-2.34938
-2.3845
-2.6907
-2.82214
-2.90041
-2.9945
-2.98226
-3.00419
-3.09098
-3.10002
-2.03189
-0.808932
-0.985823
-3.41382
-3.9662
335.954
-2.47933
-2.47659
-2.48941
-2.47961
-2.42327
-2.39538
-2.41753
-2.42833
-2.51693
-2.76996
-2.98433
-3.18989
-3.28557
-3.29645
-3.24895
-3.26921
-1.47296
-1.83191
-3.62743
-3.80113
-3.99334
-4.24657
-2.55393
-2.53805
-2.53585
-2.53809
-2.53334
-2.51978
-2.51294
-2.51745
-2.51777
-1.58844
-2.1393
-3.27966
-3.44342
-3.58745
-3.65173
-3.63812
-3.63009
-3.75325
-3.72291
-3.78138
-3.92169
-4.11386
-4.34888
-2.59907
-2.60745
-2.6025
-2.60496
-2.61026
-2.61815
-2.63356
-2.65911
-1.49535
-1.89701
-3.21138
-3.37774
-3.59504
-3.39979
-3.19727
-3.17131
-3.73809
-3.75486
-3.75214
-3.85546
-4.01152
-4.19908
-4.42447
-2.65128
-2.67034
-2.67073
-2.67861
-2.69361
-2.717
-2.75276
-2.80763
-1.66902
-2.85256
-3.25916
-3.42495
-3.65061
-3.05045
-3.29527
-3.50997
-3.88006
-3.63058
-3.75276
-3.89774
-4.06445
-4.2553
-4.47187
-2.70071
-2.72979
-2.73695
-2.75118
-2.77404
-2.80783
-2.85659
-2.92748
-3.03233
-2.32126
-3.29754
-3.41923
-3.56669
-3.73317
-3.79281
-3.59384
-3.47109
-3.56036
-3.78654
-3.93244
-4.10771
-4.30354
-4.51579
-2.75235
-2.78772
-2.79983
-2.81913
-2.84746
-2.88697
-2.94058
-3.01227
-3.10717
-3.2095
-3.30549
-3.41161
-3.50805
-3.59776
-3.65954
-3.67781
-3.68137
-3.7276
-3.83485
-3.98571
-4.16353
-4.36085
-4.56964
-2.80661
-2.84407
-2.85896
-2.88142
-2.91296
-2.95503
-3.00926
-3.07702
-3.15849
-3.24941
-3.3356
-3.41711
-3.49339
-3.56073
-3.61311
-3.65508
-3.70567
-3.7869
-3.90627
-4.05889
-4.23761
-4.4345
-4.6413
-2.86111
-2.89753
-2.91363
-2.93773
-2.97082
-3.01371
-3.06701
-3.13088
-3.20428
-3.28352
-3.36217
-3.43697
-3.50697
-3.57106
-3.6311
-3.69357
-3.76951
-3.86904
-3.99659
-4.15174
-4.33111
-4.52816
-4.7367
-2.91308
-2.94666
-2.96306
-2.98789
-3.02159
-3.06444
-3.11653
-3.17753
-3.24607
-3.31933
-3.39367
-3.46664
-3.53775
-3.60781
-3.67994
-3.75956
-3.85333
-3.96665
-4.10234
-4.26158
-4.44359
-4.64451
-4.85987
-2.96042
-2.99041
-3.00683
-3.03188
-3.0657
-3.1083
-3.1595
-3.21869
-3.28461
-3.35534
-3.42876
-3.50356
-3.57988
-3.65907
-3.74402
-3.83895
-3.94818
-4.07456
-4.21971
-4.38578
-4.57462
-4.78479
-5.01211
-3.00197
-3.02827
-3.04462
-3.06973
-3.10353
-3.14594
-3.19668
-3.25515
-3.32035
-3.39107
-3.4662
-3.54533
-3.62889
-3.71816
-3.81565
-3.92487
-4.04884
-4.18883
-4.34571
-4.52259
-4.72348
-4.94826
-5.19326
-3.03714
-3.0598
-3.07609
-3.10125
-3.13513
-3.17765
-3.22856
-3.28739
-3.35341
-3.42595
-3.50467
-3.58964
-3.68127
-3.78064
-3.89017
-4.01319
-4.15203
-4.30707
-4.47873
-4.67065
-4.88817
-5.13251
-5.40179
-3.0657
-3.08474
-3.10101
-3.12629
-3.16048
-3.20352
-3.25522
-3.31525
-3.38322
-3.45893
-3.54247
-3.63399
-3.73381
-3.84312
-3.96464
-4.10159
-4.25598
-4.42783
-4.61707
-4.82721
-5.06492
-5.33347
-5.63305
-3.08732
-3.10262
-3.11901
-3.14461
-3.17937
-3.22326
-3.27621
-3.33816
-3.40903
-3.48887
-3.5778
-3.67595
-3.78391
-3.90347
-4.03745
-4.18863
-4.35888
-4.54849
-4.75698
-4.98778
-5.24895
-5.54574
-5.8813
-3.10152
-3.1131
-3.12977
-3.15589
-3.19146
-3.23654
-3.29126
-3.35579
-3.43018
-3.51447
-3.6087
-3.71333
-3.82976
-3.96022
-4.10687
-4.27179
-4.45742
-4.66505
-4.89442
-5.14856
-5.43589
-5.76436
-6.14031
-3.10816
-3.11612
-3.13314
-3.15986
-3.19639
-3.24297
-3.29991
-3.3674
-3.44542
-3.53389
-3.63314
-3.74444
-3.8699
-4.01137
-4.16994
-4.34761
-4.54833
-4.77488
-5.02698
-5.30645
-5.62166
-5.98296
-6.39977
-3.1072
-3.11134
-3.12869
-3.15602
-3.19361
-3.24188
-3.30121
-3.37168
-3.45308
-3.54543
-3.64973
-3.76808
-3.90261
-4.05428
-4.22369
-4.41385
-4.63019
-4.87608
-5.15115
-5.45684
-5.80041
-6.1926
-6.64612
-3.09811
-3.09815
-3.11588
-3.14391
-3.18267
-3.23271
-3.29438
-3.36759
-3.45199
-3.54804
-3.65751
-3.78284
-3.92566
-4.08641
-4.2663
-4.46939
-4.70121
-4.96503
-5.26199
-5.59404
-5.9659
-6.38647
-6.86669
-3.08043
-3.07634
-3.09451
-3.1233
-3.16325
-3.21495
-3.27868
-3.35413
-3.44105
-3.54053
-3.65494
-3.78655
-3.93653
-4.10569
-4.29617
-4.51202
-4.75798
-5.03803
-5.35554
-5.71336
-6.11435
-6.56344
-7.06611
-3.05396
-3.04553
-3.06408
-3.09351
-3.13444
-3.18748
-3.25277
-3.32986
-3.41881
-3.52136
-3.64013
-3.77699
-3.93317
-4.11036
-4.31097
-4.53837
-4.79712
-5.09217
-5.42878
-5.81153
-6.24261
-6.72521
-7.26231
-3.01813
-3.00489
-3.02365
-3.05348
-3.09509
-3.1491
-3.21547
-3.29372
-3.38431
-3.48948
-3.61181
-3.75285
-3.91434
-4.0987
-4.30804
-4.54537
-4.8156
-5.12443
-5.47867
-5.88468
-6.34621
-6.86904
-7.45929
-2.97228
-2.95407
-2.97293
-3.00299
-3.04507
-3.09972
-3.16677
-3.24575
-3.3375
-3.44463
-3.56946
-3.71346
-3.87905
-4.06898
-4.28504
-4.53034
-4.81041
-5.13144
-5.50109
-5.9277
-6.41827
-6.98169
-7.63288
-2.91653
-2.89367
-2.91255
-2.94272
-2.98501
-3.03992
-3.10714
-3.18627
-3.27848
-3.38653
-3.51253
-3.65804
-3.82598
-4.01934
-4.23969
-4.49058
-4.77815
-5.10873
-5.49083
-5.93469
-6.44894
-7.04483
-7.74122
-2.85162
-2.82431
-2.84307
-2.87309
-2.91518
-2.96979
-3.03654
-3.11507
-3.20675
-3.31442
-3.44008
-3.58537
-3.75358
-3.94776
-4.16959
-4.42308
-4.71461
-5.05111
-5.44219
-5.89851
-6.4298
-7.04875
-7.76808
-2.77791
-2.746
-2.76441
-2.7939
-2.83529
-2.88896
-2.95449
-3.03156
-3.1216
-3.22747
-3.35119
-3.49442
-3.66048
-3.85249
-4.07248
-4.32464
-4.61561
-4.95347
-5.34876
-5.81261
-6.35745
-6.9971
-7.73785
-2.69521
-2.65836
-2.6762
-2.70481
-2.74498
-2.79706
-2.86063
-2.93534
-3.02261
-3.12528
-3.24541
-3.38459
-3.54583
-3.73225
-3.94636
-4.19259
-4.4778
-4.81121
-5.20469
-5.67137
-6.22751
-6.89164
-7.67465
-2.60324
-2.56128
-2.57833
-2.60571
-2.64416
-2.69404
-2.75493
-2.82643
-2.90982
-3.0079
-3.12275
-3.25569
-3.40916
-3.58626
-3.79013
-4.02553
-4.29939
-4.6215
-5.00489
-5.46582
-6.02654
-6.71476
-7.56444
-2.50195
-2.45499
-2.47106
-2.49689
-2.53316
-2.58024
-2.63777
-2.70526
-2.78376
-2.87588
-2.98364
-3.10797
-3.25068
-3.41495
-3.60459
-3.82432
-4.08058
-4.38271
-4.74447
-5.18426
-5.73168
-6.42976
-7.34156
-2.39166
-2.33987
-2.35478
-2.37877
-2.41245
-2.45621
-2.50974
-2.57249
-2.64516
-2.72997
-2.82874
-2.94212
-3.07157
-3.22034
-3.39232
-3.59137
-3.8226
-4.09429
-4.41959
-4.81858
-5.32285
-5.98428
-6.89203
-2.27293
-2.21643
-2.23003
-2.25195
-2.28268
-2.32264
-2.37162
-2.42896
-2.49489
-2.57107
-2.65912
-2.75976
-2.87434
-3.00569
-3.15666
-3.32967
-3.52847
-3.76007
-4.0356
-4.37198
-4.79654
-5.35558
-6.13412
-2.14625
-2.08515
-2.09744
-2.11714
-2.14463
-2.1804
-2.22432
-2.27562
-2.33397
-2.4004
-2.47656
-2.5635
-2.66226
-2.77437
-2.90108
-3.0436
-3.20503
-3.39015
-3.60559
-3.86202
-4.17723
-4.57925
-5.11863
-2.01201
-1.9469
-1.95793
-1.97531
-1.99939
-2.03065
-2.06907
-2.11376
-2.16384
-2.21988
-2.28371
-2.35668
-2.4388
-2.5298
-2.63007
-2.74054
-2.86266
-2.9979
-3.14775
-3.3159
-3.50941
-3.73769
-4.01327
-1.87138
-1.80283
-1.81269
-1.82774
-1.8483
-1.87485
-1.9074
-1.94501
-1.98648
-2.03209
-2.08379
-2.1427
-2.20748
-2.27651
-2.35031
-2.42955
-2.51277
-2.59774
-2.68277
-2.76604
-2.8454
-2.91719
-2.97365
-1.72349
-1.65112
-1.65995
-1.67262
-1.68959
-1.71122
-1.73749
-1.7676
-1.80036
-1.83582
-1.87558
-1.9201
-1.96713
-2.01477
-2.06344
-2.11242
-2.15816
-2.19646
-2.22343
-2.23357
-2.21948
-2.17137
-2.07741
-1.57069
-1.5038
-1.51177
-1.52233
-1.53597
-1.55286
-1.57299
-1.59586
-1.6207
-1.64729
-1.67615
-1.70699
-1.73777
-1.76671
-1.79323
-1.81492
-1.82751
-1.82664
-1.80663
-1.75918
-1.67505
-1.54445
-1.35716
-1.42102
-1.33322
-1.34008
-1.34817
-1.35802
-1.36963
-1.38291
-1.39778
-1.4141
-1.43134
-1.4485
-1.46454
-1.47865
-1.48938
-1.49408
-1.48968
-1.47292
-1.43883
-1.38123
-1.29333
-1.16695
-0.994476
-0.773255
705.98
503.135
304.892
63.2576
923.49
828.18
757.446
730.664
985.283
950.407
920.334
894.417
1033.29
1022.17
1011.54
1000.99
1043.78
1085.84
1087.84
1088.05
-4.44099
-4.20783
3.88654
57.7476
-4.55292
-4.74921
-4.94249
-5.13047
-4.61234
-4.78544
-4.9572
-5.11905
-4.65215
-4.78944
-4.92761
-5.06156
-4.67746
-4.79816
-4.91852
-5.03481
-4.70907
-4.82158
-4.93465
-5.0451
-4.75682
-4.86665
-4.97768
-5.08491
-4.82773
-4.93786
-5.04768
-5.15287
-4.92675
-5.03781
-5.14733
-5.25452
-5.0569
-5.17095
-5.28458
-5.3986
-5.22144
-5.34376
-5.46701
-5.59133
-5.42269
-5.55851
-5.6966
-5.83713
-5.65866
-5.81287
-5.97257
-6.1368
-5.92479
-6.10314
-6.28995
-6.48394
-6.21404
-6.41953
-6.63694
-6.86684
-6.51664
-6.75017
-7.00148
-7.27315
-6.82065
-7.08292
-7.36945
-7.68673
-7.10604
-7.39405
-7.7142
-8.08195
-7.34311
-7.63304
-7.95104
-8.3157
-7.54324
-7.81388
-8.08356
-8.34509
-7.76274
-8.04028
-8.30794
-8.55962
-8.02693
-8.35401
-8.69184
-9.03265
-8.29487
-8.70663
-9.17649
-9.73532
-8.46233
-8.92346
-9.46629
-10.1447
-8.49015
-8.92713
-9.41104
-9.93907
-8.45653
-8.86738
-9.2897
-9.68355
-8.44244
-8.88936
-9.35343
-9.68634
-8.44782
-8.99319
-9.58
-10.0688
-8.39037
-9.098
-9.92918
-10.8071
-8.04667
-8.88737
-9.98231
-11.4007
-7.16113
-7.93557
-8.97319
-10.4561
-5.79374
-6.27166
-6.87079
-7.63335
-4.31143
-4.49293
-4.68881
-4.88151
-2.99883
-2.99473
-2.97258
-2.92183
-1.94606
-1.85205
-1.7406
-1.61091
-1.14565
-1.01545
-0.879029
-0.74225
-0.547526
-0.418163
-0.290973
-0.174552
34.6921
34.7726
34.8069
34.7506
34.7512
34.7687
34.7878
34.7983
34.7977
34.7863
34.7649
34.7357
34.7016
34.6654
34.6299
34.5974
34.5702
34.5502
34.5386
659.129
72.8237
34.7889
34.7334
34.7113
34.7608
34.8015
34.8191
34.8213
34.8086
34.7823
34.7453
34.7019
34.656
34.6109
34.5695
34.5344
34.5083
34.4931
866.038
814.115
709.226
56.0378
34.5838
34.7201
34.8392
34.8483
34.8548
34.8401
34.8062
34.7573
34.7008
34.6422
34.5845
34.5309
34.4852
34.4506
34.4304
988.561
970.497
957.172
944.812
622.776
36.1999
34.8834
34.8857
34.9001
34.8851
34.8388
34.7706
34.6965
34.6216
34.5478
34.4782
34.4178
34.3718
34.3448
1088.49
1085.37
1085.32
1082.52
1078.92
1077.03
227.454
35.2166
34.9282
34.9587
34.8829
34.781
34.6845
34.5909
34.497
34.4062
34.326
34.2645
34.2282
301.546
1045.16
1196.85
1197.39
1202.34
1207.85
1210.22
985.482
36.8211
35.1402
34.9311
34.7732
34.6576
34.5461
34.4272
34.3079
34.2005
34.1177
34.0686
-5.31361
-5.53976
-1.30916
284.242
1298.48
1320.08
1324.6
1332.23
1325.37
133.893
34.9379
34.7138
34.6068
34.4844
34.3324
34.1723
34.027
33.9151
33.849
-5.29923
-5.53839
-5.71148
-5.89126
-5.94061
70.0844
1107.08
1440.14
1448.3
1459.03
305.385
34.7665
34.536
34.4059
34.2019
33.9817
33.7836
33.633
33.5451
-5.22655
-5.44764
-5.65057
-5.84998
-6.03848
-6.19029
-6.27476
58.2853
1485.33
1563.77
1575.29
191.34
34.8443
34.3115
34.0107
33.704
33.4364
33.2379
33.1239
-5.18022
-5.39829
-5.60899
-5.81108
-6.00018
-6.1671
-6.30281
-6.39251
-6.22635
981.293
1673.02
1606.56
43.3285
34.2756
33.7021
33.2838
32.9354
32.6842
32.5426
-5.18349
-5.39855
-5.61004
-5.81328
-6.00029
-6.16362
-6.29253
-6.38345
-6.44617
-6.50224
1185.48
1759.43
772.124
35.678
33.2015
32.6351
32.2114
31.9152
31.7514
-5.21888
-5.43506
-5.65074
-5.85568
-6.0407
-6.19737
-6.32125
-6.41134
-6.48169
-6.58637
-6.49469
1790.46
1768.53
43.7548
32.5087
31.6392
31.1807
30.8682
30.6985
-5.28776
-5.51122
-5.73258
-5.94124
-6.1253
-6.27725
-6.38933
-6.46253
-6.51045
-6.5348
-6.58465
802.762
1859.86
310.427
31.8082
30.1689
29.7622
29.4906
29.3442
-5.39627
-5.63214
-5.86299
-6.07791
-6.26606
-6.41372
-6.51016
-6.55556
-6.55865
-6.55019
-6.52174
1.48902
1882.98
1001.6
31.1652
28.1076
27.9107
27.7644
27.6785
-5.55074
-5.8051
-6.05432
-6.28459
-6.48224
-6.62974
-6.70897
-6.70835
-6.65321
-6.5895
-6.56696
-6.90415
1815.86
1306.52
29.5614
25.556
25.6901
25.7322
25.7363
-5.75852
-6.04334
-6.32433
-6.58425
-6.80551
-6.96328
-7.01876
-6.9521
-6.80035
-6.64433
-6.52393
-6.47153
1699.47
1262.57
26.4112
22.8747
23.2739
23.4959
23.5946
-6.0273
-6.35931
-6.69162
-7.00341
-7.27699
-7.47744
-7.51383
-7.3332
-7.03027
-6.73167
-6.48709
-6.28391
1618.51
1067.2
22.5028
20.1796
20.7931
21.1697
21.3546
-6.35985
-6.76271
-7.18073
-7.62028
-8.06363
-8.39726
-8.35967
-8.01775
-7.47596
-6.89968
-6.50744
-6.39575
1681.11
826.389
17.7977
17.4744
18.3419
18.8603
19.1205
-6.75282
-7.2607
-7.85053
-8.58301
-9.36909
-9.93021
-9.71645
-6.89027
-8.00331
-7.28785
-6.56031
-5.83959
1638.9
386.58
13.5917
14.989
16.0542
16.6724
16.9855
-7.19432
-7.84043
-8.65691
-9.55401
-10.4614
-11.3205
-11.421
-8.31648
-7.16555
-7.94907
-6.88073
731.99
1717.28
26.9885
12.2858
13.0466
14.0444
14.6839
15.0196
-7.66829
-8.48619
-9.44832
-10.2696
-11.066
-10.6558
-13.0915
-9.87356
-8.46806
-8.82126
-7.24847
1563.46
1010.29
11.4329
10.4129
11.3517
12.2996
12.922
13.2564
-8.16008
-9.27442
-10.1309
-10.6605
-13.0087
-12.2354
-14.6968
-12.9638
-10.8149
-9.74937
1061.91
1510.54
48.5034
10.1499
8.74731
9.92068
10.8018
11.3855
11.6985
-8.67047
-10.2898
-10.3681
-10.8782
-3.92152
-15.6879
-15.4172
-14.5294
-12.5698
298.126
1423.99
308.178
9.31284
6.56714
7.69164
8.75126
9.5331
10.061
10.3433
-8.94219
-1.8336
-8.1803
-12.2194
-7.02255
-14.7285
-14.9658
-14.3523
89.5371
1280.24
578.032
9.92646
5.03096
5.78572
6.88148
7.77845
8.45806
8.92347
9.17365
-8.6649
0.447947
-2.73795
-12.3701
26.8946
-14.2996
-14.5237
38.7154
1176.29
740.463
10.588
3.90045
4.25117
5.26991
6.19429
6.95634
7.54165
7.94454
8.16392
-8.84452
-8.94305
-7.41973
-11.4059
6.42136
-14.0981
-11.8055
1067.72
705.11
9.91287
2.96796
3.04421
3.94882
4.83393
5.60692
6.2522
6.75214
7.09843
7.28839
-9.46258
-8.67803
-7.88307
-10.8315
132.218
117.958
961.021
704.925
8.2657
2.20608
2.16798
2.90298
3.70373
4.44485
5.09476
5.63965
6.06478
6.36101
6.52452
-10.0294
13.2677
173.224
-11.1855
-12.6404
910.414
956.05
7.96949
1.61697
1.54715
2.12049
2.80125
3.47575
4.09498
4.64152
5.09891
5.45933
5.71173
5.85171
-10.4061
324.805
136.154
-7.97042
-11.5773
608.345
26.5087
0.719673
0.909422
1.47841
2.08336
2.6861
3.25401
3.77504
4.23137
4.61506
4.91999
5.13278
5.25122
-9.87111
0.582727
0.144949
-4.33414
-7.30814
-10.7203
-2.84229
-0.405679
0.726767
1.44219
2.02885
2.55588
3.03984
3.47525
3.85564
4.17692
4.4317
4.60967
4.70895
-8.91418
-8.6997
7.88896
-2.06283
-3.52891
-3.45429
-1.49192
-0.0529995
0.834922
1.45823
1.96807
2.42096
2.82755
3.19025
3.50725
3.77368
3.98393
4.13153
4.21391
-9.10936
-9.67548
788.673
-0.127852
-0.971864
-0.897169
-0.200359
0.480109
1.03266
1.49466
1.90557
2.27767
2.61372
2.91421
3.17693
3.39671
3.56929
3.68977
3.75722
-10.4194
-10.2439
1969.32
0.331051
-0.24418
0.192327
0.538684
0.861683
1.1885
1.51363
1.82761
2.12309
2.39643
2.64222
2.85709
3.03838
3.18037
3.27804
3.33273
-11.5467
-11.7509
2045.47
2047.11
1.93674
0.901111
0.993375
1.09066
1.27036
1.4916
1.72481
1.95567
2.17483
2.37233
2.54458
2.69285
2.8103
2.89026
2.93403
-13.5976
66.9054
2093.83
2045.62
18.0967
1.56419
1.2246
1.1794
1.269
1.41992
1.59396
1.7725
1.94611
2.10279
2.23892
2.35719
2.45304
2.51867
2.55304
-13.1526
-7.95319
978.855
21.3312
4.83258
1.35002
1.16963
1.13233
1.19374
1.30425
1.43472
1.57172
1.70669
1.83046
1.93801
2.02976
2.10415
2.15664
2.18405
-9.0325
-10.2926
-7.62692
-0.920267
0.410637
0.903426
0.968628
1.00405
1.06596
1.15186
1.2512
1.35469
1.45705
1.55303
1.6376
1.7076
1.7622
1.80166
1.82366
-5.16565
-5.18417
-3.16433
-0.901932
0.238901
0.644866
0.780276
0.845678
0.904641
0.971986
1.04685
1.12402
1.19949
1.27032
1.33395
1.38671
1.42583
1.4532
1.4689
-2.8194
-2.318
-1.31005
-0.329606
0.243553
0.503893
0.615571
0.675749
0.722786
0.770775
0.824207
0.8803
0.93404
0.982547
1.02635
1.0637
1.09127
1.10948
1.11923
-1.41764
-0.982142
-0.467293
-0.0275999
0.246369
0.386134
0.454608
0.492643
0.521964
0.552826
0.586712
0.623342
0.658987
0.689622
0.715593
0.737907
0.755521
0.768189
0.775429
-0.568923
-0.303493
-0.0783308
0.0904359
0.193496
0.247754
0.274428
0.289358
0.302793
0.31835
0.335407
0.353932
0.373268
0.389446
0.401365
0.41074
0.419043
0.427658
0.434415
-0.0596648
0.00758306
0.0377285
0.0526823
0.0582305
0.059142
0.0584661
0.0582861
0.0598063
0.062097
0.0646505
0.0680213
0.0717043
0.0747092
0.0766087
0.0777442
0.0790117
0.0812499
0.0831939
1302.12
1305.19
1300.18
1290.54
1280.45
1270.58
1260.7
1250.68
1240.85
1231.92
1224.89
1220.97
1221.62
1228.49
1243.3
1268.38
1306.13
1357.29
1406.6
1417.86
1416.05
1288.32
1427.65
1300.62
1303.64
1298.63
1289.24
1279.38
1269.6
1259.67
1249.54
1239.58
1230.5
1223.3
1219.17
1219.55
1226.06
1240.43
1264.34
1298.84
1341.67
1383.64
1417.58
1418.35
1211.49
1381.54
1297.95
1300.9
1295.92
1286.95
1277.48
1267.83
1257.81
1247.49
1237.29
1227.95
1220.43
1215.93
1215.85
1221.74
1235.19
1257.51
1289.02
1327.02
1363.65
1390.34
1382.56
1228.28
1407.88
1294.2
1297.05
1292.15
1283.76
1274.77
1265.25
1255.09
1244.5
1233.97
1224.23
1216.26
1211.22
1210.48
1215.52
1227.79
1248.3
1276.9
1310.83
1343.59
1366.23
1366.26
1338.28
1499.72
1289.46
1292.2
1287.46
1279.76
1271.27
1261.85
1251.49
1240.55
1229.58
1219.34
1210.77
1205.02
1203.41
1207.38
1218.25
1236.81
1262.68
1293.19
1322.9
1345.15
1357.54
1393.59
1547.38
1283.89
1286.49
1282
1275.02
1267
1257.61
1246.98
1235.62
1224.13
1213.26
1203.93
1197.28
1194.61
1197.29
1206.56
1223.09
1246.39
1273.99
1301.31
1323.59
1342.81
1390.43
1515.67
1277.63
1280.11
1275.91
1269.61
1261.95
1252.5
1241.54
1229.68
1217.57
1205.94
1195.7
1187.96
1184
1185.17
1192.66
1207.09
1227.95
1253
1278.26
1299.79
1319.25
1353.77
1410.94
1270.91
1273.07
1269.23
1263.57
1256.14
1246.53
1235.18
1222.75
1209.92
1197.4
1186.07
1177.03
1171.54
1170.95
1176.44
1188.66
1207.19
1229.97
1253.29
1272.92
1286.52
1289.93
1189.99
34.7674
34.7728
34.7753
34.7754
34.7749
34.7739
34.7713
34.7659
34.7569
34.7441
34.7279
34.7094
34.6897
34.6701
34.6518
34.6362
34.6239
34.6158
34.6122
34.7662
34.7728
34.7753
34.7752
34.7747
34.774
34.7718
34.7666
34.7577
34.7448
34.7285
34.7096
34.6896
34.6696
34.651
34.635
34.6226
34.6143
34.6107
34.7638
34.7728
34.7753
34.7747
34.7745
34.7743
34.7726
34.7679
34.7592
34.7462
34.7295
34.71
34.6893
34.6686
34.6494
34.6329
34.6198
34.6112
34.6075
34.7596
34.7729
34.7752
34.774
34.774
34.7746
34.7739
34.7699
34.7613
34.7482
34.7309
34.7107
34.6889
34.6672
34.647
34.6295
34.6158
34.6067
34.6027
34.7515
34.773
34.775
34.7728
34.7733
34.7752
34.7757
34.7725
34.7644
34.751
34.7329
34.7115
34.6883
34.6652
34.6436
34.6249
34.6103
34.6005
34.5962
34.7359
34.7731
34.775
34.771
34.7721
34.7757
34.7781
34.7761
34.7683
34.7545
34.7355
34.7126
34.6877
34.6627
34.6393
34.6191
34.6033
34.5926
34.5879
34.7044
34.7749
34.7751
34.768
34.7703
34.7764
34.7811
34.7805
34.7732
34.7589
34.7386
34.714
34.687
34.6597
34.6341
34.6119
34.5945
34.5828
34.5776
34.7659
34.7623
34.7726
34.7635
34.7675
34.7771
34.7849
34.786
34.7791
34.7642
34.7423
34.7155
34.686
34.6561
34.6278
34.6032
34.5838
34.5709
34.5652
1257.5
1258.97
1255.74
1250.82
1243.43
1233.27
1221
1207.34
1192.89
1178.34
1164.52
1152.48
1143.52
1138.99
1140.18
1147.92
1162.17
1181.36
1201.55
1216.18
1212.81
1152.54
919.069
1240.75
1241.22
1238.27
1233.44
1225.42
1214.2
1200.54
1185.04
1168.14
1150.44
1132.69
1115.8
1101.12
1090.14
1084.62
1086.4
1096.08
1112.37
1131.62
1146.08
1140.55
1096.85
991.836
1223.25
1221.95
1218.78
1213.35
1204.09
1191.29
1175.74
1157.79
1137.49
1115.58
1092.81
1070.07
1049.84
1032.77
1020.38
1013.4
1014.39
1026.4
1049.82
1074.62
1083.52
1065.1
1012.6
1203.64
1200.83
1197.27
1190.74
1179.81
1164.86
1147.6
1128.24
1105.27
1081.26
1056.35
1010.24
874.725
633.868
383.577
230.163
180.882
226.157
447.98
962.294
1042.78
1053.41
1041.93
1185.57
1183.25
1176.39
1167.82
1155.99
1130.97
1057.33
894.908
594.421
258.395
18.0454
-2.36673
-2.81279
-2.71616
-2.71639
-2.85695
-3.0053
-3.01645
-2.64628
-2.23776
10.0432
249.211
774.276
436.43
233.835
199.694
104.883
25.9344
-2.14852
-2.36198
-2.4278
-2.30694
-2.53569
-2.78675
-2.84681
-2.96042
-2.9949
-2.98384
-3.03968
-3.15093
-2.34081
-1.87811
-0.726515
-1.3286
-3.80409
-4.2149
-2.47913
-2.47262
-2.4848
-2.48838
-2.45811
-2.39877
-2.40575
-2.42516
-2.44905
-2.62895
-2.84676
-3.11624
-3.24661
-3.30183
-3.27643
-3.22876
-3.01484
-1.50846
-3.30252
-3.71559
-3.89505
-4.11312
-4.40855
-2.55595
-2.53507
-2.53741
-2.53693
-2.52714
-2.51435
-2.51457
-2.51967
-2.24888
-1.8179
-3.12283
-3.36032
-3.5217
-3.63196
-3.64932
-3.62538
-3.68323
-3.74851
-3.73693
-3.84348
-4.01288
-4.22474
-4.48905
-2.61857
-2.60349
-2.60317
-2.60743
-2.61371
-2.6247
-2.64448
-2.66786
-1.51769
-3.13382
-3.2916
-3.48045
-3.61644
-3.12162
-3.21984
-3.12213
-3.80697
-3.7363
-3.79358
-3.93028
-4.10073
-4.30692
-4.55109
-2.67276
-2.6696
-2.67376
-2.68521
-2.70411
-2.73314
-2.77747
-2.81894
-1.59224
-3.19024
-3.33608
-3.5288
-3.48038
-3.17957
-3.35712
-3.87764
-3.78505
-3.62968
-3.82438
-3.97837
-4.15654
-4.36057
-4.58763
-2.72682
-2.73274
-2.74308
-2.76141
-2.78936
-2.82997
-2.8883
-2.97412
-2.6756
-3.0611
-3.35691
-3.49013
-3.65047
-3.80822
-3.65883
-3.53092
-3.43073
-3.72803
-3.85419
-4.01738
-4.20318
-4.40801
-4.62547
-2.78247
-2.79317
-2.80845
-2.83204
-2.86566
-2.91179
-2.97377
-3.05598
-3.16367
-3.17245
-3.36358
-3.45973
-3.55458
-3.63356
-3.67399
-3.67732
-3.69682
-3.77427
-3.90621
-4.07177
-4.26019
-4.46428
-4.67597
-2.83836
-2.8508
-2.86911
-2.89597
-2.93258
-2.98053
-3.04141
-3.11607
-3.20342
-3.29387
-3.37572
-3.4561
-3.52874
-3.58882
-3.63451
-3.67773
-3.74157
-3.84197
-3.97889
-4.14542
-4.33436
-4.53697
-4.74682
-2.892
-2.90471
-2.9246
-2.9531
-2.991
-3.03904
-3.09764
-3.16655
-3.24354
-3.32336
-3.40004
-3.47244
-3.5397
-3.60132
-3.66141
-3.72912
-3.8159
-3.92926
-4.07085
-4.23875
-4.4279
-4.63113
-4.84416
-2.9414
-2.95386
-2.97439
-3.0036
-3.04186
-3.08933
-3.14597
-3.211
-3.28233
-3.35659
-3.43037
-3.50243
-3.57277
-3.64333
-3.7184
-3.80428
-3.90732
-4.0316
-4.179
-4.34991
-4.54199
-4.75053
-4.97153
-2.98538
-2.99756
-3.01826
-3.04769
-3.08591
-3.13285
-3.18816
-3.25092
-3.31951
-3.39183
-3.466
-3.54148
-3.61897
-3.70058
-3.78995
-3.89155
-4.00912
-4.14468
-4.29996
-4.47733
-4.67729
-4.89647
-5.13062
-3.02336
-3.03535
-3.05608
-3.08555
-3.12367
-3.1703
-3.225
-3.28698
-3.3551
-3.42813
-3.50526
-3.5865
-3.67269
-3.76567
-3.86857
-3.98489
-4.11682
-4.26503
-4.43135
-4.6199
-4.83309
-5.06828
-5.32251
-3.05499
-3.06684
-3.08757
-3.1171
-3.15532
-3.20208
-3.25702
-3.31955
-3.3889
-3.46454
-3.54635
-3.63458
-3.72988
-3.83393
-3.9498
-4.08057
-4.22755
-4.39068
-4.57179
-4.77598
-5.00711
-5.26398
-5.54572
-3.07998
-3.09176
-3.11253
-3.14228
-3.1809
-3.2283
-3.28422
-3.34826
-3.42011
-3.49971
-3.58722
-3.68283
-3.78715
-3.90214
-4.031
-4.17655
-4.33977
-4.52019
-4.71912
-4.94226
-5.19538
-5.47906
-5.79559
-3.0979
-3.10968
-3.13066
-3.16085
-3.20018
-3.24861
-3.30607
-3.37247
-3.44781
-3.53219
-3.62571
-3.72863
-3.84207
-3.96846
-4.11073
-4.27131
-4.45135
-4.65031
-4.86912
-5.11409
-5.39274
-5.70811
-6.0659
-3.10831
-3.12026
-3.14165
-3.17249
-3.2128
-3.26268
-3.32229
-3.39174
-3.47109
-3.56034
-3.65966
-3.76994
-3.89309
-4.0314
-4.1869
-4.3619
-4.5585
-4.77697
-5.01794
-5.28745
-5.59464
-5.94571
-6.34879
-3.11125
-3.12343
-3.14528
-3.17689
-3.2184
-3.27013
-3.33233
-3.40511
-3.48836
-3.58212
-3.68716
-3.80525
-3.93856
-4.08845
-4.25618
-4.44482
-4.65834
-4.89778
-5.16289
-5.45893
-5.79595
-6.18357
-6.63257
-3.10641
-3.11881
-3.14109
-3.17351
-3.21638
-3.27014
-3.33506
-3.41104
-3.49786
-3.59598
-3.70699
-3.83322
-3.97629
-4.13668
-4.31584
-4.51841
-4.74944
-5.00998
-5.29989
-5.62324
-5.98964
-6.41072
-6.90036
-3.09317
-3.10578
-3.12858
-3.16191
-3.20624
-3.26208
-3.32957
-3.4084
-3.49848
-3.60094
-3.71805
-3.85202
-4.00379
-4.17378
-4.36456
-4.58145
-4.82901
-5.10931
-5.42344
-5.77448
-6.16949
-6.61828
-7.13236
-3.07128
-3.08416
-3.10755
-3.14184
-3.1876
-3.24532
-3.31498
-3.39613
-3.4891
-3.59571
-3.71849
-3.85921
-4.01863
-4.19804
-4.40064
-4.63095
-4.89352
-5.19195
-5.52918
-5.90833
-6.33238
-6.80792
-7.33637
-3.04041
-3.05352
-3.0774
-3.11249
-3.15942
-3.21862
-3.28987
-3.37279
-3.46822
-3.57857
-3.70623
-3.85258
-4.019
-4.20757
-4.42105
-4.6635
-4.93984
-5.25485
-5.61428
-6.0209
-6.47708
-6.98714
-7.54737
-2.99974
-3.01296
-3.03714
-3.07276
-3.12053
-3.18078
-3.25313
-3.33736
-3.43488
-3.54839
-3.6799
-3.83088
-4.00353
-4.20011
-4.4229
-4.67608
-4.96475
-5.29542
-5.67495
-6.10817
-6.59964
-7.15516
-7.77926
-2.94891
-2.96217
-2.98651
-3.02248
-3.07081
-3.13174
-3.20477
-3.28989
-3.38896
-3.50473
-3.63894
-3.79336
-3.97085
-4.17361
-4.40374
-4.66564
-4.96536
-5.30968
-5.70672
-6.16468
-6.68994
-7.29516
-7.99814
-2.88852
-2.90177
-2.92617
-2.9623
-3.01088
-3.07203
-3.1452
-3.23058
-3.33035
-3.44721
-3.5827
-3.73898
-3.91938
-4.12602
-4.36095
-4.62938
-4.93766
-5.29261
-5.70455
-6.18234
-6.73588
-7.37869
-8.13762
-2.81919
-2.83236
-2.85662
-2.89258
-2.94092
-3.00169
-3.0743
-3.1591
-3.25842
-3.37492
-3.5101
-3.66637
-3.84732
-4.05507
-4.29197
-4.56372
-4.87671
-5.23911
-5.66164
-6.15409
-6.72748
-7.39503
-8.17071
-2.74092
-2.75387
-2.77772
-2.81307
-2.8606
-2.92029
-2.99155
-3.07478
-3.1724
-3.28702
-3.42019
-3.57436
-3.75313
-3.9588
-4.19416
-4.46482
-4.77806
-5.14327
-5.57141
-6.07394
-6.66482
-7.35467
-8.14503
-2.65335
-2.66596
-2.68911
-2.72341
-2.76954
-2.82746
-2.89656
-2.97723
-3.07185
-3.18308
-3.31246
-3.46222
-3.63575
-3.83564
-4.06509
-4.32982
-4.63778
-4.99967
-5.42793
-5.9371
-6.54507
-7.26829
-8.10813
-2.55639
-2.56853
-2.59069
-2.62351
-2.66768
-2.72316
-2.78933
-2.86648
-2.95685
-3.06315
-3.18684
-3.32966
-3.49457
-3.68462
-3.9035
-4.15713
-4.45364
-4.80458
-5.22446
-5.73188
-6.35371
-7.11813
-8.05489
-2.4503
-2.4618
-2.48272
-2.51369
-2.55535
-2.60775
-2.67026
-2.74299
-2.82795
-2.92774
-3.04366
-3.17685
-3.3299
-3.50634
-3.71033
-3.94737
-4.22518
-4.55504
-4.95253
-5.4423
-6.05828
-6.85477
-7.90355
-2.33543
-2.34616
-2.36563
-2.39438
-2.43307
-2.4818
-2.53997
-2.60746
-2.68589
-2.77756
-2.88356
-3.00468
-3.1433
-3.30318
-3.48819
-3.70255
-3.9527
-4.24924
-4.60821
-5.05498
-5.62931
-6.39989
-7.49245
-2.21228
-2.22221
-2.23998
-2.2662
-2.3015
-2.34605
-2.39927
-2.46077
-2.53157
-2.61356
-2.70783
-2.81515
-2.93772
-3.07858
-3.24022
-3.42554
-3.6396
-3.89139
-4.19482
-4.57098
-5.05504
-5.7094
-6.66535
-2.08147
-2.0905
-2.10644
-2.1299
-2.16147
-2.20138
-2.2491
-2.30389
-2.36607
-2.43718
-2.51863
-2.61131
-2.71654
-2.83587
-2.97028
-3.12165
-3.29432
-3.49353
-3.72771
-4.01093
-4.36498
-4.82669
-5.47503
-1.94393
-1.9519
-1.96591
-1.98649
-2.0141
-2.049
-2.09071
-2.13814
-2.19102
-2.25071
-2.31901
-2.39661
-2.48319
-2.57872
-2.68398
-2.80002
-2.92852
-3.07092
-3.22914
-3.40893
-3.61855
-3.86828
-4.17799
-1.80066
-1.80752
-1.81963
-1.83729
-1.8608
-1.89041
-1.92566
-1.96531
-2.00867
-2.05704
-2.11237
-2.17449
-2.2415
-2.31272
-2.38925
-2.47087
-2.55513
-2.64035
-2.72477
-2.80635
-2.88261
-2.94789
-2.99328
-1.64976
-1.6555
-1.6658
-1.68054
-1.69981
-1.7238
-1.75215
-1.7837
-1.81767
-1.85506
-1.89735
-1.9435
-1.99087
-2.03896
-2.08806
-2.13596
-2.17853
-2.21162
-2.23101
-2.23012
-2.20038
-2.13095
-2.00913
-1.50285
-1.50773
-1.51667
-1.52875
-1.54399
-1.56253
-1.58413
-1.60807
-1.63374
-1.6614
-1.69142
-1.72254
-1.75251
-1.78036
-1.80494
-1.8226
-1.82904
-1.81951
-1.7869
-1.72229
-1.6162
-1.45837
-1.24119
-1.33138
-1.33663
-1.34392
-1.35288
-1.36362
-1.37608
-1.39015
-1.40578
-1.42267
-1.44002
-1.45672
-1.47191
-1.4846
-1.49272
-1.49321
-1.48313
-1.45844
-1.41338
-1.34157
-1.2355
-1.08683
-0.889832
-0.64639
595.435
508.767
135.235
52.4469
871.353
789.626
744.746
696.493
967.238
934.945
906.745
884.4
1027.52
1016.9
1006.17
995.876
1084.91
1087.06
1088.01
1088.29
-4.43931
-2.96626
21.9728
130.045
-4.65056
-4.84547
-5.04436
-5.20483
-4.69867
-4.87154
-5.04056
-5.18967
-4.72001
-4.85897
-4.99526
-5.12692
-4.73741
-4.85873
-4.97731
-5.09083
-4.76484
-4.87831
-4.99042
-5.09839
-4.81104
-4.92242
-5.03205
-5.13622
-4.8822
-4.99326
-5.10094
-5.20398
-4.98198
-5.09301
-5.2011
-5.30798
-5.11368
-5.22786
-5.34146
-5.45602
-5.28214
-5.40532
-5.52902
-5.6542
-5.48993
-5.62733
-5.76662
-5.90837
-5.73475
-5.89212
-6.05428
-6.22011
-6.01251
-6.1956
-6.38616
-6.58358
-6.31494
-6.52677
-6.7503
-6.98692
-6.63106
-6.87343
-7.13479
-7.41677
-6.9489
-7.22271
-7.52438
-7.85944
-7.24644
-7.54926
-7.89136
-8.29248
-7.48494
-7.78775
-8.12517
-8.52631
-7.67823
-7.94905
-8.2158
-8.46721
-7.90193
-8.17628
-8.43526
-8.66844
-8.18932
-8.52243
-8.86061
-9.19229
-8.49576
-8.9316
-9.44562
-10.0354
-8.68444
-9.1825
-9.7921
-10.5229
-8.70305
-9.16415
-9.67185
-9.92138
-8.66035
-9.07445
-9.4899
-9.36205
-8.66189
-9.12148
-9.57712
-9.72305
-8.71136
-9.28823
-9.86973
-9.97911
-8.73113
-9.49326
-10.3905
-11.1108
-8.44302
-9.39815
-10.6444
-12.2389
-7.52116
-8.41481
-9.64268
-11.4088
-6.02002
-6.55205
-7.23142
-8.08494
-4.40009
-4.58994
-4.78599
-4.98144
-2.99845
-2.98668
-2.95125
-2.88832
-1.90115
-1.79857
-1.67779
-1.54145
-1.08166
-0.947672
-0.810232
-0.676112
-0.482986
-0.353826
-0.230785
-0.124806
34.7082
34.6362
34.7518
34.7501
34.7589
34.7789
34.7945
34.7994
34.7933
34.7767
34.7511
34.7191
34.6836
34.6474
34.6131
34.583
34.5592
34.5433
34.5363
288.704
34.3094
34.7356
34.7093
34.7429
34.7832
34.8126
34.8221
34.8168
34.797
34.7649
34.7241
34.679
34.6331
34.5896
34.551
34.5201
34.4992
34.4899
831.254
794.695
204.411
34.5251
34.7288
34.8112
34.8404
34.8546
34.8499
34.8255
34.7831
34.7296
34.6716
34.613
34.557
34.5069
34.4663
34.4385
34.4262
980.069
964.556
953.552
933.305
97.8272
35.0601
34.8221
34.9046
34.8951
34.8661
34.8062
34.7338
34.659
34.5844
34.5122
34.4465
34.3927
34.3557
34.3393
1086.41
1085.46
1084.42
1081.61
1076.92
882.255
38.0583
34.9993
34.9568
34.9293
34.8317
34.732
34.6377
34.5439
34.4508
34.3643
34.2925
34.2429
34.2207
611.83
1197.67
1197.4
1199
1205.21
1210.14
1206.5
257.06
35.288
35.032
34.8446
34.7129
34.6027
34.4875
34.3668
34.2519
34.1554
34.0885
34.0585
-5.41928
-5.44047
95.622
751.805
1320.64
1321.21
1329.34
1332.45
893.988
35.4946
34.782
34.6602
34.5497
34.411
34.2519
34.0965
33.9659
33.8757
33.8354
-5.42701
-5.6363
-5.80941
-5.95767
-5.42002
335.239
1444.45
1442.07
1455.85
1219.61
36.2639
34.5761
34.4854
34.3088
34.0911
33.878
33.7011
33.5806
33.5271
-5.34044
-5.55182
-5.75218
-5.94711
-6.11085
-6.24525
-6.13193
600.33
1558.88
1571.8
1167.78
37.2107
34.4649
34.1654
33.8549
33.5631
33.3272
33.1698
33.1007
-5.2919
-5.5046
-5.71112
-5.90785
-6.08629
-6.23708
-6.35719
-6.36037
86.3942
1666.7
1678.48
591.66
35.5459
33.9333
33.4864
33.0989
32.7965
32.5994
32.5142
-5.29305
-5.50459
-5.71329
-5.90915
-6.08546
-6.23294
-6.34301
-6.4123
-6.49034
75.9845
1757.95
1750.24
54.1321
33.7323
32.8929
32.4081
32.0467
31.8168
31.7186
-5.32814
-5.54313
-5.75543
-5.95118
-6.12295
-6.26357
-6.36967
-6.44805
-6.52291
-6.68873
755.622
1823.75
630.679
34.32
31.9578
31.391
31.0061
30.7661
30.6649
-5.40027
-5.62268
-5.83931
-6.03679
-6.20591
-6.33857
-6.43017
-6.48859
-6.52676
-6.5381
-6.59225
1840.08
1560.27
37.6453
30.5814
29.9427
29.6102
29.4024
29.3153
-5.51509
-5.74884
-5.973
-6.17622
-6.34573
-6.46864
-6.53918
-6.56056
-6.55351
-6.54227
-6.49361
1314.95
1831.91
71.6251
28.5823
27.9944
27.8311
27.713
27.6612
-5.67866
-5.93111
-6.17258
-6.38861
-6.56335
-6.67907
-6.71782
-6.68565
-6.61743
-6.57351
-6.65029
649.444
1889.19
141.702
25.9232
25.6302
25.72
25.7357
25.736
-5.90102
-6.18542
-6.45794
-6.70102
-6.89424
-7.00656
-6.99945
-6.88303
-6.71588
-6.5893
-6.47616
328.834
1895.21
123.873
23.0385
23.0913
23.4055
23.5566
23.6129
-6.19231
-6.52711
-6.85088
-7.14647
-7.39064
-7.52346
-7.44516
-7.19115
-6.87095
-6.61251
-6.36045
345.095
1869.56
72.5788
20.0701
20.5095
21.0106
21.2823
21.3899
-6.55839
-6.97064
-7.3966
-7.84621
-8.2573
-8.44845
-8.21947
-7.76987
-7.17168
-6.6829
-6.40443
689.414
1791.67
36.0182
16.9894
17.9491
18.6389
19.0185
19.1706
-6.99991
-7.54037
-8.2012
-8.9777
-9.71698
-9.92965
-7.55123
-6.63136
-7.78312
-6.87995
-6.34807
1169.82
1573.48
17.4831
14.3153
15.588
16.4067
16.8624
17.046
-7.50212
-8.22579
-9.10678
-10.009
-10.8072
-11.5314
-9.82075
-7.91906
-8.53798
-7.30865
-6.43353
1618.9
735.114
12.9047
12.5262
13.5957
14.4045
14.8869
15.0857
-8.04267
-8.981
-9.85818
-10.8242
-10.0786
-11.8423
-12.8117
-9.42947
-8.85271
-8.04644
679.879
1569.88
86.401
10.5677
10.765
11.8691
12.6484
13.123
13.3262
-8.63659
-9.83194
-10.2816
-11.835
-11.0172
-14.7479
-14.3628
-10.5221
-10.8367
3.57459
1480.17
778.281
12.0324
8.66618
9.35488
10.4024
11.1276
11.5755
11.7823
-9.35788
-10.4377
-10.4462
-1.83793
-9.45795
-15.6241
-15.0456
-13.7031
-11.3964
1356.53
1257.48
17.276
7.75194
7.05648
8.25805
9.17503
9.8269
10.2353
10.4308
-9.7089
-3.61824
-11.2105
-14.2109
-8.5478
-15.0457
-14.7222
-13.9427
1093.5
1313.3
31.4661
5.8492
5.2388
6.35166
7.35936
8.14364
8.7174
9.07964
9.25275
-8.86253
3.93122
-11.3327
27.7143
-8.51562
-14.4133
-14.6285
917.45
1204.38
68.7875
5.32755
3.84403
4.75612
5.75585
6.59508
7.27125
7.76598
8.08188
8.23106
-8.97006
-7.27045
-9.26598
-11.8445
-12.9313
-14.2132
654.355
1108.48
90.245
4.64111
2.74614
3.48183
4.405
5.23561
5.94527
6.52125
6.94492
7.21734
7.34306
-9.63748
-9.65365
-7.30538
-11.8266
223.175
474.375
1007.52
88.3451
3.62351
1.96988
2.50961
3.30725
4.08694
4.77999
5.38124
5.86803
6.22977
6.46299
6.56801
-10.9456
311.391
-8.99624
-11.8097
802.297
938.195
248.115
3.13099
1.41574
1.80711
2.45577
3.146
3.79141
4.37831
4.88225
5.29175
5.6001
5.7986
5.88561
-11.8232
331.844
-5.0416
-11.4104
10.8664
536.773
1.85679
0.708063
1.18489
1.7767
2.39039
2.9735
3.52134
4.0123
4.43242
4.77825
5.03891
5.20592
5.27655
-9.96391
0.471883
-2.58765
-6.8865
-6.4152
-5.34416
-1.412
0.243369
1.10686
1.74861
2.29651
2.80321
3.26428
3.67253
4.02408
4.31323
4.5313
4.67069
4.72643
-9.15092
823.727
-1.81216
-2.86843
-3.85199
-2.44697
-0.69078
0.433783
1.17078
1.72099
2.20041
2.6299
3.01443
3.35477
3.6472
3.88603
4.06668
4.18168
4.22422
-9.66693
806.027
16.957
-0.616786
-1.06526
-0.570903
0.153662
0.773025
1.27118
1.70508
2.09612
2.45032
2.76841
3.05076
3.29236
3.48923
3.63688
3.73021
3.76121
-10.5023
307.988
954.366
-0.0878777
-0.00518209
0.374363
0.700086
1.02449
1.35182
1.67244
1.97807
2.26276
2.52313
2.75357
2.95229
3.11473
3.23523
3.31033
3.33237
-11.7149
1816.33
2065.95
609.737
0.596693
0.961665
1.02865
1.1731
1.37788
1.60807
1.84102
2.06741
2.27672
2.46142
2.62198
2.75603
2.85532
2.91589
2.93149
-15.0951
1769.3
2127.7
1034.3
1.72381
1.32767
1.17861
1.21238
1.3401
1.50547
1.68328
1.8607
2.02711
2.17327
2.3002
2.4086
2.49001
2.5389
2.54913
-16.9714
126.962
419.219
3.11061
1.45947
1.23935
1.13297
1.15509
1.24488
1.36817
1.50292
1.64
1.77059
1.8862
1.98588
2.06936
2.13347
2.17279
2.17926
-11.0692
-6.97013
-2.32635
-0.287226
0.785042
0.949101
0.985887
1.03114
1.10661
1.20053
1.30274
1.40639
1.50607
1.59709
1.67453
1.73677
1.78384
1.81432
1.81873
-5.38054
-4.37511
-1.87296
-0.209522
0.497618
0.732244
0.815537
0.874435
0.937092
1.00881
1.08553
1.16206
1.23567
1.30323
1.36193
1.40803
1.44069
1.46192
1.46374
-2.63693
-1.85792
-0.774143
0.00616113
0.403712
0.570033
0.648729
0.699663
0.746238
0.796853
0.852215
0.907797
0.958934
1.00498
1.04613
1.07881
1.1013
1.11462
1.11359
-1.21407
-0.726219
-0.228654
0.130628
0.328545
0.426105
0.475664
0.507651
0.536959
0.569339
0.604799
0.641673
0.674987
0.703082
0.727225
0.747345
0.762333
0.771716
0.769906
-0.43086
-0.185337
0.0145122
0.149364
0.225309
0.2633
0.282686
0.295763
0.310353
0.326798
0.344397
0.363724
0.381974
0.395879
0.40623
0.414907
0.423105
0.430669
0.429633
-0.0156912
0.0249428
0.0466803
0.0563373
0.0589338
0.0589571
0.0581568
0.0588403
0.0609872
0.0632163
0.0663407
0.0698248
0.0733408
0.0758099
0.0772304
0.0782878
0.079889
0.0814203
0.0838514
)
;

boundaryField
{
    leftWall
    {
        type            fixedFluxPressure;
        gradient        uniform 0;
        value           nonuniform List<scalar> 
100
(
1301.25
1300.35
1298.24
1295.01
1290.75
1285.63
1279.83
1273.47
1264.67
1248.69
1231.68
1213.92
1195.19
1194
335.954
-2.55393
-2.59907
-2.65128
-2.70071
-2.75235
-2.80661
-2.86111
-2.91308
-2.96042
-3.00197
-3.03714
-3.0657
-3.08732
-3.10152
-3.10816
-3.1072
-3.09811
-3.08043
-3.05396
-3.01813
-2.97228
-2.91653
-2.85162
-2.77791
-2.69521
-2.60324
-2.50195
-2.39166
-2.27293
-2.14625
-2.01201
-1.87138
-1.72349
-1.57069
-1.42102
1300.95
1299.44
1296.76
1293
1288.29
1282.8
1276.72
1270.11
1256.84
1240.27
1222.95
1204.33
1189.77
1162.33
-2.58004
-2.57081
-2.62585
-2.6759
-2.72615
-2.77926
-2.83403
-2.88756
-2.9374
-2.98199
-3.02034
-3.05228
-3.0774
-3.09538
-3.10577
-3.10866
-3.10373
-3.09037
-3.06831
-3.03728
-2.99649
-2.9456
-2.88517
-2.81586
-2.7377
-2.65039
-2.55375
-2.44789
-2.33332
-2.21056
-2.08004
-1.9424
-1.79862
-1.64656
-1.49782
-1.32219
)
;
    }
    rightWall
    {
        type            fixedFluxPressure;
        gradient        uniform 0;
        value           nonuniform List<scalar> 
100
(
34.6122
34.6107
34.6075
34.6027
34.5962
34.5879
34.5776
34.5652
34.5363
34.4899
34.4262
34.3393
34.2207
34.0585
33.8354
33.5271
33.1007
32.5142
31.7186
30.6649
29.3153
27.6612
25.736
23.6129
21.3899
19.1706
17.046
15.0857
13.3262
11.7823
10.4308
9.25275
8.23106
7.34306
6.56801
5.88561
5.27655
4.72643
4.22422
3.76121
3.33237
2.93149
2.54913
2.17926
1.81873
1.46374
1.11359
0.769906
0.429633
0.0838514
34.6124
34.6116
34.6093
34.6053
34.5997
34.5922
34.5831
34.5716
34.5542
34.515
34.4606
34.3861
34.2846
34.146
33.9559
33.6937
33.331
32.8304
32.1457
31.2268
30.0285
28.5254
26.7286
24.6934
22.5071
20.2738
18.0912
16.0424
14.1794
12.528
11.0841
9.8209
8.72373
7.77166
6.94268
6.2165
5.57297
4.99486
4.4699
3.98822
3.54278
3.12901
2.73852
2.36282
1.99808
1.64071
1.28791
0.940993
0.599947
0.259636
)
;
    }
    lowerWall
    {
        type            fixedFluxPressure;
        gradient        uniform 0;
        value           nonuniform List<scalar> 
124
(
1302.43
1305.49
1300.49
1290.8
1280.66
1270.77
1260.9
1250.9
1241.1
1232.2
1225.2
1221.33
1222.03
1228.99
1244.37
1270.51
1309.89
1362.62
1409
1416.22
1410.82
1321.46
1442.12
1427.65
1381.54
1407.88
1499.72
1547.38
1515.67
1410.94
1189.99
488.798
82.8005
36.7523
35.3058
34.7659
34.7651
34.7631
34.7597
34.7543
34.7461
34.7349
34.7397
34.7677
34.7728
34.7753
34.7754
34.7749
34.7739
34.7712
34.7658
34.7568
34.744
34.7279
34.7094
34.6898
34.6702
34.652
34.6363
34.6241
34.616
34.6124
1301.25
1304.8
1304
1295.85
1285.69
1275.69
1265.85
1255.9
1245.94
1236.48
1228.4
1222.79
1221.01
1224.61
1235.46
1255.98
1288.36
1335.03
1389.32
1416
1419.24
1360.58
1374.42
489.78
79.9306
57.5676
35.9481
34.7659
34.7703
34.7745
34.7755
34.7752
34.7745
34.7728
34.7689
34.7618
34.7508
34.7363
34.7188
34.6997
34.6799
34.6608
34.6437
34.6297
34.6195
34.6136
1442.12
1403.07
1381.53
1452.96
1533.37
1540.97
1472.99
1320.51
34.7657
34.7643
34.7616
34.7574
34.7506
34.7407
34.7244
34.7683
)
;
    }
    atmosphere
    {
        type            totalPressure;
        rho             rho;
        psi             none;
        gamma           1;
        p0              uniform 0;
        value           nonuniform List<scalar> 
92
(
-1.2681
-1.27156
-1.27795
-1.28564
-1.29467
-1.30491
-1.31625
-1.32879
-1.3423
-1.35572
-1.36756
-1.37708
-1.38366
-1.38492
-1.3774
-1.35853
-1.32457
-1.26971
-1.18848
-1.07476
-0.921585
-0.726137
-0.494552
-0.345546
-0.231777
-0.128076
-0.0458357
0
0
0
0
0
0
0
0
0
0
0
0
0
0
0
0
0
0
0
-1.2524
-1.26845
-1.27458
-1.28159
-1.28996
-1.29961
-1.31042
-1.32236
-1.33544
-1.34907
-1.36186
-1.3726
-1.3808
-1.38511
-1.38237
-1.36949
-1.3437
-1.30007
-1.23265
-1.13608
-1.00339
-0.828927
-0.613905
-0.403893
-0.287949
-0.178051
-0.0833002
-0.00712939
0
0
0
0
0
0
0
0
0
0
0
0
0
0
0
0
0
0
)
;
    }
    defaultFaces
    {
        type            empty;
    }
}


// ************************************************************************* //
