/*--------------------------------*- C++ -*----------------------------------*\
| =========                 |                                                 |
| \\      /  F ield         | OpenFOAM: The Open Source CFD Toolbox           |
|  \\    /   O peration     | Version:  v1912                                 |
|   \\  /    A nd           | Website:  www.openfoam.com                      |
|    \\/     M anipulation  |                                                 |
\*---------------------------------------------------------------------------*/
FoamFile
{
    version     2.0;
    format      ascii;
    class       volScalarField;
    location    "0.9";
    object      p;
}
// * * * * * * * * * * * * * * * * * * * * * * * * * * * * * * * * * * * * * //

dimensions      [1 -1 -2 0 0 0 0];


internalField   nonuniform List<scalar> 
9072
(
1481.34
1495.72
1469.22
1434.53
1395.47
1353.78
1310.66
1266.11
1219.32
1167.69
1108.7
1042.89
979.669
913.499
853.679
804.422
766.682
724.561
741.626
742.44
770.593
783.721
789.15
1426.1
1439.28
1411.05
1375.53
1336.73
1295.12
1251.85
1207.38
1160.78
1109.68
1052.34
986.906
920.59
852.397
791.468
742.111
705.286
658.432
660.394
672.918
709.895
724.704
730.648
1370.95
1384.18
1353.92
1317.14
1277.96
1236.63
1193.62
1149.51
1103.48
1053.3
996.527
931.098
860.43
788.512
724.986
676.386
642.865
619.472
587.761
611.302
650.686
667.146
673.086
1315.94
1329.4
1295.54
1259.23
1219.76
1178.3
1135.39
1091.83
1046.83
997.605
940.459
873.288
798.755
722.106
654.745
605.948
574.304
558.353
533.123
558.788
594.553
611.796
616.569
1260.93
1272.98
1234.34
1201.81
1162.42
1119.98
1076.85
1034.13
990.724
942.553
884.154
814.301
736.013
652.57
579.307
531.303
500.535
482.12
473.731
502.729
540.222
559.049
561.116
1206.54
1215.41
1173.09
1145.74
1106.03
1061.56
1017.75
976.097
935.01
888.372
827.623
753.4
672.126
577.609
495.635
452.115
423.609
402.144
400.94
439.613
487.265
509.366
506.571
1154.49
1159.56
1115.38
1092.07
1050.32
1002.67
957.621
917.221
879.508
835.297
769.951
689.724
607.625
494.58
398.218
368.815
344.808
316.743
317.193
370.768
435.765
462.966
450.904
1106.6
1108.37
1064.11
1040.99
994.64
942.696
895.756
856.781
823.988
784.404
711.613
632.262
568.056
454.398
307.133
286.384
266.455
223.146
217.923
294.135
388.445
423.799
388.153
740.643
754.452
635.521
508.491
544.667
518.81
460.722
571.531
605.101
584.341
550.491
533.617
491.917
268.92
290.451
380.618
416.473
427.152
521.285
672.375
702.062
469.913
397.946
473.969
449.932
379.777
497.371
541.009
549.445
530.009
510.95
357.014
144.737
146.085
299.323
368.271
354.98
433.013
619.969
610.916
339.987
361.547
437.214
417.311
316.88
426.36
492.874
542.094
522.04
417.687
208.217
54.0178
49.4587
164.542
332.993
273.031
294.199
582.087
525.891
321.84
352.424
450.042
397.088
246.536
356.756
436.059
522.554
476.796
310.634
74.27
38.5666
31.1673
63.0545
270.595
208.3
201.804
537.329
501.083
315.618
343.695
511.633
371.905
200.134
275.742
334.215
435.65
406.091
216.88
19.5671
28.869
13.7844
19.821
207.429
208.566
192.089
476.02
457.54
250.229
351.651
490.807
320.265
158.445
187.709
240.195
335.268
350.405
137.175
7.38664
22.8066
2.69697
-7.40485
176.741
213.643
202.931
382.08
306.444
140.366
290.033
436.839
129.067
100.701
137.984
200.606
225.652
273.603
107.894
11.2694
16.1168
-0.94089
-14.5563
138.23
215.437
202.502
196.016
24.452
-39.815
118.95
350.44
11.233
70.1691
113.412
163.671
139.666
165.74
76.9452
16.2011
13.1222
-0.365995
-9.84768
178.246
211.449
196.012
1031.67
1051.14
1010.22
978.32
921.949
863.251
812.889
775.823
752.697
716.069
664.484
618.679
530.235
388.462
257.254
210.364
188.089
127.412
98.5107
184.164
339.583
384.522
348.641
970.728
977.12
936.382
872.317
792.32
719.145
658.303
622.38
640.045
639.749
574.103
438.411
338.128
278.209
201.475
175.901
156.769
68.1193
26.5583
77.4698
212.579
232.308
193.646
938.727
928.186
858.65
749.206
645.559
556.965
475.069
414.833
423.717
390.366
203.578
260.565
96.1271
-27.6191
62.2427
83.8841
95.7649
44.2046
27.0316
59.2025
97.2864
20.8736
8.24449
941.811
909.577
792.128
605.292
480.086
383.984
274.23
141.021
86.5029
129.24
117.43
127.946
18.6036
-37.4975
7.08539
5.69521
4.8961
14.0618
5.45567
3.77335
8.17116
5.79642
6.15741
836.577
927.457
781.435
474.532
342.392
191.975
103.918
89.1943
79.6025
109.241
120.089
115.23
119.158
4.49423
0.385827
1.86843
3.44521
4.24244
3.7138
3.52847
4.17918
4.86884
4.98551
350.895
564.137
516.117
237.019
50.5858
31.1983
28.3032
32.1201
31.7862
30.647
29.5269
50.1904
54.5845
5.90732
1.09654
1.93563
2.84425
3.7973
3.68412
3.65206
3.9827
4.05914
3.54864
61.5015
87.1699
139.228
47.5492
13.8684
25.3801
24.1226
23.4956
26.5265
25.3738
6.79106
1.24724
3.67084
5.18552
3.71023
2.35648
2.72252
4.08477
4.31208
1.97524
0.293266
2.66981
-0.511872
48.8794
42.3611
47.0057
12.7427
10.3298
9.02752
17.1452
23.255
23.6985
15.408
-5.23868
0.926445
3.1176
3.72141
5.19072
3.6278
2.95197
3.16084
1.68168
-0.791327
-1.17036
-0.9632
-1.1552
44.6161
46.5739
44.1184
11.2346
7.74185
6.80051
10.1489
16.2782
10.1399
1.42864
-3.27541
-0.418136
2.12109
2.86303
1.96359
0.302167
1.95312
-1.03204
-1.43971
-1.37089
-1.3125
-1.22786
-1.29478
41.5895
43.2673
41.6767
20.0179
3.31956
3.18932
3.12543
3.1426
-0.908669
-2.19384
-2.20495
-1.49654
-0.412368
-1.24021
-6.80881
-3.29172
-2.82421
-1.58848
-1.58704
-1.51809
-1.46244
-1.40614
-1.37414
37.2337
40.9053
40.0797
4.69081
1.30122
-0.211491
-1.69369
-1.71841
-1.68416
-1.61609
-1.16352
-2.75948
-4.57766
-3.22677
-2.35857
-2.24771
-2.30101
-1.7294
-1.71533
-1.67624
-1.61521
-1.56372
-1.52508
29.0804
35.0497
29.2386
-0.775286
-0.646566
-1.13947
-1.6537
-2.05252
-2.00165
-1.48558
0.575983
-0.988235
-3.33731
-2.56691
-2.22066
-2.05042
-2.17369
-2.03628
-1.92082
-1.84023
-1.77242
-1.72118
-1.68443
14.4439
25.0736
14.3887
-1.53934
-1.71646
-1.75099
-2.1336
-2.58722
-2.44741
-2.30376
-1.95894
-1.29939
-2.81249
-2.63046
-2.12981
-1.91354
-2.21574
-2.2469
-2.10755
-1.997
-1.92211
-1.87034
-1.83448
-5.71255
-3.37486
-15.2409
-3.82389
-3.07567
-3.04619
-2.80207
-3.16299
-3.00643
-2.76654
-2.73177
-2.62066
-4.14928
-3.63983
-2.79202
-2.44447
-2.41948
-2.38643
-2.23453
-2.12464
-2.05516
-2.00711
-1.97312
-8.0828
-28.9565
-58.7161
-5.10858
-5.1008
-4.80636
-4.77586
-5.67561
-4.74112
-2.81137
-3.63015
-4.5425
-6.47046
-4.27711
-3.22754
-2.95081
-2.53093
-2.40152
-2.30075
-2.22448
-2.17121
-2.13141
-2.10156
-5.41584
-16.2081
-35.222
-6.59567
-7.05692
-7.63575
-10.8639
-15.2463
-14.5879
-10.6538
-15.139
-9.58497
-3.86555
-3.72292
-3.17774
-2.97829
-2.52366
-2.41228
-2.35629
-2.31138
-2.27532
-2.24605
-2.22245
-8.68559
-12.6641
3.22498
-8.11341
-9.83571
-14.3728
-23.8553
-31.3131
-29.7554
-27.1162
-26.3168
-8.18251
-3.95386
-3.41364
-2.88087
-2.70953
-2.48435
-2.44385
-2.41597
-2.39297
-2.37287
-2.355
-2.33902
-17.8148
-16.8862
-7.71318
-9.03804
-15.7251
-24.7313
-42.173
-50.8826
-46.042
-32.1075
-24.4716
-2.16974
-3.10764
-2.80603
-2.6409
-2.56201
-2.49778
-2.48566
-2.47934
-2.47431
-2.46882
-2.46228
-2.45454
-10.7117
-12.9351
-14.6457
-16.4809
-18.1506
-25.7707
-45.1567
-55.0181
-48.0358
-25.6154
-8.09013
-0.488815
-2.58427
-2.50035
-2.49564
-2.51618
-2.52602
-2.53802
-2.54969
-2.55982
-2.56729
-2.57147
-2.57206
-8.01222
-10.2856
-10.2976
-13.1815
-15.6402
-20.8291
-34.3759
-42.9797
-35.5519
-15.831
-3.76716
0.257815
-2.29676
-2.28472
-2.38782
-2.49621
-2.56424
-2.60423
-2.63135
-2.65329
-2.67166
-2.68569
-2.69445
0.544398
-8.97658
-12.1673
-11.1377
-11.9175
-13.5367
-19.5025
-24.3216
-20.2388
-9.97234
-2.85164
-1.31869
-2.07423
-2.12797
-2.33485
-2.52741
-2.64239
-2.70037
-2.73174
-2.75846
-2.78474
-2.8077
-2.82435
47.6702
-12.8235
-7.43071
-8.32197
-8.2041
-7.93617
-9.3282
-12.7165
-13.7599
-9.74422
-3.86402
-0.881918
-1.75487
-2.10017
-2.41356
-2.66796
-2.81708
-2.85843
-2.86102
-2.87771
-2.90821
-2.9398
-2.96419
79.862
-7.14264
-6.79172
-6.68495
-5.678
-4.31485
-4.67101
-7.99902
-14.3887
-16.8093
-15.8791
-3.20266
-2.85946
-2.53194
-2.77095
-3.05712
-3.23149
-3.1689
-3.03992
-3.00855
-3.04217
-3.08432
-3.11656
4.80274
-6.22538
-6.96371
-6.69714
-5.02574
-3.41236
-3.29591
-7.69249
-14.4964
-19.789
-19.9025
-6.42673
-4.16428
-3.40878
-3.47329
-3.86038
-4.2764
-4.10931
-3.33372
-3.13998
-3.18858
-3.24589
-3.28491
-6.24543
-8.51783
-8.24496
-8.4649
-8.01635
-5.30453
-1.06356
-5.46019
-8.92918
-6.68928
-7.41171
-6.10879
-4.56781
-4.01693
-4.07886
-4.45167
-4.86208
-4.76163
-4.14532
-3.22834
-3.36283
-3.43571
-3.47401
-9.04591
-7.3336
-9.8952
-11.1546
-11.4922
-7.01283
-2.47392
-3.65833
-4.46675
-5.49431
-5.78963
-5.19983
-4.51653
-4.15558
-4.08055
-4.29175
-4.81039
-4.68317
-4.33585
-3.5845
-3.63532
-3.66942
-3.68595
-9.88014
-7.87117
-11.0274
-13.9812
-16.2128
-5.79773
-1.95025
-2.3714
-3.47865
-4.44604
-4.91108
-4.79409
-4.51223
-4.27053
-4.16721
-4.34761
-4.89187
-5.21632
-4.38642
-4.13624
-3.97588
-3.93089
-3.91074
-13.6352
-11.7237
-13.3737
-15.626
-18.1915
-13.5281
-2.13135
-1.98914
-3.10963
-4.13902
-4.69077
-4.72789
-4.66293
-4.56247
-4.50956
-4.6631
-5.11657
-5.42564
-4.95607
-4.46166
-4.26848
-4.17982
-4.13095
-16.6923
-15.7918
-16.8476
-13.763
-7.77888
-2.09996
0.0472635
-1.49442
-2.99293
-4.17207
-4.73361
-4.88901
-4.89165
-4.85552
-4.86202
-4.94575
-5.11665
-5.11007
-4.88368
-4.65341
-4.49708
-4.39935
-4.3361
-18.7284
-19.56
-18.5208
-9.96183
18.7993
0.846721
-2.00174
-2.36237
-3.59738
-4.7006
-5.13894
-5.26887
-5.27067
-5.24071
-5.22686
-5.23406
-5.23485
-5.14616
-4.98249
-4.81973
-4.68955
-4.59382
-4.52474
-15.0281
-19.0825
-16.8885
-9.38005
-4.91499
-5.36116
-4.63725
-4.54916
-5.11264
-5.7099
-5.92442
-5.94606
-5.86183
-5.75445
-5.6522
-5.55073
-5.43603
-5.29164
-5.13301
-4.98681
-4.86582
-4.77114
-4.69895
-5.3223
-14.712
-10.0192
-7.55061
-6.80594
-6.83351
-6.65667
-6.62284
-6.7798
-6.91394
-7.07842
-7.08854
-6.84056
-6.51209
-6.19525
-5.92809
-5.69511
-5.4879
-5.30685
-5.1551
-5.03246
-4.93575
-4.86077
18.5774
-3.2299
-5.85045
-6.55999
-7.36223
-7.58689
-8.16428
-8.33948
-8.31399
-8.27112
-8.8082
-9.30121
-8.6178
-7.72624
-6.95735
-6.37709
-5.98968
-5.70393
-5.48659
-5.31908
-5.1894
-5.08895
-5.01133
19.4388
-1.63774
-5.02549
-6.18939
-7.3205
-8.21498
-8.94824
-9.28404
-9.34523
-9.51049
-10.849
-12.5566
-11.1249
-9.11604
-7.78798
-6.85189
-6.28185
-5.91148
-5.65536
-5.47064
-5.33366
-5.23017
-5.15109
11.3655
-3.44958
-5.11187
-6.38972
-7.90077
-8.94572
-9.59315
-9.89893
-10.0172
-10.2894
-11.5834
-13.4485
-12.6208
-10.7347
-8.41999
-7.23815
-6.50939
-6.0774
-5.79546
-5.60085
-5.46124
-5.35807
-5.28006
4.21402
-1.22636
-4.73921
-6.63971
-8.31495
-10.0429
-10.9305
-10.7328
-10.4102
-10.3888
-10.9908
-12.0082
-11.9636
-10.5391
-8.46683
-7.38554
-6.61466
-6.17476
-5.89303
-5.70271
-5.56911
-5.47165
-5.39814
-0.181004
-0.38452
-3.27808
-5.32188
-7.50484
-10.5585
-12.1607
-11.2871
-10.2987
-10.0041
-10.0888
-10.3185
-10.0384
-9.28024
-8.17293
-7.2743
-6.58764
-6.19814
-5.94456
-5.7749
-5.6573
-5.5713
-5.50563
-1.33846
-0.719858
-2.09959
-4.20105
-6.52186
-9.82307
-10.9142
-10.1338
-9.34574
-9.07162
-8.97234
-9.12724
-8.73815
-8.30894
-7.62597
-6.96467
-6.46425
-6.16103
-5.95843
-5.82325
-5.72923
-5.65877
-5.60331
-2.17503
-2.11616
-3.24083
-5.03673
-6.74957
-9.23825
-8.90343
-7.84474
-7.91089
-7.96096
-7.9474
-7.91629
-7.81479
-7.44686
-7.02095
-6.61498
-6.2935
-6.08676
-5.94968
-5.85727
-5.7898
-5.7365
-5.69256
-3.19175
-3.52398
-4.46844
-5.88356
-7.35764
-8.59328
-7.31778
-6.78827
-7.03214
-7.18983
-7.17687
-6.93778
-6.76782
-6.75542
-6.53825
-6.28155
-6.10478
-5.99912
-5.93328
-5.8843
-5.8431
-5.80702
-5.77534
-4.74912
-4.60856
-5.19901
-5.96417
-6.77053
-7.44149
-7.12962
-6.75603
-6.83019
-7.07982
-6.85248
-6.21924
-6.09379
-6.21248
-6.10129
-5.97775
-5.93291
-5.92913
-5.92477
-5.91163
-5.89351
-5.87373
-5.85417
-6.09563
-6.74257
-5.68217
-5.80837
-6.19971
-6.94041
-7.61334
-6.81203
-6.62303
-8.32891
-8.03118
-5.9494
-5.79418
-5.84843
-5.80026
-5.78597
-5.85268
-5.90831
-5.93694
-5.94727
-5.94711
-5.94126
-5.93249
367.744
471.851
570.744
527.179
135.349
91.1079
151.749
171.985
24.1341
30.9395
32.7904
40.8891
9.08164
19.3464
21.1979
19.5077
3.14598
-0.427818
-4.44233
0.770292
-0.743813
-0.95449
-1.13022
-1.54346
-1.33383
-1.26136
-1.42422
-1.55765
-1.30687
-1.37823
-1.65581
-1.79394
-1.31695
-1.37628
-1.69298
-2.08399
-1.30955
-1.3005
-1.33595
-1.45936
-1.50031
-1.49797
-1.51276
-1.55334
-1.66632
-1.66433
-1.6701
-1.68141
-1.81592
-1.81072
-1.80903
-1.80982
-1.95338
-1.94577
-1.94013
-1.93586
-2.08223
-2.07364
-2.06622
-2.05963
-2.2055
-2.19719
-2.18946
-2.18215
-2.32601
-2.31893
-2.3119
-2.30492
-2.44639
-2.44118
-2.43559
-2.42969
-2.56925
-2.56631
-2.56262
-2.55822
-2.69713
-2.69663
-2.69498
-2.69221
-2.83239
-2.83425
-2.83454
-2.83329
-2.97718
-2.9811
-2.98302
-2.98293
-3.1336
-3.13903
-3.14197
-3.14249
-3.30384
-3.3097
-3.31272
-3.31309
-3.48979
-3.49413
-3.49594
-3.49546
-3.69047
-3.69077
-3.68993
-3.68819
-3.89858
-3.89304
-3.88827
-3.88441
-4.1036
-4.09215
-4.08286
-4.07563
-4.29852
-4.28246
-4.26922
-4.25852
-4.48115
-4.46202
-4.44595
-4.43268
-4.65167
-4.63052
-4.61254
-4.59749
-4.81072
-4.78807
-4.76857
-4.75202
-4.95912
-4.93527
-4.9145
-4.89661
-5.09777
-5.07328
-5.05179
-5.03302
-5.22739
-5.2031
-5.18166
-5.16279
-5.34821
-5.32506
-5.30453
-5.28635
-5.46037
-5.43921
-5.42035
-5.40355
-5.56423
-5.54578
-5.52921
-5.51435
-5.66075
-5.64553
-5.63173
-5.61924
-5.75146
-5.73979
-5.72906
-5.71924
-5.83828
-5.83022
-5.82265
-5.8156
-5.92391
-5.9192
-5.91459
-5.91017
212.526
-70.7878
-73.3011
-65.1675
156.298
52.0031
57.9367
96.2536
113.1
62.7299
69.7509
57.3895
25.4403
4.79444
-4.85317
18.4455
201.727
199.45
160.722
36.8935
-73.5293
-76.3624
-80.7926
-55.5085
57.3492
80.5453
217.8
180.199
56.6113
59.4198
56.5497
50.9425
29.7054
42.3602
94.2747
139.628
82.2312
58.1798
-14.5181
-60.1123
-86.2627
-90.0881
-96.9831
97.3687
113.569
214.925
90.5942
31.992
39.6136
38.2184
37.4572
36.3701
21.997
21.3251
40.9752
36.7091
19.878
7.16815
-13.9001
-19.8841
-20.1045
-31.9424
67.442
75.1442
81.2306
16.1217
5.31818
11.6558
-18.8274
24.3661
23.5395
17.6656
10.6938
8.87778
13.1733
10.8096
9.24449
0.718197
-11.6312
10.8904
40.8247
80.2168
53.5909
15.531
8.21087
1.97102
1.66353
-2.16949
3.30817
0.412567
2.41265
1.49882
2.15982
2.47812
3.35429
-1.41302
-1.46021
-0.811084
11.8527
13.8313
12.3908
3.76764
-0.2667
-0.777468
1.24555
0.906964
1.60134
11.6033
0.502701
3.08181
0.640375
1.32724
1.78016
2.43326
-1.55447
-1.62008
-1.38
-1.11525
-0.822616
-0.356803
-0.608301
-0.734033
-0.83101
0.0292093
0.323538
0.835758
-1.31644
-7.89462
1.51821
0.428659
0.767715
1.35624
1.99744
-1.96364
-1.84644
-1.51924
-1.30488
-1.20961
-1.04784
-0.913656
-0.931545
-1.05855
-0.713811
-0.225678
0.991243
0.577646
-3.56323
-0.175797
-0.182239
0.128491
0.757601
1.32182
-2.10147
-1.78379
-1.53158
-1.38828
-1.29199
-1.19783
-1.0992
-1.14757
-1.46104
-1.49966
-1.13741
-0.953573
-1.76425
-2.79754
-1.76411
-1.22117
-0.763797
0.157084
0.207987
-1.66263
-1.65448
-1.56158
-1.46905
-1.39128
-1.32882
-1.29288
-1.50593
-2.50815
-2.8347
-3.58528
-3.20993
-3.28016
-3.73422
-2.98014
-2.13996
-1.73155
-0.878116
-0.749466
-1.61432
-1.65233
-1.62443
-1.57165
-1.51864
-1.47289
-1.47038
-1.94254
-3.8486
-4.73015
-4.51732
-3.59875
-3.79057
-4.10133
-3.54053
-2.74356
-2.50985
-2.13482
-2.08652
-1.69974
-1.71743
-1.7046
-1.67321
-1.63977
-1.61652
-1.65462
-2.02572
-2.69618
-3.15035
-3.24289
-3.0902
-3.52505
-3.8691
-3.5276
-2.92542
-2.71811
-2.6299
-3.31384
-1.81247
-1.81353
-1.8007
-1.77685
-1.75052
-1.73222
-1.74769
-1.92706
-2.12474
-2.32756
-2.51768
-2.74678
-3.12389
-3.34782
-3.20344
-2.91115
-2.71254
-2.53481
-2.63858
-1.9312
-1.92219
-1.90628
-1.88324
-1.85636
-1.83008
-1.80589
-1.8208
-1.80073
-1.9589
-2.24202
-2.54312
-2.77808
-2.8747
-2.81249
-2.8202
-2.69649
-2.40982
-2.13225
-2.05151
-2.03684
-2.01785
-1.99339
-1.96415
-1.93136
-1.89504
-1.85553
-1.80448
-1.89167
-2.14842
-2.42918
-2.57268
-2.62199
-2.5446
-3.17714
-2.98988
-2.49932
-2.03729
-2.17276
-2.15531
-2.13418
-2.10813
-2.07712
-2.04186
-2.00428
-1.9699
-1.94814
-2.00537
-2.19785
-2.51022
-2.78638
-2.95491
-3.06945
-3.13906
-3.06252
-2.71202
-2.42278
-2.29563
-2.27737
-2.25511
-2.22796
-2.19603
-2.16075
-2.12617
-2.10164
-2.10616
-2.18067
-2.35062
-2.57663
-2.80109
-3.09812
-3.14317
-2.9126
-2.9414
-2.89108
-2.89159
-2.42136
-2.40354
-2.38095
-2.35316
-2.32062
-2.28561
-2.25399
-2.23749
-2.25363
-2.31899
-2.43166
-2.56254
-2.70324
-2.85589
-3.00392
-2.88731
-2.96401
-3.15395
-3.1448
-2.55133
-2.53467
-2.51225
-2.48407
-2.4507
-2.41474
-2.38334
-2.3701
-2.39183
-2.45256
-2.53203
-2.60916
-2.68874
-2.8171
-3.29037
-3.26952
-3.1872
-3.25509
-3.18429
-2.68691
-2.67169
-2.64972
-2.62132
-2.58661
-2.54763
-2.51243
-2.49758
-2.52512
-2.5939
-2.66244
-2.7037
-2.73539
-3.13651
-3.74882
-3.65017
-3.36058
-3.02416
-3.18695
-2.82944
-2.81547
-2.79396
-2.76568
-2.7295
-2.68576
-2.64314
-2.621
-2.6568
-2.75471
-2.82387
-2.83957
-2.7965
-3.65484
-3.97005
-3.83063
-3.41876
-3.22074
-3.31201
-2.98011
-2.96663
-2.94511
-2.91806
-2.88201
-2.83371
-2.77841
-2.74275
-2.81504
-2.98956
-3.03803
-3.02467
-3.01458
-3.76279
-4.03059
-3.96821
-3.65864
-3.64798
-3.56332
-3.13992
-3.12552
-3.10242
-3.07968
-3.04854
-3.00097
-2.94812
-2.96534
-3.06859
-3.3217
-3.31892
-3.25272
-3.25801
-3.46273
-3.76979
-4.08631
-4.18278
-4.16731
-3.86227
-3.3098
-3.29291
-3.26385
-3.25278
-3.23538
-3.20186
-3.25078
-3.36561
-3.41772
-3.55083
-3.51635
-3.44639
-3.42083
-3.40277
-3.49829
-4.23585
-4.56546
-4.37744
-3.9017
-3.49109
-3.47333
-3.42641
-3.42872
-3.44847
-3.48229
-3.6069
-3.6182
-3.6647
-3.70088
-3.64521
-3.58231
-3.55342
-3.6412
-3.72626
-4.10815
-4.38174
-4.18546
-3.73673
-3.68467
-3.68082
-3.67261
-3.65583
-3.69822
-3.82561
-3.86558
-3.83712
-3.82953
-3.84483
-3.81188
-3.71318
-3.66693
-3.70184
-3.91506
-4.12755
-4.23904
-3.97191
-3.63922
-3.88142
-3.88903
-3.94821
-3.92116
-3.88862
-4.06239
-4.12986
-4.0581
-3.98811
-3.97031
-3.9652
-3.91836
-3.82224
-3.82833
-3.98316
-4.07262
-4.08722
-3.97913
-3.80332
-4.0691
-4.06925
-4.09621
-4.11806
-4.07128
-4.16197
-4.27468
-4.20495
-4.12091
-4.09735
-4.09458
-4.09347
-4.07944
-4.07375
-4.15349
-4.1848
-4.19882
-4.12763
-4.02246
-4.24741
-4.23724
-4.23441
-4.25634
-4.26883
-4.26731
-4.31437
-4.2708
-4.2367
-4.22702
-4.22812
-4.2337
-4.25037
-4.2889
-4.33143
-4.36069
-4.36153
-4.29894
-4.20769
-4.41828
-4.40342
-4.40035
-4.43791
-4.44668
-4.42834
-4.39779
-4.3779
-4.36497
-4.36074
-4.36103
-4.36653
-4.38047
-4.40856
-4.45172
-4.50237
-4.48834
-4.39576
-4.39012
-4.58131
-4.56493
-4.56667
-4.58493
-4.58498
-4.55311
-4.5315
-4.51019
-4.49969
-4.49343
-4.49121
-4.49368
-4.50161
-4.51508
-4.53185
-4.54821
-4.54805
-4.51161
-4.50214
-4.7336
-4.71234
-4.70929
-4.72516
-4.73261
-4.7124
-4.67377
-4.64653
-4.63216
-4.62322
-4.61853
-4.61777
-4.62046
-4.6253
-4.62952
-4.62963
-4.62587
-4.61241
-4.59115
-4.87614
-4.85115
-4.84821
-4.87849
-4.90706
-4.9043
-4.84622
-4.78632
-4.76189
-4.75013
-4.74372
-4.74066
-4.73985
-4.74001
-4.73949
-4.73689
-4.73252
-4.72455
-4.71248
-5.01147
-4.9845
-4.97668
-5.01235
-5.06568
-5.08151
-5.0142
-4.92017
-4.8873
-4.87485
-4.8679
-4.86354
-4.86069
-4.85844
-4.85588
-4.85243
-4.84836
-4.8436
-4.83685
-5.14108
-5.11318
-5.09911
-5.1076
-5.13997
-5.15307
-5.11035
-5.03481
-5.00977
-4.9993
-4.99233
-4.98712
-4.983
-4.97943
-4.97592
-4.97221
-4.96848
-4.9651
-4.9604
-5.26528
-5.23736
-5.22015
-5.21346
-5.2154
-5.21237
-5.19871
-5.15748
-5.1364
-5.12543
-5.11762
-5.11149
-5.10643
-5.10201
-5.09794
-5.09408
-5.09049
-5.08749
-5.08354
-5.38388
-5.35711
-5.33871
-5.32718
-5.3196
-5.31026
-5.3079
-5.28325
-5.26392
-5.25181
-5.2431
-5.23621
-5.23045
-5.22545
-5.22098
-5.21692
-5.2133
-5.21027
-5.2066
-5.49676
-5.47227
-5.4544
-5.44166
-5.43169
-5.4221
-5.41678
-5.40148
-5.38763
-5.37663
-5.36795
-5.36078
-5.35464
-5.34924
-5.34444
-5.34015
-5.3364
-5.33324
-5.32989
-5.6043
-5.58308
-5.56701
-5.55511
-5.54544
-5.53668
-5.52944
-5.51943
-5.50916
-5.49995
-5.49196
-5.48495
-5.47869
-5.47304
-5.46795
-5.46341
-5.45946
-5.45621
-5.45327
-5.70734
-5.69014
-5.67684
-5.6667
-5.65864
-5.65155
-5.64498
-5.63763
-5.62998
-5.62254
-5.61551
-5.6089
-5.60266
-5.59682
-5.59144
-5.58657
-5.58235
-5.57898
-5.57645
-5.80693
-5.79416
-5.78422
-5.77665
-5.77094
-5.76595
-5.76115
-5.75604
-5.75055
-5.74477
-5.73877
-5.73264
-5.72648
-5.72043
-5.71468
-5.70942
-5.70481
-5.70117
-5.69893
-5.90459
-5.89625
-5.88992
-5.88544
-5.88246
-5.88005
-5.87749
-5.87463
-5.87118
-5.86698
-5.862
-5.85631
-5.85015
-5.84379
-5.83755
-5.83174
-5.82661
-5.82242
-5.81989
1505.04
1483.41
1452.79
1415.33
1374.89
1332.35
1288.6
1243.11
1194.29
1139.14
1075.95
1011.13
946.409
882.57
827.336
784.997
743.332
734.103
733.234
759.518
778.144
787.492
789.683
1448.71
1426.31
1393.97
1356.43
1316.25
1273.62
1229.8
1184.48
1135.95
1082.2
1019.95
954.035
886.106
820.742
765.182
722.824
680.229
662.739
653.298
696.554
718.559
728.719
731.18
1393.51
1370.46
1336.05
1297.73
1257.6
1215.27
1171.71
1126.84
1079.05
1025.99
964.729
896.301
824.023
755.194
698.562
657.883
632.304
605.109
586.894
636.665
660.399
671.324
672.942
1338.81
1313.83
1277.69
1239.76
1199.28
1156.96
1113.69
1069.65
1022.96
970.281
907.993
836.862
760.167
686.404
627.955
588.18
564.879
546.446
536.759
580.855
604.782
615.7
614.398
1283.75
1254.03
1218.16
1182.85
1141.38
1098.4
1055.44
1012.71
967.57
914.943
850.352
776.556
694.54
613.092
552.427
514.411
489.723
476.378
483.17
524.714
551.725
562.121
554.12
1228.33
1193.13
1159.61
1127.3
1083.85
1039.43
996.662
955.755
912.907
860.258
791.365
714.073
625.956
531.938
470.001
437.389
411.343
397.657
416.023
467.343
501.416
510.934
489.787
1174.16
1135.25
1104.46
1073.21
1026.38
979.629
936.837
898.401
859.033
806.314
729.672
649.802
554.272
436.965
378.295
358.673
329.62
310.497
338.795
407.836
453.851
462.179
416.616
1123.42
1083.86
1053.9
1020.06
968.31
918.346
875.234
840.063
806.109
755.974
665.719
600.935
521.013
366.891
287.197
281.619
244.668
208.863
248.157
346.204
411.439
424.338
327.27
743.177
715.651
549.709
521.447
542.914
481.184
514.12
594.802
596.171
580.293
533.364
533.797
381.906
236.896
350.57
382.689
433.41
450.951
549.093
678.058
602.745
398.06
438.691
476.079
408.937
428.144
523.79
544.539
543.927
519.343
459.372
238.317
106.612
238.593
313.468
395.399
360.877
478.588
634.428
404.12
345.184
388.306
453.759
372.227
342.622
468.928
523.752
538.964
491.225
316.246
98.0112
49.0673
70.5725
267.399
364.546
232.95
389.256
610.19
331.787
330.404
397.763
449.166
329.509
265.192
401.479
492.426
509.154
416.943
183.361
39.4093
35.241
30.2656
179.425
291.997
155.632
309.207
585.725
342.111
317.904
447.828
436.253
287.346
211.587
304.335
424.512
422.027
358.115
52.8026
25.0967
22.8666
10.228
82.0497
249.168
176.161
265.296
529.792
306.377
263.72
453.529
405.487
232.679
163.31
203.878
322.079
329.505
316.746
30.9218
17.4843
15.4056
-3.06731
19.7815
226.55
196.759
246.071
429.724
179.202
181.932
397.052
296.17
94.2305
116.073
168.339
211.354
249.094
240.833
11.7256
16.2527
9.76878
-8.43418
25.1406
201.16
212.3
229.394
193.277
-36.7227
4.35028
270.527
129.253
48.0082
92.3721
139.775
149.284
170.782
123.669
22.1658
16.1138
7.02753
-11.6683
48.0119
201.113
218.454
198.449
1065.16
1029.05
997.488
951.972
891.921
836.673
792.537
762.743
739.627
685.089
644.472
579.747
466.415
315.326
223.821
203.563
160.629
98.1261
125.092
266.238
372.809
384.689
305.876
989.917
957.216
907.881
831.984
754.571
686.657
636.24
619.8
670.347
625.989
512.758
367.192
308.203
244.227
181.933
169.02
123.306
25.7561
42.147
149.183
234.452
208.648
181.322
942.212
899.886
806.373
694.803
600.38
514.593
440.798
403.209
469.827
271.453
230.048
213.517
-9.22842
31.5724
73.895
96.2427
81.4452
24.3147
38.9222
80.5479
74.4013
9.77074
6.63088
927.44
865.792
695.923
535.212
432.465
329.025
215.695
107.165
89.6642
121.738
121.789
111.399
-45.0359
0.163673
7.0888
23.3939
25.6345
8.4324
4.79099
1.10161
5.61457
6.07285
6.49067
921.263
900.53
619.714
394.104
278.757
124.424
94.1758
83.6233
85.2899
124.556
107.705
127.193
43.0973
-0.514638
0.963507
2.62167
3.99193
4.19154
3.36333
3.74369
4.6614
4.96896
4.28782
531.488
580.187
356.582
144.324
20.7639
31.6859
26.9496
33.1935
29.6172
29.8393
39.3772
63.3629
29.4819
0.36658
1.5656
2.30277
3.47166
3.761
3.56198
3.77721
4.04602
4.11658
1.26459
99.3703
99.8208
131.823
17.5962
14.3975
32.7999
23.1959
24.7842
27.2032
18.5402
-0.349957
3.51807
5.29842
5.17468
2.26786
2.44147
3.34456
4.60518
2.7002
0.325465
2.68156
0.906837
-1.35825
48.5146
42.2651
61.511
11.1134
9.33155
11.992
20.7988
24.2382
21.7381
3.11034
-2.33179
2.59169
3.37078
4.40558
6.5312
3.20192
3.09455
2.5641
1.21016
-1.09918
-1.15442
-0.885616
-1.29045
46.1096
45.8732
45.3745
9.47883
7.00166
7.88955
12.8238
14.7773
6.0352
-6.24021
-1.84698
1.15701
2.66617
2.03049
0.125552
-0.334141
-0.591183
-1.25565
-1.37965
-1.3324
-1.27808
-1.22922
-1.31922
43.0037
42.652
41.0763
1.62866
3.50405
3.22363
3.05016
1.46529
-1.21552
-4.88079
-1.45154
-1.02118
-0.0485845
-4.17852
-3.27957
-3.07936
-1.33764
-1.60591
-1.55079
-1.48816
-1.43381
-1.38643
-1.34245
40.0883
41.2366
27.3253
1.23736
0.724902
-1.28637
-1.42717
-1.76939
-1.66411
-1.23325
-1.35502
-4.0898
-3.19707
-2.43412
-2.54051
-2.3229
-2.09368
-1.69031
-1.70028
-1.64538
-1.58787
-1.54325
-1.50867
34.252
34.6984
5.65314
-0.420826
-0.932249
-1.37206
-1.96661
-2.02207
-1.94965
-0.549739
0.209951
-2.72959
-3.08266
-2.33224
-2.08934
-2.11446
-2.12942
-1.96884
-1.87817
-1.80429
-1.74484
-1.7011
-1.67167
24.2125
22.9312
-0.135885
-1.53608
-1.78154
-1.84089
-2.43198
-2.51597
-2.37568
-2.11509
-1.66947
-1.93369
-2.87244
-2.29919
-2.01549
-2.11192
-2.26875
-2.18062
-2.0469
-1.95592
-1.89396
-1.85059
-1.82213
0.377488
-19.4703
-3.36582
-3.21585
-3.06527
-2.92759
-3.0386
-3.15781
-2.84668
-2.73829
-2.56821
-3.27974
-4.21825
-3.02772
-2.65673
-2.44878
-2.43459
-2.31087
-2.17294
-2.08638
-2.0291
-1.98855
-1.96061
-23.6113
-35.8633
-5.35881
-5.33198
-5.02532
-4.38312
-5.38116
-5.42997
-3.74837
-2.69018
-3.57896
-6.57699
-4.97656
-3.63133
-3.08513
-2.57317
-2.4528
-2.34817
-2.25873
-2.1958
-2.14991
-2.11537
-2.08972
-9.13687
-18.4581
-6.88161
-6.92164
-7.40145
-8.80486
-13.3917
-15.6549
-12.0636
-13.3838
-14.7715
-8.55411
-3.91253
-3.41316
-3.1227
-2.75166
-2.43373
-2.38319
-2.33255
-2.29242
-2.25991
-2.23362
-2.21235
-7.55479
-11.5245
-8.37557
-8.73267
-11.4855
-18.1972
-28.868
-31.5912
-27.4573
-28.8105
-21.109
-3.93852
-3.75155
-3.09774
-2.74801
-2.57859
-2.46146
-2.42891
-2.404
-2.38262
-2.36367
-2.3468
-2.33151
-21.9342
-12.567
-11.2306
-13.1665
-20.5307
-31.896
-49.0297
-49.8444
-39.6772
-25.8449
-11.0921
-2.81715
-2.95957
-2.69362
-2.60379
-2.52006
-2.49075
-2.48218
-2.47681
-2.47168
-2.4657
-2.45857
-2.45012
-14.4612
-11.8078
-18.6119
-15.316
-21.8491
-33.5917
-52.7127
-53.5872
-38.1639
-15.1227
-6.66876
-2.387
-2.53895
-2.48715
-2.50831
-2.52077
-2.532
-2.54397
-2.55503
-2.56393
-2.56981
-2.57222
-2.57095
-10.3809
-9.14956
-14.1194
-13.8203
-17.6056
-26.8114
-40.5288
-41.4493
-26.3369
-8.11478
-1.06678
-2.04575
-2.26042
-2.3285
-2.44668
-2.53484
-2.58666
-2.61872
-2.64278
-2.66294
-2.67929
-2.69076
-2.69671
-9.46457
-11.7995
-11.5918
-11.3497
-12.6041
-15.9055
-22.7346
-23.5884
-15.2353
-5.701
-1.75382
-0.881797
-2.06886
-2.22454
-2.4382
-2.59299
-2.6769
-2.71744
-2.74515
-2.77179
-2.79687
-2.81691
-2.8299
-7.96157
-7.28288
-7.62727
-8.34836
-8.0476
-8.26013
-10.9876
-13.9491
-12.1702
-6.75084
-1.94153
-0.306159
-1.98166
-2.25837
-2.55215
-2.75854
-2.84817
-2.85935
-2.86712
-2.89199
-2.92455
-2.95313
-2.97282
-10.8092
-6.74364
-6.8025
-6.32852
-4.87152
-4.1595
-5.98252
-11.081
-15.576
-18.9121
-8.90894
-3.40587
-2.48852
-2.62979
-2.91723
-3.16943
-3.22633
-3.0946
-3.01152
-3.02166
-3.06377
-3.10202
-3.12778
-4.89931
-6.83513
-6.96768
-6.11244
-3.82668
-2.9412
-5.84483
-10.9716
-17.4496
-22.1971
-11.7686
-5.10741
-3.59491
-3.37318
-3.64761
-4.08136
-4.31136
-3.71674
-3.15486
-3.15798
-3.21865
-3.2678
-3.29747
-12.0097
-7.99042
-8.35884
-8.41893
-7.35523
-2.47958
-2.93613
-8.8363
-6.33781
-7.41042
-6.92537
-5.17521
-4.19216
-3.99286
-4.24096
-4.67701
-4.95233
-4.50224
-3.31835
-3.32022
-3.40486
-3.45813
-3.48473
-9.43157
-9.06204
-10.3864
-11.6815
-10.6847
-3.29759
-2.93685
-3.97707
-5.09095
-5.74871
-5.57037
-4.81828
-4.29492
-4.09402
-4.1438
-4.56172
-4.84881
-4.49424
-3.75528
-3.61047
-3.65458
-3.67958
-3.68941
-7.20852
-7.48973
-12.7532
-15.4051
-15.4215
-2.26852
-1.96629
-2.91302
-3.98872
-4.76732
-4.89819
-4.65279
-4.37871
-4.19764
-4.18227
-4.57542
-5.32886
-4.81527
-4.26828
-4.02824
-3.94769
-3.91954
-3.90334
-11.7487
-12.9288
-13.4374
-17.2586
-17.0441
-0.0320743
-1.53885
-2.49936
-3.67916
-4.48329
-4.75191
-4.68847
-4.62143
-4.51162
-4.55789
-4.83366
-5.52236
-5.12687
-4.66205
-4.34507
-4.21674
-4.1523
-4.11389
-15.2303
-16.3604
-16.319
-9.95208
-7.08817
3.62669
-0.875229
-2.28256
-3.63184
-4.53887
-4.83941
-4.90118
-4.87298
-4.84969
-4.89359
-5.02362
-5.16254
-5.00143
-4.7612
-4.56618
-4.44264
-4.36449
-4.31281
-19.1839
-19.0967
-17.4389
11.655
6.81747
-1.74346
-1.86276
-2.97046
-4.20368
-4.99347
-5.22723
-5.27863
-5.25552
-5.23071
-5.22846
-5.23972
-5.20513
-5.06779
-4.89809
-4.75001
-4.63782
-4.55643
-4.49795
-18.3075
-18.1961
-16.8248
-2.99995
-6.50674
-5.18747
-4.33252
-4.82052
-5.42331
-5.85268
-5.95495
-5.91178
-5.80787
-5.70285
-5.60181
-5.49652
-5.36741
-5.2122
-5.0572
-4.92291
-4.81539
-4.7325
-4.67006
-12.71
-12.4932
-8.25363
-7.04036
-6.79465
-6.65442
-6.60992
-6.68326
-6.8482
-7.001
-7.12031
-6.97943
-6.68313
-6.34759
-6.05605
-5.80807
-5.58848
-5.39387
-5.22723
-5.09029
-4.98113
-4.89578
-4.8303
4.83303
-5.45126
-6.10154
-7.19943
-7.33201
-7.91244
-8.27609
-8.33797
-8.27586
-8.44341
-9.15486
-9.07055
-8.15984
-7.32697
-6.63194
-6.16847
-5.83676
-5.58809
-5.39745
-5.25011
-5.13597
-5.0476
-4.97961
14.9082
-3.8913
-5.5158
-6.85736
-7.72595
-8.6609
-9.14504
-9.33751
-9.36744
-9.96727
-11.8992
-12.0698
-10.2129
-8.31914
-7.28685
-6.53281
-6.07809
-5.77238
-5.55585
-5.39723
-5.27839
-5.188
-5.11873
8.33667
-5.05319
-5.70525
-7.15537
-8.49133
-9.3184
-9.78117
-9.96485
-10.0875
-10.7433
-12.714
-13.3208
-11.7647
-9.49462
-7.7842
-6.81416
-6.26806
-5.92264
-5.68971
-5.52555
-5.40593
-5.31643
-5.24813
7.30103
-6.49631
-5.63923
-7.45513
-9.19044
-10.6631
-10.9042
-10.5445
-10.3555
-10.5817
-11.5614
-12.1337
-11.3803
-9.4799
-7.91823
-6.93427
-6.36861
-6.01958
-5.78902
-5.63037
-5.51677
-5.43245
-5.36791
0.818568
-2.00631
-4.79933
-6.84799
-8.79239
-11.7306
-11.8965
-10.6981
-10.09
-9.99978
-10.2542
-10.2312
-9.72227
-8.71926
-7.71738
-6.87565
-6.37194
-6.05821
-5.85156
-5.71127
-5.61118
-5.53641
-5.47829
-0.655975
-1.21626
-3.03732
-5.32076
-8.15757
-10.7691
-10.6333
-9.67341
-9.1587
-9.01777
-9.05193
-8.97237
-8.51528
-8.01516
-7.27553
-6.68169
-6.29755
-6.0492
-5.88433
-5.77259
-5.69172
-5.62949
-5.57978
-1.93887
-2.51072
-4.13719
-5.88888
-7.70904
-9.7833
-8.15116
-7.86963
-7.94023
-7.96857
-7.8792
-7.97425
-7.63323
-7.22886
-6.8207
-6.43477
-6.18008
-6.01097
-5.89939
-5.82126
-5.76181
-5.7135
-5.67349
-3.12481
-3.91757
-5.16168
-6.59765
-8.10249
-8.31684
-6.79311
-6.90877
-7.13191
-7.1944
-7.12523
-6.78023
-6.79224
-6.66006
-6.40448
-6.18214
-6.04506
-5.96302
-5.9075
-5.86296
-5.82449
-5.79063
-5.76112
-4.27967
-4.92507
-5.55627
-6.3695
-7.1598
-7.43255
-6.85052
-6.75677
-6.95755
-7.0225
-6.58252
-6.07166
-6.18491
-6.17296
-6.03052
-5.94662
-5.92932
-5.92812
-5.9191
-5.90294
-5.88369
-5.86384
-5.84483
-5.038
-5.77282
-5.7167
-6.0253
-6.41449
-7.50277
-7.30441
-6.55611
-7.13895
-8.88043
-6.41486
-5.79981
-5.83762
-5.83088
-5.77959
-5.81602
-5.88422
-5.92551
-5.94383
-5.94814
-5.94469
-5.9371
-5.92759
417.855
526.834
575.298
490.82
108.7
116.555
174.633
139.988
28.8242
31.5981
36.2812
25.7419
13.7508
21.0423
22.3383
15.0411
2.44029
-2.22396
-3.8057
3.48947
-0.883555
-1.01522
-1.38721
-1.48552
-1.28841
-1.30596
-1.52103
-1.55666
-1.32576
-1.49916
-1.73968
-1.85874
-1.31889
-1.51376
-1.89977
-2.15799
-1.30548
-1.30959
-1.39233
-1.52257
-1.49766
-1.50201
-1.52987
-1.57645
-1.6645
-1.66616
-1.67539
-1.68797
-1.81286
-1.80947
-1.80922
-1.81064
-1.9493
-1.94273
-1.93788
-1.93399
-2.07777
-2.0698
-2.06286
-2.05651
-2.20126
-2.19326
-2.18576
-2.1786
-2.32246
-2.31541
-2.3084
-2.30146
-2.44384
-2.43843
-2.43268
-2.42665
-2.56788
-2.56455
-2.56051
-2.55578
-2.69703
-2.69594
-2.69373
-2.69042
-2.83352
-2.83459
-2.8341
-2.8321
-2.97939
-2.98231
-2.98322
-2.98219
-3.13663
-3.1408
-3.14252
-3.1419
-3.30714
-3.31155
-3.31323
-3.31227
-3.4923
-3.49533
-3.496
-3.49417
-3.69079
-3.69048
-3.68918
-3.68696
-3.89572
-3.89055
-3.88619
-3.88307
-4.09759
-4.08725
-4.07898
-4.07287
-4.29011
-4.27551
-4.26356
-4.25403
-4.47118
-4.45362
-4.43899
-4.42692
-4.64068
-4.62114
-4.60467
-4.59096
-4.79898
-4.77793
-4.75995
-4.74467
-4.94679
-4.92451
-4.90523
-4.88855
-5.08513
-5.06218
-5.04208
-5.02457
-5.21487
-5.19204
-5.17192
-5.1543
-5.3363
-5.31448
-5.29515
-5.27813
-5.44949
-5.42951
-5.4117
-5.3959
-5.55476
-5.53727
-5.52158
-5.50754
-5.65296
-5.63846
-5.62533
-5.61347
-5.7455
-5.73431
-5.72404
-5.71466
-5.83419
-5.82637
-5.81906
-5.81228
-5.92155
-5.91688
-5.91235
-5.90804
-52.1802
-73.7376
-73.2365
20.5661
67.0388
48.6883
59.3354
134.102
75.9248
81.2482
61.7638
44.0626
12.6873
2.62463
-11.5062
112.149
191.569
190.574
157.114
-71.6869
-75.0278
-78.1718
-81.0845
13.0248
75.8918
97.5274
212.899
90.2815
58.5489
58.5113
52.6523
48.6406
33.9614
52.1676
130.699
104.099
62.0695
74.4108
-47.9643
-77.7517
-88.1438
-95.1059
-53.8771
108.305
193.927
171.672
35.4545
37.2753
41.7829
43.2116
37.2851
26.6951
19.6561
32.7965
39.3703
23.3148
34.4726
-1.99681
-19.0217
-17.9647
-28.5308
1.81506
70.8728
73.5627
96.1511
9.33101
7.05616
8.78458
-32.5255
23.7102
22.6645
13.3234
8.21036
14.9179
12.3148
14.6727
15.9122
-6.74648
-2.14639
24.3708
63.0815
74.8558
22.7405
13.0458
2.12142
1.70243
1.00357
3.28175
1.53678
6.98396
1.65633
1.69221
2.53811
3.33913
5.69677
-1.36693
-1.49132
7.85303
12.8215
11.3686
11.3359
0.250901
-0.757707
1.7594
1.02586
1.10836
7.45393
4.44102
2.50396
0.379198
0.968934
1.63532
1.87925
4.67544
-1.61878
-1.51762
-1.24648
-0.98566
-0.542606
-0.382928
-0.551265
-0.839103
-0.485284
0.208232
0.424558
0.889974
-18.7918
0.8257
0.800887
0.528703
1.06668
1.62615
2.26917
-1.97564
-1.66126
-1.39632
-1.2512
-1.12794
-0.980329
-0.896812
-1.00001
-0.977714
-0.461246
0.0922821
1.05264
-3.44649
-1.07216
-0.0528403
-0.117496
0.45388
0.954408
1.88124
-1.96576
-1.64244
-1.44891
-1.33195
-1.25072
-1.14304
-1.09184
-1.28564
-1.54963
-1.34076
-1.05996
-0.974396
-2.72245
-2.28535
-1.43706
-1.05968
-0.376182
0.165779
0.790893
-1.69213
-1.61105
-1.51448
-1.42703
-1.36007
-1.30057
-1.32929
-1.98035
-2.73194
-2.97495
-3.83574
-2.85514
-3.70407
-3.43477
-2.50607
-1.92148
-1.34933
-0.535381
-1.01959
-1.64557
-1.64377
-1.59932
-1.54405
-1.49519
-1.4586
-1.55028
-3.14883
-4.36925
-4.75366
-4.08933
-3.53444
-4.03492
-3.92359
-3.07808
-2.57991
-2.19178
-2.58886
-2.7365
-1.71261
-1.71439
-1.69016
-1.65584
-1.62593
-1.6189
-1.77097
-2.38912
-2.9704
-3.25422
-3.13586
-3.24553
-3.77651
-3.7845
-3.201
-2.77651
-2.62141
-3.12686
-2.69198
-1.8145
-1.8089
-1.78967
-1.76344
-1.73956
-1.72999
-1.81778
-2.02461
-2.22659
-2.42313
-2.61826
-2.9236
-3.28306
-3.31765
-3.06289
-2.80573
-2.60651
-2.57768
-2.45495
-1.92734
-1.91523
-1.89548
-1.87006
-1.84278
-1.8172
-1.80947
-1.80436
-1.85938
-2.08933
-2.39962
-2.67099
-2.84762
-2.86128
-2.76988
-2.79012
-2.53635
-2.26217
-2.1039
-2.04454
-2.02802
-2.00628
-1.9793
-1.9481
-1.91381
-1.87527
-1.82824
-1.81806
-2.00619
-2.29593
-2.51916
-2.61504
-2.52307
-2.85976
-3.21295
-2.71452
-2.28861
-2.0827
-2.16437
-2.14532
-2.12179
-2.09322
-2.05995
-2.02311
-1.9864
-1.95583
-1.96607
-2.0841
-2.3392
-2.67674
-2.86152
-3.12869
-3.05877
-3.19685
-2.86361
-2.55894
-2.41678
-2.28691
-2.26682
-2.24217
-2.21254
-2.17864
-2.14295
-2.11176
-2.09863
-2.13153
-2.25489
-2.46171
-2.69162
-2.91745
-3.22167
-2.9557
-2.93367
-2.92114
-2.8448
-2.79226
-2.413
-2.39289
-2.3677
-2.33739
-2.30317
-2.2688
-2.24284
-2.24022
-2.2796
-2.3705
-2.49794
-2.62982
-2.77022
-2.95643
-2.93254
-2.90901
-3.04604
-3.18438
-3.04971
-2.5437
-2.52419
-2.49887
-2.46794
-2.43273
-2.39777
-2.37342
-2.37582
-2.41811
-2.49172
-2.5715
-2.64666
-2.72815
-3.02451
-3.34509
-3.21017
-3.18537
-3.26945
-3.12017
-2.68017
-2.66152
-2.63632
-2.60471
-2.56734
-2.52873
-2.50128
-2.50513
-2.55642
-2.63092
-2.68755
-2.72737
-2.80875
-3.54135
-3.76038
-3.50819
-3.21697
-3.15428
-3.21393
-2.82348
-2.80558
-2.78069
-2.74867
-2.70828
-2.66339
-2.62818
-2.6295
-2.70299
-2.79665
-2.83967
-2.85774
-3.04285
-3.8815
-3.94626
-3.63855
-3.26101
-3.22388
-3.38662
-2.97453
-2.95669
-2.93227
-2.90159
-2.85931
-2.80615
-2.75408
-2.75994
-2.903
-3.03074
-3.03327
-3.02794
-3.3421
-3.95331
-4.02409
-3.81846
-3.64913
-3.60064
-3.52965
-3.13408
-3.11464
-3.09063
-3.06635
-3.0267
-2.97176
-2.94529
-2.99638
-3.20577
-3.33974
-3.2796
-3.2379
-3.28962
-3.61814
-3.91533
-4.18201
-4.17183
-4.12797
-3.67846
-3.30305
-3.27918
-3.25426
-3.24854
-3.22008
-3.20553
-3.32079
-3.38575
-3.48592
-3.542
-3.48341
-3.42231
-3.42248
-3.41028
-3.77202
-4.60448
-4.42943
-4.2078
-3.77275
-3.48379
-3.45632
-3.414
-3.44678
-3.45142
-3.54243
-3.61428
-3.63728
-3.69028
-3.68604
-3.60688
-3.55951
-3.58321
-3.6711
-3.89721
-4.30995
-4.33126
-3.94343
-3.6589
-3.68107
-3.68214
-3.65742
-3.64241
-3.77217
-3.86301
-3.85592
-3.82871
-3.83593
-3.8427
-3.75749
-3.68191
-3.66505
-3.78349
-4.03947
-4.21208
-4.14762
-3.77672
-3.57105
-3.88175
-3.91175
-3.95037
-3.89419
-4.00021
-4.10208
-4.11331
-4.01491
-3.97421
-3.96839
-3.95366
-3.86182
-3.81028
-3.89878
-4.03958
-4.09067
-4.04978
-3.8863
-3.72795
-4.06703
-4.07853
-4.11397
-4.08505
-4.10143
-4.21637
-4.27294
-4.15115
-4.10271
-4.09572
-4.09403
-4.09123
-4.0651
-4.12174
-4.17112
-4.19973
-4.17371
-4.0775
-4.00679
-4.24114
-4.23448
-4.24312
-4.26988
-4.25293
-4.28695
-4.31862
-4.24582
-4.22844
-4.22731
-4.23008
-4.24001
-4.26722
-4.31228
-4.33912
-4.37108
-4.33854
-4.2441
-4.18745
-4.4098
-4.3964
-4.42023
-4.44591
-4.4451
-4.40855
-4.38633
-4.36704
-4.36231
-4.36037
-4.36293
-4.37218
-4.39243
-4.42844
-4.47735
-4.51039
-4.44813
-4.34575
-4.36271
-4.57157
-4.56329
-4.57712
-4.58834
-4.57135
-4.53865
-4.52122
-4.50409
-4.49611
-4.49178
-4.4918
-4.49693
-4.50777
-4.52314
-4.54085
-4.55125
-4.53619
-4.49515
-4.49047
-4.7216
-4.70735
-4.717
-4.73083
-4.72698
-4.69309
-4.65767
-4.63861
-4.62714
-4.62037
-4.61768
-4.61873
-4.62276
-4.62768
-4.63028
-4.62811
-4.62112
-4.60141
-4.58977
-4.86222
-4.8447
-4.86231
-4.89325
-4.91301
-4.88054
-4.81102
-4.77165
-4.75513
-4.74643
-4.74185
-4.74004
-4.73991
-4.73994
-4.73848
-4.73491
-4.72929
-4.71822
-4.71183
-4.9964
-4.97677
-4.98821
-5.03934
-5.08333
-5.05768
-4.96169
-4.89909
-4.88002
-4.87095
-4.86548
-4.86198
-4.85955
-4.85725
-4.85427
-4.85043
-4.84619
-4.8401
-4.83655
-5.12556
-5.1041
-5.0998
-5.12268
-5.15239
-5.13855
-5.06991
-5.01787
-5.00381
-4.99554
-4.98956
-4.98496
-4.98118
-4.97769
-4.97409
-4.97032
-4.96673
-4.96302
-4.95997
-5.24996
-5.22734
-5.21566
-5.21367
-5.21583
-5.20775
-5.17825
-5.14368
-5.1303
-5.12127
-5.11439
-5.10886
-5.10416
-5.09995
-5.09599
-5.09223
-5.08884
-5.08592
-5.08268
-5.36937
-5.34689
-5.33214
-5.32303
-5.31544
-5.31006
-5.29785
-5.27191
-5.25726
-5.24717
-5.23948
-5.23322
-5.22787
-5.22316
-5.2189
-5.21505
-5.21161
-5.20874
-5.20524
-5.4836
-5.46257
-5.44737
-5.43627
-5.42694
-5.42067
-5.40947
-5.39431
-5.38181
-5.37206
-5.36421
-5.3576
-5.35186
-5.34677
-5.34224
-5.3382
-5.33461
-5.33158
-5.32804
-5.59297
-5.57447
-5.56043
-5.5498
-5.54097
-5.53337
-5.5247
-5.51426
-5.50441
-5.49582
-5.48835
-5.48174
-5.47579
-5.47043
-5.46561
-5.46135
-5.45759
-5.4544
-5.45104
-5.6982
-5.68305
-5.67141
-5.66225
-5.65486
-5.64831
-5.6414
-5.63382
-5.62621
-5.61897
-5.61216
-5.60573
-5.59969
-5.59407
-5.58893
-5.58437
-5.5804
-5.577
-5.57388
-5.80017
-5.78886
-5.78018
-5.77346
-5.76816
-5.76353
-5.75864
-5.75334
-5.74769
-5.74179
-5.73572
-5.72956
-5.72343
-5.71751
-5.71198
-5.70702
-5.70275
-5.69905
-5.69578
-5.90017
-5.89283
-5.88747
-5.88375
-5.881
-5.87877
-5.87612
-5.87299
-5.86918
-5.86459
-5.85923
-5.85327
-5.84697
-5.84064
-5.83458
-5.82908
-5.82436
-5.82025
-5.81621
1509.68
1467.29
1440.05
1404.97
1366.18
1324.53
1281.26
1236.65
1189.81
1138.45
1080.09
1014.35
950.321
883.303
823.063
773.394
736.007
687.941
705.251
706.639
740.304
754.093
759.738
1453.65
1411.59
1382.41
1346.26
1307.31
1265.83
1222.68
1178.38
1132.01
1081.37
1024.17
959.083
891.007
820.798
758.707
710.097
674.766
638.262
620.066
640.265
679.902
695.675
701.741
1398.52
1356.89
1325.09
1288.15
1248.76
1207.46
1164.54
1120.66
1075.08
1025.39
968.532
902.348
829.689
755.635
690.398
641.639
609.457
593.313
560
584.858
622.298
639.172
644.695
1343.44
1301.44
1265.19
1230.42
1190.97
1149.14
1106.17
1063
1018.72
969.983
912.323
843.94
767.555
687.811
617.789
569.184
537.878
520.815
505.175
531.705
567.227
585.064
588.708
1288.43
1244.18
1203.48
1173.54
1134.11
1090.8
1047.4
1005.18
962.828
915.338
855.953
784.212
704.375
616.026
538.853
492.28
462.404
442.696
438.758
471.962
513.564
533.812
533.787
1233.56
1187.07
1143.61
1118.56
1078.12
1032.21
987.856
946.803
907.245
861.677
798.881
721.887
639.57
536.582
448.791
410.881
384.335
360.26
360.542
405.798
461.305
485.728
479.147
1180.1
1133.24
1088.79
1066.17
1022.53
972.867
926.959
887.257
851.773
809.498
741.459
656.478
580.77
463.269
347.125
326.864
305.405
271.102
270.074
333.955
411.133
441.555
419.946
1129.93
1085.16
1041.58
1016.26
966.508
912.047
863.898
825.691
796.132
758.069
682.706
623.345
567.211
428.535
279.677
248.263
227.576
174.512
161.159
250.303
369.176
411.238
361.176
773.142
730.46
572.974
452.448
504.362
482.51
423.143
536.546
569.855
557.001
534.902
525.183
435.284
214.489
235.246
346.851
388.4
391.515
485.064
705.884
661.158
374.087
371.771
452.579
430.853
344.277
459.766
515.787
544.433
526.801
475.198
280.177
79.7799
66.1229
234.052
354.788
314.242
361.44
643.311
565.471
329.432
356.448
426.817
406.813
284.05
393.899
466.917
537.538
507.357
360.738
136.943
45.18
40.4645
104.39
303.935
231.051
238.086
600.262
504.903
318.073
350.399
474.061
382.506
218.661
315.331
392.412
486.965
440.617
266.299
35.8207
33.0578
21.9319
38.5762
237.309
206.275
192.588
562.113
495.334
299.657
364.872
508.035
356.086
186.935
236.503
275.832
382.514
375.921
161.306
11.1534
25.8358
7.48261
3.43679
186.749
208.806
197.195
507.04
394.686
203.805
328.247
467.618
248.538
115.792
154.545
216.059
280.757
320.185
123.417
7.77096
19.5047
-0.427236
-13.3915
161.439
213.665
204.079
445.394
173.779
54.0698
217.849
399.538
28.478
82.3918
125.426
188.003
179.031
219.379
94.9636
15.9444
14.0816
-0.706593
-11.0522
155.029
212.538
201.008
279.179
-59.0454
-69.2227
28.8326
287.118
33.7254
57.9891
102.901
134.984
105.745
120.728
61.8858
14.3008
12.1792
-1.00934
-6.35223
193.318
208.278
186.803
1072.13
1011.17
973.41
926.855
858.927
793.445
738.799
702.681
691.532
678.093
652.346
573.222
432.325
333.312
241.06
188.338
166.416
104.561
82.1138
118.111
291.318
336.77
280.369
998.183
948.99
897.52
812.78
720.967
639.779
569.912
526.873
553.324
559.333
412.832
330.887
252.142
176.491
143.4
140.204
132.733
59.566
3.41281
49.9939
142.809
126.227
24.7455
949.907
914.636
822.84
681.083
563.698
471.104
374.101
286.659
230.197
221.483
123.838
160.723
0.395377
-56.7906
29.9008
15.4869
43.9771
21.0194
9.21046
30.2105
33.8
6.92576
7.15105
938.32
917.805
774.776
555.175
412.688
303.69
152.92
82.6082
74.2331
101.046
113.826
109.493
84.0748
3.70893
1.96614
-0.0385638
3.22524
6.76812
3.48842
8.32709
4.23279
5.15635
5.40544
925.237
793.838
683.482
365.208
215.961
65.3505
49.3613
68.7372
71.5105
105.34
115.729
153.975
102.646
3.45079
0.215695
1.93453
3.156
3.9446
3.35992
3.58769
4.0536
4.52357
4.58112
626.652
300.382
309.07
123.5
20.9852
27.981
26.4327
23.84
26.8621
27.2195
9.81772
0.0514128
7.34357
5.87865
0.970111
1.9888
2.67846
3.86012
4.06229
2.98927
3.39752
3.60626
1.79355
147.538
34.0014
61.3457
18.5115
11.5321
11.692
19.9955
23.6789
25.7585
23.2917
1.77758
1.83779
3.24969
3.6483
5.82367
3.13889
2.92802
3.94481
3.25988
0.784065
0.921189
-0.400861
-1.01674
49.8192
47.6035
43.2868
10.9175
9.47333
8.54718
12.953
21.8268
17.7243
7.43608
-5.24243
0.0745662
2.77985
3.52426
4.0298
1.95265
2.78365
1.5039
-0.608289
-1.29771
-1.26331
-1.08766
-1.25684
46.6947
44.6491
43.0048
20.6889
5.62033
5.20767
8.75608
10.2638
2.59311
-1.27391
-2.42992
-0.82107
1.26315
1.10439
-3.53708
-2.4893
-1.08944
-1.48481
-1.52889
-1.43409
-1.38356
-1.32546
-1.32483
43.0959
42.2243
41.188
14.9805
2.03867
1.123
-0.0663483
-1.01005
-1.53755
-1.868
-2.43273
-2.38989
-4.03571
-3.16391
-6.41819
-3.00997
-2.88751
-1.51423
-1.63876
-1.59704
-1.53772
-1.48473
-1.44966
39.7184
38.7625
36.9865
0.286749
0.227428
-0.97387
-1.70725
-1.88993
-1.83144
-1.40571
0.134175
-2.02486
-4.08005
-2.76189
-2.19934
-2.10516
-2.21773
-1.9082
-1.8152
-1.75705
-1.69397
-1.64317
-1.60621
33.8022
29.8105
21.0638
-1.07879
-1.19462
-1.3056
-1.7839
-2.3234
-2.20686
-1.98009
-0.583822
-0.837447
-2.78381
-2.47446
-2.14226
-1.99897
-2.1631
-2.14411
-2.01974
-1.92139
-1.84897
-1.79718
-1.76097
22.8718
17.8905
5.69055
-2.5474
-2.25961
-2.31391
-2.49389
-2.82762
-2.72523
-2.5381
-2.56009
-2.21695
-3.29133
-3.03278
-2.45269
-2.00254
-2.30899
-2.33089
-2.18019
-2.06499
-1.99095
-1.94037
-1.9052
3.32038
-25.9165
-50.7563
-4.6855
-4.10947
-3.94352
-3.52508
-3.9089
-3.41635
-2.7842
-2.91814
-2.93823
-5.27287
-4.20314
-3.00804
-2.75351
-2.49697
-2.40423
-2.27234
-2.17706
-2.11503
-2.07069
-2.03847
-9.44793
-18.9204
-31.914
-5.79769
-6.0562
-5.80842
-6.98659
-9.41997
-8.4901
-4.685
-7.26851
-6.94322
-8.47846
-4.03635
-3.29485
-3.01777
-2.54332
-2.40324
-2.32777
-2.2689
-2.22441
-2.1897
-2.16275
-5.65712
-15.1488
-14.8983
-7.32525
-8.15226
-10.3276
-16.0984
-21.6131
-21.4659
-19.8523
-21.2241
-11.0273
-4.2186
-3.55845
-3.04516
-2.82411
-2.49361
-2.42592
-2.38586
-2.35253
-2.32459
-2.30098
-2.28107
-6.6972
-14.7266
0.948214
-8.67837
-12.7839
-19.9245
-34.3119
-43.2934
-39.2105
-31.5678
-30.3994
-3.97131
-3.60682
-3.11271
-2.75085
-2.61555
-2.48762
-2.46301
-2.44698
-2.43338
-2.42077
-2.40861
-2.39672
-20.8459
-15.4819
-14.6629
-11.629
-17.67
-26.5345
-45.6103
-54.9587
-49.0745
-29.3573
-14.5292
-1.25747
-2.80374
-2.62889
-2.55798
-2.53389
-2.51212
-2.51064
-2.51343
-2.51631
-2.51752
-2.51643
-2.51287
-12.8189
-11.2663
-12.8745
-14.8794
-17.1599
-23.7713
-41.0589
-50.9612
-43.1491
-20.7595
-5.23552
0.559876
-2.42013
-2.3876
-2.4376
-2.50245
-2.5424
-2.56867
-2.58873
-2.60532
-2.61854
-2.62777
-2.63248
-9.29626
-9.53688
-8.97082
-12.4241
-13.8666
-17.1495
-26.7896
-33.2118
-27.2987
-12.1002
-2.85517
-1.02057
-2.19081
-2.19518
-2.35124
-2.50198
-2.5957
-2.64701
-2.67859
-2.7042
-2.72697
-2.74557
-2.7583
-8.07693
-9.61174
-11.5655
-9.64603
-9.96675
-10.4716
-13.359
-17.2353
-15.9716
-9.14814
-3.13955
-1.50308
-1.86252
-2.08086
-2.34918
-2.57224
-2.71227
-2.76867
-2.79215
-2.81631
-2.84514
-2.87236
-2.89288
20.0301
-7.92245
-6.72907
-7.27582
-6.74589
-5.83408
-6.54228
-9.93792
-13.1562
-12.0239
-7.56871
-1.33546
-1.97416
-2.22612
-2.54799
-2.81991
-2.97577
-2.98444
-2.94205
-2.94224
-2.97389
-3.0103
-3.03862
73.2046
-6.04756
-6.78035
-6.49257
-5.08702
-3.46768
-3.69963
-7.36322
-14.9917
-21.2592
-20.8838
-6.52878
-3.68022
-2.96576
-3.08656
-3.40593
-3.6376
-3.48234
-3.1538
-3.07586
-3.11358
-3.16253
-3.19847
52.1948
-7.88289
-7.54305
-7.35537
-5.9769
-3.84225
-2.43991
-7.43151
-12.3108
-14.9316
-9.67227
-6.32796
-4.42696
-3.7708
-3.84863
-4.28856
-4.80567
-4.86141
-3.70372
-3.18523
-3.26837
-3.33604
-3.37656
-5.05944
-6.82593
-8.95795
-9.82438
-9.88444
-6.60598
-1.01384
-3.79388
-5.2532
-6.10743
-6.52488
-5.6513
-4.5768
-4.12607
-4.1284
-4.37696
-4.7455
-4.67908
-4.30862
-3.30069
-3.48549
-3.547
-3.5774
-8.3754
-2.29377
-10.8442
-12.5274
-13.7476
-6.22039
-2.06768
-2.71657
-3.91995
-4.85518
-5.23014
-4.92975
-4.49157
-4.20766
-4.09188
-4.20098
-4.76754
-4.85661
-4.24563
-3.9128
-3.80577
-3.79937
-3.79786
-9.00679
-9.54062
-10.3821
-15.2723
-17.8974
-10.3357
-2.10887
-2.18387
-3.21767
-4.24759
-4.77124
-4.77995
-4.55263
-4.36291
-4.35204
-4.52861
-5.07683
-5.53884
-4.75115
-4.31522
-4.13063
-4.05869
-4.02233
-12.153
-13.774
-16.4875
-15.3317
-15.6138
-10.6697
-1.15237
-1.6971
-3.02877
-4.09523
-4.66206
-4.78688
-4.75245
-4.6919
-4.68206
-4.80019
-5.09553
-5.26598
-4.89275
-4.56517
-4.38921
-4.29324
-4.23565
-14.9865
-17.9915
-17.6279
-13.0552
5.26441
3.2557
-0.0696175
-1.67999
-3.13983
-4.37698
-4.89034
-5.0447
-5.05588
-5.03425
-5.04085
-5.09028
-5.15864
-5.10818
-4.92474
-4.73697
-4.59618
-4.49917
-4.43237
-18.2038
-19.9186
-18.1505
-7.48639
10.5913
-4.0792
-3.49249
-3.42662
-4.30883
-5.16447
-5.48618
-5.56549
-5.53584
-5.47892
-5.42928
-5.38652
-5.326
-5.20925
-5.05358
-4.90293
-4.77908
-4.68426
-4.6135
-17.5667
-17.2517
-13.4706
-9.16889
-6.9063
-6.33666
-5.62857
-5.60742
-5.94561
-6.29046
-6.45073
-6.43296
-6.27048
-6.08293
-5.90264
-5.73025
-5.55965
-5.38563
-5.21818
-5.07107
-4.95025
-4.8549
-4.78132
-10.7987
-8.21528
-7.38711
-6.78975
-7.21384
-7.23644
-7.50475
-7.55554
-7.5867
-7.58083
-7.8538
-8.02692
-7.64403
-7.08267
-6.54725
-6.14527
-5.8398
-5.5951
-5.397
-5.23809
-5.11229
-5.01378
-4.93741
3.07793
-1.39069
-5.23444
-6.33107
-7.27771
-7.85442
-8.62185
-8.91193
-8.89243
-8.93187
-9.88158
-10.9399
-9.85867
-8.36428
-7.38645
-6.61569
-6.13943
-5.81077
-5.57346
-5.39698
-5.26336
-5.16114
-5.08255
21.9585
-2.7259
-5.00684
-6.20165
-7.62505
-8.62329
-9.22061
-9.5719
-9.71417
-9.98656
-11.434
-13.3903
-11.9758
-10.1196
-8.14125
-7.06811
-6.40806
-6.00172
-5.73003
-5.53894
-5.39977
-5.29587
-5.21693
15.9976
-0.858268
-5.19833
-6.61069
-8.10304
-9.4215
-10.1686
-10.3032
-10.2565
-10.4042
-11.3872
-12.8836
-12.7019
-10.8598
-8.53416
-7.34419
-6.57932
-6.1355
-5.85009
-5.65558
-5.51773
-5.41667
-5.34045
7.93391
-1.61814
-5.45739
-5.80401
-8.23835
-10.526
-11.721
-11.1135
-10.4409
-10.2654
-10.5489
-11.0937
-10.9077
-9.9225
-8.34514
-7.36355
-6.6159
-6.19522
-5.92423
-5.74233
-5.6155
-5.52314
-5.45318
1.43258
-0.316741
-2.08009
-4.56849
-6.88212
-10.2132
-11.8584
-10.9871
-9.93493
-9.59519
-9.54418
-9.67847
-9.30814
-8.75123
-7.91859
-7.13319
-6.53481
-6.18578
-5.95533
-5.80097
-5.6951
-5.61641
-5.55562
-0.981978
-1.35869
-2.58147
-4.47265
-6.42613
-9.58904
-9.86574
-8.97908
-8.62059
-8.50411
-8.44065
-8.55739
-8.26689
-7.89995
-7.32164
-6.78968
-6.3824
-6.12706
-5.95587
-5.84155
-5.7606
-5.69871
-5.64889
-1.87575
-2.8725
-3.92127
-5.56111
-7.22562
-8.73158
-7.95363
-7.08597
-7.36209
-7.50781
-7.5205
-7.39402
-7.32064
-7.06033
-6.77102
-6.44548
-6.20014
-6.04306
-5.94161
-5.87128
-5.81714
-5.77248
-5.73461
-2.38342
-4.05318
-4.8842
-5.99598
-7.13676
-8.02312
-7.23049
-6.74692
-6.88149
-7.02271
-6.94153
-6.57361
-6.36686
-6.46474
-6.30834
-6.12381
-6.01264
-5.95921
-5.92685
-5.89733
-5.86828
-5.84057
-5.81506
-4.31758
-5.19164
-5.48828
-5.90146
-6.45585
-7.05511
-7.15894
-6.81287
-6.81267
-7.35909
-7.07399
-6.03467
-5.92862
-6.01777
-5.93004
-5.85771
-5.8776
-5.91278
-5.92835
-5.92828
-5.91977
-5.90729
-5.89332
-5.23132
-8.43227
-6.0848
-5.98115
-6.23564
-6.85045
-8.12438
-6.89555
-6.45231
-9.44621
-10.4654
-6.19267
-5.72883
-5.64117
-5.71687
-5.77188
-5.84998
-5.91193
-5.94839
-5.96655
-5.97361
-5.97401
-5.97027
292.271
342.799
384.35
364.189
46.9776
42.5649
58.703
76.1959
18.4682
25.0684
25.5621
26.8057
6.38159
13.1166
19.4758
23.7604
2.04438
-0.929454
-2.12456
-2.7236
-1.1268
-1.09801
-1.32196
-1.4098
-1.28032
-1.33185
-1.54038
-1.66559
-1.35706
-1.44354
-1.72474
-1.99481
-1.25418
-1.27312
-1.43048
-1.73468
-1.41537
-1.40099
-1.42231
-1.50844
-1.58742
-1.58641
-1.59647
-1.61931
-1.74312
-1.73956
-1.74107
-1.74609
-1.88594
-1.87937
-1.87537
-1.87318
-2.01869
-2.01041
-2.00367
-1.99798
-2.14438
-2.13579
-2.12807
-2.12096
-2.26593
-2.25814
-2.25065
-2.2434
-2.38605
-2.37985
-2.37346
-2.36695
-2.50734
-2.50324
-2.49856
-2.49338
-2.63241
-2.63068
-2.62801
-2.62443
-2.7637
-2.7644
-2.76375
-2.76176
-2.90347
-2.90641
-2.90756
-2.90695
-3.0538
-3.05857
-3.06109
-3.0614
-3.21686
-3.22268
-3.2258
-3.22635
-3.3948
-3.40019
-3.40279
-3.40281
-3.58858
-3.59122
-3.59187
-3.5908
-3.79427
-3.79178
-3.78911
-3.78649
-4.00205
-3.99345
-3.98641
-3.98097
-4.20254
-4.18859
-4.1772
-4.16816
-4.39139
-4.37362
-4.35882
-4.34671
-4.56788
-4.54765
-4.53055
-4.51632
-4.73258
-4.71064
-4.69187
-4.67606
-4.8862
-4.86289
-4.84272
-4.82546
-5.02961
-5.00535
-4.98413
-4.96571
-5.16369
-5.13918
-5.11761
-5.09868
-5.28889
-5.26506
-5.24397
-5.22535
-5.40536
-5.38311
-5.36332
-5.34576
-5.51329
-5.49341
-5.47563
-5.45973
-5.61333
-5.59644
-5.58121
-5.56749
-5.70671
-5.69323
-5.68094
-5.66976
-5.79521
-5.78536
-5.77622
-5.76779
-5.88118
-5.87483
-5.86878
-5.86307
-5.9652
-5.96211
-5.95894
-5.95579
101.071
-72.9135
-74.4542
-78.1107
24.4028
51.227
63.6023
145.614
144.872
52.3174
59.6735
57.0508
46.6001
16.3608
17.3408
76.8516
184.503
138.73
91.4587
-2.37907
-78.4347
-78.619
-85.4111
-88.3409
83.482
94.6348
266.178
153.73
43.9216
54.8779
49.5049
43.735
34.2927
22.2019
28.29
90.301
53.6673
43.5164
-4.25187
-32.25
-28.4817
-73.2582
-83.4091
82.7601
114.908
149.093
38.6102
20.0332
25.7126
15.0918
31.7682
32.3414
21.0341
19.3337
23.9108
22.436
11.7241
15.1055
-12.123
-9.79
-12.8588
6.39425
65.9782
61.0094
33.0262
7.7051
2.85012
2.2043
-10.6073
0.813673
9.42089
10.8335
2.45274
3.34937
5.94354
7.26307
0.0568824
1.89134
16.9843
11.8129
49.5521
76.0202
43.0743
2.20123
7.06099
1.60342
1.32233
1.72877
9.87484
-0.19375
1.73403
1.11899
1.66442
1.83989
3.33283
-1.32875
-1.53091
-1.32242
-1.02612
-0.860258
0.206456
0.202832
-0.610937
-0.825944
0.77853
0.570565
1.17005
4.73677
-1.933
2.78791
0.469376
1.03324
1.61774
2.27033
-1.77447
-1.73945
-1.4519
-1.22564
-1.0467
-0.762549
-0.808757
-0.851822
-0.989234
-0.400284
0.0757546
1.01519
-2.11832
-15.8986
0.440625
0.211629
0.482456
1.06006
1.69804
-2.09655
-1.86096
-1.54238
-1.35329
-1.24644
-1.12934
-0.991437
-1.00929
-1.1848
-1.0357
-0.584334
0.321013
-1.18583
-2.82149
-0.971366
-0.697067
-0.32374
0.469609
0.749449
-1.87709
-1.6849
-1.53722
-1.42226
-1.33332
-1.26295
-1.19837
-1.3131
-1.86356
-2.02057
-1.98896
-2.28047
-2.52615
-3.28702
-2.45523
-1.7044
-1.22641
-0.276979
-0.198655
-1.6166
-1.64364
-1.59066
-1.52084
-1.45513
-1.3994
-1.38434
-1.73277
-3.73299
-4.63548
-4.84337
-3.5946
-3.69921
-4.00928
-3.34572
-2.49447
-2.17814
-1.53582
-1.38389
-1.65188
-1.67868
-1.66185
-1.62215
-1.58048
-1.54679
-1.56295
-1.97878
-3.08729
-3.69618
-3.82582
-3.3597
-3.69811
-4.04281
-3.59119
-2.87436
-2.67435
-2.4929
-3.04968
-1.75488
-1.76324
-1.75113
-1.72474
-1.69624
-1.67814
-1.71404
-1.98681
-2.40229
-2.70834
-2.81218
-2.8903
-3.3281
-3.62206
-3.38504
-2.92912
-2.73044
-2.6176
-3.02067
-1.87152
-1.86685
-1.85259
-1.82964
-1.80356
-1.7818
-1.77461
-1.85856
-1.92737
-2.08057
-2.34048
-2.63399
-2.93662
-3.09288
-3.01452
-2.85734
-2.67191
-2.4564
-2.34059
-1.99125
-1.97897
-1.96143
-1.93779
-1.90973
-1.8796
-1.84616
-1.82212
-1.75557
-1.9054
-2.18734
-2.48147
-2.67144
-2.70093
-2.60194
-2.94876
-2.83051
-2.42407
-2.03552
-2.11199
-2.09564
-2.07544
-2.05015
-2.0199
-1.98542
-1.94787
-1.90779
-1.87521
-1.92236
-2.13873
-2.38987
-2.6345
-2.75206
-2.7766
-3.16919
-3.07475
-2.60649
-2.13975
-2.23392
-2.21587
-2.19406
-2.16739
-2.13584
-2.10042
-2.06403
-2.03444
-2.02868
-2.10041
-2.28856
-2.58916
-2.8154
-3.08525
-3.22915
-3.04963
-3.00346
-2.80456
-2.69749
-2.35805
-2.3399
-2.31739
-2.28987
-2.25763
-2.22257
-2.18969
-2.16971
-2.18125
-2.25091
-2.39033
-2.56367
-2.74909
-2.97479
-3.04221
-2.84164
-2.92249
-2.9996
-3.03965
-2.48573
-2.46843
-2.44588
-2.41787
-2.38496
-2.3497
-2.31863
-2.30434
-2.32357
-2.38553
-2.47852
-2.57861
-2.68243
-2.80386
-3.07468
-3.04374
-3.06524
-3.25645
-3.19681
-2.61833
-2.60238
-2.58017
-2.55186
-2.51788
-2.4807
-2.44795
-2.4346
-2.45896
-2.52168
-2.59324
-2.65083
-2.71036
-2.90696
-3.57152
-3.50263
-3.29482
-3.1726
-3.16873
-2.75723
-2.74269
-2.72097
-2.69256
-2.65706
-2.61581
-2.57721
-2.55946
-2.59056
-2.6704
-2.73907
-2.76663
-2.7565
-3.44572
-3.86929
-3.74217
-3.38724
-3.02128
-3.23455
-2.9037
-2.8901
-2.86869
-2.84079
-2.80433
-2.7581
-2.71044
-2.68016
-2.72895
-2.85617
-2.92107
-2.92566
-2.88005
-3.77276
-4.03508
-3.91157
-3.50867
-3.42934
-3.42224
-3.05882
-3.04509
-3.0231
-2.99764
-2.96317
-2.91394
-2.85253
-2.83061
-2.92294
-3.1522
-3.17606
-3.13201
-3.15859
-3.62997
-3.94006
-3.99943
-3.90215
-3.9236
-3.72142
-3.22354
-3.20803
-3.18273
-3.16468
-3.13866
-3.09654
-3.07854
-3.15065
-3.24248
-3.45078
-3.43607
-3.35733
-3.34401
-3.36127
-3.56092
-4.20766
-4.44666
-4.32877
-3.92919
-3.3989
-3.38077
-3.3452
-3.34147
-3.3381
-3.3306
-3.44446
-3.51502
-3.56239
-3.6248
-3.5783
-3.5193
-3.49075
-3.54327
-3.60653
-4.17536
-4.48923
-4.30318
-3.82215
-3.58651
-3.57353
-3.52534
-3.52844
-3.57077
-3.65189
-3.73256
-3.72358
-3.74767
-3.77887
-3.72096
-3.64142
-3.60992
-3.67753
-3.81604
-4.1935
-4.35074
-4.07055
-3.66881
-3.78374
-3.78818
-3.83467
-3.80071
-3.81537
-3.96974
-4.0035
-3.95224
-3.91028
-3.90695
-3.89735
-3.80109
-3.73123
-3.75051
-3.91202
-4.06277
-4.10574
-3.92378
-3.68705
-3.97657
-3.9818
-4.0276
-4.02995
-3.98327
-4.12208
-4.22551
-4.14544
-4.0591
-4.03373
-4.02894
-4.01723
-3.94902
-3.9386
-4.06776
-4.1223
-4.13759
-4.05314
-3.92903
-4.15929
-4.15383
-4.16319
-4.18076
-4.16572
-4.19416
-4.28729
-4.2388
-4.17848
-4.16162
-4.16121
-4.16446
-4.17803
-4.19986
-4.23908
-4.26474
-4.27277
-4.20851
-4.10485
-4.3337
-4.32037
-4.31372
-4.34636
-4.36547
-4.35547
-4.35693
-4.32213
-4.29853
-4.29367
-4.29484
-4.30099
-4.31714
-4.3519
-4.40399
-4.44868
-4.43338
-4.34495
-4.30441
-4.50098
-4.48552
-4.48585
-4.51619
-4.51786
-4.48482
-4.46587
-4.44371
-4.43268
-4.42739
-4.4265
-4.43064
-4.44163
-4.46182
-4.49152
-4.52604
-4.52795
-4.45766
-4.48107
-4.65884
-4.64019
-4.64109
-4.65276
-4.65559
-4.63045
-4.59968
-4.5778
-4.56624
-4.55871
-4.5552
-4.55598
-4.56109
-4.56957
-4.5782
-4.58245
-4.58022
-4.55891
-4.53313
-4.80592
-4.78253
-4.7796
-4.80111
-4.817
-4.80345
-4.75593
-4.71607
-4.69741
-4.687
-4.68133
-4.67928
-4.68
-4.68213
-4.68352
-4.68198
-4.67771
-4.66719
-4.65044
-4.94459
-4.91844
-4.91382
-4.9514
-4.99517
-5.00384
-4.93736
-4.8555
-4.8253
-4.81269
-4.80586
-4.80204
-4.80007
-4.79884
-4.79708
-4.79391
-4.78967
-4.78359
-4.77473
-5.07695
-5.04941
-5.03808
-5.06132
-5.1103
-5.12763
-5.06978
-4.9777
-4.94836
-4.93694
-4.93002
-4.92522
-4.92168
-4.91868
-4.91557
-4.91196
-4.90807
-4.90418
-4.8987
-5.20386
-5.17582
-5.1599
-5.15848
-5.17235
-5.17725
-5.15003
-5.09398
-5.07235
-5.06216
-5.05488
-5.04923
-5.04461
-5.04057
-5.03676
-5.03297
-5.02933
-5.02622
-5.02201
-5.3253
-5.29781
-5.27976
-5.27007
-5.26577
-5.25784
-5.25364
-5.22193
-5.20065
-5.18876
-5.1804
-5.17385
-5.1684
-5.16366
-5.15938
-5.15543
-5.15184
-5.14884
-5.14506
-5.44103
-5.41526
-5.39693
-5.38446
-5.37518
-5.36555
-5.36238
-5.34242
-5.32617
-5.31443
-5.30562
-5.29853
-5.29254
-5.28732
-5.28268
-5.27851
-5.27483
-5.27174
-5.26821
-5.55116
-5.5282
-5.51109
-5.49858
-5.48858
-5.4793
-5.47251
-5.46048
-5.44857
-5.43845
-5.43006
-5.42292
-5.41669
-5.41116
-5.40621
-5.4018
-5.39795
-5.39475
-5.39159
-5.6563
-5.63702
-5.62224
-5.61107
-5.60212
-5.59412
-5.58702
-5.57846
-5.56958
-5.56127
-5.55374
-5.54691
-5.54066
-5.53491
-5.52968
-5.52499
-5.52091
-5.51761
-5.51489
-5.7575
-5.74249
-5.73083
-5.72191
-5.71494
-5.70885
-5.70309
-5.69687
-5.69034
-5.68374
-5.67723
-5.67085
-5.66465
-5.65871
-5.65315
-5.6481
-5.6437
-5.64022
-5.63786
-5.85598
-5.84542
-5.83726
-5.83116
-5.82682
-5.82299
-5.81925
-5.81523
-5.81075
-5.80575
-5.80027
-5.79437
-5.78823
-5.78205
-5.77609
-5.77058
-5.76573
-5.76186
-5.7596
-5.95175
-5.94569
-5.94137
-5.93879
-5.93755
-5.93674
-5.93557
-5.93403
-5.93177
-5.92846
-5.924
-5.91849
-5.91223
-5.90558
-5.89896
-5.89274
-5.88724
-5.8827
-5.87985
1476.69
1454.65
1423.34
1385.89
1345.68
1303.03
1259.17
1213.61
1164.93
1110.42
1047.32
982.453
916.546
852.124
796.554
753.957
709.421
699.588
693.454
728.13
748.322
757.965
760.38
1421.01
1398.27
1364.93
1327.03
1286.88
1244.39
1200.7
1155.57
1107.37
1053.93
992.231
925.561
855.313
788.384
732.461
691.108
655.331
631.802
617.436
665.965
689.18
699.813
702.048
1366.15
1342.47
1307.03
1268.63
1228.39
1186.14
1142.72
1098.2
1050.93
998.104
936.48
866.714
792.294
721.253
663.775
623.579
600.165
577.631
561.254
608.606
632.267
643.277
643.777
1311.37
1284.31
1247.98
1211.15
1170.28
1127.71
1084.61
1041.16
995.176
942.547
879.279
806.804
727.607
650.438
590.827
551.759
527.726
512.683
511.941
552.941
577.927
588.629
584.591
1256.02
1223.45
1188.62
1154.89
1112.59
1068.99
1026.15
984.254
940.145
887.502
821.143
745.569
660.767
573.859
512.255
476.234
450.952
437.965
450.935
496.2
526.221
536.218
522.699
1200.96
1163.58
1131.52
1100.08
1055.14
1009.67
966.921
927.159
885.864
833.161
760.768
682.158
589.944
486.194
425.328
398.098
370.902
355.356
378.692
438.024
477.287
486.215
454.564
1148.24
1108.58
1078.56
1046.57
997.466
949.22
906.317
869.4
832.453
780.661
697.457
618.598
526.311
394.945
330.98
319.71
287.495
262.056
295.729
377.075
431.601
440.449
376.662
1099.9
1061.25
1030.24
993.609
938.789
886.893
843.475
810.278
779.915
727.337
649.473
597.608
508.386
344.467
253.043
243.641
201.739
151.536
195.884
314.412
396.152
412.028
231.251
708.982
678.066
482.754
477.79
505.5
443.912
476.979
555.125
564.632
551.918
524.95
509.216
318.029
179.25
320.833
343.714
411.048
414.245
518.301
652.026
495.617
354.9
410.015
463.293
387.685
382.955
495.474
531.178
541.797
510.738
389.021
160.856
57.8307
138.884
290.714
385.77
293.821
435.538
621.794
355.422
337.689
386.438
451.401
351.651
302.783
439.072
513.753
531.555
454.375
247.5
58.3955
42.8617
44.2711
230.149
333.864
183.279
345.026
599.902
333.723
325.578
422.142
441.54
304.984
233.637
354.341
461.568
470.523
384.044
114.868
30.7411
28.3957
19.2264
127.777
262.724
161.019
282.399
562.26
335.441
301.205
459.625
425.562
271.076
193.983
253.62
376.329
373.46
338.401
36.7553
20.4769
18.621
3.03753
42.1401
237.12
188.145
253.566
484.153
255.751
232.609
428.621
364.034
163.724
124.694
182.009
263.146
288.488
287.481
17.7798
16.407
12.4153
-7.44816
16.3734
212.36
206.132
239.721
334.746
71.2613
101.689
348.395
210.291
57.273
107.645
153.85
178.105
209.139
180.556
15.5396
16.3579
7.91841
-8.22534
24.4821
198.021
215.458
214.033
56.6868
-71.2728
-59.0505
169.244
84.2072
46.9137
78.0954
130.106
116.707
137.978
87.0025
27.2646
13.9334
6.87872
-12.8529
76.0436
201.988
212.846
184.312
1024.22
991.171
953.308
893.593
825.234
764.327
718.022
693.378
685.794
670.118
625.209
506.23
382.289
289.063
204.738
179.108
140.136
85.524
94.3051
200.568
340.261
310.235
267.36
962.688
927.121
858.766
765.512
679.222
602.827
543.866
522.034
616.315
499.911
370.22
287.71
213.306
154.652
140.762
139.61
105.097
21.2498
15.4648
101.827
151.373
59.4067
43.1812
930.412
878.595
753.179
617.376
517.18
422.126
329.092
252.408
247.752
159.156
130.824
110.411
-76.7306
26.1705
26.8092
44.5764
43.4577
9.90136
15.4658
40.0541
12.4718
7.12164
6.87301
930.115
871.918
662.86
470.117
363.855
230.505
104.672
78.9019
73.9168
115.373
111.442
103.544
40.4601
0.81963
0.919918
2.06093
8.68124
6.20724
3.12636
5.09124
4.90183
5.32488
5.57742
809.446
779.738
500.792
287.129
119.36
50.3079
50.2261
73.5224
75.7116
116.568
144.441
140.34
39.0115
0.184239
1.14747
2.48955
3.78473
3.63743
3.41754
3.70449
4.41196
4.57484
3.47315
254.614
326.007
224.739
42.8147
18.4642
33.0343
23.5898
25.1483
28.5001
21.4259
-2.55647
5.15031
11.1411
2.46147
1.81583
2.24707
3.33561
4.07436
3.76802
2.42758
3.74608
3.10807
-0.885723
53.3338
25.1976
83.0587
12.9505
10.4603
17.5047
21.9943
24.7979
26.2109
12.1559
-0.182176
3.18946
3.30213
6.04556
5.17014
2.83014
3.36386
4.10656
1.99955
1.13709
0.422479
-0.674536
-1.25541
47.9829
46.3764
53.8399
9.99912
8.77283
9.91758
16.9423
20.9487
13.4657
-2.06093
-2.42566
1.88437
3.23307
3.8436
2.68699
2.14086
2.63166
1.26217
-1.2031
-1.25071
-1.20396
-1.0881
-1.35093
44.3183
44.115
43.2183
8.07502
5.26586
6.68749
9.97893
7.59365
0.619187
-5.90292
-1.61279
0.329463
1.55365
-1.41989
-1.13469
-2.73538
-1.3807
-1.50573
-1.46923
-1.40432
-1.35832
-1.31376
-1.29123
41.7378
41.9442
35.8049
0.358029
1.87245
-0.222936
-0.963
-1.52222
-1.53078
-2.62716
-1.4406
-3.01972
-3.22375
-4.63502
-4.48456
-2.9308
-1.81715
-1.63114
-1.62567
-1.56735
-1.50972
-1.46543
-1.43168
37.7139
39.3096
16.9129
0.475247
-0.387704
-1.46408
-1.82633
-1.86342
-1.7703
-0.454726
-0.453496
-3.77856
-3.40364
-2.21907
-2.15326
-2.17071
-2.11572
-1.82738
-1.78685
-1.72451
-1.66681
-1.62312
-1.59274
29.5854
27.6663
0.806595
-1.04547
-1.28552
-1.44472
-2.27635
-2.25542
-2.15569
-1.57728
-0.0400502
-2.1004
-2.797
-2.26621
-1.99821
-2.08271
-2.18262
-2.08419
-1.96662
-1.88218
-1.82091
-1.77725
-1.74868
16.2672
9.47146
-1.48798
-2.07979
-2.35043
-2.34642
-2.67176
-2.80734
-2.61341
-2.49249
-2.39918
-2.61572
-3.39359
-2.59696
-2.31399
-2.26774
-2.36018
-2.2581
-2.11611
-2.02413
-1.96344
-1.92105
-1.89272
-18.0803
-43.7192
-4.37467
-4.5225
-4.01914
-3.60617
-3.7854
-3.76268
-3.07114
-2.65573
-2.74232
-4.31505
-5.23324
-3.39673
-2.89276
-2.51812
-2.46619
-2.33639
-2.21903
-2.14322
-2.09113
-2.05323
-2.02617
-15.8377
-10.1742
-6.2614
-6.07119
-6.05753
-5.9605
-8.32713
-9.5561
-6.33639
-5.39868
-7.87148
-9.20177
-4.43334
-3.59983
-3.1643
-2.74422
-2.43464
-2.36332
-2.29607
-2.24526
-2.20599
-2.17536
-2.15165
-7.65781
-17.158
-7.0739
-7.74448
-8.98047
-12.5406
-19.6408
-22.3185
-19.767
-22.8812
-19.5956
-4.33625
-3.99419
-3.21527
-2.99604
-2.64284
-2.44039
-2.4051
-2.36839
-2.33798
-2.31228
-2.29061
-2.27218
-12.0084
-11.1242
-10.4723
-10.6015
-16.0063
-25.7955
-40.9267
-42.2461
-34.9445
-30.9563
-18.492
-3.36097
-3.37957
-2.90024
-2.67946
-2.53563
-2.4746
-2.45455
-2.43998
-2.427
-2.41465
-2.40265
-2.39071
-20.1114
-12.9668
-14.504
-14.6651
-22.336
-34.2473
-52.7752
-53.854
-40.5709
-19.8574
-8.10129
-2.68996
-2.71664
-2.57743
-2.54774
-2.51937
-2.51046
-2.51186
-2.515
-2.51717
-2.51728
-2.51497
-2.51009
-11.4264
-10.3496
-16.6166
-14.7152
-20.0423
-30.9084
-48.665
-49.4295
-33.0327
-10.7863
-3.35317
-2.15486
-2.39015
-2.40381
-2.47326
-2.52482
-2.55667
-2.57921
-2.59742
-2.61239
-2.6237
-2.6307
-2.63306
-9.78393
-8.46676
-13.5826
-12.771
-15.0917
-21.4709
-31.2128
-32.1051
-19.7798
-6.43084
-1.30193
-1.87632
-2.14583
-2.26615
-2.43277
-2.5555
-2.62519
-2.66407
-2.69178
-2.71598
-2.73692
-2.75272
-2.76223
-12.2133
-7.28044
-9.39012
-9.7928
-10.215
-11.4418
-15.6394
-17.4932
-12.8973
-5.66756
-1.99997
-0.573087
-1.99283
-2.21304
-2.47177
-2.65501
-2.74816
-2.78138
-2.80352
-2.83047
-2.85936
-2.88362
-2.9
-17.0589
-6.84006
-7.00968
-7.14534
-6.23025
-5.85172
-7.97367
-12.1288
-12.7631
-10.6626
-3.9031
-0.701909
-2.12903
-2.38773
-2.69423
-2.91501
-2.99623
-2.95972
-2.93652
-2.95605
-2.9926
-3.02578
-3.04864
-5.00974
-6.71652
-6.76371
-5.97369
-4.02692
-3.22676
-5.08729
-11.0248
-18.0404
-23.8693
-12.5723
-4.79689
-3.03392
-2.97497
-3.23784
-3.554
-3.61496
-3.29883
-3.08525
-3.08857
-3.13876
-3.18243
-3.21059
-8.13769
-7.41868
-7.51995
-6.92644
-4.65954
-3.31882
-3.81736
-9.41601
-15.7433
-10.9181
-8.19986
-5.12487
-3.97291
-3.74331
-4.04211
-4.56467
-4.96685
-4.37878
-3.24349
-3.22957
-3.30564
-3.35926
-3.38877
-6.40727
-8.52372
-9.34241
-10.1413
-10.0274
-1.51203
-2.84268
-4.70776
-5.64823
-6.46034
-6.20363
-5.02169
-4.2834
-4.08097
-4.2206
-4.57335
-4.80243
-4.5382
-3.52407
-3.45354
-3.52115
-3.56516
-3.58519
-6.58554
-9.21494
-11.561
-13.4725
-13.1466
-1.78968
-2.4867
-3.32874
-4.43701
-5.14023
-5.13561
-4.69716
-4.33292
-4.12074
-4.11694
-4.43837
-5.01302
-4.54952
-4.00659
-3.81505
-3.80033
-3.79892
-3.79603
-9.7203
-8.98184
-13.3006
-16.9067
-16.4822
-2.11848
-1.86968
-2.65018
-3.77354
-4.58358
-4.81939
-4.68907
-4.43566
-4.34259
-4.40415
-4.70916
-5.69138
-5.2178
-4.47818
-4.19998
-4.08762
-4.03808
-4.00972
-13.3263
-14.8219
-15.5256
-15.5825
-14.238
2.06912
-1.13309
-2.36586
-3.61079
-4.44501
-4.75945
-4.77987
-4.72244
-4.67344
-4.72263
-4.92443
-5.25297
-5.10553
-4.7034
-4.46346
-4.33457
-4.26115
-4.21505
-17.5181
-17.9682
-17.0559
-1.38335
3.21259
1.74932
-1.11571
-2.43614
-3.82741
-4.71543
-4.99368
-5.05964
-5.04455
-5.03201
-5.06051
-5.12744
-5.1573
-5.02362
-4.82603
-4.66035
-4.54307
-4.46272
-4.40708
-19.3996
-19.3101
-16.5143
12.2238
0.26882
-4.38762
-3.05413
-3.85226
-4.76624
-5.38086
-5.54558
-5.55818
-5.50752
-5.45274
-5.40779
-5.36138
-5.27521
-5.13322
-4.97563
-4.83723
-4.7283
-4.64621
-4.58556
-16.177
-16.2584
-12.2866
-7.29504
-6.57902
-5.86564
-5.50886
-5.75699
-6.12181
-6.39315
-6.46704
-6.36066
-6.17709
-5.99159
-5.81559
-5.64533
-5.47279
-5.3001
-5.1415
-5.00731
-4.8996
-4.81562
-4.7516
-5.16572
-8.42898
-6.87551
-7.13415
-7.1349
-7.35952
-7.53693
-7.56858
-7.58008
-7.68105
-8.00637
-7.87906
-7.37315
-6.80222
-6.32862
-5.98382
-5.71107
-5.49077
-5.31303
-5.17142
-5.05997
-4.9731
-4.90626
13.0488
-3.95391
-5.75112
-6.96703
-7.45958
-8.3025
-8.80494
-8.92448
-8.86754
-9.25022
-10.5325
-10.6337
-9.08952
-7.82781
-6.95787
-6.35486
-5.96092
-5.68297
-5.47893
-5.32564
-5.20888
-5.11926
-5.05041
11.7464
-4.46403
-5.51516
-6.95466
-8.18744
-8.96462
-9.42058
-9.65957
-9.78562
-10.4823
-12.6642
-12.8995
-11.1368
-8.91519
-7.57537
-6.68994
-6.18234
-5.85322
-5.6266
-5.4641
-5.34417
-5.25375
-5.18463
7.6921
-5.56599
-5.90587
-7.33298
-8.80485
-9.89072
-10.2873
-10.2741
-10.2756
-10.747
-12.258
-13.114
-11.876
-9.6872
-7.89744
-6.89714
-6.33086
-5.97846
-5.74407
-5.58106
-5.46348
-5.37599
-5.30921
3.31339
-6.20546
-5.61669
-6.96171
-9.33955
-11.4005
-11.5318
-10.7129
-10.3064
-10.3311
-10.8675
-11.0864
-10.5381
-9.08443
-7.85416
-6.92361
-6.3817
-6.04582
-5.82463
-5.6736
-5.56591
-5.48588
-5.42426
-0.213415
-0.966772
-3.27672
-5.84804
-8.5871
-11.3505
-11.6134
-10.3673
-9.6994
-9.54569
-9.65656
-9.53315
-9.04352
-8.37699
-7.51212
-6.7909
-6.34216
-6.05855
-5.87087
-5.74446
-5.65298
-5.58421
-5.53009
-1.15598
-1.79387
-3.51201
-5.39993
-7.8238
-10.2824
-9.39239
-8.76094
-8.53975
-8.4841
-8.42672
-8.47449
-8.08179
-7.62751
-7.04488
-6.56051
-6.24248
-6.03251
-5.89331
-5.79803
-5.72788
-5.67251
-5.62752
-2.66034
-3.27238
-4.72864
-6.37336
-8.00234
-8.98344
-7.19198
-7.23332
-7.45376
-7.52544
-7.46774
-7.39972
-7.19514
-6.9219
-6.60845
-6.30843
-6.11312
-5.98702
-5.90376
-5.84273
-5.79387
-5.75275
-5.71793
-3.64471
-4.4391
-5.42572
-6.56073
-7.69491
-7.79975
-6.83482
-6.79532
-6.96888
-7.00637
-6.83285
-6.37082
-6.45031
-6.40245
-6.20926
-6.05877
-5.98117
-5.94211
-5.91206
-5.8827
-5.8542
-5.8275
-5.8033
-4.67563
-5.34908
-5.66714
-6.18362
-6.74468
-7.24676
-6.95836
-6.74424
-7.02889
-7.30913
-6.48958
-5.89362
-5.99288
-5.98745
-5.88106
-5.86035
-5.89714
-5.92303
-5.92976
-5.92474
-5.91385
-5.90038
-5.88626
-6.11009
-6.51075
-5.87303
-6.32069
-6.2825
-7.82844
-7.91234
-6.41071
-6.75077
-12.5209
-6.91012
-5.87055
-5.64037
-5.68485
-5.74088
-5.81099
-5.88428
-5.93299
-5.95924
-5.97113
-5.97445
-5.97247
-5.96749
314.58
369.236
382.488
312.755
43.0548
44.1701
75.2478
55.484
24.3074
25.369
25.5504
18.5847
9.59076
16.4593
22.7517
21.1366
1.01218
-1.39731
-2.99306
-1.34595
-1.06463
-1.19935
-1.39968
-1.37288
-1.30239
-1.38367
-1.6202
-1.70825
-1.37094
-1.56876
-1.88127
-2.0611
-1.25888
-1.31666
-1.58119
-1.8374
-1.40556
-1.40286
-1.45894
-1.55227
-1.58593
-1.58969
-1.60751
-1.63127
-1.74072
-1.73971
-1.74331
-1.74918
-1.8823
-1.87708
-1.87413
-1.8724
-2.01434
-2.00687
-2.00073
-1.99536
-2.13996
-2.13183
-2.12446
-2.11755
-2.26199
-2.25436
-2.247
-2.23984
-2.38298
-2.37667
-2.37022
-2.36366
-2.50537
-2.50096
-2.49603
-2.49062
-2.63167
-2.62946
-2.62633
-2.62231
-2.76422
-2.76424
-2.76292
-2.76029
-2.90516
-2.90721
-2.90747
-2.90602
-3.05647
-3.06011
-3.06151
-3.06078
-3.22011
-3.22457
-3.22639
-3.22569
-3.39786
-3.40182
-3.40313
-3.40174
-3.59017
-3.59177
-3.59157
-3.58944
-3.79307
-3.79045
-3.78778
-3.78536
-3.99755
-3.98974
-3.98347
-3.97905
-4.19523
-4.18259
-4.17239
-4.16451
-4.38211
-4.36587
-4.35245
-4.34151
-4.55735
-4.53872
-4.5231
-4.51015
-4.7212
-4.70087
-4.68362
-4.66913
-4.87414
-4.85242
-4.83376
-4.81772
-5.01708
-4.99437
-4.9746
-4.95741
-5.15105
-5.12805
-5.10783
-5.09017
-5.27661
-5.25419
-5.23436
-5.21696
-5.39392
-5.37292
-5.35427
-5.33779
-5.50307
-5.48427
-5.46745
-5.45247
-5.60467
-5.58863
-5.57417
-5.56117
-5.69982
-5.68694
-5.67522
-5.66457
-5.7902
-5.7807
-5.77192
-5.76384
-5.87797
-5.87177
-5.86588
-5.86035
-5.96367
-5.96052
-5.95735
-5.95426
-68.2193
-74.0678
-75.6159
-69.8338
43.6966
57.2585
70.4076
179.315
72.7904
58.2748
59.2843
57.3565
32.7574
11.048
36.1059
142.525
151.69
105.073
113.247
-63.3841
-76.4781
-83.026
-88.2615
-34.9636
97.5952
165.137
207.665
66.3744
49.8983
54.5959
46.1931
42.4406
31.2832
19.0428
76.2323
62.7712
50.7906
49.4829
-25.554
-25.978
-47.5569
-90.7641
-25.7668
91.6991
144.716
126.1
17.1241
19.4864
25.4519
29.8701
34.3
26.6994
18.1713
23.2958
27.3966
14.15
24.4996
10.1382
-12.064
-11.0668
-9.75
37.2932
70.9064
40.1633
67.6606
4.47608
2.06453
2.38184
-16.2153
8.36313
14.5865
4.6646
2.37294
4.80361
8.82069
6.62391
0.0984153
15.6129
8.29454
26.371
69.0488
63.3133
18.3451
-0.0362864
1.82633
1.38876
1.28226
8.76336
2.42584
4.60546
1.10234
1.29899
1.85248
2.01549
6.27292
-1.43612
-1.47627
-1.20406
-0.832059
-0.662684
0.488079
-0.203458
-0.763483
-0.296788
0.587063
0.636006
3.0367
2.8788
1.87529
0.924593
0.753711
1.36325
1.84124
2.4904
-1.80534
-1.59399
-1.32682
-1.16602
-0.888932
-0.718522
-0.824747
-0.920024
-0.83169
-0.121005
0.333256
1.21459
-28.8747
-0.884936
0.443019
0.279463
0.76034
1.32226
2.06948
-2.03941
-1.67215
-1.43032
-1.29128
-1.19624
-1.0568
-0.969494
-1.0965
-1.17988
-0.870527
-0.236616
0.030677
-2.98778
-1.64328
-0.766879
-0.599179
0.0934232
0.54372
1.55583
-1.81097
-1.60931
-1.4779
-1.37156
-1.30085
-1.22495
-1.21386
-1.55338
-2.04175
-1.87197
-2.46433
-1.94342
-3.19731
-2.92229
-2.02065
-1.50047
-0.887508
-0.116557
-0.0589578
-1.65031
-1.62202
-1.55622
-1.48639
-1.42687
-1.37772
-1.43409
-2.81719
-4.24621
-4.80381
-4.31474
-3.39866
-3.98217
-3.76784
-2.85747
-2.29792
-1.77375
-1.45593
-2.0494
-1.67214
-1.67446
-1.64346
-1.6005
-1.56225
-1.54129
-1.66546
-2.62343
-3.38952
-3.86512
-3.59279
-3.42445
-3.94501
-3.92094
-3.18268
-2.72517
-2.50052
-3.12327
-2.53782
-1.76148
-1.75964
-1.73899
-1.71001
-1.68489
-1.68089
-1.81564
-2.19591
-2.57611
-2.78681
-2.82063
-3.07537
-3.53941
-3.56467
-3.15203
-2.8073
-2.64323
-2.83683
-2.59873
-1.87015
-1.86103
-1.8419
-1.81662
-1.79155
-1.77376
-1.80769
-1.88534
-1.98879
-2.19983
-2.48709
-2.78877
-3.04566
-3.08318
-2.92012
-2.78008
-2.55261
-2.38325
-2.26233
-1.98557
-1.97099
-1.95029
-1.92418
-1.89475
-1.86345
-1.83342
-1.78673
-1.80442
-2.03678
-2.3434
-2.59151
-2.70311
-2.63967
-2.72257
-2.95226
-2.60388
-2.22956
-2.049
-2.10415
-2.08615
-2.06344
-2.03561
-2.00313
-1.96688
-1.92873
-1.88532
-1.8797
-2.02133
-2.26527
-2.50984
-2.74285
-2.76138
-3.00565
-3.27093
-2.80883
-2.41968
-2.20341
-2.22526
-2.20553
-2.18136
-2.15219
-2.1185
-2.08202
-2.04764
-2.02671
-2.04983
-2.17996
-2.42913
-2.71821
-2.91299
-3.30248
-3.05919
-3.06251
-2.8999
-2.70798
-2.6182
-2.34945
-2.32925
-2.30427
-2.27427
-2.24024
-2.20535
-2.17712
-2.17007
-2.20718
-2.31319
-2.47579
-2.65491
-2.84411
-3.07169
-2.89687
-2.87241
-2.96818
-2.99849
-2.95586
-2.4777
-2.45784
-2.43255
-2.40193
-2.36734
-2.333
-2.30836
-2.30882
-2.34937
-2.42957
-2.5295
-2.62858
-2.73229
-2.92729
-3.07786
-3.03417
-3.12759
-3.28504
-3.09629
-2.61115
-2.59205
-2.56677
-2.5355
-2.49937
-2.46301
-2.43776
-2.44131
-2.4869
-2.55855
-2.62423
-2.67999
-2.75592
-3.25783
-3.62679
-3.38274
-3.21811
-3.20925
-3.14969
-2.7509
-2.73268
-2.70761
-2.67571
-2.63685
-2.5953
-2.56435
-2.56748
-2.62758
-2.70947
-2.75975
-2.78749
-2.88483
-3.75234
-3.85316
-3.58104
-3.18645
-3.16398
-3.2983
-2.89799
-2.88025
-2.85558
-2.82386
-2.78217
-2.73344
-2.69298
-2.69209
-2.79004
-2.8998
-2.92951
-2.93711
-3.24786
-3.95131
-4.01201
-3.71482
-3.40035
-3.37718
-3.46494
-3.05321
-3.03485
-3.01069
-2.98221
-2.94059
-2.88403
-2.82846
-2.8609
-3.04801
-3.18809
-3.15195
-3.13022
-3.31103
-3.8233
-3.98121
-3.9564
-3.94647
-3.87801
-3.59364
-3.21729
-3.19603
-3.1719
-3.15495
-3.11942
-3.07574
-3.11278
-3.17952
-3.36468
-3.45409
-3.39516
-3.33696
-3.35321
-3.43318
-3.81439
-4.47516
-4.3424
-4.23595
-3.75323
-3.39169
-3.36495
-3.33551
-3.34567
-3.32853
-3.36334
-3.49585
-3.53463
-3.59731
-3.61019
-3.55082
-3.49508
-3.50516
-3.54728
-3.82016
-4.44316
-4.40578
-4.08006
-3.72795
-3.58029
-3.56051
-3.51267
-3.54756
-3.6072
-3.71675
-3.72672
-3.73216
-3.76673
-3.76325
-3.67564
-3.62135
-3.62296
-3.75634
-3.9627
-4.33839
-4.25801
-3.84288
-3.59503
-3.78291
-3.8062
-3.81846
-3.76311
-3.90949
-3.98996
-3.98965
-3.92511
-3.9057
-3.90749
-3.85998
-3.75847
-3.72467
-3.81707
-3.99485
-4.10912
-4.0377
-3.79239
-3.6176
-3.97624
-3.99898
-4.0478
-3.98771
-4.04962
-4.18039
-4.21213
-4.09158
-4.04018
-4.03137
-4.02655
-3.9905
-3.93224
-4.00786
-4.103
-4.13848
-4.10744
-3.98658
-3.87244
-4.15504
-4.15614
-4.17377
-4.18372
-4.16735
-4.2419
-4.29734
-4.19835
-4.16487
-4.16116
-4.16225
-4.16895
-4.18476
-4.22464
-4.24843
-4.27653
-4.25137
-4.16721
-4.1081
-4.32599
-4.31406
-4.32849
-4.35872
-4.36672
-4.35232
-4.341
-4.30026
-4.2947
-4.29387
-4.29703
-4.30737
-4.33188
-4.37749
-4.4258
-4.45372
-4.39234
-4.29588
-4.26116
-4.49198
-4.48092
-4.50349
-4.52179
-4.50214
-4.4732
-4.46007
-4.43556
-4.42951
-4.42641
-4.42782
-4.43514
-4.45051
-4.47541
-4.50953
-4.53375
-4.50675
-4.43658
-4.4644
-4.64801
-4.63765
-4.64645
-4.65675
-4.64642
-4.61375
-4.58707
-4.57167
-4.56201
-4.55643
-4.55503
-4.55801
-4.56507
-4.57409
-4.58125
-4.5821
-4.57318
-4.54331
-4.53006
-4.79287
-4.77666
-4.79015
-4.81007
-4.81593
-4.78181
-4.73232
-4.70532
-4.69151
-4.68366
-4.6799
-4.67936
-4.68101
-4.68306
-4.68319
-4.68018
-4.67363
-4.65876
-4.64956
-4.92999
-4.91142
-4.92898
-4.9738
-5.00859
-4.97902
-4.89001
-4.83674
-4.81795
-4.80879
-4.80366
-4.80089
-4.79945
-4.7981
-4.79569
-4.79188
-4.78709
-4.77885
-4.77432
-5.06158
-5.04096
-5.04399
-5.08549
-5.12739
-5.10742
-5.02131
-4.95874
-4.94175
-4.93313
-4.92742
-4.92334
-4.92016
-4.91718
-4.91383
-4.91001
-4.90617
-4.90154
-4.8984
-5.18837
-5.1662
-5.15735
-5.16425
-5.17823
-5.16812
-5.12064
-5.07957
-5.06668
-5.05828
-5.0519
-5.04682
-5.04254
-5.03865
-5.03486
-5.03111
-5.02766
-5.02448
-5.02138
-5.31031
-5.28758
-5.27399
-5.26743
-5.26307
-5.2566
-5.23945
-5.20855
-5.19403
-5.1843
-5.17695
-5.17101
-5.16596
-5.16147
-5.15737
-5.15357
-5.15017
-5.14733
-5.14395
-5.42712
-5.40522
-5.38997
-5.37946
-5.37051
-5.36521
-5.35299
-5.33365
-5.31984
-5.30977
-5.30191
-5.29542
-5.28985
-5.28494
-5.28054
-5.2766
-5.27309
-5.27015
-5.2666
-5.53886
-5.51898
-5.50421
-5.49313
-5.48393
-5.47658
-5.46679
-5.4544
-5.44329
-5.43407
-5.42636
-5.41971
-5.41385
-5.40862
-5.40394
-5.39979
-5.39613
-5.39302
-5.38954
-5.64603
-5.62912
-5.6162
-5.60615
-5.59795
-5.59072
-5.58291
-5.57402
-5.56534
-5.55741
-5.55025
-5.54372
-5.53772
-5.53223
-5.52726
-5.52286
-5.519
-5.51572
-5.5125
-5.74954
-5.73627
-5.72606
-5.71805
-5.71163
-5.70596
-5.70004
-5.69363
-5.68703
-5.68047
-5.67402
-5.66773
-5.66164
-5.65588
-5.65056
-5.64581
-5.6417
-5.63817
-5.63503
-5.85039
-5.84105
-5.83399
-5.82863
-5.82459
-5.8211
-5.81729
-5.81305
-5.80831
-5.80307
-5.79736
-5.79132
-5.78513
-5.77903
-5.77327
-5.76807
-5.7636
-5.75971
-5.75619
-5.94853
-5.9433
-5.93988
-5.93801
-5.93704
-5.93617
-5.93487
-5.93302
-5.93026
-5.92637
-5.92136
-5.91543
-5.90893
-5.90225
-5.89578
-5.88988
-5.88483
-5.88051
-5.875
)
;

boundaryField
{
    leftWall
    {
        type            calculated;
        value           nonuniform List<scalar> 
100
(
1509.68
1453.65
1398.52
1343.44
1288.43
1233.56
1180.1
1129.93
1072.13
998.183
949.907
938.32
925.237
626.652
147.538
49.8192
46.6947
43.0959
39.7184
33.8022
22.8718
3.32038
-9.44793
-5.65712
-6.6972
-20.8459
-12.8189
-9.29626
-8.07693
20.0301
73.2046
52.1948
-5.05944
-8.3754
-9.00679
-12.153
-14.9865
-18.2038
-17.5667
-10.7987
3.07793
21.9585
15.9976
7.93391
1.43258
-0.981978
-1.87575
-2.38342
-4.31758
-5.23132
1481.34
1426.1
1370.95
1315.94
1260.93
1206.54
1154.49
1106.6
1031.67
970.728
938.727
941.811
836.577
350.895
61.5015
48.8794
44.6161
41.5895
37.2337
29.0804
14.4439
-5.71255
-8.0828
-5.41584
-8.68559
-17.8148
-10.7117
-8.01222
0.544398
47.6702
79.862
4.80274
-6.24543
-9.04591
-9.88014
-13.6352
-16.6923
-18.7284
-15.0281
-5.3223
18.5774
19.4388
11.3655
4.21402
-0.181004
-1.33846
-2.17503
-3.19175
-4.74912
-6.09563
)
;
    }
    rightWall
    {
        type            calculated;
        value           nonuniform List<scalar> 
100
(
518.301
435.538
345.026
282.399
253.566
239.721
214.033
184.312
113.247
49.4829
24.4996
6.62391
6.27292
2.4904
2.06948
1.55583
-0.0589578
-2.0494
-2.53782
-2.59873
-2.26233
-2.049
-2.20341
-2.6182
-2.95586
-3.09629
-3.14969
-3.2983
-3.46494
-3.59364
-3.75323
-3.72795
-3.59503
-3.6176
-3.87244
-4.1081
-4.26116
-4.4644
-4.53006
-4.64956
-4.77432
-4.8984
-5.02138
-5.14395
-5.2666
-5.38954
-5.5125
-5.63503
-5.75619
-5.875
549.093
478.588
389.256
309.207
265.296
246.071
229.394
198.449
157.114
74.4108
34.4726
14.6727
5.69677
4.67544
2.26917
1.88124
0.790893
-1.01959
-2.7365
-2.69198
-2.45495
-2.1039
-2.0827
-2.41678
-2.79226
-3.04971
-3.12017
-3.21393
-3.38662
-3.52965
-3.67846
-3.77275
-3.6589
-3.57105
-3.72795
-4.00679
-4.18745
-4.36271
-4.49047
-4.58977
-4.71183
-4.83655
-4.95997
-5.08268
-5.20524
-5.32804
-5.45104
-5.57388
-5.69578
-5.81621
)
;
    }
    lowerWall
    {
        type            calculated;
        value           nonuniform List<scalar> 
124
(
1519.76
1498.13
1467.51
1430.05
1389.61
1347.07
1303.32
1257.82
1209.01
1153.83
1090.53
1025.39
961.045
897.284
842.05
799.711
758.031
748.727
747.919
774.21
792.859
802.206
804.397
760.38
702.048
643.777
584.591
522.699
454.564
376.662
231.251
445.217
555.123
605.475
520.997
773.142
705.884
643.311
600.262
562.113
507.04
445.394
279.179
757.165
730.272
564.117
535.957
557.527
495.799
528.68
609.4
610.854
594.645
536.379
537.653
392.817
249.562
357.553
396.234
446.956
460.855
558.767
1524.39
1510.43
1483.93
1449.24
1410.18
1368.49
1325.38
1280.83
1234.03
1182.4
1123.34
1057.18
993.937
928.214
868.394
819.137
781.396
739.185
756.311
757.106
785.308
798.435
803.865
395.105
499.225
600.921
557.356
787.582
768.442
650.165
522.898
559.271
533.425
475.332
586.064
619.784
599.024
557.248
536.63
500.826
282.082
298.283
393.716
430.019
440.688
530.888
789.683
731.18
672.942
614.398
554.12
489.787
416.616
327.27
740.643
672.375
619.969
582.087
537.329
476.02
382.08
196.016
)
;
    }
    atmosphere
    {
        type            calculated;
        value           nonuniform List<scalar> 
92
(
-6.1122
-7.43002
-5.7957
-6.81789
-5.91106
-9.21181
-9.0313
-5.74326
-5.84648
-20.3869
-6.55424
-5.73037
-5.72987
-5.73998
-5.74771
-5.814
-5.88921
-5.93833
-5.96647
-5.98132
-5.98786
-5.98879
-5.9861
-5.98342
-5.98107
-5.9786
-5.97614
-5.97155
-5.9675
-5.96522
-5.96452
-5.96464
-5.96462
-5.96413
-5.96307
-5.96095
-5.95747
-5.95263
-5.94668
-5.94001
-5.93307
-5.92632
-5.92015
-5.91488
-5.91042
-5.90306
-6.1038
-13.5159
-5.78574
-5.97086
-6.09613
-6.92798
-9.21181
-6.62714
-5.73654
-13.6555
-15.5163
-5.74055
-5.72911
-5.73792
-5.74004
-5.77365
-5.85462
-5.91691
-5.95449
-5.97517
-5.98543
-5.9889
-5.98779
-5.98452
-5.98227
-5.97984
-5.97737
-5.97414
-5.96931
-5.96613
-5.96471
-5.96458
-5.96482
-5.96442
-5.9637
-5.96217
-5.95939
-5.95521
-5.94977
-5.9434
-5.93654
-5.92964
-5.92314
-5.91739
-5.91268
-5.91017
)
;
    }
    defaultFaces
    {
        type            empty;
    }
}


// ************************************************************************* //
