/*--------------------------------*- C++ -*----------------------------------*\
| =========                 |                                                 |
| \\      /  F ield         | OpenFOAM: The Open Source CFD Toolbox           |
|  \\    /   O peration     | Version:  v1912                                 |
|   \\  /    A nd           | Website:  www.openfoam.com                      |
|    \\/     M anipulation  |                                                 |
\*---------------------------------------------------------------------------*/
FoamFile
{
    version     2.0;
    format      ascii;
    class       volScalarField;
    location    "0.9";
    object      p_rgh;
}
// * * * * * * * * * * * * * * * * * * * * * * * * * * * * * * * * * * * * * //

dimensions      [1 -1 -2 0 0 0 0];


internalField   nonuniform List<scalar> 
9072
(
1525.48
1510.43
1483.93
1449.24
1410.18
1368.49
1325.38
1280.83
1234.03
1182.4
1123.34
1057.18
993.937
928.214
868.394
819.137
781.396
739.185
756.311
757.106
785.308
798.435
803.865
1529.1
1512.85
1484.62
1449.11
1410.3
1368.7
1325.42
1280.95
1234.35
1183.17
1122.91
1057.47
993.783
925.97
865.041
815.684
778.761
731.967
733.208
742.758
783.468
798.27
804.22
1532.81
1516.62
1486.35
1449.57
1410.39
1369.07
1326.05
1281.94
1235.91
1185.73
1128.96
1063.53
992.862
920.944
857.414
808.818
775.027
733.884
701.385
741.154
783.118
799.577
805.517
1536.66
1520.69
1486.83
1450.52
1411.05
1369.59
1326.69
1283.12
1238.12
1188.9
1131.75
1064.58
990.045
913.396
846.036
797.238
765.595
740.283
700.517
750.079
785.843
803.086
807.86
1540.51
1523.13
1484.49
1451.96
1412.57
1370.13
1327
1284.28
1240.87
1192.7
1134.3
1064.45
986.162
902.719
829.457
781.453
750.684
732.27
723.88
752.879
790.371
809.198
811.266
1544.98
1524.42
1482.1
1454.7
1415.03
1370.57
1326.76
1285.11
1244.02
1197.38
1136.63
1062.41
981.135
886.618
804.644
761.123
732.618
711.152
709.949
748.622
796.273
818.375
815.58
1551.78
1527.42
1483.23
1456.85
1418.18
1370.54
1325.49
1285.09
1247.38
1203.16
1137.82
1057.58
975.421
862.395
766.03
736.682
712.675
684.61
685.06
738.635
803.632
830.834
818.771
1562.75
1535.09
1490.84
1461.95
1421.37
1369.42
1322.48
1283.51
1250.71
1211.13
1137.9
833.809
666.135
615.308
712.281
709.87
693.18
649.872
644.649
720.861
815.171
850.525
814.876
784.206
768.442
650.165
522.898
559.271
533.425
475.332
586.064
619.784
599.024
557.248
536.63
500.826
282.082
298.283
393.716
430.019
440.688
530.888
773.638
774.35
543.292
467.292
518.945
496.106
453.17
570.274
614.42
586.808
545.088
540.95
427.946
215.153
215.904
346.753
435.992
403.019
501.897
780.756
742.721
390.291
369.598
514.457
470.43
421.421
558.507
607.058
569.378
550.046
545.439
335.943
74.9982
56.9016
258.843
447.803
381.184
359.986
800.196
713.679
333.246
363.83
576.869
506.673
437.416
547.636
610.187
633.849
661.392
495.218
219.799
49.2994
41.8702
133.373
436.234
299.738
299.239
813.628
730.003
342.86
503.14
675.823
435.311
448.309
516.644
530.9
677.028
647.487
458.158
38.8603
42.8475
27.7753
84.341
405.683
299.655
394.159
749.014
757.665
504.702
629.699
569.911
398.591
442.259
410.897
304.664
605.973
648.561
230.861
24.6522
40.0749
19.9752
9.87421
323.571
491.825
363.537
761.277
620.167
432.797
548.105
526.918
337.22
157.693
178.183
240.824
580.145
581.709
363.206
31.8245
36.6718
19.6195
6.01658
386.334
435.602
423.269
631.384
401.216
300.694
515.082
454.932
62.817
290.568
160.153
390.901
550.513
410.834
374.61
248.256
36.9831
23.6636
181.127
565.719
598.923
468.243
1596.44
1553.31
1512.39
1470.21
1424.12
1365.42
1315.06
1277.99
1254.87
1218.16
803.562
694.146
883.014
797.909
603.799
524.788
420.846
322.153
369.837
656.618
838.543
885.259
797.849
1660.69
1604.48
1563.74
1489.85
1419.68
1346.51
1285.67
1249.74
1267.39
1021.22
985.2
936.752
509.148
548.003
700.006
272.335
239.809
370.7
494.296
690.824
835.203
738.531
743.024
1753.88
1680.74
1611.15
1501.76
1398.12
1309.52
1227.63
1167.39
1176.2
643.069
796.213
832.345
240.905
602.453
701.071
729.15
742.057
735.051
573.375
365.038
445.876
188.912
10.8649
1882.16
1787.33
1669.88
1309.96
1158.61
1244.65
1150.08
968.939
504.55
459.666
154.566
587.734
550.78
82.2689
8.83309
384.8
638.354
109.518
19.719
363.987
157.062
6.97183
7.3598
1902.12
1930.23
1502.86
1209.38
884.162
1165.42
385.561
113.422
103.45
137.062
219.979
679.019
429.333
6.1107
1.80799
3.07898
4.6524
5.45705
26.6164
4.80051
5.47559
6.20508
6.39533
1396.17
671.042
1592.65
1331.66
1027.84
63.4141
35.8931
268.5
250.213
176.972
258.583
201.204
178.441
130.017
3.22782
3.29349
4.20205
5.15511
5.04524
5.10193
5.48586
5.57455
60.8123
96.7888
126.948
1294.44
724.487
18.515
98.8537
62.9684
25.5032
28.6024
27.9316
9.64464
2.81146
6.45216
143.01
136.775
3.86511
4.23099
5.59327
9.57892
109.555
107.873
8.89264
31.4321
52.601
49.4225
921.465
167.499
12.2624
20.1607
30.2397
29.2189
72.5344
111.126
27.9611
2.55798
4.747
5.35506
52.8517
99.1332
4.61542
11.5376
113.924
40.9044
0.245076
0.462019
0.453605
46.5545
49.0157
323.726
511.737
9.81794
8.93124
36.3663
120.474
114.605
105.835
87.7201
1.3621
3.90089
23.9626
16.4131
60.8593
111.806
0.476651
0.0750623
0.238339
0.272552
0.978976
0.912053
43.444
45.1409
218.09
781.443
5.56857
5.62904
115.587
115.896
23.953
1.03325
23.3067
0.441339
11.9425
40.1988
34.5745
-0.574687
16.005
11.3895
0.145937
0.444969
0.258863
0.222774
0.254829
39.1915
42.8535
421.28
661.83
3.73784
7.98478
2.25021
9.21189
0.205889
4.90926
5.7305
-0.509425
15.5391
41.178
23.2783
1.80057
11.1118
2.60163
0.0390393
0.077876
0.138906
0.190397
0.22904
31.1731
37.1703
767.202
1.24677
1.51874
0.909655
0.994318
-0.0640361
-0.109772
14.1122
15.4962
1.97142
-1.09131
-0.500632
-0.152682
0.252802
-0.266082
-0.156933
-0.0410126
0.0403095
0.107128
0.158127
0.194886
16.6986
27.6797
794.998
0.53643
0.359224
0.661777
6.18782
-0.577931
-0.438225
-0.294286
10.5116
14.949
7.26347
-0.436703
1.36521
0.624186
-0.210672
-0.241934
-0.103049
0.00750078
0.0823881
0.134161
0.170021
-3.32315
151.923
835.493
-1.53113
-0.865351
0.00283352
3.87523
-1.00841
-0.871636
-0.630628
-0.593215
-0.335486
0.569211
-0.172071
-0.294891
6.94962
-0.160956
-0.0912655
-0.104812
0.00505812
0.0745407
0.122588
0.156578
-5.71778
208.286
847.637
-2.76153
-2.75527
0.376772
-2.00063
-2.56485
-2.46494
-0.494576
3.01345
126.483
112.986
-1.8715
-0.485384
7.09365
-0.275344
-0.142626
-0.0458471
0.0304125
0.0836835
0.123483
0.15333
-2.94406
-9.6283
896.506
-4.12433
-4.57405
-1.78201
-7.95983
-12.4158
-10.9914
-2.97856
33.9857
132.201
115.57
-1.18391
-0.637574
7.61196
-0.143571
-0.0321811
0.0237944
0.0687086
0.104768
0.134035
0.157637
81.8258
-10.0843
961.702
-5.51205
-3.24659
-10.8296
-18.8742
-26.3522
-25.7286
-23.0029
-10.5776
138.167
-1.44327
-0.559156
2.50785
0.104948
0.0209349
0.0614367
0.0893141
0.112308
0.132413
0.150285
0.166263
271.99
-13.5248
609.115
-2.26615
-5.08736
-21.1483
-36.9388
-47.0447
-42.1834
-27.7233
50.0338
81.1386
-0.477162
-0.161696
-0.0104219
0.0685586
0.133759
0.144818
0.151136
0.156163
0.161655
0.168195
0.175938
219.71
-9.83169
-11.4933
26.2162
-7.91488
-22.3003
-39.7095
-50.9975
-42.5873
-20.2782
-3.97759
110.425
0.171402
0.255325
0.260031
0.239495
0.229655
0.217655
0.205978
0.195856
0.188386
0.184203
0.183609
625.417
-7.07915
-7.07626
-6.84007
-12.4305
-16.1372
-28.6478
-37.2275
-29.8104
-10.3047
-0.289195
116.899
0.584112
0.596144
0.493044
0.384658
0.316624
0.276641
0.249519
0.227574
0.209208
0.195176
0.18642
680.851
-5.63043
182.547
-7.70922
-8.85449
-10.0738
-13.5177
-18.3193
-15.2539
-6.65177
0.544476
67.4004
7.74701
0.878089
0.671212
0.478656
0.363675
0.305697
0.274323
0.247599
0.221319
0.198359
0.181712
756.938
398.165
17.0641
-4.24305
-5.0642
-4.79954
-6.16373
-9.52188
-10.4979
-6.30683
4.92172
16.7997
24.2213
1.03108
0.717689
0.463292
0.314173
0.272818
0.270226
0.25354
0.223042
0.191452
0.167054
816.99
9.80917
-3.25919
-3.31914
-2.41985
-1.05698
-1.41151
-4.55867
3.14085
19.7689
6.13635
44.9401
13.9635
0.724509
0.485493
0.199327
0.025
0.0882
0.216708
0.24789
0.214279
0.172127
0.139888
769.736
-2.59125
-3.56429
-3.31335
-1.64268
-0.0292939
13.4392
57.4779
6.72409
3.20911
55.6068
58.1202
-0.782639
-0.0271444
-0.0916185
-0.475642
2.08581
5.62989
0.450498
0.241661
0.193056
0.135747
0.096727
7.69952
16.71
-4.73439
-4.95406
-4.49414
54.4738
119.649
22.0548
54.4767
16.1347
-0.627351
-2.58959
-1.06099
-0.510068
-0.571461
-0.915653
-1.31143
-1.03305
14.944
0.340055
0.144003
0.0711288
0.0328234
2.70286
233.379
-6.25982
-7.51909
-7.75584
146.94
16.4394
48.6228
2.69528
-1.85991
-2.15505
-1.56762
-0.884444
-0.523519
-0.388882
3.519
17.941
3.91945
11.8316
5.55659
-0.0032878
-0.037388
-0.0539177
7.83479
232.998
-3.22227
-10.2091
-12.3356
150.426
1.88949
8.92782
0.280226
-0.687175
-1.15229
-1.03617
-0.488822
4.50826
4.39976
2.08463
21.2447
21.8585
22.6805
-0.309783
-0.218653
-0.173666
-0.153517
-7.21257
-5.57244
101.287
-11.0762
-13.9605
80.81
10.8727
1.89934
0.77473
-0.247677
1.72165
1.79002
-0.780512
-0.680051
-0.627139
-0.780678
-1.23415
11.9877
-1.07365
-0.579242
-0.386055
-0.2974
-0.248529
-12.3204
-11.4761
-4.73992
63.2433
-1.80566
142.307
65.4081
2.53292
2.25202
2.00441
-0.724827
-0.88139
-0.884036
-0.847905
-0.854408
-0.938135
-1.10904
-1.10245
-0.876067
-0.645799
-0.489468
-0.391734
-0.328483
-2.64312
-15.1736
-14.0067
-1.59225
95.8804
166.726
9.23408
1.99195
2.86868
1.11294
-1.00612
-1.13606
-1.13786
-1.1079
-1.09405
-1.10125
-1.10204
-1.01335
-0.849682
-0.68692
-0.556739
-0.461009
-0.391925
0.753243
-14.5632
41.9832
114.119
124.765
17.8581
0.0227065
0.166089
0.943156
-0.274324
-1.66641
-1.68805
-1.60383
-1.49644
-1.3942
-1.29273
-1.17802
-1.03363
-0.875001
-0.728804
-0.607819
-0.513135
-0.440948
12.5306
73.1082
99.5635
21.1865
-0.332289
-1.73818
-1.28957
-2.1756
-2.11335
-1.79883
-2.69522
-2.70504
-2.45731
-2.12886
-1.81204
-1.54489
-1.31191
-1.1047
-0.92365
-0.771899
-0.649258
-0.552552
-0.477565
111.706
92.7222
-0.315043
0.251915
-1.90486
-2.4953
-3.41591
-3.76857
-3.51104
-2.9295
-4.29967
-4.21633
-2.56774
-3.21169
-2.44897
-1.8687
-1.48129
-1.19554
-0.978191
-0.81068
-0.681006
-0.580555
-0.502932
75.0653
93.6461
0.0454172
2.53324
1.40213
0.137066
-4.16628
-4.55338
-4.6468
-4.84265
-6.18443
-0.962606
0.464913
1.82381
-3.15439
-2.2183
-1.64826
-1.27789
-1.02177
-0.837053
-0.700069
-0.59658
-0.517496
89.424
61.6242
0.046847
-0.704853
-0.87792
-4.12101
-4.83119
-5.13639
-5.19299
-5.46617
-6.33596
-2.27882
-7.62363
-5.47448
-0.506201
-2.47937
-1.7506
-1.31861
-1.03667
-0.842068
-0.702455
-0.599284
-0.521268
26.4814
83.6034
9.61842
-1.57584
-3.39064
-5.15463
-6.0456
-5.84808
-5.52522
-5.23882
-5.73691
-6.8598
-4.88261
-5.55378
-1.30436
-2.50156
-1.73068
-1.29079
-1.00906
-0.818741
-0.685133
-0.58768
-0.51417
30.7849
32.5119
29.1938
25.3997
7.84468
-5.54264
-7.15063
-6.2771
-5.28872
-4.99348
-2.81658
-5.09103
-4.92719
-4.16908
-0.853652
-2.26498
-1.57848
-1.18897
-0.935395
-0.765733
-0.648131
-0.562133
-0.496466
30.3918
4.67565
3.21042
1.27223
15.1777
11.1747
-5.6308
-4.99492
-4.21048
-3.93622
-2.98266
-1.97596
-3.49816
-1.86318
1.00511
-1.82981
-1.32988
-1.02667
-0.824068
-0.688883
-0.59487
-0.524403
-0.468947
9.29916
3.19118
2.05233
0.250794
-1.3672
11.3992
10.8742
-2.50492
-2.64835
-2.70075
-2.68722
10.6218
-2.27945
1.20738
-1.3478
-1.35536
-1.03395
-0.827207
-0.690119
-0.597715
-0.530239
-0.476945
-0.433005
49.5259
1.89249
0.94573
-0.477397
-1.94975
-2.53268
1.44075
-1.29861
-1.64558
-1.80487
-1.79193
13.4808
13.2256
-1.1589
-1.15323
-0.896797
-0.720031
-0.614362
-0.548532
-0.499544
-0.458345
-0.422269
-0.390588
0.823421
7.26153
0.337613
0.199304
-1.23747
-1.90254
-1.5193
-1.23841
-1.31977
-1.5697
4.27237
14.7819
-0.506275
-0.702081
-0.59134
-0.467804
-0.42296
-0.41918
-0.414826
-0.401686
-0.383562
-0.363781
-0.344224
-0.397892
14.558
-0.00790685
1.12132
-0.50782
-1.27051
1.44749
0.16627
-0.986762
-2.69353
13.581
0.516584
-0.158136
-0.213283
-0.165119
-0.150822
-0.21754
-0.273166
-0.301798
-0.312128
-0.311969
-0.306117
-0.297345
806.746
911.07
1054.93
1011.36
659.016
581.925
756.459
776.67
127.347
62.1255
67.883
765.509
38.2814
91.4044
66.4062
47.6258
73.4927
59.5255
39.8697
59.8133
45.0646
0.305694
0.255016
-0.229043
0.0658271
0.13833
-0.0225837
-0.187712
0.235314
3.42339
2.86184
-0.288432
0.650035
3.89586
3.57916
3.16604
1.75986
1.66802
2.37535
1.25498
0.25451
0.319671
0.380559
0.462781
0.212991
0.214975
0.209202
0.197894
0.188579
0.193779
0.195476
0.194681
0.17632
0.183927
0.189567
0.193839
0.17266
0.181256
0.188667
0.195261
0.174587
0.182901
0.19063
0.197939
0.179275
0.186354
0.193385
0.200362
0.18409
0.189295
0.194884
0.200787
0.186427
0.189364
0.193055
0.197451
0.183738
0.184241
0.185889
0.188658
0.17367
0.171812
0.17152
0.172777
0.154069
0.150146
0.148233
0.148314
0.122842
0.117415
0.114476
0.113955
0.0777956
0.071942
0.0689158
0.068546
0.017047
0.0127012
0.0108932
0.0113791
-0.0584355
-0.0587447
-0.057905
-0.0561638
-0.141359
-0.135817
-0.131043
-0.127181
-0.221179
-0.209732
-0.200441
-0.193214
-0.290904
-0.274849
-0.261602
-0.250903
-0.348343
-0.329209
-0.313141
-0.29987
-0.39366
-0.372511
-0.354534
-0.33948
-0.427523
-0.404865
-0.385364
-0.368816
-0.450721
-0.42687
-0.406107
-0.388212
-0.464181
-0.439692
-0.418199
-0.399425
-0.468603
-0.444314
-0.422878
-0.404005
-0.464241
-0.44109
-0.420554
-0.402377
-0.451198
-0.430047
-0.411181
-0.394381
-0.429866
-0.411419
-0.394851
-0.379989
-0.401194
-0.38597
-0.37217
-0.359682
-0.366708
-0.355034
-0.344305
-0.334483
-0.328328
-0.320268
-0.312699
-0.305651
-0.288767
-0.284059
-0.279449
-0.275022
687.878
-66.333
-69.2556
194.006
554.955
62.719
68.4466
477.927
497.299
545.88
280.227
171.446
399.716
178.718
158.785
427.381
657.654
573.117
593.835
640.838
-45.0225
-71.3404
-75.7705
441.844
215.335
93.6754
740.339
687.703
594.328
64.7019
61.6662
218.356
498.775
456.535
639.905
707.957
422.221
322.185
709.185
662.284
187.377
-55.3583
-68.2372
120.478
688.669
575.605
670.845
50.3162
183.932
204.512
44.2842
150.054
29.5118
31.4012
139.364
136.923
200.488
751.846
534.896
245.211
338.024
486.22
604.616
619.247
710.615
434.479
21.1037
175.387
178.541
83.9357
32.0575
30.4361
35.65
19.4304
31.8611
19.8627
136.761
555.963
502.395
186.615
200.347
247.441
451.092
640.09
689.671
3.10747
2.83431
13.2283
9.55884
34.6037
43.2371
2.55571
3.22101
14.7311
58.2536
-0.158365
-0.228341
16.3117
461.744
518.343
421.786
196.101
2.97259
19.4373
2.52328
2.14408
34.0764
122.314
6.38168
51.6433
1.8292
2.88003
2.95839
3.5702
0.112469
-0.251516
-0.0110609
1.99263
6.6122
4.23023
5.12153
1.10996
0.771559
2.56062
1.69039
8.11655
72.7543
91.8605
17.7343
1.79875
2.86546
3.06865
3.25952
-0.458296
-0.341117
0.438308
0.779841
0.595199
1.10555
0.582926
0.447057
0.321699
0.708964
1.27507
9.05052
48.8547
61.6538
1.43902
2.09231
2.40462
2.15483
2.97589
-0.456272
0.0143824
0.776941
0.115454
0.211772
0.305921
0.404547
0.356184
0.0428096
0.004183
3.567
5.83152
-0.206255
-1.136
-0.0369513
0.289075
0.961212
5.3297
2.50097
1.04853
0.812029
0.0673598
0.159886
0.237658
0.300153
0.336081
0.124977
0.095848
1.58939
5.03682
-1.56382
-1.63391
-1.87497
-1.34908
-0.503757
6.02903
7.41753
17.0782
0.142838
0.125991
0.1377
0.182478
0.235527
0.281259
0.283863
6.57304
5.13411
4.25287
-2.17158
-1.83493
-1.99898
-2.16761
-1.78412
-0.986267
5.6715
7.55573
13.4977
0.179562
0.162538
0.174707
0.20615
0.239539
0.262787
0.225301
0.0591121
-0.804965
-1.26426
-1.35869
-1.20143
-1.6229
-1.98728
-1.6458
0.114025
-0.728852
2.99307
-1.21764
0.192027
0.190973
0.203801
0.22765
0.253991
0.272281
0.256866
0.424352
-0.116303
-0.319166
-0.509354
-0.738671
-1.11599
-1.328
-1.02305
1.23655
-0.607608
-0.450741
-0.074661
0.198492
0.207506
0.223421
0.246454
0.273373
0.299626
0.323874
1.27451
0.545981
0.174933
-0.051027
-0.0200215
-0.160398
-0.604575
0.440472
1.5822
-0.481024
-0.19566
0.150602
0.203377
0.218056
0.237043
0.261503
0.290752
0.323574
0.359854
0.467288
2.31831
0.461664
0.111349
-0.162253
0.19059
1.03751
6.54007
5.90753
-0.642142
-0.155371
0.338847
0.207331
0.224774
0.245909
0.271957
0.302965
0.338223
0.375809
0.410185
0.43199
2.59518
3.19797
2.89574
-0.0950315
1.95953
6.47239
-0.554814
-0.588467
-0.237964
4.03711
0.209654
0.227911
0.250169
0.27732
0.309254
0.34453
0.379117
0.403639
0.39987
0.324927
0.284591
-0.0293067
-0.269895
0.218529
-0.466254
-0.135274
-0.337123
-0.144543
3.9112
0.209113
0.226935
0.249524
0.277323
0.30986
0.344869
0.376487
0.392997
0.376854
0.311617
0.198822
0.0857315
0.0553318
-0.0760633
-0.197195
0.2609
-0.227736
3.29158
4.0047
0.204341
0.221008
0.243419
0.271602
0.304977
0.340937
0.372335
0.385571
0.363839
0.303125
0.223644
0.262905
0.17398
0.146344
4.70559
-0.373237
-0.268452
1.60245
-0.130447
0.193956
0.209183
0.231148
0.259551
0.294261
0.333234
0.368439
0.383293
0.35575
0.286966
0.22248
0.17736
0.145561
5.5759
0.823881
-0.628815
-0.0384087
4.77417
-0.098927
0.176619
0.190591
0.212106
0.240387
0.276559
0.320313
0.362949
0.385085
0.349284
0.251353
0.182199
0.166693
1.58819
0.142678
-0.632848
0.151778
-0.0214962
3.81169
-0.219079
0.151136
0.164621
0.186139
0.21319
0.249311
0.389252
0.417954
0.392287
0.463393
0.142501
0.0972858
0.115136
7.4874
0.344446
0.91999
-0.384457
3.23531
-0.411753
-0.341225
0.116521
0.130926
0.154026
0.177092
0.333296
0.413554
0.680363
5.03193
4.932
1.78661
-0.0578114
0.0103457
0.303785
1.33097
1.44975
2.69672
2.24709
-0.617495
3.10681
0.0718401
0.0887268
0.117795
0.132383
0.263396
0.294054
4.93138
3.80477
4.88066
4.74025
-0.133004
-0.0633388
-0.0373872
3.74666
0.806652
2.9238
0.290728
2.498
3.32346
0.0157473
0.0339139
0.0817444
0.0854948
0.0681863
4.34962
1.44757
-0.0646553
-0.10335
4.82733
3.97357
-0.0742239
-0.0458459
0.388776
3.83428
0.701889
0.232771
3.21696
-0.21354
-0.0526361
-0.0487381
2.0309
5.71244
0.0255949
4.29687
-0.219267
0.0243478
-0.0521509
-0.211733
4.70777
2.43458
-0.0340258
-0.0683506
-0.218586
0.573977
1.19084
-0.33793
-0.00524439
-0.124195
-0.131807
0.231535
5.76981
0.553655
-0.296401
-0.363871
-0.199254
-0.00140405
-0.213015
-0.207667
4.23247
2.44199
0.250213
-0.223354
-0.313306
-0.327495
-0.219882
-0.0440746
-0.186683
-0.186834
-0.213779
0.357693
5.79219
-0.270465
-0.383037
-0.311598
-0.234187
-0.214851
-0.212141
-0.211038
3.04028
3.88258
1.41735
-0.299149
-0.301481
-0.243086
-0.137954
-0.239797
-0.229618
-0.221962
0.198445
2.53564
4.37315
1.17232
2.74831
-0.0596532
-0.185
-0.220463
-0.226089
-0.242752
-0.278511
3.21647
3.37442
2.80747
0.971945
2.96263
-0.285465
-0.270459
1.00192
0.964012
0.13455
1.9893
4.7038
-0.176962
-0.0636036
-0.227068
-0.228195
-0.233722
-0.24766
-0.275752
-0.318912
-0.13806
3.07345
1.52661
3.48331
-0.323305
-0.30668
0.936836
-0.317864
-0.316644
-0.284884
-0.272817
-0.238047
-0.241687
-0.235392
-0.233205
-0.235678
-0.243607
-0.257076
-0.273845
-0.290203
-0.290042
0.0444069
-0.236515
-0.350396
-0.329136
-0.326079
-0.254031
-0.226818
-0.318352
-0.290048
-0.263328
-0.24896
-0.240011
-0.235331
-0.23457
-0.237259
-0.242098
-0.246315
-0.246431
-0.24267
-0.213147
-0.207947
-0.367746
-0.34275
-0.338357
-0.243485
-0.395671
-0.395891
-0.337569
-0.277915
-0.253495
-0.241732
-0.235326
-0.232261
-0.23145
-0.231615
-0.231093
-0.228496
-0.224121
-0.216153
-0.204085
-0.377882
-0.350912
-0.343092
-0.294997
-0.432073
-0.447901
-0.233984
-0.271847
-0.253706
-0.241258
-0.234309
-0.229946
-0.227098
-0.224853
-0.22229
-0.218834
-0.214768
-0.210005
-0.203256
-0.382289
-0.354391
-0.340314
-0.348781
-0.380506
-0.394246
0.241975
0.317521
-0.250979
-0.240518
-0.233544
-0.228333
-0.224217
-0.220645
-0.217132
-0.213426
-0.209692
-0.206311
-0.201615
-0.381312
-0.353392
-0.336176
-0.329483
-0.331051
-0.327584
0.271165
0.334805
-0.252432
-0.241455
-0.233645
-0.227519
-0.222453
-0.218036
-0.21397
-0.210107
-0.206518
-0.203514
-0.199571
-0.374717
-0.347941
-0.329538
-0.318015
-0.310429
-0.285456
-0.298731
-0.274086
-0.254748
-0.24264
-0.233929
-0.227041
-0.221283
-0.216282
-0.211812
-0.207756
-0.204136
-0.2011
-0.197436
-0.362401
-0.337912
-0.320035
-0.307298
-0.297127
-0.287739
-0.282415
-0.267115
-0.253267
-0.242271
-0.233585
-0.226415
-0.220273
-0.214879
-0.210078
-0.205791
-0.202035
-0.19888
-0.195523
-0.34474
-0.32352
-0.30745
-0.295557
-0.285877
-0.277122
-0.269878
-0.259872
-0.249601
-0.240397
-0.232404
-0.225392
-0.219131
-0.213486
-0.208397
-0.20385
-0.1999
-0.19665
-0.193712
-0.322589
-0.305382
-0.292091
-0.281952
-0.27389
-0.266796
-0.26023
-0.252881
-0.245225
-0.237786
-0.230759
-0.224143
-0.217909
-0.212069
-0.206682
-0.201822
-0.197599
-0.194226
-0.191697
-0.296984
-0.284208
-0.274272
-0.266701
-0.260994
-0.256001
-0.251201
-0.246087
-0.240599
-0.234819
-0.228826
-0.222694
-0.216529
-0.210483
-0.204736
-0.19947
-0.194861
-0.191221
-0.188985
-0.269448
-0.261104
-0.254773
-0.250301
-0.24732
-0.244907
-0.242349
-0.239487
-0.23604
-0.231841
-0.226852
-0.221169
-0.215005
-0.208647
-0.202411
-0.196598
-0.191464
-0.187274
-0.184745
1519.76
1498.13
1467.51
1430.05
1389.61
1347.07
1303.32
1257.82
1209.01
1153.83
1090.53
1025.39
961.045
897.284
842.05
799.711
758.031
748.727
747.919
774.21
792.859
802.206
804.397
1522.28
1499.88
1467.54
1430
1389.83
1347.19
1303.37
1258.05
1209.52
1153.77
1090.51
1025.35
959.596
894.315
838.756
796.389
753.766
736.273
718.176
770.127
792.133
802.281
804.753
1525.94
1502.89
1468.48
1430.16
1390.03
1347.7
1304.14
1259.27
1211.48
1158.41
1097.16
1028.73
956.455
887.625
830.994
790.315
751.724
721.936
700.546
769.097
792.831
803.752
805.374
1530.1
1505.12
1468.98
1431.05
1390.57
1348.25
1304.98
1260.94
1214.25
1161.57
1099.28
1028.15
951.457
877.694
819.245
779.47
756.17
711.168
724.146
772.145
796.073
806.99
805.688
1533.9
1504.18
1468.3
1433
1391.53
1348.55
1305.59
1262.86
1217.72
1165.09
1100.5
1026.71
944.69
863.241
802.576
764.56
739.873
726.526
733.319
774.863
801.875
812.27
804.269
1537.34
1502.14
1468.59
1436.31
1392.86
1348.44
1305.67
1264.76
1221.92
1169.27
1100.37
1023.08
934.965
840.947
779.009
746.397
720.351
706.665
725.031
776.352
810.425
819.943
798.796
1542.03
1503.12
1470.84
1440.1
1394.24
1347.5
1304.7
1266.27
1226.9
1174.18
1097.54
1017.63
922.056
804.699
746.163
726.54
697.487
678.364
706.662
775.703
821.718
830.047
784.483
1550.14
1510.58
1479.75
1444.2
1395.04
1345.07
1301.96
1266.79
1232.83
1182.69
1026.59
718.143
622.444
693.177
706.379
707.621
671.394
635.589
674.883
772.93
838.165
851.063
753.994
757.165
730.272
564.117
535.957
557.527
495.799
528.68
609.4
610.854
594.645
536.379
537.653
392.817
249.562
357.553
396.234
446.956
460.855
558.767
748.14
676.124
471.425
495.027
516.032
470.8
501.548
597.113
611.373
559.007
534.416
525.406
309.202
175.106
299.945
379.562
453.334
414.706
547.473
766.04
531.731
354.107
421.124
515.49
425.347
474.768
601.06
563.032
566.132
608.59
443.985
193.424
56.5835
152.671
354.186
478.538
325.097
513.243
800.21
455.692
341.805
423.613
576.173
472.613
456.073
592.333
596.885
681.602
601.531
367.923
66.1551
45.9479
40.9724
326.317
457.592
225.292
483.375
830.669
386.638
405.912
519.94
580.768
402.669
461.194
505.733
662.719
663.421
599.509
181.636
39.0758
36.8664
24.2186
274.677
380.071
267.256
477.438
833.616
605.995
519.353
612.817
579.309
379.365
448.898
335.162
487.069
627.573
594.868
49.7189
34.7499
32.7826
14.2108
235.705
505.907
345.471
516.29
728.136
496.76
448.138
487.161
459.09
261.059
156.249
208.512
556.978
603.629
464.255
232.573
36.807
30.3249
12.1328
46.3982
535.158
381.271
551.079
600.557
296.488
399.288
530.328
331.345
131.525
314.064
186.878
475.443
579.801
241.194
336.792
40.0117
30.9308
55.0041
425.72
588.588
551.789
482.581
1567.33
1531.22
1497.03
1443.89
1394.09
1338.84
1294.71
1264.91
1241.79
1117.58
719.939
717.673
875.33
695.742
552.187
483.315
361.668
305.714
526.797
752.932
874.264
860.725
744.878
1617.28
1584.58
1530.76
1458.59
1381.93
1314.02
1263.6
1247.16
1289.11
801.9
1005.83
730.016
484.284
746.521
425.521
246.579
310.502
398.317
601.636
771.353
843.228
694.652
731.506
1694.77
1652.44
1558.93
1447.36
1352.94
1267.15
1193.36
1155.76
1154.32
513.309
823.48
422.87
540.736
664.173
716.812
742.947
771.025
664.907
425.32
391.903
437.567
36.3912
64.4189
1805.19
1743.54
1553.27
1200.73
1221.07
1205.66
1091.46
658.385
633.722
155.54
222.304
720.437
178.554
8.40864
33.9148
598.407
473.058
17.1799
191.928
369.39
6.78791
7.2497
12.4102
1924.21
1771.29
1477.8
940.32
1115.13
1060.03
118.884
107.471
109.707
160.546
603.846
663.349
138.181
0.92391
2.18453
3.8687
5.19939
9.04373
23.2443
5.02655
5.97871
6.3177
30.8949
1230.61
972.951
1451.02
1238.23
347.091
41.3064
130.655
268.969
98.4623
260.814
207.231
143.109
153.253
36.8726
2.92406
3.66057
4.82946
5.11886
4.93111
5.8588
5.55754
7.85904
78.8825
114.979
557.992
1344.35
30.2074
67.0318
106.159
25.2043
26.7927
29.4412
21.6569
1.77037
5.00956
95.4164
140.648
67.2352
3.94995
4.85304
6.11372
57.8357
107.916
48.6806
40.6928
0.0414025
51.9024
159.471
1203.42
13.0461
12.1891
30.6531
28.7674
38.8886
103.966
98.8285
-0.583773
4.22108
5.00018
6.12128
140.782
4.86761
4.79388
92.4503
110.932
0.315398
0.261146
0.720593
0.24933
47.9981
49.6822
1000.04
11.5561
9.07892
12.9861
92.9449
119.136
110.465
97.7455
-0.0644545
2.93495
4.83153
36.4154
5.19599
109.15
90.9615
0.2535
0.144602
0.269369
0.786245
0.985216
0.764601
44.8278
44.8832
910.071
118.634
5.7578
56.5165
115.913
105.428
0.800562
27.8141
0.487094
0.966986
41.3761
37.2489
20.1554
-0.313686
52.8285
0.0237081
0.410126
0.471379
0.195109
0.242491
0.782777
42.0087
43.6322
911.174
3.50812
6.78386
2.14635
22.2606
0.0471522
2.89524
2.51639
5.28343
-1.7027
36.9418
41.0016
10.0042
0.970227
9.64748
0.0641064
0.0538555
0.108735
0.166243
0.21087
0.245444
36.2716
107.198
762.154
1.53386
1.17648
0.684951
0.82631
-0.137751
6.0781
15.0481
3.47818
0.0281659
-1.0168
-0.266268
0.00846256
0.635864
-0.249144
-0.0895126
0.00300892
0.0759222
0.134626
0.178212
0.207639
26.3963
346.986
133.233
0.539699
0.296527
5.70878
5.47946
-0.506833
-0.36654
0.0374277
14.7961
14.09
-0.608135
-0.116523
6.1785
-0.106726
-0.263733
-0.176026
-0.0423742
0.0485782
0.110539
0.153915
0.182375
2.89598
835.768
609.161
1.00652
-0.854581
5.11155
-0.866518
-1.01364
-0.71138
-0.601643
-0.407007
-0.00848618
0.887365
-0.741261
5.51868
-0.316256
-0.11225
-0.181165
-0.0431651
0.0433158
0.100594
0.141145
0.169082
-19.5944
869.651
374.142
-2.46304
-2.6732
2.77728
-2.62524
-2.60222
-1.45079
0.127359
35.0219
127.451
3.79501
-1.22045
6.61281
3.06312
-0.0286366
-0.0932664
-0.00383428
0.0590927
0.10498
0.139521
0.16517
-6.70846
18.2238
87.3299
-4.44965
-4.43642
-5.78779
-10.4877
-12.8923
-4.32379
-6.45581
126.723
132.94
33.1366
-0.874963
1.53085
0.2896
-0.0536394
-0.00307555
0.0475391
0.0876673
0.120176
0.146472
0.167739
-5.01886
-8.21909
148.228
-5.46982
-6.69398
-14.6578
-23.8922
-26.6497
-23.4745
-24.3656
65.3911
4.93315
-1.22154
-0.028971
3.07344
-0.0733085
0.0438258
0.0763771
0.101282
0.122662
0.141608
0.158481
0.173772
-12.6888
-9.45987
597.789
-2.52926
-11.5067
-27.9283
-44.4633
-46.0048
-35.4294
-19.5751
86.9615
0.345771
-0.324599
-0.0376903
0.0266894
0.111477
0.13999
0.148293
0.153665
0.158798
0.16478
0.171909
0.180362
-11.2695
-8.70695
19.5103
-6.61038
-18.4112
-28.5701
-48.6816
-49.5544
-32.7319
-11.4858
66.4653
28.8497
0.216724
0.268526
0.247363
0.234906
0.223673
0.211702
0.200643
0.19174
0.185858
0.183456
0.184719
-7.1695
-5.93619
-5.42886
-6.54298
-14.6189
-21.1022
-34.7821
-35.7057
-20.6082
-4.6111
9.28054
76.7623
0.620449
0.552371
0.434192
0.346031
0.294205
0.262144
0.23809
0.217924
0.201576
0.190113
0.184158
-6.11365
140.268
38.7967
-8.20939
-9.57823
-9.99607
-16.7382
-17.5986
-11.9324
-2.3435
1.6764
103.634
0.937207
0.78152
0.567861
0.413073
0.329167
0.288624
0.260917
0.234278
0.209193
0.189151
0.176161
686.222
128.328
5.35554
-5.19277
-4.9132
-5.11658
-7.79465
-10.7207
-8.81867
0.665859
1.86928
107.71
1.14959
0.872884
0.5791
0.372711
0.283078
0.271898
0.264128
0.239255
0.206701
0.178122
0.158432
712.36
-2.41048
-3.45185
-3.03742
-1.61367
-0.901095
-2.71521
-0.58173
21.3944
17.2753
0.0439833
72.8625
0.76792
0.626657
0.339216
0.0870208
0.0303691
0.162645
0.244923
0.234788
0.192675
0.154427
0.128666
237.099
-3.39142
-3.5797
-2.72933
-0.443617
0.441854
60.6828
25.1777
4.05818
52.2244
63.6094
-1.6437
-0.213263
0.00846115
-0.265641
0.122367
4.41084
4.68266
0.22743
0.223656
0.162989
0.113835
0.084171
378.652
-4.47723
-4.8486
-4.90848
5.84035
145.911
12.5178
54.3446
56.9797
1.01952
-3.32394
-1.66719
-0.685295
-0.485986
-0.718003
-1.1387
-1.36187
5.84579
12.8229
0.186618
0.101977
0.0487046
0.0221063
386.699
-5.21393
-6.75086
-8.04092
63.8901
146.01
13.9536
54.5415
-1.45725
-2.1143
-1.93719
-1.18616
-0.662855
-0.461473
0.663182
9.22553
16.4718
-0.272747
19.952
0.0215601
-0.0225538
-0.047554
-0.0573792
2.87649
180.187
-8.95001
-11.5955
18.1873
65.6591
6.37701
1.21568
-0.229845
-1.0085
-1.1397
-0.890775
2.5999
4.5716
4.48263
6.19537
21.7459
22.2595
6.93019
-0.271015
-0.190465
-0.162313
-0.146119
-4.37571
78.263
61.2523
-13.1933
-12.6783
161.577
2.35849
1.386
0.205033
0.646602
1.7347
0.0359813
-0.739011
-0.6292
-0.675471
-0.951244
1.85819
1.66296
-0.779627
-0.46265
-0.334324
-0.269883
-0.231472
-10.9258
-11.735
64.3558
39.696
-2.38633
171.069
3.15456
1.74454
2.57266
0.995276
-0.831641
-0.893562
-0.865367
-0.842075
-0.885974
-1.01601
-1.15492
-0.993812
-0.753586
-0.558568
-0.43502
-0.356874
-0.305191
-14.7227
-14.6989
-12.3028
29.6177
171.334
94.6449
2.44113
3.45871
2.25962
-0.860612
-1.09442
-1.14582
-1.12271
-1.0979
-1.09565
-1.10691
-1.07232
-0.934978
-0.76528
-0.6172
-0.505013
-0.423624
-0.365142
-13.6975
-13.6379
98.4668
125.296
70.8519
-0.23696
0.24948
-0.261312
1.20548
-1.59467
-1.69695
-1.65377
-1.54987
-1.44484
-1.3438
-1.23851
-1.1094
-0.954191
-0.799192
-0.664901
-0.557386
-0.474489
-0.412055
-1.54742
90.4727
60.0023
1.21636
-1.12399
-1.77795
-1.66172
-2.22407
-0.497195
-2.6178
-2.73711
-2.59536
-2.29988
-1.96439
-1.67285
-1.42487
-1.20527
-1.01067
-0.844033
-0.707091
-0.597927
-0.512583
-0.447094
100.114
78.1058
-0.120768
-0.899458
-2.08692
-2.85824
-3.7048
-3.76668
-2.38552
-3.93499
-4.64291
-2.83399
-3.5647
-2.81817
-2.12355
-1.66008
-1.32836
-1.07969
-0.889056
-0.741711
-0.627576
-0.539208
-0.471209
109.312
1.32704
0.416925
1.89533
0.872209
-1.98863
-4.42495
-4.60298
-4.68647
-5.32007
-4.30561
-0.475953
1.23203
-3.32415
-2.65326
-1.89922
-1.4445
-1.13878
-0.922262
-0.763638
-0.6448
-0.55441
-0.485142
73.6378
0.108362
-0.543698
0.512732
-3.27371
-4.54886
-5.01905
-5.20188
-4.98334
-5.78995
-6.31943
-1.726
-6.85648
0.902975
-3.02541
-2.05538
-1.50928
-1.16385
-0.930927
-0.766766
-0.647145
-0.557646
-0.489339
92.1308
70.4612
-0.497584
-2.4706
-4.29139
-5.77791
-6.01945
-5.65973
-5.35902
-4.93611
-6.37699
-4.64052
-6.34762
1.18285
-3.02741
-2.05029
-1.48464
-1.1356
-0.905048
-0.7464
-0.632793
-0.548473
-0.483942
10.3282
32.5222
27.0438
15.6664
-3.48361
-6.71969
-6.88652
-5.68816
-5.08003
-3.62339
-3.71465
-5.11704
-4.61111
-3.03199
-2.40166
-1.86648
-1.36277
-1.04905
-0.842395
-0.702099
-0.602013
-0.527247
-0.469123
6.20017
4.07924
2.28732
6.55725
13.0418
2.73533
-5.47263
-4.5377
-4.02335
-3.88231
0.664445
-3.71937
-3.27629
0.666361
-1.80481
-1.54731
-1.16319
-0.914838
-0.749964
-0.638226
-0.557353
-0.49513
-0.445415
7.80923
2.78019
1.14649
-0.586865
5.33867
10.4242
-0.544084
-2.59475
-2.67965
-2.70871
-1.2978
5.29858
-1.37257
1.51137
-1.56025
-1.17522
-0.92052
-0.751416
-0.639831
-0.561699
-0.502248
-0.453939
-0.413931
5.77991
1.49648
0.2448
-1.19159
-2.68055
2.53885
-0.131539
-1.51484
-1.74671
-1.80947
-0.147852
13.6166
3.04824
-1.27212
-1.01971
-0.797389
-0.660303
-0.578269
-0.522747
-0.478206
-0.439741
-0.405879
-0.376367
28.7372
0.613992
0.929003
-0.837751
-1.62544
-1.8471
-1.31044
-1.24504
-1.44739
-1.51238
14.6429
5.12173
-0.670147
-0.662969
-0.520569
-0.436677
-0.419371
-0.418173
-0.409156
-0.392995
-0.373738
-0.353896
-0.334877
11.2393
5.91419
0.179756
0.74884
-0.748792
-0.742781
1.60222
-0.913965
-1.50335
10.0483
12.7714
-0.154792
-0.202404
-0.195739
-0.144443
-0.180876
-0.249075
-0.290365
-0.308688
-0.312995
-0.309548
-0.301958
-0.292447
856.857
980.712
1059.48
974.997
615.102
659.557
779.481
744.588
60.6444
62.5445
453.027
750.038
85.9586
91.2752
50.6273
371.041
72.9303
40.3398
56.8393
39.3807
0.376356
0.246841
0.0738435
-0.0852073
0.111246
0.0939112
-0.0964131
-0.12464
0.703367
3.32545
-0.0874832
-0.353337
2.01722
3.75922
3.3684
1.60194
1.76392
2.05641
2.01954
1.18684
0.292422
0.301388
0.4965
0.203985
0.214805
0.213145
0.203919
0.191341
0.191638
0.195032
0.195279
0.193865
0.180396
0.186966
0.191817
0.195707
0.177123
0.185091
0.192036
0.198379
0.178824
0.186831
0.194324
0.201488
0.18282
0.189876
0.196878
0.203826
0.18664
0.192047
0.197799
0.203833
0.187795
0.19112
0.195167
0.199896
0.183843
0.184924
0.187135
0.190446
0.172544
0.171473
0.171959
0.17396
0.151855
0.14894
0.148031
0.149055
0.119812
0.115639
0.113925
0.11454
0.0745011
0.0700885
0.0684045
0.0693678
0.0145303
0.0115043
0.0108331
0.0126663
-0.0587591
-0.0584459
-0.0571508
-0.0549271
-0.138497
-0.133329
-0.128967
-0.12585
-0.215168
-0.204829
-0.196557
-0.190454
-0.282499
-0.267894
-0.255948
-0.246413
-0.338369
-0.320808
-0.30618
-0.294111
-0.382669
-0.363138
-0.346666
-0.332953
-0.415781
-0.39473
-0.376753
-0.361468
-0.43839
-0.416113
-0.396831
-0.38015
-0.451542
-0.428587
-0.408491
-0.390977
-0.456082
-0.433257
-0.413134
-0.395515
-0.452323
-0.430511
-0.411182
-0.394162
-0.440323
-0.420343
-0.402534
-0.386735
-0.420397
-0.402912
-0.387216
-0.373173
-0.393398
-0.378899
-0.365769
-0.353911
-0.360752
-0.349553
-0.339283
-0.329906
-0.324239
-0.316419
-0.309109
-0.302329
-0.286407
-0.281735
-0.277208
-0.272899
150.835
-69.7014
-63.1229
472.651
175.931
59.1925
348.031
190.757
539.278
556.542
80.2987
416.805
364.83
143.399
255.943
568.025
647.534
623.661
529.574
359.554
-69.9957
-73.1498
-12.8584
506.911
89.2266
501.227
481.067
680.396
220.218
63.4638
57.9309
500.724
500.649
512.736
700.099
544.392
297.128
558.15
675.111
451.63
43.7772
-83.1109
67.7147
128.923
793.529
749.726
224.978
68.0772
211.334
59.645
107.715
40.6015
26.885
87.7317
155.084
160.237
231.875
837.997
196.385
338.176
286.706
531.017
612.122
400.532
743.204
25.6735
126.659
206.446
164.314
30.9162
52.815
19.1859
33.5805
27.6876
21.354
251.58
301.308
585.669
172.098
194.992
222.604
260.677
488.077
467.187
49.2452
2.95863
2.24463
35.292
7.01998
58.7547
2.71327
2.74915
3.61744
53.8076
59.6701
-0.134697
-0.259417
326.636
492.208
447.385
370.835
3.66264
2.274
81.7136
2.31127
2.37426
123.131
10.401
26.1003
12.7539
2.18085
2.9782
3.01509
59.071
-0.120053
-0.149043
0.12705
6.4357
4.04427
4.20302
4.35276
0.885286
1.85577
1.7308
1.82108
6.96967
129.707
102.378
2.18722
2.62585
3.16362
2.88804
3.53434
-0.470266
-0.155371
0.968054
0.194417
1.81596
0.632821
0.481821
0.378625
0.400925
1.03935
4.18597
5.47881
92.3018
0.610264
1.57626
2.18719
1.87695
2.34858
3.46842
-0.323487
0.530224
0.616871
0.171793
0.25305
0.360713
0.411915
0.218171
-0.0457864
0.163093
7.06032
0.562411
-1.13379
-0.515365
0.103162
0.452259
5.41053
1.75217
20.6837
1.00936
0.463832
0.114453
0.201904
0.268911
0.328401
0.299679
0.43656
-0.0569081
5.37042
2.29847
-1.21299
-2.03496
-1.57893
-0.874871
-0.00368076
7.13584
2.22824
20.5289
0.126018
0.134193
0.154806
0.210093
0.258973
0.295545
0.567463
5.76734
4.61774
1.25854
-2.32452
-1.76902
-2.10066
-2.16718
-1.32166
-0.071917
6.9746
7.68212
20.3738
0.166694
0.167573
0.189175
0.223513
0.253385
0.260416
0.20964
-0.000518422
-1.08171
-1.36908
-1.25264
-1.34399
-1.89444
-1.9027
-0.798516
-0.669771
2.31971
3.10283
-0.674615
0.190001
0.195601
0.214831
0.241066
0.264944
0.274513
0.221206
0.342002
-0.218181
-0.414766
-0.609975
-0.915643
-1.27161
-1.31028
1.03529
0.863069
-0.522402
0.0506982
-0.304201
0.202354
0.214464
0.234214
0.259663
0.286948
0.312517
0.324838
2.04974
0.274464
0.0444696
-0.0427064
-0.0530044
-0.342806
-0.412271
4.36932
-0.55896
-0.322132
0.155266
0.182649
0.21035
0.226876
0.248609
0.275595
0.306825
0.34111
0.379635
1.83706
1.9542
0.253456
-0.0345727
-0.115298
0.780017
3.92401
6.22491
1.35155
-0.370453
0.0841614
0.512327
0.215719
0.234769
0.258296
0.286868
0.320137
0.356973
0.39369
0.424262
0.713609
3.28687
3.06891
1.65126
-0.44518
6.34582
6.49601
-0.722622
-0.389553
-0.0653151
4.03241
0.21837
0.238462
0.263116
0.292741
0.326639
0.362332
0.39352
0.406723
0.374754
0.250451
0.16877
-0.140781
-0.375275
-0.552179
-0.274969
-0.326242
-0.302682
1.24371
4.00674
0.217478
0.237589
0.262774
0.293084
0.32731
0.361674
0.387636
0.390319
0.351151
0.259988
0.132549
0.110824
0.192332
-0.171592
-0.0707046
-0.0674109
0.0146764
3.97027
-0.323626
0.211969
0.231485
0.256801
0.287729
0.322941
0.357901
0.382257
0.379857
0.337568
0.263952
0.184181
0.336856
0.0563906
4.69293
2.43415
-0.32032
-0.166935
4.21912
-0.280452
0.200701
0.219348
0.244548
0.276156
0.313529
0.352135
0.379588
0.375738
0.324452
0.249949
0.197289
0.153585
1.91295
4.83381
-0.705034
-0.487059
4.58137
2.69602
-0.24981
0.182585
0.200482
0.225376
0.257389
0.297782
0.342702
0.377907
0.37658
0.30308
0.209415
0.16693
0.14841
7.10445
-0.53112
-0.476442
-0.406419
2.79475
-0.130212
-0.293682
0.156714
0.17456
0.198983
0.229659
0.303842
0.420627
0.401664
0.442704
0.252099
0.100533
0.107854
0.103448
7.21681
0.890961
-0.436309
0.160916
3.24694
-0.373158
-0.307883
0.122362
0.141807
0.165811
0.233592
0.386644
0.424845
3.49182
5.00394
4.79455
-0.0791122
-0.013052
0.0189472
7.31229
0.823854
2.98917
3.41077
-0.745365
2.83924
-0.314567
0.0785876
0.102462
0.12745
0.205235
0.22393
3.12181
4.91999
3.95899
4.8204
2.29536
-0.100327
-0.0400514
0.0352852
2.123
1.41407
2.49883
-0.869444
3.02555
0.907438
0.0230489
0.0551201
0.0972777
0.0691273
0.599587
4.79298
-0.0624305
-0.0798969
1.63423
4.78141
-0.0492732
-0.0515104
-0.0756101
3.85717
1.0789
0.43165
2.92179
2.9145
1.46844
-0.0490401
-0.0485879
5.70148
0.315999
2.41434
-0.0652069
-0.0658843
0.0327571
-0.18101
1.37491
4.64781
-0.0471334
-0.0322106
-0.14979
-0.36106
1.33737
0.700027
-0.142739
1.0463
-0.12453
-0.154437
4.82827
5.79677
-0.0836245
-0.336094
-0.346602
-0.0826087
-0.0679897
-0.211138
0.966586
4.32004
0.727038
-0.0835887
-0.28022
-0.331375
-0.289743
-0.127054
2.51567
-0.184605
-0.196114
-0.231394
5.87153
1.0416
-0.324879
-0.37975
-0.259437
-0.219712
-0.213285
-0.211595
-0.075502
3.88814
3.83435
-0.268209
-0.314715
-0.283689
-0.192992
3.37926
-0.233522
-0.226789
0.0657454
0.140236
4.88871
1.12711
3.66154
-0.159218
-0.0510037
-0.219684
-0.222445
-0.232391
-0.259596
1.73293
3.39599
3.38435
1.79625
-0.154611
3.44759
-0.276983
0.227377
0.983157
0.939546
-0.290965
4.00216
3.23576
-0.0829894
-0.198613
-0.227539
-0.230086
-0.239369
-0.259619
-0.295634
-0.344535
1.30199
3.532
3.39612
3.51084
-0.313556
0.236846
0.0280989
-0.320789
-0.278064
-0.279894
-0.262412
-0.177329
-0.238101
-0.233717
-0.233794
-0.238922
-0.249761
-0.26513
-0.282847
-0.293247
-0.278132
-0.229683
-0.0485456
-0.338397
-0.324146
-0.329026
-0.22496
-0.27332
-0.30175
-0.274044
-0.255406
-0.243936
-0.237153
-0.234481
-0.235533
-0.23956
-0.244482
-0.247074
-0.244905
-0.235813
-0.201269
-0.206569
-0.353818
-0.336307
-0.258818
-0.25878
-0.404593
-0.371933
-0.302485
-0.263249
-0.246733
-0.238028
-0.233449
-0.231643
-0.231511
-0.231546
-0.230084
-0.226507
-0.220893
-0.209819
-0.203438
-0.362812
-0.343182
-0.350081
-0.347867
-0.449716
-0.424058
0.180571
-0.265438
-0.246428
-0.23736
-0.231886
-0.228389
-0.225961
-0.223662
-0.22068
-0.216834
-0.2126
-0.206512
-0.202958
-0.366773
-0.345312
-0.340982
-0.363864
-0.393182
-0.330384
0.282436
-0.138458
-0.245025
-0.236756
-0.230771
-0.226174
-0.222397
-0.218906
-0.215305
-0.211533
-0.207946
-0.204229
-0.201184
-0.365991
-0.343369
-0.331667
-0.329555
-0.331405
0.0419743
0.314682
-0.160857
-0.246332
-0.237294
-0.230421
-0.224883
-0.220185
-0.215973
-0.212016
-0.208262
-0.204867
-0.201944
-0.198712
-0.360201
-0.337719
-0.322969
-0.31386
-0.298671
-0.300739
-0.24175
-0.262745
-0.248097
-0.238
-0.230311
-0.224049
-0.218704
-0.21399
-0.209736
-0.205881
-0.202438
-0.199572
-0.196069
-0.349242
-0.328212
-0.313008
-0.30191
-0.292577
-0.286308
-0.275103
-0.259943
-0.247445
-0.237702
-0.229845
-0.223237
-0.217493
-0.212411
-0.207873
-0.203835
-0.200251
-0.197221
-0.193676
-0.333414
-0.31491
-0.300868
-0.290239
-0.281412
-0.273811
-0.265137
-0.254698
-0.244854
-0.236261
-0.228791
-0.222179
-0.216237
-0.210874
-0.206057
-0.201789
-0.198032
-0.194844
-0.191485
-0.313448
-0.298293
-0.286654
-0.277497
-0.270111
-0.263552
-0.256649
-0.249067
-0.241461
-0.234219
-0.227402
-0.220979
-0.214937
-0.209315
-0.204182
-0.19962
-0.195647
-0.192251
-0.189123
-0.29022
-0.278909
-0.270229
-0.263515
-0.258215
-0.253581
-0.248696
-0.243388
-0.237739
-0.231845
-0.225772
-0.219607
-0.21348
-0.20756
-0.202031
-0.197074
-0.192803
-0.189105
-0.185833
-0.265031
-0.257685
-0.25233
-0.24861
-0.245853
-0.243626
-0.240979
-0.23785
-0.234041
-0.229443
-0.224087
-0.21813
-0.211831
-0.205494
-0.199434
-0.193934
-0.189215
-0.18511
-0.181069
1524.39
1511.43
1484.19
1449.12
1410.32
1368.68
1325.41
1280.8
1233.95
1182.53
1122.43
1058.34
994.376
927.446
867.207
817.538
780.12
731.956
749.305
749.324
784.448
798.235
803.881
1527.22
1514.59
1485.41
1449.26
1410.31
1368.83
1325.68
1281.38
1235.02
1184.38
1125.36
1058.26
991.767
923.801
861.706
813.1
776.712
740.604
711.859
742.036
782.905
798.674
804.743
1530.95
1518.76
1486.95
1450.01
1410.62
1369.33
1326.4
1282.52
1236.94
1187.25
1130.39
1064.21
991.551
917.496
852.259
803.5
771.318
732.206
698.876
743.164
784.16
801.034
806.557
1534.73
1522.16
1485.91
1451.14
1411.69
1369.86
1326.89
1283.72
1239.44
1190.7
1133.04
1064.66
988.275
908.531
838.509
789.904
758.598
741.535
723.609
752.425
787.947
805.784
809.428
1538.58
1523.76
1483.06
1453.12
1413.69
1370.38
1326.98
1284.76
1242.41
1194.92
1135.53
1063.79
983.954
895.605
818.432
771.859
741.983
722.275
718.337
751.541
793.144
813.391
813.366
1542.57
1525.51
1481.93
1455.36
1416.55
1370.65
1326.29
1285.24
1245.68
1200.11
1137.32
1060.32
978.006
875.019
787.229
749.318
722.773
698.698
698.98
744.235
799.742
824.165
817.585
1547.97
1530.53
1486.08
1460.09
1419.83
1370.16
1324.26
1284.55
1249.07
1206.79
1138.75
1046.83
900.422
762.621
729.686
724.161
702.702
668.398
667.371
731.252
808.43
838.851
817.243
1556.65
1541.31
1497.73
1464.05
1422.66
1368.2
1320.05
1281.85
1252.29
1214.22
1047.99
692.494
637.233
777.22
728.99
700.825
677.959
615.609
615.277
706.458
825.331
867.393
817.117
787.582
772.431
616.998
490.838
541.968
525.992
467.151
580.145
613.905
598.894
543.984
534.227
477.743
256.971
277.216
375.362
429.037
425.454
519.412
778.482
763.737
474.679
430.775
516.633
472.168
437.8
562.546
614.851
567.432
547.913
570.854
379.499
151.495
128.403
313.933
449.281
381.562
455.287
774.862
726.402
339.089
366.105
528.642
471.737
440.325
555.412
604.921
571
625.57
516.906
293.07
54.3649
49.524
197.121
444.063
364.097
314.111
789.449
723.066
331.229
369.661
619.241
456.575
438.908
535.572
584.17
699.96
653.612
479.287
113.513
45.399
34.2792
98.3095
427.664
286.653
389.594
809.331
753.074
504.084
616.434
668.191
426.952
438.087
454.619
459.616
632.196
645.715
357.262
26.7772
41.4583
23.1169
43.9451
344.25
371.403
345.067
810.186
676.914
423.997
554.262
550.517
442.661
340.351
224.246
253.113
606.958
645.83
255.147
26.6809
38.4146
18.4936
5.53185
318.259
519.77
462.814
743.124
552.688
431.233
587.989
496.825
179.604
192.073
168.813
235.19
561.763
489.021
378.704
79.6849
36.2823
21.5102
11.2746
515.748
527.372
440.067
686.482
101.179
-17.1204
451.136
405.525
57.2262
197.264
250.211
483.508
544.769
355.706
258.418
352.889
37.9693
81.0696
308.364
607.517
592.921
580.208
1574.3
1575.93
1538.18
1480.06
1423.69
1358.21
1303.56
1267.45
1256.29
1151.98
776.486
1027.84
887.346
567.052
313.502
258.159
236.237
175.981
156.363
556.503
852.355
690.757
693.929
1625.55
1638.95
1587.32
1502.25
1410.93
1329.74
1259.87
1216.83
1243.19
838.274
956.712
722.103
434.363
755.628
725.624
674.392
576.066
701.305
645.106
686.769
579.251
657.332
424.244
1702.46
1729.79
1637.99
1496.24
1378.85
1286.26
1183.95
1098.4
1044.7
502.888
375.888
776.885
123.693
63.5689
519.625
710.264
746.005
259.808
34.9638
369.859
382.281
9.73792
8.32932
1816.07
1858.15
1507.37
1040.43
897.938
1221.01
1091.81
173.05
99.6778
240.569
150.039
513.865
736.547
185.864
3.31481
1.13767
21.1686
38.389
18.3836
153.326
5.4672
6.41336
6.67981
1928.19
1521.21
1670.41
1397.49
1218.7
729.582
74.1472
292.157
267.126
405.363
519.642
231.934
143.943
30.6773
1.51365
3.2176
4.43846
5.22739
5.49039
4.91499
5.45936
5.95122
18.8961
1752.94
367.49
1461
1275.04
152.302
51.7842
30.9989
25.7474
29.3273
30.1806
25.1292
102.494
109.37
136.875
77.9633
3.42193
4.11159
5.29326
5.4955
29.6448
42.6118
5.21936
62.8088
711.427
52.2509
1141.18
232.19
13.6412
88.6834
86.1693
27.7942
28.2175
42.9408
9.23579
3.40377
4.80511
5.2861
142.431
29.5367
4.51185
5.53546
89.7021
113.747
91.1396
12.3536
0.453125
56.8204
51.8949
575.302
281.821
11.4641
10.6828
15.8676
61.5132
117.806
107.531
77.2886
1.7785
4.48324
5.38419
7.54051
106.589
4.58177
52.991
61.2995
0.164621
0.215498
0.872866
0.865412
49.0114
46.6026
243.436
683.765
7.78406
7.46735
104.985
118.855
109.903
99.3064
47.8447
1.03566
3.23174
40.9429
36.1776
0.619054
80.4299
0.0867244
0.0642109
0.452962
0.501893
0.400786
0.931263
44.9598
44.1177
284.248
821.516
4.37904
7.95307
95.2822
98.9072
0.376605
0.225561
5.41403
-0.319913
27.4064
39.8527
36.301
-0.18361
9.89132
17.5348
0.053673
0.365551
0.153795
0.206784
0.241857
41.6147
40.7594
523.589
181.592
2.84851
1.3061
0.192479
-0.017528
0.21058
13.5937
4.15246
0.360206
-1.91244
4.17282
-0.179682
1.61318
5.38867
-0.0902002
0.00610196
0.0606014
0.122809
0.17355
0.210513
35.8275
32.1602
764.695
0.941011
0.818552
0.754517
6.27765
-0.376319
-0.260421
5.02455
15.4542
8.911
-0.235982
-0.339786
0.989859
-0.0531723
-0.220531
-0.198695
-0.07783
0.0205171
0.0933548
0.144729
0.180934
25.0386
43.0333
825.11
-0.338801
-0.116669
0.332631
6.08739
-0.753594
-0.653332
-0.465564
-0.486233
6.70472
7.05519
-0.683236
0.505771
6.87564
-0.227926
-0.238454
-0.113072
0.00211387
0.0761538
0.126727
0.161897
5.74755
265.478
829.62
-2.38246
-1.8328
-0.0988242
-0.10958
-0.961384
-1.21687
-0.579421
-0.693415
18.3905
16.0748
-1.17981
-0.446492
6.9646
-0.208511
-0.0828327
-0.0800019
0.0152322
0.0772643
0.121609
0.153821
-7.11282
88.222
887.185
-3.39072
-3.63879
-0.108626
-4.15284
-6.36223
-5.88101
-1.49112
22.7128
131.001
129.27
-1.56462
-0.734969
7.30553
-0.22578
-0.0857396
-0.0102744
0.0485891
0.0930767
0.127789
0.154736
-3.24455
-12.5568
932.662
-4.78854
-5.52649
-6.0388
-12.9516
-18.6182
-17.4219
-11.8421
0.427018
134.189
-1.76588
1.14843
-0.406454
5.89361
-0.0509206
0.0167701
0.0568246
0.0901586
0.118096
0.141708
0.161618
-4.16127
-11.4928
952.633
-5.99376
-2.39978
-16.3456
-29.2063
-38.4591
-35.4116
-27.4856
26.5897
109.3
-1.03863
0.136687
0.550386
-0.0476524
0.0802665
0.10487
0.120898
0.134503
0.147112
0.159267
0.171165
262.223
-12.3516
36.3005
11.3429
-6.77959
-23.0214
-40.3044
-51.0295
-44.5832
-24.3496
-1.87345
104.96
-0.110669
0.06419
0.135099
0.159224
0.181036
0.182432
0.179642
0.17677
0.17556
0.176641
0.180205
227.925
-8.1227
-9.70317
15.2412
-12.6755
-20.328
-35.4741
-46.8455
-37.5449
-15.2104
-1.79101
114.666
0.398142
0.430668
0.380667
0.315825
0.275869
0.249597
0.22954
0.212949
0.199729
0.190501
0.185794
404.23
-6.26017
102.698
-8.5302
-10.7924
-11.8248
-20.918
-27.3345
-21.4337
-8.54502
0.596388
118.155
0.752707
0.748288
0.592224
0.441485
0.347767
0.296453
0.26488
0.239267
0.216492
0.197895
0.185164
653.204
289.587
145.954
-6.36225
-6.87176
-7.38417
-8.82838
-12.6587
-12.6871
-5.77653
0.322519
24.7562
18.9705
0.987798
0.71948
0.496412
0.356381
0.299983
0.276501
0.252345
0.223518
0.196295
0.175777
715.177
147.088
-2.32754
-3.28826
-3.54886
-2.63832
-3.33778
-6.71599
-9.73795
-5.82919
22.9783
6.9723
26.4207
0.967722
0.645854
0.37394
0.21808
0.209435
0.251805
0.251606
0.219955
0.183543
0.155224
796.423
-0.555409
-3.39039
-3.16791
-1.76654
-0.147243
-0.375093
29.8746
23.2333
5.66326
9.24909
75.3018
0.066975
0.353278
0.232482
-0.0867104
-0.13985
-0.0816959
0.168776
0.243186
0.205457
0.156509
0.120575
803.225
-3.21993
-4.09256
-3.90758
-2.52788
-0.396558
124.223
12.817
13.7658
57.6464
53.1663
-1.26449
-0.982695
-0.326555
-0.404241
-0.840007
0.739602
8.89692
11.58
0.259006
0.175869
0.108202
0.0676808
184.379
47.1919
-5.38505
-6.25148
-6.26588
144.207
71.148
39.1805
41.3331
-2.53366
-2.93848
-2.08052
-1.00734
-0.556604
-0.558869
-0.789626
-0.375727
-0.671595
13.5958
3.18571
0.0839453
0.0224299
-0.00797258
3.17431
240.97
-7.08379
-8.82413
-9.92935
149.651
1.92289
47.453
-0.22362
-1.15894
-1.53426
-1.23473
-0.79685
0.000197113
2.63042
16.6143
21.8414
21.397
22.1314
3.08333
-0.11114
-0.104747
-0.103229
7.46379
64.0492
96.8411
-11.3993
-13.8959
121.511
1.76778
1.65066
0.603904
-0.426093
-0.949795
3.00672
4.95412
3.36956
-0.532221
-0.708763
1.8875
21.987
12.3043
-0.495399
-0.310811
-0.23887
-0.202511
5.83878
-9.22296
75.2256
54.2965
-11.1658
82.603
47.4172
2.26474
0.919227
1.96325
1.3943
-0.837582
-0.807435
-0.746884
-0.737037
-0.855173
-1.15051
-1.32096
-0.947735
-0.620152
-0.444192
-0.348224
-0.290631
-10.6697
-13.6603
-12.7326
36.2602
14.8042
172.091
44.531
2.41612
3.22558
1.21931
-0.820086
-0.97449
-0.985665
-0.964035
-0.970641
-1.02007
-1.08842
-1.03796
-0.85453
-0.666757
-0.525964
-0.428954
-0.362161
-8.49432
-15.468
-13.6592
91.0318
169.423
133.458
0.906604
1.47883
2.25236
0.794344
-1.29077
-1.37008
-1.34043
-1.28351
-1.23388
-1.19111
-1.13059
-1.01384
-0.858168
-0.70752
-0.583674
-0.488847
-0.418093
-1.21272
-11.5893
99.2256
109.234
15.2621
-0.589973
0.00737719
-1.21192
-1.01167
-1.26702
-2.13013
-2.11235
-1.94987
-1.76232
-1.58204
-1.40965
-1.23904
-1.06503
-0.897576
-0.750463
-0.629648
-0.534294
-0.460716
5.27141
88.7631
13.7608
0.746391
-1.55922
-2.3571
-2.88166
-3.04772
-2.80412
-2.15877
-3.40799
-3.58085
-3.19676
-2.63636
-2.10146
-1.69947
-1.394
-1.1493
-0.951202
-0.792294
-0.666488
-0.567984
-0.491613
78.2787
95.2131
-0.0866148
1.50213
0.524014
-1.14558
-3.79704
-4.27748
-4.09131
-4.24853
-5.30118
-0.0920666
1.56822
-2.7435
-2.81546
-2.0447
-1.56844
-1.23977
-1.00247
-0.825983
-0.69237
-0.590146
-0.511557
84.4695
62.9113
0.086822
2.31316
1.23526
-2.27625
-4.47323
-4.81075
-4.95331
-5.23938
-6.57586
-1.6398
-4.01274
0.0489771
-3.3804
-2.37192
-1.71187
-1.30553
-1.03385
-0.842756
-0.703585
-0.599682
-0.52074
90.7044
82.8843
0.0295847
-1.53494
-3.18241
-4.5866
-5.346
-5.48086
-5.40468
-5.51458
-6.25992
-7.33132
-6.17877
-5.59475
0.396213
-2.52281
-1.75794
-1.31412
-1.02871
-0.834201
-0.696348
-0.595287
-0.519075
52.7766
84.2989
68.5494
3.90709
-3.25667
-5.57757
-6.77361
-6.16616
-5.49352
-4.89881
-3.9067
-5.91057
-5.75582
-4.87371
-1.55751
-2.41674
-1.66933
-1.24865
-0.977662
-0.795761
-0.668927
-0.576567
-0.506608
21.5692
5.6533
3.83058
12.8774
14.8478
0.93759
-6.78269
-5.91458
-4.86235
-4.52245
-2.27088
-4.06029
-4.13302
-3.57612
0.482686
-2.06105
-1.46305
-1.11401
-0.883567
-0.729208
-0.623338
-0.544641
-0.483859
30.3661
3.94711
2.66814
0.798605
3.28719
11.2338
0.977057
-3.74325
-3.42178
-3.30616
-3.24068
5.34345
-2.95216
0.317364
-0.410554
-1.59252
-1.18544
-0.930098
-0.758909
-0.644587
-0.563642
-0.501745
-0.451925
22.3842
2.48145
1.43298
-0.217483
-1.86605
6.58366
10.5816
-1.68962
-2.03724
-2.18535
-2.1981
11.7551
7.50915
0.47779
-1.44797
-1.12332
-0.877985
-0.7209
-0.619456
-0.549125
-0.494987
-0.450322
-0.412452
47.1291
1.47573
0.589524
-0.527073
-1.66786
-2.52514
-1.54601
-1.24738
-1.43321
-1.57518
-1.494
14.2612
4.66825
-1.01262
-0.860952
-0.676457
-0.56529
-0.511855
-0.479498
-0.449983
-0.420926
-0.393221
-0.367707
24.5938
16.1184
0.113712
0.956401
-0.858617
-1.45234
0.476693
-1.06805
-1.23967
-1.78634
14.3926
8.75613
-0.349568
-0.445164
-0.357495
-0.285163
-0.305058
-0.340234
-0.355803
-0.355739
-0.347229
-0.334746
-0.320775
0.403827
5.00981
-0.330674
-0.0429091
-0.17281
0.0396798
1.03711
-0.304614
-0.747108
4.13473
4.96611
-0.483488
-0.0310111
0.0565669
-0.0191324
-0.0741433
-0.152243
-0.214192
-0.250648
-0.268809
-0.27587
-0.276269
-0.272527
833.059
886.033
928.884
908.722
179.206
71.7383
583.69
740.988
139.209
58.5892
57.4395
512.184
31.4022
68.325
66.7011
53.341
76.934
21.1772
-0.828459
22.4354
0.202955
0.231809
0.0101455
-0.0986209
0.189235
0.559962
0.460253
-0.2284
0.435709
3.60861
3.32412
1.39493
1.17665
2.55223
4.06174
2.38067
0.314646
0.468214
0.404547
0.472649
0.229289
0.230297
0.311975
0.197396
0.198786
0.202349
0.200831
0.195813
0.18116
0.187731
0.191728
0.193923
0.173607
0.181883
0.188627
0.194315
0.173107
0.181702
0.18942
0.196529
0.176754
0.184548
0.192036
0.199288
0.18183
0.188034
0.194421
0.200935
0.185731
0.189838
0.194515
0.199697
0.185864
0.187588
0.190258
0.19384
0.179767
0.179064
0.179715
0.181702
0.16519
0.16225
0.161092
0.161705
0.140042
0.135274
0.132754
0.132449
0.102184
0.0963619
0.0932387
0.0926958
0.0494412
0.0440443
0.0414461
0.0414305
-0.0191485
-0.021785
-0.0224416
-0.02137
-0.0996441
-0.0971531
-0.0944862
-0.0918605
-0.182226
-0.173627
-0.166592
-0.161151
-0.257527
-0.243576
-0.23218
-0.223142
-0.321174
-0.303409
-0.288608
-0.276497
-0.372476
-0.352241
-0.33514
-0.320912
-0.411978
-0.390036
-0.37127
-0.355454
-0.440398
-0.417095
-0.396918
-0.379665
-0.458615
-0.434353
-0.413138
-0.394719
-0.467497
-0.442992
-0.421421
-0.402493
-0.467514
-0.443678
-0.42259
-0.403974
-0.458794
-0.436543
-0.416751
-0.399186
-0.44152
-0.421645
-0.40386
-0.387966
-0.41637
-0.399482
-0.384249
-0.370528
-0.384555
-0.371079
-0.358786
-0.347604
-0.347863
-0.338009
-0.328869
-0.320437
-0.308632
-0.302289
-0.296233
-0.290522
-0.267455
-0.264366
-0.261194
-0.25805
602.175
-68.3743
-69.9242
-73.522
477.57
64.3913
75.4139
616.081
559.961
595.245
128.747
61.5092
469.254
439.015
501.275
589.437
697.205
580.869
558.05
661.681
324.855
-72.9718
-79.8841
205.742
244.846
227.954
595.863
745.054
213.79
72.2231
75.8642
49.9422
406.895
62.5914
226.428
547.653
410.128
225.311
778.971
724.114
713.941
190.612
26.1028
285.534
767.954
542.567
544.621
37.1301
209.278
198.657
39.4315
43.3938
28.8766
29.3811
64.8807
64.164
57.9142
393.04
591.297
131.308
128.24
258.905
627.544
332.391
718.898
641.288
4.26688
3.3679
199.33
17.6023
42.1737
51.0864
9.38349
5.27319
29.9967
37.599
1.40933
121.651
745.598
762.062
639.033
696.424
681.683
109.045
411.576
2.80985
2.52801
18.0167
15.7003
17.9707
46.8877
2.24184
2.7909
2.97188
46.8135
0.369415
-0.230687
-0.0221555
0.279976
0.583977
10.1275
5.61937
5.10816
0.719434
4.13762
1.87087
7.03059
140.393
4.79407
54.044
1.7262
3.02552
3.01494
3.4692
-0.337415
-0.302528
-0.00345237
1.15651
6.91251
7.21289
2.12394
0.464286
0.599412
1.26633
1.50948
8.70362
88.3644
139.977
1.97033
2.11644
2.68411
2.4538
3.02594
-0.522299
-0.287052
0.709733
0.837412
0.194715
0.311817
0.449715
0.431907
0.256431
0.405536
1.36045
8.72979
1.33634
-0.948903
0.705335
0.990823
1.45254
1.99227
2.92642
-0.011569
0.762689
0.468753
0.144071
0.233162
0.303401
0.367981
0.253348
-0.296369
-0.454118
6.25702
-0.302075
-0.935606
-1.58776
-0.73098
-0.132613
2.21611
7.70898
4.24799
0.245271
0.048738
0.101117
0.170694
0.2364
0.292205
0.307394
2.1073
4.93328
4.03143
3.21176
-1.89111
-1.99397
-2.07568
-1.65198
-0.800372
6.63312
6.40981
20.9017
0.167779
0.168669
0.165322
0.194593
0.236275
0.269932
0.254022
5.09187
0.284506
-0.421741
-1.99614
-1.53454
-1.81919
-2.21531
-1.77209
-1.04632
0.272057
6.87037
-0.97381
0.187022
0.178665
0.190773
0.217207
0.24567
0.263768
0.23085
-0.0242987
-0.378015
-0.762427
-0.866425
-0.942973
-1.38306
-1.6775
-1.44036
1.08905
-0.699608
-0.597299
-0.801309
0.195584
0.200246
0.21451
0.237459
0.26357
0.285309
0.292572
0.936963
0.143754
-0.00948874
-0.269463
-0.56298
-0.750001
-0.891792
-0.668943
1.10686
-0.521228
-0.307262
0.125689
0.201046
0.213329
0.230868
0.254508
0.282598
0.31272
0.346227
1.30817
2.01717
0.291192
0.0616436
-0.0461647
-0.215977
-0.0354575
5.17834
5.25329
-0.547998
-0.145062
0.297167
0.205496
0.22185
0.242045
0.267345
0.29759
0.332085
0.369627
0.409704
0.978376
2.44422
1.31252
2.35818
2.61758
1.21488
6.53728
5.63137
-0.665597
-0.197493
1.2821
0.208768
0.226812
0.248627
0.275294
0.306843
0.342268
0.378653
0.40825
0.414014
0.499881
2.62152
1.00184
-0.345191
3.04616
3.71036
-0.504026
-0.464296
-0.198428
3.93229
0.209827
0.227985
0.25049
0.278009
0.310247
0.345311
0.378186
0.398175
0.387415
0.317511
0.177557
0.00522036
-0.168861
-0.253842
-0.306023
0.226228
-0.253038
2.27973
3.94474
0.207343
0.224649
0.247196
0.27521
0.308112
0.343378
0.374451
0.388745
0.369503
0.307562
0.214565
0.289751
0.243453
-0.0313842
1.77729
0.140819
-0.26123
1.69841
1.8725
0.199936
0.215891
0.238098
0.266414
0.300395
0.337576
0.370325
0.383676
0.359308
0.296588
0.226516
0.167521
0.107993
4.76341
4.65563
-0.547136
-0.113799
4.45629
0.165202
0.186237
0.200779
0.222498
0.250909
0.286406
0.327654
0.366255
0.384011
0.352906
0.273064
0.206556
0.177051
0.187052
5.53318
-0.610489
0.130578
0.0770283
4.9465
-0.206026
0.164961
0.178555
0.199969
0.227865
0.264334
0.318981
0.37961
0.388894
0.340226
0.212504
0.147585
0.147874
6.93563
0.245462
-0.20103
-0.133699
1.08135
-0.264251
-0.264874
0.135025
0.148757
0.170747
0.196213
0.264465
0.432567
0.409954
1.9627
3.95633
0.115385
0.0238016
0.0709138
3.35029
0.61419
1.07303
-0.342861
3.13043
-0.615477
0.720752
0.0955059
0.111012
0.136313
0.158274
0.30736
0.335
3.82111
4.99675
4.91163
4.70177
-0.115111
-0.0351109
0.230152
3.63526
1.65132
3.53133
2.30057
0.0409342
3.17026
0.0453338
0.0635369
0.099106
0.107469
0.116534
1.817
4.84263
-0.0211412
2.28322
4.7802
0.28563
-0.0736301
-0.0458293
3.54016
0.776538
0.112085
-0.218278
3.02245
0.691799
-0.0170822
-0.0040712
0.629043
1.59983
0.0214315
4.33059
-0.143857
-0.0187737
-0.133214
1.46285
4.74526
-0.0645078
-0.0397051
-0.107305
3.89129
4.0115
3.06943
2.55875
-0.0973428
-0.0891081
-0.0935224
2.18653
5.73101
0.0128984
1.49238
-0.297401
-0.0242128
0.0132537
-0.212217
1.28166
4.51081
0.000914628
-0.0541924
-0.214285
-0.366109
-0.409107
-0.227172
0.00956434
-0.156743
-0.161976
-0.207683
5.76466
4.67963
-0.293352
-0.396761
-0.315582
-0.191379
-0.213884
-0.209097
0.288698
3.85027
3.53509
-0.169151
-0.300307
-0.298109
-0.231264
-0.107153
-0.214269
-0.208811
-0.218079
-0.227291
5.75483
0.00343039
-0.330876
0.37326
-0.144396
-0.205017
-0.216182
-0.219438
-0.232969
3.68437
3.78581
1.22805
-0.104067
0.279162
0.968488
-0.263491
-0.250132
0.33274
0.974775
0.154682
4.59979
4.60681
2.23717
-0.0558278
-0.19342
-0.224586
-0.230781
-0.246929
-0.281688
0.0863035
3.37837
3.46456
0.20429
3.44989
-0.30557
-0.281496
0.999329
0.40707
-0.169923
-0.278641
0.947349
-0.243927
-0.212106
-0.231978
-0.231092
-0.23523
-0.246223
-0.266414
-0.296109
-0.330627
-0.332372
1.81595
1.39054
-0.338235
-0.318906
-0.299216
-0.323709
-0.303732
-0.275806
-0.278502
-0.246967
-0.245638
-0.238063
-0.234593
-0.235373
-0.240486
-0.248966
-0.257598
-0.261845
-0.259613
-0.238249
-0.156602
-0.360118
-0.336732
-0.333629
-0.230526
-0.262815
-0.357628
-0.309277
-0.270271
-0.251614
-0.241205
-0.235531
-0.233481
-0.234196
-0.236328
-0.237717
-0.236181
-0.231878
-0.220431
-0.204641
-0.373592
-0.347449
-0.342818
-0.25211
-0.424159
-0.432824
-0.365556
-0.284405
-0.254304
-0.241691
-0.234864
-0.231048
-0.22908
-0.227846
-0.22609
-0.222918
-0.218673
-0.212601
-0.20374
-0.38076
-0.35322
-0.341891
-0.365133
-0.413277
-0.4314
0.151572
0.100345
-0.252171
-0.240749
-0.233828
-0.22903
-0.225489
-0.222495
-0.21938
-0.215767
-0.211884
-0.207987
-0.202515
-0.382483
-0.354438
-0.338516
-0.337064
-0.350313
-0.355817
0.272506
0.328757
-0.250974
-0.240778
-0.233505
-0.227847
-0.223227
-0.219193
-0.215376
-0.211592
-0.207955
-0.204845
-0.200626
-0.378734
-0.351236
-0.33319
-0.323496
-0.319194
-0.256916
-0.24948
-0.0642725
-0.254078
-0.242189
-0.23383
-0.227276
-0.221826
-0.21709
-0.212811
-0.208857
-0.205269
-0.202273
-0.198492
-0.36926
-0.343493
-0.325165
-0.312697
-0.303226
-0.293786
-0.290612
-0.270651
-0.254403
-0.242668
-0.233858
-0.226766
-0.220777
-0.215557
-0.210917
-0.206749
-0.20307
-0.199974
-0.196448
-0.354201
-0.331238
-0.314129
-0.301621
-0.291552
-0.282339
-0.275553
-0.263518
-0.251606
-0.241491
-0.233096
-0.225963
-0.219734
-0.2142
-0.209254
-0.20484
-0.200993
-0.197789
-0.19463
-0.334148
-0.31486
-0.300086
-0.288918
-0.279964
-0.271966
-0.264866
-0.256304
-0.247425
-0.239116
-0.231588
-0.224757
-0.2185
-0.212755
-0.207525
-0.202831
-0.198758
-0.195457
-0.192735
-0.310154
-0.295138
-0.283477
-0.274558
-0.267589
-0.261501
-0.255736
-0.24952
-0.242985
-0.236391
-0.22988
-0.223502
-0.217301
-0.211361
-0.205804
-0.200751
-0.196349
-0.192871
-0.190508
-0.28343
-0.272877
-0.264712
-0.25861
-0.254273
-0.25044
-0.246703
-0.242685
-0.238202
-0.233207
-0.22772
-0.221825
-0.215682
-0.209507
-0.203546
-0.198036
-0.193188
-0.189312
-0.187059
-0.254012
-0.247953
-0.243627
-0.241048
-0.239808
-0.238997
-0.237824
-0.236291
-0.234029
-0.23072
-0.226255
-0.220748
-0.214486
-0.207843
-0.201221
-0.194999
-0.189496
-0.184959
-0.182105
1520.83
1498.79
1467.48
1430.03
1389.82
1347.18
1303.31
1257.75
1209.08
1153.26
1089.89
1026.51
960.651
896.268
840.698
798.079
753.543
743.585
737.324
772.274
792.466
802.105
804.524
1524.01
1501.27
1467.93
1430.03
1389.88
1347.39
1303.71
1258.57
1210.37
1156.82
1091.6
1025.23
957.855
891.386
835.464
794.111
754.824
734.728
705.836
768.968
792.182
802.799
805.05
1528.01
1504.33
1468.9
1430.49
1390.25
1348
1304.58
1260.06
1212.79
1159.97
1098.34
1028.58
954.156
883.115
825.637
785.441
756.901
716.503
701.935
770.468
794.128
805.139
805.639
1532.09
1505.03
1468.7
1431.87
1391
1348.43
1305.33
1261.88
1215.9
1163.27
1100
1027.52
948.327
871.158
811.547
772.479
748.446
729.203
732.58
773.661
798.647
809.349
805.311
1535.59
1503.03
1468.2
1434.47
1392.17
1348.57
1305.72
1263.83
1219.72
1167.08
1100.72
1025.15
940.346
853.438
791.834
755.813
730.531
717.544
730.515
775.779
805.8
815.797
802.278
1539.39
1502.02
1468.57
1438.42
1393.58
1348.11
1305.36
1265.6
1224.3
1171.6
1099.21
1020.59
928.379
824.631
763.765
736.535
709.339
693.794
717.129
776.462
815.725
824.652
793.002
1545.53
1505.87
1475.18
1442.93
1394.76
1346.52
1303.61
1266.7
1229.75
1177.96
1094.69
974.304
819.286
741.613
726.921
717.006
684.791
659.353
693.026
774.372
828.898
837.746
773.959
1556.06
1517.41
1485.53
1443.51
1394.94
1343.05
1299.63
1266.43
1236.07
1183.37
768.44
666.207
678.754
782.893
704.189
696.599
647.03
594.934
652.039
770.568
852.307
868.167
675.715
750.987
722.093
526.432
514.375
547.407
487.919
520.821
598.915
608.682
577.33
533.99
536.616
360.532
221.712
343.28
384.351
451.4
443.954
559.632
753.012
598.346
423.544
485.771
504.638
433.496
485.736
598.237
589.451
562.919
543.846
488.363
260.16
93.1366
224.516
368.332
455.578
369.771
531.977
782.594
500.059
347.341
403.514
558.504
438.049
464.297
600.561
560.438
578.398
610.561
403.64
122.394
51.9489
69.9389
334.966
474.02
269.7
494.603
818.369
364.191
338.735
453.846
587.082
439.594
453.883
573.756
643.099
683.518
597.041
327.541
43.1105
40.7453
31.575
303.998
384.792
241.391
482.03
838.562
535.384
546.228
562.277
584.276
354.312
465.444
452.766
538.578
643.236
608.161
52.4797
36.0981
34.343
18.6717
252.609
464.913
294.4
497.801
778.871
476.529
453.003
577.72
484.495
393.124
271.869
219.01
588.937
614.796
517.971
160.102
35.3169
31.355
11.4745
127.586
519.404
361.684
535.667
713.946
449.366
477.147
466.929
398.529
202.018
151.06
197.286
495.841
590.25
358.867
300.759
38.5576
30.1236
13.9933
167.991
558.772
454.176
535.992
425.209
-4.4126
182.58
586.323
298.216
57.8479
408.198
180.825
511.661
575.343
140.288
364.721
142.559
42.3054
94.1771
490.066
616.184
606.251
489.082
1588.98
1555.94
1513.4
1450.67
1390
1329.09
1282.79
1258.14
1250.47
821.997
803.523
961.421
830.629
376.365
274.821
248.929
210.183
159.081
189.113
761.068
869.269
664.403
808.028
1652.65
1617.08
1547.63
1455.47
1369.18
1292.79
1233.83
1211.99
1227.54
771.235
913.403
468.772
729.31
734.497
727.395
524.022
744.139
662.995
657.108
601.879
621.402
508.789
387.884
1745.57
1693.75
1568.33
1432.53
1332.33
1236
1138.92
1067.31
1018.98
209.082
663.572
549.614
45.0311
360.735
655.027
743.659
704.916
34.4585
126.922
388.536
151.161
8.23828
51.5354
1870.46
1812.26
1148.71
955.367
855.873
1169.67
763.769
101.31
153.996
150.843
158.319
755.765
517.594
2.33497
2.1994
3.23445
81.1336
14.2261
74.2045
88.3373
6.15011
6.58412
7.92247
1861.13
1210.3
1534.68
1292.92
1115.17
177.811
216.409
297.024
170.669
511.34
551.496
183.011
74.8687
1.62415
2.43384
3.77207
5.06721
5.16164
4.73478
5.06396
5.83104
6.02751
77.5105
394.824
797.062
1380
704.081
58.2614
40.5272
25.8149
27.1255
32.9505
25.4007
84.2917
83.5981
142.138
133.458
3.27662
3.6802
4.76875
5.50751
5.77603
66.7962
5.34557
29
35.2686
61.8226
337.56
1240.21
14.9228
28.791
94.9441
24.181
29.121
33.5624
27.2075
1.60513
4.74691
4.8616
107.593
138.014
4.41411
4.94801
14.7558
113.225
108.546
64.7429
0.797925
0.214157
50.2386
60.0495
1140.89
12.0148
10.7931
12.3445
22.5032
111.074
113.583
97.9993
-0.715072
3.58802
4.94159
7.08349
28.89
67.5661
4.80749
91.924
0.258542
0.225418
0.338342
1.03416
0.358102
46.1239
46.7228
941.183
87.1345
7.42898
25.2946
118.425
116.127
89.4269
101.482
0.24927
2.18614
20.461
38.4221
3.71885
27.3431
48.1239
0.0640995
0.358138
0.483297
0.308739
0.330777
1.44134
43.6173
44.1492
909.366
11.0242
4.22212
28.9983
115.82
9.26621
0.42416
-0.251994
3.37467
-0.4389
39.7654
38.3386
20.9405
-0.109504
37.6925
0.0606804
0.208819
0.177297
0.181799
0.226083
0.259884
39.6745
45.6648
927.468
2.42996
4.90751
0.454084
0.0558089
-0.0253993
9.54991
14.2633
3.30373
-1.40456
-1.40284
3.92954
-0.12418
5.416
-0.290873
-0.00205994
0.0335585
0.0922297
0.149899
0.193608
0.223975
31.6717
252.63
466.672
0.965282
0.745785
2.69826
5.34398
-0.308878
-0.208994
14.5401
15.9113
2.39575
-0.661345
-0.140959
1.51389
-0.139741
-0.239889
-0.142264
-0.0247172
0.0597296
0.121393
0.164658
0.193226
18.5847
674.34
228.634
1.19695
-0.206344
5.57035
0.563228
-0.735301
-0.541356
-0.419355
2.09555
5.65668
4.94406
-0.361803
6.76314
-0.199504
-0.207549
-0.19099
-0.0489368
0.042968
0.103663
0.146045
0.174375
-15.591
837.453
632.918
-0.207594
-1.73872
4.39777
-1.38509
-1.28554
-0.868739
-0.438001
-0.38998
51.241
-1.75383
-1.04567
5.73292
-0.321138
-0.0755874
-0.144088
-0.0266866
0.0490752
0.101169
0.139065
0.166129
-13.4607
549.636
93.9313
-3.65898
-2.81269
-0.489465
-5.49947
-6.90093
-2.83184
-1.03572
127.62
128.855
50.0311
-1.12744
4.1456
3.16216
-0.104055
-0.0457599
0.0214218
0.0722317
0.111503
0.142134
0.165836
-5.18142
-12.224
105.496
-5.20803
-5.96277
-9.32263
-16.1083
-19.0623
-13.437
-15.1518
109.541
92.967
-1.45118
-0.59565
3.95077
-0.200154
0.00229715
0.0375829
0.0742976
0.104706
0.130407
0.152077
0.170508
-4.57157
-7.8743
487.111
-1.60324
-6.53654
-21.7683
-35.8169
-38.4778
-31.0695
-26.0886
74.7851
-0.238106
-0.77862
0.455885
-0.00267883
0.0322524
0.0933063
0.113334
0.127904
0.140883
0.153235
0.165232
0.177172
-12.7658
-9.88595
408.663
-4.13044
-16.8894
-30.4818
-48.846
-49.9248
-35.2623
-16.1157
94.5798
19.4832
-0.0235688
0.115644
0.145333
0.173813
0.182616
0.181215
0.178073
0.175902
0.175795
0.178109
0.182991
-8.25447
-7.19823
-9.15658
-5.72283
-17.0039
-25.277
-43.2465
-44.4249
-27.4613
-7.20029
12.9368
53.2369
0.42812
0.414461
0.345013
0.293455
0.261596
0.239061
0.220852
0.205884
0.194574
0.187572
0.185214
-6.50778
34.1369
21.643
-9.31906
-12.1008
-15.6162
-25.3356
-26.2278
-14.1943
-3.10545
2.33013
92.8415
0.79764
0.677313
0.510696
0.387967
0.318272
0.279392
0.251688
0.227483
0.206543
0.190744
0.181237
256.836
313.967
21.438
-6.66519
-7.13861
-7.88895
-9.82056
-14.2487
-9.54673
-2.27791
1.549
106.128
1.07582
0.855618
0.596887
0.413642
0.320494
0.287281
0.265137
0.238187
0.209301
0.185039
0.168651
691.985
3.3197
-3.3964
-3.89064
-3.0347
-2.65488
-4.7577
-8.83612
-7.03351
20.0771
4.05943
102.316
1.06478
0.806121
0.499616
0.278835
0.197623
0.234158
0.257324
0.237797
0.201246
0.168064
0.145209
426.412
-3.11572
-3.42238
-2.6521
-0.706479
0.0937379
-1.65771
27.1098
19.9626
3.08245
46.3808
9.28317
0.285123
0.34407
0.0812046
-0.197152
-0.070003
0.0497562
0.233826
0.230468
0.180281
0.136614
0.108447
370.707
-3.95631
-4.07179
-3.47965
-1.21401
25.1414
101.787
10.8184
53.9631
63.0953
15.3325
-1.67004
-0.528646
-0.29906
-0.597276
-0.529718
4.60846
10.589
0.389312
0.214663
0.138595
0.0849818
0.0554671
385.767
-4.95048
-5.76954
-6.56569
39.0191
149.787
12.8299
59.4802
-2.02804
-2.87936
-2.62428
-1.45209
-0.71394
-0.511499
-0.6506
-0.955426
-0.636517
-0.384832
19.4538
0.115889
0.0482864
0.00427312
-0.0157583
130.664
27.3732
-7.86581
-9.76324
49.1638
103.272
15.3461
17.1079
-0.740762
-1.44399
-1.4403
-1.00232
-0.638202
2.17782
4.89103
22.0916
21.5747
9.68228
20.1903
-0.120426
-0.105699
-0.104289
-0.101399
-2.14065
173.906
-8.82424
-12.965
-8.75845
133.513
1.97375
1.17156
0.0479615
-0.76209
-0.89982
4.81768
5.06182
-0.522771
-0.584329
-0.888665
21.2193
22.0378
-0.658356
-0.380155
-0.267796
-0.218259
-0.189902
-7.17986
-6.96164
71.7045
3.31372
-9.80258
166.896
2.83136
1.58588
1.45687
1.61665
-0.388525
-0.834849
-0.777425
-0.728417
-0.777617
-0.979414
-1.30796
-1.16051
-0.758377
-0.518444
-0.389557
-0.316133
-0.270028
-13.162
-13.5823
7.19465
17.9426
88.8051
171.807
3.03416
2.00995
2.51104
-0.644024
-0.923465
-0.989424
-0.974341
-0.961794
-0.990297
-1.05723
-1.08708
-0.95341
-0.755813
-0.59014
-0.47286
-0.392507
-0.33687
-14.9487
-14.8572
2.27536
144.247
162.434
6.79021
1.33891
2.25102
1.79715
-1.18545
-1.35017
-1.36277
-1.31212
-1.25734
-1.21238
-1.16597
-1.07981
-0.937815
-0.78022
-0.64182
-0.532888
-0.4508
-0.390152
-11.4795
69.0019
102.105
53.3351
1.65217
-0.433687
-0.335199
-1.33268
0.527818
-2.07255
-2.14643
-2.04003
-1.85648
-1.67099
-1.49499
-1.32473
-1.15219
-0.979496
-0.820899
-0.686709
-0.578999
-0.495015
-0.430995
34.1543
92.2903
0.934834
-0.568049
-1.95535
-2.64238
-3.02611
-3.05783
-1.38146
-3.23525
-3.56054
-3.4223
-2.92639
-2.35638
-1.88282
-1.53802
-1.26528
-1.04497
-0.867235
-0.725624
-0.61417
-0.527302
-0.460466
107.743
16.8264
-0.164563
1.63776
-0.889682
-1.60063
-4.17055
-4.26212
-4.12635
-4.67785
-5.34184
0.799572
-0.13615
-3.25339
-2.38688
-1.78387
-1.38992
-1.11198
-0.90794
-0.754642
-0.63789
-0.548267
-0.479413
85.0033
0.675378
-0.199958
1.90565
0.00610163
-3.83345
-4.67439
-4.88911
-4.96778
-5.57704
-4.75638
-1.14861
-5.69922
0.110841
-2.87918
-1.99375
-1.48615
-1.15703
-0.930408
-0.767913
-0.64798
-0.557562
-0.488444
86.6699
2.25584
-0.734216
-2.31843
-3.94366
-5.06628
-5.46494
-5.45181
-5.10427
-5.85293
-7.10625
-1.46841
-6.906
0.847157
-3.07602
-2.07576
-1.50948
-1.15708
-0.922687
-0.759678
-0.642101
-0.55461
-0.487831
59.4882
77.1282
26.3238
-1.87609
-4.38605
-6.45303
-6.58445
-5.76561
-5.35881
-3.77777
-5.55994
-6.01206
-5.48888
-1.30222
-2.79982
-1.97702
-1.43513
-1.09926
-0.878055
-0.727028
-0.619337
-0.539312
-0.47769
6.62279
4.91519
7.07515
16.5218
12.7795
-6.24175
-6.54067
-5.29472
-4.62675
-4.22092
-1.07524
-4.35421
-3.86849
-0.197707
-1.99892
-1.71912
-1.2704
-0.986786
-0.799101
-0.672699
-0.581211
-0.512449
-0.458324
7.18441
3.45003
1.73392
-0.0463967
13.43
10.1095
-4.00369
-3.55639
-3.34174
-3.2865
0.329511
-1.42064
-2.77793
1.15986
-1.83952
-1.36354
-1.04552
-0.835548
-0.696354
-0.601071
-0.530924
-0.475546
-0.430558
5.89029
2.08105
0.614868
-1.02783
-2.55617
11.0295
0.187496
-1.89673
-2.13093
-2.20308
-1.97269
12.76
3.46978
-1.58877
-1.28623
-0.986279
-0.790965
-0.664864
-0.581604
-0.520575
-0.47171
-0.430598
-0.395776
29.2951
1.03462
0.162003
-1.09183
-2.22413
-2.13988
-1.1773
-1.34306
-1.52125
-1.55886
10.3341
14.3636
-0.366581
-0.954648
-0.761908
-0.611415
-0.533815
-0.494754
-0.464708
-0.435345
-0.406849
-0.380146
-0.355952
28.1579
0.263232
1.01255
-0.324787
-1.14467
-1.63326
0.428996
-1.16911
-1.45611
-0.684512
14.977
-0.141573
-0.419707
-0.414898
-0.308515
-0.287806
-0.324595
-0.35048
-0.357217
-0.352197
-0.3413
-0.327834
-0.313711
-0.41235
0.878681
-0.108995
0.45995
-0.40373
1.33305
1.06962
-0.698823
-0.936233
7.75469
-0.391687
-0.171496
0.0573679
0.0128953
-0.0431417
-0.113248
-0.186539
-0.235251
-0.261501
-0.27339
-0.276707
-0.274729
-0.269753
855.898
913.606
927.025
857.216
91.682
166.328
739.893
719.931
122.258
58.8895
61.0194
802.305
46.5864
72.4899
61.0252
53.6916
70.6463
-0.191384
13.2831
5.57761
0.265119
0.130868
-0.0640114
0.24989
0.167202
2.62001
-0.18215
-0.271096
2.97261
3.48392
3.15021
-0.250378
1.33429
4.17495
3.90977
0.930364
0.426866
0.435453
0.433464
0.427089
0.230774
0.240434
0.275577
0.185442
0.201183
0.20219
0.198596
0.192724
0.184795
0.190018
0.192973
0.194696
0.177959
0.185424
0.191562
0.196936
0.177527
0.185658
0.193028
0.19994
0.180693
0.188328
0.195684
0.202846
0.184905
0.19121
0.197664
0.204223
0.187707
0.192112
0.197046
0.202457
0.186604
0.188809
0.191936
0.195956
0.179244
0.179224
0.180545
0.183173
0.163497
0.16145
0.161182
0.162638
0.137375
0.133735
0.132334
0.133068
0.098927
0.094471
0.0926548
0.0933488
0.0463722
0.042413
0.04111
0.0424931
-0.0207419
-0.0223341
-0.0221409
-0.0200107
-0.0984379
-0.0958257
-0.0931491
-0.0907372
-0.177723
-0.16992
-0.163646
-0.159223
-0.250208
-0.237577
-0.227369
-0.219487
-0.311895
-0.295657
-0.282238
-0.271294
-0.361946
-0.343313
-0.327691
-0.314743
-0.400592
-0.380267
-0.36302
-0.348531
-0.428338
-0.406626
-0.387959
-0.371924
-0.446083
-0.423379
-0.403605
-0.38642
-0.454858
-0.431857
-0.411642
-0.393985
-0.455235
-0.43281
-0.412985
-0.39558
-0.447345
-0.426355
-0.407703
-0.391221
-0.431309
-0.412505
-0.395687
-0.380704
-0.407711
-0.391667
-0.377207
-0.364212
-0.377664
-0.364788
-0.353061
-0.342416
-0.342848
-0.333349
-0.324565
-0.316488
-0.305429
-0.299221
-0.293332
-0.287809
-0.265929
-0.262784
-0.259613
-0.256517
57.3071
-69.5285
-71.095
325.408
288.287
69.0785
334.613
343.643
605.336
492.205
63.7427
209.274
455.411
410.985
547.942
655.191
664.407
566.044
580.041
600.059
-37.5844
-77.5029
-82.7344
481.253
114.415
701.311
649.778
641.498
67.2584
112.606
52.1984
123.215
325.589
58.2019
463.044
450.234
285.031
262.565
756.123
723.414
552.113
33.9294
150.972
468.724
797.762
741.135
75.1628
145.463
209.146
188.862
59.7985
34.8955
25.0038
59.1355
61.1887
33.8592
244.919
810.573
135.573
130.032
131.814
553.648
533.601
312.26
755.102
21.8934
3.24975
91.8264
104.46
14.5842
62.9989
6.07088
11.0991
13.9856
38.4245
167.623
1.27194
580.252
758.544
776.62
592.961
701.922
654.894
34.1834
111.337
2.7213
2.52611
66.4238
7.97861
59.5975
2.2252
2.42184
2.99658
3.12214
64.5988
-0.13588
-0.176062
0.096826
0.511876
3.64621
6.85301
5.51492
2.33485
3.37929
2.39894
3.94902
52.2665
96.5302
22.7412
8.89013
2.52894
3.35538
3.04011
3.69043
-0.364478
-0.156955
0.618142
2.72888
7.08788
7.25708
0.49168
0.39614
1.0668
1.3116
2.6387
6.77464
126.857
52.9599
1.94624
2.48181
2.71663
2.64739
3.40956
-0.46571
-0.0764647
1.04142
0.208963
0.244915
0.384349
0.471772
0.344705
0.261359
0.570713
7.56486
2.34251
-0.48543
0.0556737
0.970568
1.12933
1.82563
2.00522
12.8347
0.0549802
0.838909
0.088432
0.194779
0.265704
0.341397
0.352492
0.014345
-0.475165
-0.0259191
5.95349
-0.360448
-1.58863
-1.06761
-0.451985
0.078268
7.19657
1.58922
20.6736
0.0426565
0.0698902
0.135491
0.205143
0.264696
0.313881
0.300426
5.45842
4.42036
3.86863
-2.56991
-1.69445
-2.1609
-1.97511
-1.16374
0.0933848
7.06552
5.08636
20.3095
0.164793
0.172889
0.173261
0.216264
0.254473
0.275439
0.597381
6.19146
-0.681699
-1.96547
-1.76962
-1.59645
-2.0232
-2.10185
-1.36347
-0.463602
6.99298
5.52352
15.2549
0.180424
0.18226
0.202936
0.231905
0.257018
0.261023
0.14429
-0.22083
-0.626771
-0.840945
-0.875005
-1.12772
-1.59458
-1.62017
0.412314
0.140081
-0.622181
0.553915
-0.514165
0.196954
0.206065
0.225197
0.250496
0.275562
0.293353
0.29231
1.0292
0.0823235
-0.128782
-0.416073
-0.701242
-0.664872
-1.00601
1.41529
-0.172195
-0.403454
0.103212
-0.0431821
0.206724
0.221301
0.242
0.268121
0.29758
0.329045
0.36221
2.18066
0.392157
0.1598
0.0599586
-0.138506
-0.244471
0.0277807
6.1099
0.133344
-0.324644
0.156483
0.300949
0.213342
0.231343
0.254047
0.281884
0.314362
0.350619
0.388763
0.432262
2.43457
1.50169
1.5269
2.7423
1.95046
6.52951
6.33122
-0.0808501
-0.399846
-0.0106663
3.38012
0.217426
0.237154
0.261329
0.290493
0.324188
0.360665
0.395042
0.415984
0.392904
1.3705
2.51855
-0.106933
-0.436846
5.11581
1.44918
-0.523303
-0.360777
-0.0768115
4.01184
0.218431
0.238633
0.263614
0.293607
0.327638
0.362527
0.390757
0.397929
0.361772
0.254702
0.0920979
-0.0858619
0.0477815
-0.340696
-0.148651
-0.136853
0.00271564
3.98564
2.373
0.215373
0.23524
0.260529
0.291142
0.325735
0.360072
0.384712
0.384257
0.343705
0.263521
0.163584
0.297304
0.038643
0.375877
0.899298
-0.187825
-0.312144
4.0396
-0.317822
0.207124
0.226221
0.251504
0.28277
0.318903
0.355263
0.380516
0.376959
0.33137
0.25972
0.195871
0.138357
0.0625393
4.97695
1.18772
-0.427252
3.85343
4.43106
-0.249053
0.192562
0.210788
0.235857
0.267754
0.306612
0.348167
0.379122
0.37599
0.315886
0.233995
0.185695
0.156061
6.3616
-0.424393
-0.596332
-0.482922
4.3063
-0.135115
-0.269777
0.170666
0.188404
0.21308
0.244797
0.286534
0.353168
0.385823
0.377015
0.27881
0.168854
0.146504
0.131638
7.11073
-0.405524
-0.478141
-0.198646
3.44278
-0.219105
-0.307603
0.140641
0.159002
0.183155
0.211935
0.373132
0.442209
0.528068
3.51771
2.72029
0.00617395
0.0519743
0.063886
7.4235
0.944232
-0.325398
1.99141
0.751868
0.748067
-0.307124
0.10175
0.123015
0.147151
0.270271
0.308709
0.554178
5.00136
4.97148
4.78997
-0.0402955
-0.0742646
-0.0173804
2.14076
1.09421
3.92151
3.26269
-0.850142
2.86957
0.0133132
0.0525516
0.0793178
0.109107
0.106691
0.133027
4.88199
1.6228
-0.0359482
4.84728
4.76575
-0.105041
-0.0501724
-0.060196
3.88757
0.497083
-0.172207
0.0755152
3.27885
1.30366
-0.01086
0.0151906
2.18115
0.0318674
2.16331
2.94044
-0.115751
-0.045612
-0.168067
4.79637
3.09442
-0.0510455
-0.0527403
-0.141002
4.2423
3.46572
3.02588
-0.184725
1.33607
-0.0882767
-0.110419
5.71127
4.43442
1.16078
-0.286723
-0.116761
0.0015837
-0.123265
-0.212145
4.53728
1.9581
-0.0287574
-0.119709
-0.297329
-0.412461
-0.34109
-0.0957779
1.23109
-0.156418
-0.179158
0.0541851
5.83768
-0.220854
-0.351664
-0.383235
-0.261001
-0.207257
-0.21153
-0.20661
3.44276
3.84995
2.4459
-0.28067
-0.316531
-0.272556
-0.164706
3.38487
-0.210025
-0.211116
-0.227754
1.99427
4.83081
-0.287002
-0.0603303
-0.217289
-0.129729
-0.216123
-0.217219
-0.223933
1.61456
3.85988
1.6074
0.402057
-0.11138
-0.0752264
3.40643
-0.255779
-0.221269
0.99225
0.460909
3.05079
4.61141
4.62274
-0.120014
-0.0557322
-0.223642
-0.226769
-0.237157
-0.261666
-0.307271
2.31842
3.44421
3.5056
-0.135434
3.49313
-0.296562
0.614105
0.980252
-0.0237982
-0.28663
-0.250538
-0.263673
-0.0997801
-0.234096
-0.230957
-0.232405
-0.239736
-0.255103
-0.280004
-0.314122
-0.338332
1.06362
1.22471
2.23114
-0.327405
-0.304605
-0.32227
-0.310915
-0.274256
-0.285904
-0.263822
-0.251069
-0.241401
-0.235769
-0.234431
-0.237406
-0.244468
-0.253488
-0.260642
-0.261499
-0.252577
-0.215556
-0.0578691
-0.347065
-0.33086
-0.27814
-0.239418
-0.363714
-0.335995
-0.286514
-0.259517
-0.245714
-0.237862
-0.234104
-0.233557
-0.235209
-0.237262
-0.237388
-0.234378
-0.2267
-0.208392
-0.203761
-0.358995
-0.340429
-0.303645
-0.303436
-0.437579
-0.407077
-0.282798
-0.265744
-0.246953
-0.2378
-0.232664
-0.229898
-0.228451
-0.227106
-0.224693
-0.220886
-0.216091
-0.207859
-0.203321
-0.365387
-0.34477
-0.3478
-0.384407
-0.431148
-0.411193
0.26061
-0.234122
-0.245563
-0.236942
-0.231231
-0.227148
-0.223969
-0.220987
-0.217638
-0.213821
-0.209984
-0.205353
-0.20221
-0.366986
-0.344818
-0.335924
-0.342796
-0.356323
-0.000394309
0.302085
-0.0908696
-0.245301
-0.2369
-0.23052
-0.225438
-0.221163
-0.217274
-0.213481
-0.209734
-0.206285
-0.203099
-0.200001
-0.363741
-0.341013
-0.327424
-0.320798
-0.314276
-0.30983
0.293623
-0.254434
-0.247463
-0.237728
-0.230383
-0.224441
-0.219388
-0.214904
-0.210796
-0.207005
-0.203604
-0.200765
-0.197379
-0.355358
-0.333451
-0.318207
-0.307695
-0.295067
-0.29344
-0.281229
-0.261889
-0.248075
-0.238001
-0.230143
-0.223659
-0.218085
-0.213174
-0.208777
-0.204837
-0.20133
-0.198385
-0.19483
-0.341904
-0.322021
-0.307254
-0.296173
-0.286973
-0.279618
-0.26983
-0.257442
-0.24633
-0.237111
-0.229397
-0.222752
-0.216889
-0.211658
-0.206981
-0.202833
-0.199166
-0.196058
-0.19258
-0.323878
-0.306964
-0.294048
-0.283997
-0.27579
-0.268564
-0.260758
-0.25186
-0.24318
-0.235256
-0.228094
-0.221562
-0.215565
-0.210075
-0.205109
-0.200705
-0.196849
-0.193568
-0.190345
-0.302193
-0.288923
-0.278707
-0.270697
-0.264284
-0.258611
-0.252689
-0.246283
-0.239683
-0.233121
-0.226672
-0.220375
-0.214291
-0.208527
-0.203206
-0.19846
-0.19435
-0.190815
-0.187676
-0.277847
-0.268509
-0.26144
-0.256087
-0.252042
-0.248555
-0.244748
-0.240508
-0.235769
-0.230521
-0.224814
-0.218772
-0.212583
-0.206484
-0.20072
-0.19552
-0.191051
-0.187161
-0.183648
-0.250788
-0.245561
-0.24214
-0.240268
-0.239298
-0.238427
-0.237128
-0.235275
-0.232518
-0.228629
-0.223617
-0.21769
-0.211187
-0.204505
-0.198038
-0.192142
-0.187089
-0.182766
-0.177263
)
;

boundaryField
{
    leftWall
    {
        type            fixedFluxPressure;
        gradient        uniform 0;
        value           nonuniform List<scalar> 
100
(
1524.39
1527.22
1530.95
1534.73
1538.58
1542.57
1547.97
1556.65
1574.3
1625.55
1702.46
1816.07
1928.19
1752.94
711.427
56.8204
49.0114
44.9598
41.6147
35.8275
25.0386
5.74755
-7.11282
-3.24455
-4.16127
262.223
227.925
404.23
653.204
715.177
796.423
803.225
184.379
3.17431
7.46379
5.83878
-10.6697
-8.49432
-1.21272
5.27141
78.2787
84.4695
90.7044
52.7766
21.5692
30.3661
22.3842
47.1291
24.5938
0.403827
1525.48
1529.1
1532.81
1536.66
1540.51
1544.98
1551.78
1562.75
1596.44
1660.69
1753.88
1882.16
1902.12
1396.17
96.7888
52.601
46.5545
43.444
39.1915
31.1731
16.6986
-3.32315
-5.71778
-2.94406
81.8258
271.99
219.71
625.417
680.851
756.938
816.99
769.736
7.69952
2.70286
7.83479
-7.21257
-12.3204
-2.64312
0.753243
12.5306
111.706
75.0653
89.424
26.4814
30.7849
30.3918
9.29916
49.5259
0.823421
-0.397892
)
;
    }
    rightWall
    {
        type            fixedFluxPressure;
        gradient        uniform 0;
        value           nonuniform List<scalar> 
100
(
559.632
531.977
494.603
482.03
497.801
535.667
535.992
489.082
580.041
262.565
244.919
167.623
64.5988
3.69043
3.40956
12.8347
20.6736
20.3095
15.2549
-0.514165
-0.0431821
0.300949
3.38012
4.01184
2.373
-0.317822
-0.249053
-0.269777
-0.307603
-0.307124
0.0133132
1.30366
1.33607
1.23109
3.38487
3.40643
3.49313
2.23114
-0.0578691
-0.203761
-0.203321
-0.20221
-0.200001
-0.197379
-0.19483
-0.19258
-0.190345
-0.187676
-0.183648
-0.177263
558.767
547.473
513.243
483.375
477.438
516.29
551.079
482.581
529.574
558.15
231.875
251.58
59.6701
59.071
3.53434
3.46842
20.6837
20.5289
20.3738
-0.674615
-0.304201
0.182649
0.512327
4.03241
4.00674
-0.323626
-0.280452
-0.24981
-0.293682
-0.307883
-0.314567
0.907438
1.46844
1.0463
2.51567
3.37926
3.44759
3.51084
-0.0485456
-0.206569
-0.203438
-0.202958
-0.201184
-0.198712
-0.196069
-0.193676
-0.191485
-0.189123
-0.185833
-0.181069
)
;
    }
    lowerWall
    {
        type            fixedFluxPressure;
        gradient        uniform 0;
        value           nonuniform List<scalar> 
124
(
1519.76
1498.13
1467.51
1430.05
1389.61
1347.07
1303.32
1257.82
1209.01
1153.83
1090.53
1025.39
961.045
897.284
842.05
799.711
758.031
748.727
747.919
774.21
792.859
802.206
804.397
804.524
805.05
805.639
805.311
802.278
793.002
773.959
675.715
856.857
980.712
1059.48
974.997
787.582
778.482
774.862
789.449
809.331
810.186
743.124
686.482
757.165
730.272
564.117
535.957
557.527
495.799
528.68
609.4
610.854
594.645
536.379
537.653
392.817
249.562
357.553
396.234
446.956
460.855
558.767
1524.39
1510.43
1483.93
1449.24
1410.18
1368.49
1325.38
1280.83
1234.03
1182.4
1123.34
1057.18
993.937
928.214
868.394
819.137
781.396
739.185
756.311
757.106
785.308
798.435
803.865
806.746
911.07
1054.93
1011.36
787.582
768.442
650.165
522.898
559.271
533.425
475.332
586.064
619.784
599.024
557.248
536.63
500.826
282.082
298.283
393.716
430.019
440.688
530.888
804.397
804.753
805.374
805.688
804.269
798.796
784.483
753.994
784.206
773.638
780.756
800.196
813.628
749.014
761.277
631.384
)
;
    }
    atmosphere
    {
        type            totalPressure;
        rho             rho;
        psi             none;
        gamma           1;
        p0              uniform 0;
        value           nonuniform List<scalar> 
92
(
-0.383156
0
0
0
0
0
0
0
0
0
0
0
-0.000834226
-0.0109356
-0.0186689
-0.0849585
-0.160172
-0.20929
-0.237427
-0.252283
-0.258818
-0.259752
-0.257062
-0.254382
-0.252028
-0.249563
-0.247104
-0.242509
-0.238458
-0.236177
-0.235479
-0.235599
-0.235576
-0.235095
-0.234027
-0.23191
-0.228432
-0.223592
-0.217638
-0.210965
-0.204029
-0.197278
-0.191113
-0.185843
-0.181383
-0.174016
-0.374761
0
0
0
0
0
0
0
0
0
0
0
0
-0.00887901
-0.0109989
-0.0446096
-0.125577
-0.18787
-0.22545
-0.246132
-0.256387
-0.259862
-0.258753
-0.255475
-0.253226
-0.250801
-0.248326
-0.245097
-0.240274
-0.237094
-0.235666
-0.23554
-0.23578
-0.235375
-0.234658
-0.233126
-0.230348
-0.226172
-0.220732
-0.214363
-0.207501
-0.200604
-0.1941
-0.18835
-0.183645
-0.18113
)
;
    }
    defaultFaces
    {
        type            empty;
    }
}


// ************************************************************************* //
