/*--------------------------------*- C++ -*----------------------------------*\
| =========                 |                                                 |
| \\      /  F ield         | OpenFOAM: The Open Source CFD Toolbox           |
|  \\    /   O peration     | Version:  v1912                                 |
|   \\  /    A nd           | Website:  www.openfoam.com                      |
|    \\/     M anipulation  |                                                 |
\*---------------------------------------------------------------------------*/
FoamFile
{
    version     2.0;
    format      ascii;
    class       volScalarField;
    location    "1";
    object      p;
}
// * * * * * * * * * * * * * * * * * * * * * * * * * * * * * * * * * * * * * //

dimensions      [1 -1 -2 0 0 0 0];


internalField   nonuniform List<scalar> 
9072
(
1041.97
1063.49
1049.26
1028.8
999.871
963.767
920.689
869.614
810.825
748.465
694.033
664.828
664.617
680.557
703.58
724.928
731.697
738.205
729.551
698.891
636.536
588.755
572.082
984.953
1005.8
992.23
970.971
941.866
905.769
862.619
811.357
751.941
687.932
632.65
601.774
601.386
618.162
644.925
668.188
672.531
676.632
666.329
637.144
572.881
523.656
509.952
929.58
949.898
936.331
914.628
885.527
849.185
805.422
753.529
692.798
624.821
562.525
528.096
530.526
553.36
586.296
613.734
619.894
614.127
605.035
573.814
501.705
449.589
444.052
875.345
895.102
881.228
859.401
830.437
793.775
749.167
696.364
633.855
559.117
484.14
444.114
452.061
483.998
524.862
558.296
569.791
556.291
549.169
511.608
416.9
360.782
375.329
821.604
839.988
826.312
805.206
776.344
739.277
693.524
639.694
575.786
491.124
394.072
346.829
366.775
409.58
460.013
499.977
516.658
505.077
501.396
449.279
295.182
242.228
306.409
768.331
784.74
772.037
752.325
723.349
685.567
638.038
582.977
519.315
421.36
288.003
231.433
273.636
330.108
390.489
439.911
459.501
459.819
461.147
393.676
179.036
105.71
242.534
716.407
730.377
719.142
701.253
672.223
632.558
582.186
525.019
470.309
389.38
221.516
157.086
215.498
279.909
316.999
379.247
401.104
413.207
413.749
329.206
111.03
22.7581
190.696
667.105
678.387
668.311
652.56
622.978
580.096
525.183
465.469
451.664
375.878
160.874
92.0688
173.021
233.97
243.065
318.517
343.123
357.437
340.616
216.684
61.6564
-2.71328
161.413
529.726
530.375
516.836
445.066
452.214
414.323
433.564
456.687
427.519
416.969
563.707
465.081
178.022
367.779
356.116
382.519
377.56
370.392
478.322
457.692
466.064
474.864
394.726
397.847
348.423
366.025
407.318
370.991
335.569
412.897
329.563
65.4828
252.226
287.819
319.08
330.52
291.138
414.492
408.162
401.976
424.433
333.769
335.605
277.161
321.218
308.753
290.308
195.157
137.061
132.653
33.6809
110.569
242.703
289.671
291.336
233.382
327.887
389.897
349.799
352.774
277.078
254.316
222.812
263.583
209.449
219.378
119.982
95.0842
77.1251
25.2792
35.1173
186.9
259.754
251.806
187.379
253.725
371.829
319.666
285.282
232.032
213.583
176.862
196.136
141.607
164.423
116.812
89.7695
86.369
17.4288
15.3103
88.2857
195.258
199.936
156.922
204.109
330.57
287.709
230.684
206.289
162.953
124.431
141.051
103.099
112.68
65.77
75.3026
101.482
14.9966
12.7162
25.0944
109.979
163.445
142.135
158.868
279.256
258.505
200.798
189.487
80.4227
38.5863
87.0039
76.9864
50.054
26.4066
53.0294
86.1035
16.2711
12.4108
21.4188
46.8046
150.75
125.707
116.721
231.024
216.235
186.763
164.398
5.2606
-43.3919
24.3755
66.2458
34.872
18.8764
44.1599
55.921
12.6258
12.5047
20.3101
38.035
119.765
99.1242
79.4894
583.422
617.923
607.73
594.291
563.18
511.93
444.611
430.413
393.459
291.733
107.398
40.0174
95.2356
150.49
163.604
241.251
268.687
274.311
225.699
61.0947
19.0623
35.8331
109.625
496.572
531.907
523.638
510.057
477.237
411.632
339.573
275.925
161.034
44.9191
54.5688
54.0608
73.5022
90.4023
72.1777
138.976
157.833
158.999
124.488
28.9215
9.307
9.15557
8.16582
410.866
448.457
444.432
431.992
402.346
337.197
224.036
87.2765
30.4723
35.4595
33.7837
34.6186
55.8789
49.1846
42.8239
63.7018
67.1907
75.2366
55.4461
15.5898
5.81826
5.42744
4.4952
319.124
361.28
360.783
349.794
326.073
266.315
118.547
35.5949
32.6544
29.9657
30.4637
31.3427
34.3235
30.4558
16.9973
19.6866
27.4886
36.0277
11.76
4.33172
4.47774
4.54458
2.61526
229.626
267.072
270.395
260.381
234.93
186.504
54.49
32.7882
30.9049
27.7653
27.7419
29.5833
31.7862
26.4987
9.41555
8.42672
3.75813
6.74013
3.52873
3.88491
3.46958
3.18947
1.85381
144.805
189.382
183.684
172.492
149.078
103.346
18.9352
11.5537
19.7686
15.6143
19.3111
21.811
16.6611
17.609
7.91749
3.01299
2.87122
2.57354
2.56174
2.66378
2.65482
2.04831
1.65023
59.5869
62.2401
72.526
95.7892
77.9905
53.2762
20.3055
9.9765
8.01161
8.67259
6.41907
7.35795
7.76393
7.70727
5.535
2.62404
2.27819
2.31566
2.4474
2.36234
2.04695
1.54477
1.28457
90.9372
-15.2679
0.309897
57.0512
23.928
19.3521
36.6301
13.8656
5.46914
6.40634
6.20377
5.99328
6.62044
6.53939
4.69349
2.09489
1.83672
1.64506
1.29622
1.61619
1.71929
1.19064
1.03003
64.7714
38.652
19.893
5.79226
4.11293
22.3989
10.6964
4.19785
4.02379
4.94255
5.65053
5.59671
6.02451
8.45337
4.44371
0.259495
1.22716
1.51459
1.33259
1.38185
1.317
1.04017
1.00355
34.3716
27.7466
14.6067
-0.42728
-0.153155
3.44984
3.20567
3.64
3.47768
3.03513
3.60374
3.82059
0.895704
5.45677
4.43577
3.54637
2.25734
1.47072
1.32227
1.23379
1.09482
0.765515
1.01049
21.6614
16.4331
13.8581
4.01989
1.11317
-1.51131
0.182811
3.06592
4.01647
2.32878
1.73792
0.0101397
-0.573462
-0.867641
-0.0179038
2.62336
1.56432
1.31263
1.16611
1.04679
0.905535
0.767882
0.861513
28.1202
9.34169
7.3262
0.475912
-2.89537
-5.09003
-5.28733
0.583506
5.25454
2.97085
2.02099
0.186232
-0.881239
-2.94047
-1.24173
1.03462
1.15902
1.06797
0.959717
0.850016
0.73442
0.636499
0.588675
21.8236
10.7479
2.19443
-0.782887
-2.77444
-4.37948
-4.50748
-1.16078
1.40662
1.86062
1.49646
0.991979
0.673177
0.334496
0.38193
0.790037
0.873218
0.828809
0.751139
0.662608
0.57252
0.491753
0.430639
5.16182
1.40284
0.470657
0.109579
-1.81722
-3.41726
-3.36771
-1.2582
0.677733
1.23525
1.16774
0.992468
0.81731
0.673048
0.685789
0.723465
0.681377
0.621304
0.552326
0.476556
0.398618
0.324638
0.259602
3.39137
1.3182
0.324663
-0.385624
-1.89958
-4.044
-4.89704
-3.69355
-2.15388
-1.05955
-0.185346
0.54871
1.08121
1.03827
0.758872
0.54867
0.491293
0.425097
0.360612
0.292451
0.220337
0.148184
0.0801728
8.74061
0.674914
-0.339408
-1.17509
-3.14451
-6.06978
-7.42294
-6.95124
-4.86139
-2.83128
-1.74793
-0.939376
0.886836
1.13622
0.744445
0.358798
0.291335
0.22837
0.173219
0.112372
0.0418625
-0.0328365
-0.105324
9.7803
1.40681
-1.96681
-2.70671
-4.9162
-8.97286
-12.0279
-11.9073
-8.63268
-4.61991
-2.24474
-1.47153
0.286978
1.08123
0.491481
0.118571
0.0622558
0.0208515
-0.00757884
-0.0580266
-0.13294
-0.216805
-0.297094
11.0472
-17.978
-3.4047
-3.80591
-7.52379
-11.8844
-15.3936
-15.2161
-11.2241
-6.25302
-3.06086
-2.1818
-0.688851
0.528451
-0.44165
-0.371699
-0.287417
-0.220364
-0.170473
-0.206751
-0.301872
-0.406846
-0.499063
32.6907
-0.684675
-2.65176
-3.99578
-8.26475
-12.0087
-15.086
-14.9822
-11.4645
-7.6171
-4.896
-4.07023
-3.484
-2.19526
-1.87279
-1.22943
-0.883571
-0.574987
-0.303691
-0.323658
-0.476294
-0.618296
-0.721606
5.61691
10.134
-2.9747
-4.27216
-6.70673
-9.07219
-11.271
-11.69
-9.96184
-7.61506
-5.86564
-5.66787
-6.51597
-6.41642
-3.64995
-2.32952
-1.87168
-1.5573
-1.14168
-0.572525
-0.729145
-0.898355
-0.985413
-23.9006
-14.2923
-11.7262
-4.89182
-4.3583
-4.78982
-6.30778
-7.90549
-7.19192
-6.14453
-5.51157
-5.90316
-7.63571
-6.68062
-4.4292
-3.11423
-2.97139
-3.40997
-2.80106
-1.64828
-1.25188
-1.36203
-1.32241
-9.99265
-9.03987
-4.76736
-2.25347
0.762727
0.89506
-1.61189
-3.33477
-5.12294
-5.90751
-4.75234
-4.65813
-5.27926
-5.00643
-3.83719
-2.96376
-2.92083
-3.39207
-3.12729
-2.86501
-2.50441
-2.09013
-1.76491
7.64525
-5.27142
-5.6377
-3.94918
3.47765
3.13197
-0.120147
-1.69517
-4.56329
-6.29981
-3.70487
-3.87772
-4.19525
-3.95363
-3.35583
-2.59206
-2.52576
-3.00002
-3.36413
-4.05502
-4.4106
-2.8953
-2.28401
6.97357
-4.54574
-5.62526
-2.249
2.61961
0.581796
0.0468347
-0.736658
-2.83336
-3.03351
-3.18368
-3.69938
-3.56881
-3.41757
-3.38791
-2.80442
-2.75568
-3.00616
-3.50941
-4.2824
-4.32619
-3.21024
-2.71646
-1.0704
0.209173
-1.20138
-0.765674
-1.35944
-0.243989
-0.25872
-0.50139
-1.58032
-2.32698
-2.81061
-3.77305
-3.3187
-3.06431
-3.28221
-2.99653
-2.88594
-2.98886
-3.26879
-3.57271
-3.40797
-3.05342
-2.87278
-3.47272
-1.28827
-0.152072
-0.194487
-0.325759
-0.37503
-0.505978
-0.84847
-1.54798
-2.11275
-2.36324
-3.10783
-3.05155
-3.0019
-2.96925
-2.88304
-2.90451
-2.96799
-3.06846
-3.12997
-3.07168
-2.96992
-2.89521
-3.98023
-2.6443
-0.297737
0.139859
-0.339988
-0.499497
-0.714082
-0.990427
-1.44867
-1.88703
-2.19149
-2.54294
-2.79804
-2.9037
-2.8525
-2.88579
-2.9403
-2.99702
-3.04993
-3.07317
-3.05258
-3.0104
-2.97562
-3.61939
-2.19281
-1.74852
0.47636
-0.71249
-0.816247
-0.981041
-1.23956
-1.58467
-1.9339
-2.20965
-2.45697
-2.69121
-2.8124
-2.86457
-2.93157
-2.9978
-3.0544
-3.09626
-3.1165
-3.11475
-3.10315
-3.09506
3.75604
-2.15911
-4.2848
-2.39459
-1.21967
-1.18729
-1.25521
-1.44072
-1.70671
-1.99318
-2.24452
-2.46445
-2.65681
-2.79375
-2.89822
-2.99031
-3.0686
-3.13072
-3.17532
-3.20219
-3.21493
-3.22068
-3.22695
-2.93226
-2.11224
-1.99634
-3.16571
-1.8772
-1.44523
-1.47476
-1.62508
-1.845
-2.0834
-2.30338
-2.50183
-2.67937
-2.82967
-2.95749
-3.06648
-3.15596
-3.22583
-3.27731
-3.31281
-3.33647
-3.35355
-3.36874
-3.26279
-2.79479
-2.63558
-2.36311
-1.58264
-1.59592
-1.6548
-1.80016
-1.9951
-2.20026
-2.39098
-2.56852
-2.73937
-2.90059
-3.04468
-3.16649
-3.26495
-3.34175
-3.39978
-3.44254
-3.47416
-3.49892
-3.5205
-1.29684
-2.26994
-2.39514
-2.36842
-1.83415
-1.78748
-1.85357
-1.9991
-2.18264
-2.36298
-2.5168
-2.66451
-2.8292
-3.00506
-3.16504
-3.29625
-3.39997
-3.48052
-3.54235
-3.58955
-3.62605
-3.65542
-3.68059
-2.57242
-2.4066
-2.4066
-2.41639
-2.03617
-2.02988
-2.10718
-2.27165
-2.4656
-2.6394
-2.74185
-2.82587
-2.96485
-3.15316
-3.32831
-3.46175
-3.56379
-3.64285
-3.70447
-3.75277
-3.79118
-3.82261
-3.84936
-3.26655
-2.47884
-2.53299
-2.37758
-2.35957
-2.35505
-2.458
-2.67003
-2.92951
-3.23343
-3.45956
-3.45706
-3.30004
-3.38117
-3.5485
-3.6664
-3.75599
-3.82732
-3.88466
-3.93095
-3.9687
-4.00005
-4.02676
-3.72266
-2.81279
-2.90217
-2.97612
-2.7977
-2.78924
-2.92395
-3.22322
-3.60101
-4.01154
-4.20802
-4.08768
-3.85191
-3.73589
-3.83701
-3.90987
-3.97532
-4.03284
-4.08201
-4.12331
-4.15789
-4.1871
-4.2122
-2.49157
-3.38579
-3.55625
-3.453
-3.31722
-3.33262
-3.55393
-3.91557
-4.19539
-4.3686
-4.39291
-4.38363
-4.25767
-4.17889
-4.14878
-4.17872
-4.21888
-4.25911
-4.29628
-4.32919
-4.35785
-4.38279
-4.4047
-4.18538
-4.32039
-4.15801
-4.02796
-3.9047
-3.9789
-4.28266
-4.60542
-4.75704
-4.77207
-4.7312
-4.7495
-4.64647
-4.48083
-4.46722
-4.46769
-4.48289
-4.50323
-4.52498
-4.54642
-4.56674
-4.5856
-4.60296
-8.23332
-6.62802
-4.24728
-4.50951
-4.55312
-4.68011
-5.02914
-5.32448
-5.55745
-5.6638
-5.3236
-5.17624
-5.04984
-4.8847
-4.81107
-4.78623
-4.76572
-4.76013
-4.76323
-4.77122
-4.78177
-4.79345
-4.8054
-9.29123
-6.9832
-3.74505
-5.26321
-5.38889
-5.39113
-5.68551
-6.01587
-6.52959
-7.08495
-6.23392
-5.71791
-5.48205
-5.31875
-5.25303
-5.13543
-5.05715
-5.0206
-5.00424
-4.9988
-4.99963
-5.00402
-5.01032
-7.86127
-5.58338
-4.11815
-6.07269
-6.41864
-6.04945
-6.15221
-6.44144
-6.89927
-7.28101
-6.53553
-6.05765
-5.82203
-5.67954
-5.6616
-5.4626
-5.3252
-5.27038
-5.24024
-5.22448
-5.21733
-5.21532
-5.21637
-6.83567
-3.42955
-6.24618
-7.66552
-7.08925
-6.4745
-6.37094
-6.5723
-6.65381
-6.65322
-6.52008
-6.28982
-6.09645
-5.93541
-5.83626
-5.66609
-5.55275
-5.4985
-5.46488
-5.44452
-5.4325
-5.42576
-5.4224
-8.14055
-6.07933
-21.6431
-10.4636
-8.61205
-6.46613
-6.32594
-6.72239
-6.81353
-6.76078
-6.66868
-6.5161
-6.34735
-6.1597
-5.94643
-5.80063
-5.74733
-5.70512
-5.67627
-5.65634
-5.64243
-5.6327
-5.62594
217.033
286.804
292.513
254.187
3.94228
12.5751
28.1919
64.0866
2.80085
2.82911
2.83622
3.46446
2.33015
2.46788
2.44681
2.39841
2.11562
2.13049
2.03004
1.93141
1.51465
1.54431
1.55783
1.56442
1.12857
1.14418
1.23045
1.31665
0.98522
1.00766
1.04787
1.13547
0.991808
1.00842
1.02511
1.04364
1.01296
1.00162
0.977522
0.929419
0.832294
0.778265
0.734571
0.717334
0.563136
0.550805
0.535879
0.517598
0.389229
0.36806
0.346829
0.324985
0.210056
0.184589
0.159721
0.135112
0.0258185
-0.00226317
-0.0294244
-0.0558339
-0.163786
-0.193858
-0.222688
-0.250366
-0.360151
-0.392017
-0.422207
-0.450846
-0.566576
-0.599682
-0.630602
-0.659676
-0.788947
-0.820904
-0.850578
-0.878702
-1.03519
-1.05894
-1.08238
-1.10678
-1.31215
-1.3116
-1.318
-1.33373
-1.62586
-1.57283
-1.53865
-1.53348
-2.01457
-1.89232
-1.80645
-1.78957
-2.57379
-2.5424
-2.46883
-2.41137
-2.91601
-3.00855
-2.98567
-2.89698
-2.91039
-2.95319
-2.97237
-2.94415
-2.9686
-2.97151
-2.97323
-2.96875
-3.09728
-3.10019
-3.10245
-3.10358
-3.23693
-3.24411
-3.25238
-3.26031
-3.38329
-3.3924
-3.40231
-3.41172
-3.53863
-3.54865
-3.5589
-3.56947
-3.70052
-3.71082
-3.72075
-3.73057
-3.86993
-3.88043
-3.89045
-3.90014
-4.04715
-4.05748
-4.06732
-4.07675
-4.23143
-4.24117
-4.25044
-4.2593
-4.42172
-4.43039
-4.43867
-4.44659
-4.61687
-4.62405
-4.63096
-4.63761
-4.81558
-4.82099
-4.82628
-4.83142
-5.01655
-5.02007
-5.0236
-5.02713
-5.21874
-5.22036
-5.22214
-5.22403
-5.4213
-5.42115
-5.42124
-5.42153
-5.62186
-5.62014
-5.61872
-5.61756
178.723
140.723
141.375
104.666
-33.6126
-56.4146
-37.0709
52.4337
27.932
17.4121
19.5993
14.5626
9.39014
13.2343
21.0781
31.6988
88.4885
75.9989
48.2752
18.5399
7.72185
17.3697
21.6477
-50.5889
-66.801
-60.7536
-15.3693
10.3187
10.438
10.9951
7.91322
5.59904
10.9081
18.3763
57.3529
65.2592
27.612
13.1085
2.67461
4.06243
5.76942
11.1327
14.3071
-24.7624
-20.662
0.0467374
14.751
9.53419
7.91628
5.47235
4.40247
2.76657
17.5847
29.7422
18.5749
4.78292
3.87408
2.29661
1.81415
6.33403
6.42925
7.42721
-6.82429
16.9066
10.4775
8.70372
8.59949
5.69647
3.56236
3.604
2.81894
2.46287
2.7223
4.24363
4.03671
3.30957
1.85435
1.52016
0.247732
5.59518
3.6561
4.22877
13.4127
14.8035
9.33067
6.64857
-0.00531248
2.22193
2.44197
2.10898
1.65023
2.12522
2.74054
2.79313
2.51242
1.55553
1.42818
2.70539
1.2056
-18.6818
-6.16089
3.66946
13.7834
8.38367
4.34785
2.82492
2.58689
1.31962
1.12256
1.02063
1.45213
1.77869
2.33843
2.47905
1.34206
1.26667
1.14511
0.917655
10.7685
17.8313
4.52804
6.34328
3.01198
2.68165
2.98119
2.95677
0.936168
0.799653
0.77817
0.952459
1.12296
1.52406
2.01815
1.18979
1.13921
1.05095
0.91658
0.730853
0.191668
0.638216
1.77867
2.34226
2.3917
2.72557
2.35624
-0.460434
0.821253
0.754288
0.726913
0.764853
1.11362
1.58028
1.0504
0.991253
0.924972
0.863667
0.730511
0.458447
0.492873
0.973777
1.31107
1.53366
-1.38993
-3.34837
-1.49186
0.323079
0.351204
0.373121
0.382344
0.265666
0.922052
0.89049
0.820689
0.74929
0.678731
0.573867
0.460382
0.524976
0.781909
0.80138
0.619701
-0.660796
-1.44875
-0.917451
-0.358159
-0.206393
-0.0401241
0.1188
0.158584
0.378084
0.691567
0.629336
0.561542
0.488946
0.409418
0.376569
0.378722
0.399069
0.0524941
-0.199722
-0.22364
-0.693139
-0.944639
-0.840284
-0.6478
-0.464584
-0.257963
0.023308
0.118253
0.489285
0.431885
0.368179
0.298295
0.214561
0.153015
0.117583
0.0855261
-0.134387
-0.274213
-0.16767
-0.679696
-1.34407
-1.4767
-1.19907
-0.825277
-0.686105
-0.171638
-0.0544583
0.294444
0.236495
0.174336
0.106641
0.0230343
-0.0739538
-0.143152
-0.26939
-0.690313
-0.759019
-0.631591
-1.04335
-1.78252
-2.07315
-1.78946
-1.13787
-0.896812
-0.495607
-0.263344
0.102173
0.0433428
-0.0168102
-0.0789783
-0.148823
-0.239189
-0.367392
-0.583316
-1.50337
-1.26492
-1.0649
-1.32004
-1.91306
-2.20495
-1.94077
-1.30465
-1.01545
-0.68595
-0.458159
-0.0903805
-0.149403
-0.206725
-0.262523
-0.319234
-0.387977
-0.498749
-0.694862
-1.45674
-1.2756
-1.20543
-1.3139
-1.63293
-1.8369
-1.68332
-1.28379
-1.04767
-0.795409
-0.65498
-0.28597
-0.344721
-0.399167
-0.449383
-0.496534
-0.546608
-0.61831
-0.741348
-1.00924
-1.1129
-1.08788
-1.11084
-1.2836
-1.39804
-1.34903
-1.16007
-0.956371
-0.872553
-0.874377
-0.487194
-0.545601
-0.59797
-0.64456
-0.68613
-0.724092
-0.764754
-0.805727
-0.722687
-0.517615
-0.7458
-1.04148
-1.21488
-1.22106
-1.15913
-1.02446
-0.829905
-1.09341
-1.3863
-0.696314
-0.754489
-0.805872
-0.851741
-0.894041
-0.934251
-0.959185
-0.991803
-0.87231
-0.613539
-0.825583
-1.25528
-1.34304
-1.23694
-1.14225
-0.952964
-0.921459
-1.27001
-1.67247
-0.914711
-0.97286
-1.02422
-1.07145
-1.12226
-1.17173
-1.27713
-1.43669
-1.42733
-1.44939
-1.59764
-1.61527
-1.39483
-1.26998
-1.31914
-1.25805
-1.47616
-1.61286
-1.65792
-1.14111
-1.20148
-1.25292
-1.29969
-1.34797
-1.4175
-1.58524
-1.6736
-1.75005
-2.134
-2.52036
-2.10092
-1.55512
-1.38808
-1.64365
-1.73347
-2.1032
-2.02349
-1.78658
-1.36793
-1.44346
-1.49233
-1.53539
-1.55527
-1.70103
-1.75643
-1.8253
-1.94256
-2.45617
-2.77144
-2.33721
-1.83827
-1.67748
-1.91867
-2.02846
-2.34755
-2.28425
-2.03843
-1.58067
-1.7212
-1.74749
-1.78502
-1.84088
-1.92254
-1.92109
-1.99369
-2.08472
-2.3919
-2.45614
-2.22219
-2.016
-1.94865
-2.0235
-2.16202
-2.51651
-2.46618
-2.1933
-1.93301
-2.12867
-2.01903
-2.04262
-2.15116
-2.24734
-2.23745
-2.16895
-2.20468
-2.32263
-2.31191
-2.1771
-2.13018
-2.12126
-2.09276
-2.21173
-2.47796
-2.50972
-2.20868
-2.47437
-2.42219
-2.24159
-2.27942
-2.36575
-2.52307
-2.52021
-2.35388
-2.35108
-2.36939
-2.3433
-2.25421
-2.21942
-2.2628
-2.17346
-2.25785
-2.54608
-2.55209
-2.16918
-2.75635
-2.50123
-2.33482
-2.44309
-2.5172
-2.62291
-2.58844
-2.52085
-2.51369
-2.50812
-2.48403
-2.4053
-2.34461
-2.32107
-2.32335
-2.45912
-2.70939
-2.61157
-2.23744
-2.86798
-2.7439
-2.65601
-2.58026
-2.66111
-2.65976
-2.655
-2.6736
-2.68364
-2.68206
-2.67421
-2.66343
-2.64877
-2.65409
-2.67164
-2.82197
-3.05607
-2.89119
-2.55842
-2.95671
-2.92196
-2.91194
-2.90743
-2.88917
-2.84028
-2.85321
-2.85832
-2.86338
-2.86364
-2.86111
-2.85887
-2.86264
-2.87854
-2.91488
-3.07196
-3.25344
-3.11965
-2.92164
-3.10106
-3.12143
-3.15393
-3.10559
-3.09682
-3.08621
-3.05343
-3.0459
-3.04742
-3.04872
-3.04971
-3.05252
-3.06043
-3.07788
-3.11139
-3.22154
-3.32587
-3.24659
-3.22193
-3.26542
-3.28985
-3.31838
-3.30965
-3.31458
-3.29908
-3.25139
-3.2316
-3.23301
-3.23514
-3.23787
-3.24255
-3.25095
-3.26487
-3.28495
-3.32249
-3.34451
-3.32669
-3.39022
-3.42266
-3.44758
-3.47882
-3.51818
-3.55162
-3.53324
-3.46873
-3.42077
-3.42065
-3.42219
-3.42506
-3.42976
-3.43703
-3.44714
-3.45891
-3.46933
-3.46672
-3.46957
-3.52044
-3.58403
-3.61518
-3.64984
-3.69571
-3.72379
-3.69879
-3.65264
-3.61468
-3.60951
-3.60924
-3.61121
-3.61508
-3.62084
-3.6282
-3.63617
-3.64296
-3.64787
-3.65735
-3.68261
-3.74424
-3.77283
-3.80396
-3.83452
-3.84876
-3.83794
-3.81848
-3.80416
-3.7972
-3.79523
-3.79617
-3.79906
-3.8035
-3.80906
-3.81514
-3.82115
-3.82798
-3.83766
-3.85412
-3.91286
-3.93533
-3.95791
-3.97791
-3.98998
-3.99141
-3.98897
-3.98491
-3.98063
-3.97911
-3.97974
-3.98197
-3.98543
-3.98978
-3.99471
-4.00006
-4.00645
-4.0146
-4.02665
-4.08891
-4.10918
-4.12806
-4.14398
-4.15493
-4.15994
-4.16273
-4.1626
-4.16156
-4.16129
-4.16213
-4.16401
-4.16679
-4.17026
-4.17425
-4.17869
-4.1838
-4.18967
-4.19667
-4.27061
-4.28895
-4.30535
-4.31905
-4.32912
-4.33542
-4.33956
-4.34133
-4.342
-4.34265
-4.34375
-4.34544
-4.34771
-4.35047
-4.3536
-4.35703
-4.36067
-4.3643
-4.36704
-4.45666
-4.47282
-4.487
-4.49884
-4.50792
-4.51427
-4.51858
-4.52107
-4.52257
-4.52373
-4.52497
-4.52648
-4.52833
-4.53046
-4.53282
-4.53526
-4.53762
-4.53949
-4.53961
-4.64609
-4.65968
-4.67156
-4.6815
-4.68932
-4.69507
-4.69911
-4.70175
-4.70352
-4.70485
-4.70606
-4.70735
-4.70879
-4.71037
-4.71203
-4.71365
-4.71501
-4.71574
-4.71465
-4.83805
-4.84877
-4.8582
-4.86614
-4.87251
-4.87733
-4.88081
-4.88322
-4.88489
-4.88613
-4.88718
-4.88817
-4.88921
-4.89029
-4.89136
-4.89231
-4.89297
-4.89306
-4.89173
-5.03176
-5.03944
-5.04631
-5.05218
-5.05696
-5.06065
-5.06337
-5.06529
-5.06664
-5.0676
-5.06835
-5.069
-5.06963
-5.07024
-5.0708
-5.07124
-5.07142
-5.07119
-5.07009
-5.22664
-5.23122
-5.23551
-5.23927
-5.24239
-5.24484
-5.24665
-5.24792
-5.24878
-5.24933
-5.24969
-5.24995
-5.25016
-5.25033
-5.25045
-5.25047
-5.25032
-5.24992
-5.2491
-5.42213
-5.42363
-5.42533
-5.42699
-5.42844
-5.42959
-5.43042
-5.43095
-5.43121
-5.43126
-5.43118
-5.43101
-5.43079
-5.43054
-5.43026
-5.42992
-5.4295
-5.42899
-5.4284
-5.61634
-5.61497
-5.61426
-5.61395
-5.61382
-5.61373
-5.61359
-5.61335
-5.61299
-5.61253
-5.61199
-5.61138
-5.61075
-5.61011
-5.60947
-5.60883
-5.60817
-5.60753
-5.607
1068.57
1056.84
1040.2
1015.29
982.658
943.163
896.191
841.057
779.583
719.131
675.713
661.062
672.134
690.871
715.512
731.039
728.785
737.588
719.348
668.216
608.651
577.109
571.155
1010.54
999.539
982.62
957.339
924.651
885.149
838.041
782.592
719.985
657.924
613.624
597.847
608.932
630.147
658.348
673.967
669.352
674.089
658.468
606.126
543.531
513.616
509.526
954.497
943.855
926.56
900.967
868.263
828.268
780.541
724.293
659.308
591.512
540.826
525.219
540.562
568.966
601.964
621.354
614.685
609.044
596.181
540.34
468.487
443.685
444.909
899.818
888.766
871.411
845.799
813.119
772.46
723.835
666.527
597.903
519.719
457.729
443.273
466.436
503.952
543.665
568.626
563.583
552.018
537.419
469.169
375.627
366.303
378.967
845.618
833.346
816.997
791.714
758.969
717.435
667.6
609.524
536.573
441.376
360.425
351.253
386.997
434.328
483.007
511.546
511.725
505.27
486.735
381.022
241.158
279.638
314.018
791.566
777.888
763.67
738.966
705.974
662.876
611.276
553.311
476.381
355.734
243.599
246.066
302.235
359.418
419.852
451.922
460.616
463.064
442.818
302.539
94.4857
187.142
254.543
738.332
723.253
712.123
688.021
653.796
608.512
553.802
498.225
437.007
309.901
167.854
180.789
250.926
294.047
354.948
392.104
407.571
417.906
387.004
235.14
12.8099
116.305
208.216
687.138
670.306
662.995
639.356
603.239
554.284
492.456
458.044
426.953
277.915
97.9809
132.154
212.137
235.565
290.146
332.859
351.126
357.826
291.896
140.186
-10.9221
89.6142
172.71
535.141
546.683
475.354
452.041
426.135
419.455
454.526
444.996
413.324
461.205
616.458
227.098
276.274
383.638
341.786
388.058
375.494
413.457
465.567
454.642
493.635
429.21
396.593
370.659
344.239
401.372
388.242
354.977
346.083
488
104.435
132.766
317.968
261.053
352.83
300.03
338.146
401.929
380.916
433.215
373.774
337.25
302.948
291.514
336.094
298.882
263.185
133.059
209.598
52.695
39.7618
209.238
243.069
342.137
244.286
263.152
347.008
365.325
356.856
307.958
269.398
228.421
241.674
240.394
212.73
175.404
99.7147
96.2933
45.147
20.9015
112.817
212.871
307.643
201.838
207.08
277.743
353.418
297.347
259.336
234.963
186.27
186.882
168.203
148.915
142.507
95.6883
98.2512
32.4813
15.9132
29.0009
141.708
241.137
172.115
168.621
224.981
329.487
243.718
223.339
186.338
132.481
133.515
124.455
104.238
122.459
56.8521
103.549
21.3122
12.9645
15.9804
59.0455
175.93
157.509
136.638
176.929
283.414
215.947
199.084
144.768
26.8828
56.3438
98.9102
69.175
32.2584
22.4514
87.8192
23.0248
12.2027
15.3244
25.4741
137.462
140.855
110.455
117.341
226.829
198.42
182.993
102.59
-32.6868
-32.7076
61.014
58.3203
18.901
19.3775
61.0433
22.2952
12.1953
15.0546
24.1202
106.118
111.728
86.7408
88.7414
625.763
606.733
604.149
580.678
540.955
477.186
432.473
417.604
350.136
210.435
36.9669
62.7038
127.141
149.662
208
258.054
274.518
263.161
142.793
29.708
20.7014
78.6379
145.907
536.44
526.747
521.257
495.801
451.323
365.74
311.962
228.596
85.5719
50.7075
52.6915
60.0334
86.5921
74.2414
110.986
150.603
161.136
149.113
80.3384
11.2202
7.94653
21.0529
3.70383
452.471
445.264
441.86
418.939
378.13
279.805
168.488
36.2857
37.0018
33.9478
34.0808
39.418
62.6507
47.697
52.4872
66.429
69.904
75.9453
21.3204
4.55683
5.87406
4.94871
3.98547
363.861
360.038
358.328
338.485
311.308
187.464
55.6917
33.7446
31.212
29.2689
31.2885
32.3713
35.5176
23.2021
15.7916
25.6757
35.3787
29.7551
3.96391
4.37327
4.73164
3.89251
1.86028
267.14
268.64
268.149
249.266
219.237
111.413
30.7578
31.9521
29.1879
26.7869
29.118
29.8755
31.9225
12.7623
10.4578
4.01136
4.20946
5.65665
3.56735
3.67454
3.55844
2.41802
1.96725
189.959
185.485
180.859
161.749
131.438
69.2977
8.90928
18.7985
19.5041
15.2612
21.3737
19.184
17.6097
6.87324
4.16557
2.99944
2.6654
2.52029
2.69761
2.66482
2.35283
1.82702
1.53897
78.4534
60.3924
90.4886
88.65
69.0831
37.8756
11.5748
9.37998
8.2358
8.05218
6.89243
7.52054
9.16432
6.08542
2.9672
2.43894
2.24541
2.43506
2.42014
2.18278
1.74135
1.43347
1.16435
17.3619
-20.6003
37.065
47.2789
19.0419
23.0134
33.6841
5.68398
5.57021
6.85729
5.84737
6.31057
5.9153
6.28867
2.21006
1.87911
1.81441
1.36976
1.53608
1.66986
1.49988
1.05791
0.989831
59.5489
28.6
11.4182
1.9883
11.9271
21.4219
4.65844
4.04372
4.21071
5.56416
5.52192
5.7818
7.47359
7.15432
1.19983
0.785564
1.55316
1.39047
1.37077
1.3542
1.20408
1.00338
0.994844
38.6402
22.7808
4.91018
-1.36275
1.75784
4.32715
3.35587
3.69888
3.34
3.21391
4.19308
1.95398
3.3645
6.16587
3.11588
3.90316
1.57653
1.39426
1.27671
1.21093
0.809589
0.921256
1.02163
19.9295
14.9598
6.14664
2.58625
-0.641326
-0.936758
1.51275
3.77879
3.67576
2.024
1.03062
-0.716823
-0.319431
-1.39136
1.32842
2.35486
1.3855
1.23521
1.10558
0.980672
0.818128
0.815668
0.855875
10.2063
6.11875
5.50795
-1.45408
-4.21223
-5.47657
-4.35758
4.27387
3.03889
2.63893
1.17957
-0.443801
-1.66231
-2.52455
-0.00914646
1.17044
1.12033
1.01393
0.905141
0.792601
0.679984
0.607741
0.573254
15.516
5.43871
0.480951
-1.79231
-3.68259
-4.755
-3.37498
0.862617
1.82431
1.73942
1.20965
0.857924
0.392623
0.216546
0.728047
0.857397
0.857692
0.792241
0.707531
0.617242
0.530094
0.458599
0.406042
6.07663
0.47148
0.409613
-0.69903
-2.8586
-3.60466
-2.58076
-0.0648962
1.08558
1.23739
1.06636
0.915304
0.734456
0.674148
0.723103
0.706677
0.652176
0.587946
0.515026
0.437511
0.360723
0.290897
0.230398
2.37272
0.443514
0.0809829
-1.01221
-3.06158
-4.77829
-4.41845
-2.93649
-1.51212
-0.632977
0.228184
0.9283
1.07135
0.914378
0.627113
0.526701
0.457563
0.393082
0.32714
0.2567
0.183962
0.113493
0.0482898
-0.428862
-0.107431
-0.697665
-1.86292
-4.76555
-6.92114
-7.44013
-6.02262
-3.72598
-2.20213
-1.4162
0.0174566
1.1566
0.997339
0.493786
0.318851
0.259102
0.200665
0.144075
0.0780968
0.00458012
-0.0696412
-0.139623
0.610245
-2.23286
-2.40562
-3.3926
-7.07888
-10.7682
-12.3818
-10.5778
-6.49543
-3.20621
-1.74243
-0.929397
1.17157
0.839217
0.2343
0.0846317
0.0383957
0.00779424
-0.0291704
-0.0932893
-0.174742
-0.257827
-0.334303
-1.06417
-4.66209
-3.48175
-5.18276
-9.68171
-14.0181
-15.8065
-13.6089
-8.57722
-4.40913
-2.39135
-1.71589
0.789195
-0.185396
-0.457718
-0.315981
-0.256898
-0.187409
-0.177914
-0.250456
-0.355226
-0.454959
-0.53934
0.0749712
-1.19021
-3.15382
-6.01965
-10.0636
-13.9043
-15.4986
-13.5283
-9.36978
-6.1628
-4.2153
-4.14161
-2.64311
-2.0561
-1.55162
-1.03272
-0.738502
-0.406516
-0.286145
-0.395908
-0.552034
-0.674271
-0.762322
9.02201
-1.69732
-3.7216
-5.42285
-7.84782
-10.3321
-11.7649
-11.0235
-8.82513
-6.5415
-5.65233
-5.88305
-7.34612
-4.77349
-2.83411
-2.03635
-1.74313
-1.38847
-0.771734
-0.612877
-0.829133
-0.947506
-1.01574
-35.1231
-7.52721
-7.48116
-4.22349
-4.49865
-5.43088
-7.23391
-7.89007
-6.62397
-5.77022
-5.53819
-6.56327
-8.01271
-5.61253
-3.60993
-2.89177
-3.3118
-3.07118
-2.39918
-1.25582
-1.3461
-1.33324
-1.31558
-32.0333
-5.07094
-2.98593
-0.626083
1.29096
-0.235767
-2.72144
-4.19383
-5.73723
-5.64663
-4.30702
-5.03882
-5.29233
-4.47378
-3.33229
-2.80445
-3.24466
-3.27525
-3.00667
-2.68398
-2.28127
-1.87541
-1.6767
-8.11993
-4.96823
-6.12242
2.50918
3.68583
1.05463
-1.00144
-2.97492
-5.93117
-5.76969
-3.61205
-4.1039
-4.13429
-3.69246
-2.95475
-2.43732
-2.75502
-3.19824
-3.58323
-4.63418
-3.61038
-2.51256
-2.11559
-8.69516
-4.87574
-6.31694
0.458036
2.16606
0.229915
-0.254242
-1.46791
-3.04829
-3.12709
-3.45787
-3.71124
-3.45249
-3.44055
-3.10995
-2.72495
-2.84716
-3.23399
-3.81976
-4.69175
-3.71322
-2.91017
-2.60424
1.05546
-1.77041
-1.23961
-0.339402
-0.406625
-0.178481
-0.379228
-0.77094
-2.10375
-2.50113
-3.49044
-3.42758
-3.10909
-3.19011
-3.21179
-2.90101
-2.9129
-3.10864
-3.44828
-3.55651
-3.20527
-2.94248
-2.86133
-2.3993
0.540221
-0.137873
-0.30286
-0.431716
-0.418141
-0.651903
-1.13566
-1.90018
-2.22561
-2.79567
-3.20939
-2.97723
-2.99366
-2.89317
-2.88165
-2.93074
-3.0153
-3.11243
-3.1132
-3.02066
-2.92488
-2.88929
-4.63753
-0.322556
-0.118849
0.378356
-0.56119
-0.609554
-0.839652
-1.19473
-1.70763
-2.02125
-2.37529
-2.65095
-2.91203
-2.85665
-2.86551
-2.91298
-2.96844
-3.02515
-3.06705
-3.06747
-3.03237
-2.99034
-2.96837
-4.2267
-0.959561
1.06347
-0.369953
-0.789259
-0.886605
-1.0955
-1.40649
-1.76831
-2.08115
-2.33529
-2.57875
-2.77138
-2.83694
-2.89711
-2.9656
-3.02755
-3.07764
-3.10935
-3.11772
-3.10931
-3.09791
-3.09536
-2.69227
-2.71744
-2.59164
-1.85631
-1.16073
-1.202
-1.33487
-1.56705
-1.85195
-2.12415
-2.35682
-2.56608
-2.73219
-2.8476
-2.94581
-3.03136
-3.10177
-3.15528
-3.19086
-3.20993
-3.21818
-3.22334
-3.23205
-1.52463
-2.41584
-2.31577
-3.18242
-1.4893
-1.43951
-1.53743
-1.72954
-1.96499
-2.19645
-2.40492
-2.59374
-2.75785
-2.89597
-3.01436
-3.1137
-3.1933
-3.25375
-3.29684
-3.32579
-3.34551
-3.36115
-3.37675
-4.00891
-2.72144
-2.45696
-2.13098
-1.59871
-1.61253
-1.71898
-1.89396
-2.09859
-2.29788
-2.4808
-2.65478
-2.82163
-2.97521
-3.10852
-3.21857
-3.3059
-3.37291
-3.42282
-3.45947
-3.48714
-3.50992
-3.53091
-1.38299
-2.49912
-2.45341
-2.12172
-1.79055
-1.8085
-1.91882
-2.08886
-2.27544
-2.44292
-2.58929
-2.74446
-2.91724
-3.08842
-3.23429
-3.35129
-3.44286
-3.51352
-3.56753
-3.6089
-3.64142
-3.66837
-3.69226
-1.76055
-2.48386
-2.47966
-2.04153
-2.01217
-2.05278
-2.18127
-2.36889
-2.55755
-2.70133
-2.77715
-2.88913
-3.05439
-3.24636
-3.39965
-3.51608
-3.6058
-3.67556
-3.73006
-3.77301
-3.80761
-3.83646
-3.86147
-2.86419
-2.38542
-2.55803
-2.44099
-2.34537
-2.38836
-2.55313
-2.79836
-3.07244
-3.37644
-3.48728
-3.37497
-3.30364
-3.47235
-3.61193
-3.71388
-3.79362
-3.85754
-3.90902
-3.95075
-3.98505
-4.0139
-4.03879
-3.58315
-2.78795
-3.11145
-2.89361
-2.7922
-2.83825
-3.05355
-3.40968
-3.80601
-4.16353
-4.16838
-3.97824
-3.75682
-3.79511
-3.87399
-3.94367
-4.00509
-4.05845
-4.10358
-4.14136
-4.17308
-4.20009
-4.22354
-2.45254
-3.76131
-3.64828
-3.33256
-3.30224
-3.42018
-3.73013
-4.07193
-4.3006
-4.39073
-4.39627
-4.33442
-4.19475
-4.14693
-4.16082
-4.19883
-4.23921
-4.27818
-4.31328
-4.34402
-4.37074
-4.39409
-4.41472
-1.46293
-4.27813
-4.17704
-3.92365
-3.90227
-4.10714
-4.46098
-4.69979
-4.78144
-4.7483
-4.74006
-4.71222
-4.56024
-4.46675
-4.46378
-4.47464
-4.49273
-4.51405
-4.5358
-4.55675
-4.57635
-4.59446
-4.61111
-7.11071
-4.02738
-4.39749
-4.55878
-4.57119
-4.83882
-5.1984
-5.43361
-5.66574
-5.53142
-5.2195
-5.11955
-4.96549
-4.83229
-4.79713
-4.77451
-4.76152
-4.76087
-4.76679
-4.77628
-4.78753
-4.79943
-4.8113
-11.4639
0.489996
-4.7477
-5.3639
-5.3074
-5.51565
-5.85212
-6.22663
-6.87238
-6.87206
-5.87968
-5.58519
-5.39223
-5.27878
-5.20494
-5.0875
-5.03527
-5.01065
-5.00051
-4.99863
-5.0015
-5.007
-5.01386
-9.70909
-3.31561
-5.08281
-6.14073
-6.13427
-6.05901
-6.28083
-6.64891
-7.12788
-7.01491
-6.23851
-5.92469
-5.74159
-5.65045
-5.60891
-5.36904
-5.29334
-5.253
-5.231
-5.22008
-5.21584
-5.21556
-5.21761
-5.27318
-3.39535
-6.9056
-8.06262
-7.01113
-6.3685
-6.46062
-6.64117
-6.68169
-6.64066
-6.39679
-6.189
-6.01239
-5.8748
-5.77265
-5.59207
-5.52128
-5.47947
-5.45341
-5.43769
-5.42861
-5.42375
-5.42159
-6.76198
-21.0056
-10.8006
-10.5353
-7.04556
-6.2979
-6.46436
-6.90426
-6.62134
-6.71707
-6.59509
-6.43339
-6.25656
-6.05605
-5.85191
-5.77455
-5.72367
-5.68931
-5.6654
-5.64876
-5.63713
-5.62901
-5.6234
256.78
297.134
277.95
227.65
9.4745
14.2874
49.6621
52.9113
2.84193
2.82492
2.86659
4.19226
2.46566
2.46523
2.42372
2.37137
2.14001
2.08537
1.97626
1.90467
1.52496
1.55591
1.56124
1.56623
1.12619
1.18162
1.27844
1.33387
0.991474
1.02711
1.07484
1.1642
0.997272
1.01802
1.03424
1.05693
1.00881
0.99072
0.978378
0.908586
0.813292
0.747936
0.725531
0.708119
0.557179
0.543648
0.5272
0.507378
0.378617
0.357487
0.336011
0.31373
0.197238
0.172098
0.147404
0.122821
0.0116605
-0.0159509
-0.04271
-0.0688173
-0.178975
-0.208425
-0.236661
-0.263817
-0.376295
-0.407316
-0.436709
-0.464636
-0.58342
-0.615393
-0.645351
-0.673605
-0.805268
-0.835971
-0.864792
-0.892333
-1.04723
-1.07059
-1.09442
-1.11946
-1.3112
-1.31376
-1.32461
-1.34522
-1.59735
-1.55301
-1.53162
-1.54531
-1.95151
-1.84314
-1.78376
-1.82801
-2.56317
-2.50402
-2.43615
-2.41599
-2.96717
-3.014
-2.94242
-2.84543
-2.93119
-2.96871
-2.96306
-2.91903
-2.96979
-2.97292
-2.97185
-2.9647
-3.09869
-3.10149
-3.10315
-3.10311
-3.24037
-3.24808
-3.25679
-3.26213
-3.38773
-3.39727
-3.40726
-3.41567
-3.54362
-3.55372
-3.56418
-3.57472
-3.70572
-3.71583
-3.72564
-3.7356
-3.87524
-3.88549
-3.89533
-3.90492
-4.05238
-4.06246
-4.07208
-4.08135
-4.23636
-4.24586
-4.25492
-4.26359
-4.42611
-4.43458
-4.44267
-4.45041
-4.6205
-4.62754
-4.63432
-4.64082
-4.8183
-4.82365
-4.82887
-4.83392
-5.0183
-5.02183
-5.02537
-5.02887
-5.21953
-5.22123
-5.22307
-5.22499
-5.42119
-5.42117
-5.42137
-5.42173
-5.62096
-5.6194
-5.61811
-5.61707
132.359
135.065
141.825
37.0247
-49.9038
-58.3943
22.9321
47.1731
18.2767
19.5801
10.7415
13.9828
9.90512
16.8098
25.1953
79.2252
83.8214
61.0217
54.9867
11.568
8.6952
31.4174
-10.6328
-67.6641
-61.3102
-42.2224
7.17033
8.02787
11.738
9.60946
6.67519
4.21602
12.9772
31.2045
88.4444
44.5899
9.03178
22.245
1.62152
4.94052
7.3269
19.2836
-10.0279
-28.2509
-9.40316
9.91938
9.66928
9.11616
6.58558
4.92242
3.75071
4.34558
25.3871
27.6658
5.53818
4.89658
7.29372
3.21712
2.864
6.27846
5.74191
-5.82502
14.4627
19.3383
9.66634
9.19278
7.5304
3.23962
3.94876
3.17208
2.57372
2.41811
3.6946
4.15985
3.73656
3.4891
1.72754
0.599508
2.74012
5.12518
0.269432
8.38582
14.8278
10.15
8.58161
2.71646
0.913327
2.5595
2.28524
1.84972
1.73625
2.55409
2.81264
2.66321
2.74544
1.49611
1.35713
7.96986
-8.94419
-15.5218
6.36939
19.0516
10.5364
6.29978
2.51844
2.89447
1.84692
1.13116
1.03941
1.17181
1.62655
2.07268
2.3952
2.63399
1.31412
1.20553
1.12297
0.960868
13.4267
15.5607
4.50499
4.70681
2.69422
2.76402
3.23717
1.84706
0.695852
0.773789
0.892414
1.03733
1.21573
1.94048
2.16732
1.17364
1.09667
0.99147
0.831967
0.521294
0.191668
1.21653
2.33956
2.20063
2.65351
3.00979
-0.322891
0.586089
0.790513
0.714033
0.745018
0.789933
1.57331
1.44691
1.03209
0.95685
0.896227
0.817991
0.592483
0.408373
0.769345
1.04869
2.45115
-1.36442
-0.490317
-3.69648
-0.115227
0.390131
0.332787
0.40983
0.267063
0.577669
0.88402
0.858503
0.784086
0.715376
0.632665
0.508115
0.459444
0.644073
0.84087
0.896013
-0.408499
-0.948563
-1.45385
-0.523694
-0.271409
-0.106309
0.0379361
0.158923
0.244538
0.519551
0.661636
0.59577
0.526479
0.448639
0.380325
0.374877
0.393472
0.362525
-0.318294
-0.10444
-0.411227
-0.907487
-0.914649
-0.757976
-0.545945
-0.376741
-0.0788473
0.0574522
0.203246
0.461683
0.400501
0.334766
0.257278
0.177891
0.137743
0.104247
0.0158091
-0.292532
-0.162351
-0.334013
-1.07992
-1.46066
-1.3974
-0.973313
-0.737957
-0.472327
-0.104026
0.00634352
0.266059
0.205891
0.141604
0.0675319
-0.0260037
-0.113413
-0.19516
-0.427931
-0.836073
-0.633748
-0.74574
-1.45866
-1.99005
-2.02524
-1.4026
-0.983633
-0.764167
-0.322763
-0.20989
0.0729149
0.0134435
-0.0475007
-0.112235
-0.190088
-0.295831
-0.467435
-0.916099
-1.49707
-1.08899
-1.14105
-1.61758
-2.12097
-2.14728
-1.59036
-1.13521
-0.873048
-0.524012
-0.404622
-0.120118
-0.178273
-0.234771
-0.29044
-0.350534
-0.435159
-0.590945
-0.963984
-1.54429
-1.19482
-1.24528
-1.45463
-1.77472
-1.80858
-1.46742
-1.16267
-0.911804
-0.7011
-0.595665
-0.315892
-0.372486
-0.424787
-0.473085
-0.520116
-0.578435
-0.668823
-0.856728
-1.13108
-1.07068
-1.10887
-1.18078
-1.36384
-1.40226
-1.25011
-1.06745
-0.907948
-0.885964
-0.826861
-0.517171
-0.572524
-0.621966
-0.665852
-0.705149
-0.743887
-0.786497
-0.801334
-0.579776
-0.617667
-0.885131
-1.16333
-1.2154
-1.20554
-1.10761
-0.891391
-0.858138
-1.23604
-1.30877
-0.726292
-0.780971
-0.829383
-0.873193
-0.914835
-0.9478
-0.980049
-0.963811
-0.706313
-0.658174
-1.05577
-1.34616
-1.29582
-1.18758
-1.06914
-0.894323
-1.09358
-1.47347
-1.57993
-0.944631
-0.999294
-1.0481
-1.09543
-1.15036
-1.20706
-1.36258
-1.45743
-1.40667
-1.50412
-1.6519
-1.50599
-1.31527
-1.27139
-1.29806
-1.29223
-1.58363
-1.65389
-1.60895
-1.17203
-1.22825
-1.27639
-1.32422
-1.36644
-1.50062
-1.64558
-1.70713
-1.91063
-2.35027
-2.44843
-1.77685
-1.43838
-1.51888
-1.68621
-1.95663
-2.10848
-1.90059
-1.72434
-1.40705
-1.46999
-1.5141
-1.54891
-1.60799
-1.73822
-1.78318
-1.8593
-2.18732
-2.65344
-2.66863
-2.02493
-1.67926
-1.82592
-1.97363
-2.22541
-2.33286
-2.14934
-1.9346
-1.66533
-1.73313
-1.76777
-1.78883
-1.91726
-1.9209
-1.94727
-2.02797
-2.21886
-2.4682
-2.36861
-2.09555
-1.9438
-2.01385
-2.0668
-2.38705
-2.49378
-2.34829
-2.10747
-2.09717
-2.04298
-2.02867
-2.07385
-2.19641
-2.26694
-2.17848
-2.19326
-2.25256
-2.34789
-2.24431
-2.13514
-2.12657
-2.10951
-2.09952
-2.38847
-2.51128
-2.38773
-2.13428
-2.5355
-2.29541
-2.25026
-2.31449
-2.44479
-2.54607
-2.41222
-2.35618
-2.35565
-2.37144
-2.29816
-2.2222
-2.24054
-2.23775
-2.17583
-2.40642
-2.60904
-2.35643
-2.08768
-2.65033
-2.36684
-2.3685
-2.49382
-2.57767
-2.6253
-2.53599
-2.51504
-2.51089
-2.50288
-2.4475
-2.36993
-2.32747
-2.32125
-2.35589
-2.60325
-2.72778
-2.40902
-2.16238
-2.79825
-2.7006
-2.59941
-2.62085
-2.66934
-2.65375
-2.66971
-2.68058
-2.68369
-2.67874
-2.66948
-2.65475
-2.64858
-2.6624
-2.70193
-2.97889
-3.00964
-2.73667
-2.4665
-2.93831
-2.91302
-2.91657
-2.90041
-2.858
-2.84008
-2.85479
-2.86154
-2.86401
-2.86254
-2.85966
-2.85967
-2.86842
-2.89545
-2.97368
-3.22465
-3.19508
-3.02888
-2.83413
-3.10423
-3.14023
-3.14055
-3.0924
-3.0978
-3.06713
-3.0471
-3.04657
-3.04819
-3.04916
-3.0507
-3.05562
-3.06758
-3.09192
-3.14902
-3.30765
-3.29396
-3.2171
-3.16697
-3.27676
-3.30536
-3.3187
-3.30917
-3.31383
-3.27504
-3.23634
-3.2324
-3.23407
-3.23636
-3.23986
-3.24617
-3.25713
-3.27413
-3.29982
-3.34411
-3.33094
-3.35121
-3.36653
-3.43452
-3.46224
-3.49744
-3.53904
-3.55063
-3.50358
-3.43786
-3.4204
-3.42118
-3.42343
-3.42713
-3.43304
-3.44175
-3.45299
-3.46463
-3.47045
-3.46138
-3.49387
-3.51927
-3.59936
-3.63133
-3.67192
-3.7161
-3.7171
-3.67541
-3.63186
-3.60977
-3.60894
-3.60998
-3.61291
-3.61773
-3.62436
-3.63221
-3.63986
-3.64541
-3.65127
-3.66894
-3.69194
-3.75772
-3.7886
-3.82027
-3.84482
-3.84591
-3.82816
-3.80971
-3.80023
-3.79577
-3.79542
-3.7974
-3.80111
-3.80617
-3.81208
-3.81816
-3.8243
-3.83239
-3.84442
-3.85897
-3.92403
-3.94674
-3.96855
-3.98518
-3.99204
-3.99039
-3.9863
-3.9823
-3.97954
-3.97919
-3.98068
-3.98356
-3.98751
-3.99219
-3.99732
-4.00305
-4.01033
-4.01946
-4.0274
-4.09918
-4.11885
-4.13654
-4.15014
-4.15811
-4.16182
-4.16283
-4.16201
-4.16129
-4.16157
-4.16295
-4.1653
-4.16845
-4.1722
-4.17641
-4.18114
-4.18666
-4.19298
-4.1967
-4.28
-4.29742
-4.31259
-4.32455
-4.33264
-4.33783
-4.34068
-4.34171
-4.34229
-4.34314
-4.34452
-4.34651
-4.34904
-4.352
-4.35528
-4.35883
-4.36251
-4.36595
-4.36712
-4.46497
-4.48017
-4.49323
-4.50371
-4.51138
-4.51668
-4.52001
-4.5219
-4.52316
-4.52433
-4.52569
-4.52736
-4.52936
-4.53162
-4.53404
-4.53647
-4.53862
-4.54
-4.53955
-4.65309
-4.66585
-4.67678
-4.68567
-4.69243
-4.69728
-4.70057
-4.70272
-4.70422
-4.70546
-4.70669
-4.70805
-4.70957
-4.7112
-4.71286
-4.71438
-4.71545
-4.71565
-4.71439
-4.84356
-4.85366
-4.86237
-4.86952
-4.87509
-4.87922
-4.88213
-4.88413
-4.88555
-4.88667
-4.88767
-4.88868
-4.88974
-4.89083
-4.89186
-4.89269
-4.89306
-4.89271
-4.89132
-5.03568
-5.04299
-5.04938
-5.05471
-5.05893
-5.06212
-5.06442
-5.06603
-5.06716
-5.06799
-5.06868
-5.06932
-5.06994
-5.07053
-5.07105
-5.07137
-5.07133
-5.07076
-5.06958
-5.22895
-5.23342
-5.23746
-5.24091
-5.24369
-5.24582
-5.24735
-5.24839
-5.24908
-5.24953
-5.24983
-5.25006
-5.25025
-5.2504
-5.25048
-5.25042
-5.25011
-5.24948
-5.24853
-5.42283
-5.42447
-5.42617
-5.42775
-5.42906
-5.43005
-5.43072
-5.43111
-5.43126
-5.43124
-5.4311
-5.4309
-5.43067
-5.4304
-5.4301
-5.42973
-5.42922
-5.42852
-5.42767
-5.61555
-5.61455
-5.61407
-5.61387
-5.61377
-5.61367
-5.61348
-5.61318
-5.61277
-5.61227
-5.61169
-5.61107
-5.61043
-5.60979
-5.60915
-5.6085
-5.60784
-5.60707
-5.60616
1071.24
1034.32
1020.11
999.802
970.717
934.588
891.527
840.434
781.476
718.486
664.436
633.066
632.859
650.208
674.192
696.011
701.519
708.216
698.367
668.471
605.513
557.042
541.48
1013.22
977.672
964.127
942.656
913.492
877.3
833.899
782.361
722.371
656.716
598.721
566.241
567.092
586.154
615.8
640.813
645.382
644.877
634.965
605.454
538.424
487.967
477.455
957.082
922.35
908.74
886.883
857.862
821.356
777.191
724.872
663.268
592.276
524.536
487.419
492.03
519.306
556.001
586.373
595.025
584.676
576.236
542.58
461.986
407.665
409.925
902.366
867.591
853.741
832.16
803.259
766.42
721.295
667.975
604.659
525.381
440.857
397.537
410.429
447.515
492.922
529.448
543.632
529.172
524.121
480.434
361.168
306.486
340.645
848.436
812.333
799.028
778.576
749.71
712.331
665.805
611.446
547.314
456.347
342.731
292.047
321.947
370.508
425.905
470.075
488.404
482.249
480.819
420.133
231.16
170.747
273.427
794.872
757.369
745.388
726.517
697.592
658.965
610.107
554.158
492.337
394.594
249.943
189.05
234.266
293.028
353.771
409.593
430.302
437.464
439.788
365.758
139.775
56.1998
214.244
742.12
703.958
693.435
676.595
647.339
606.279
554.383
495.018
458.636
385.17
189.349
124.716
196.93
257.423
280.813
348.931
372.09
386.76
380.974
280.577
87.9618
4.66273
172.642
691.351
653.942
643.927
629.263
599.184
553.57
492.953
443.77
436.607
353.955
136.048
64.2319
133.77
191.254
208.196
288.133
314.07
325.62
296.087
145.216
31.7421
-0.774447
142.179
562.662
499.033
490.53
419.358
424.317
384.554
392.13
437.144
407.172
379.38
515.597
404.223
105.904
328.112
318.075
344.726
351.083
327.813
445.507
493.6
432.936
454.13
365.775
369.145
309.283
344.266
364.582
331.018
271.631
261.497
236.836
41.2471
172.317
263.405
302.962
311.351
261.485
370.581
428.382
373.519
388.524
303.884
293.434
249.442
294.494
255.282
253.327
136.705
104.416
81.2278
29.1093
67.3168
221.588
274.64
273.854
207.97
286.474
396.904
337.857
317.12
253.187
231.401
199.416
228.177
171.655
189.62
122.637
92.2036
80.8904
20.685
20.9641
139.548
234.059
225.605
169.53
227.529
383.023
301.371
255.76
216.892
192.786
154.712
166.52
119.152
140.493
107.141
84.4386
93.3254
15.6867
13.3258
42.3273
151.936
175.283
146.038
181.582
353.836
275.642
212.429
197.855
122.705
83.0179
112.771
89.7303
81.5033
37.8249
62.0477
98.6881
15.1359
12.3901
22.0826
73.4939
159.662
135.993
137.536
304.994
239.15
192.601
179.157
39.9341
-23.692
57.4725
67.9834
35.3618
19.6368
49.0479
73.8099
15.0489
12.4984
20.9771
37.642
137.257
112.817
96.9846
252.998
191.032
179.28
142.148
-16.9576
-50.2109
-6.39031
64.6569
33.3935
19.1294
38.0444
35.4322
10.9385
12.6563
20.4163
36.102
104.832
88.4408
63.7738
630.332
573.623
564.619
550.697
518.116
458.439
395.793
365.343
262.19
158.276
75.3884
43.1158
82.1474
123.748
111.663
184.371
209.772
210.735
157.809
21.6902
13.3199
30.5156
37.3268
539.241
490.5
484.511
471.036
439.564
376.411
281.776
199.225
78.3001
42.2193
37.9114
49.2195
64.7627
69.6637
47.0657
100.717
110.615
113.901
89.3171
17.131
7.2588
6.45358
4.88715
454.152
405.554
403.373
391.866
365.256
297.336
168.308
39.5179
32.7984
32.5078
32.6566
32.696
35.8743
41.1635
21.5543
38.0834
41.7908
49.9275
33.5643
4.44706
4.94415
5.09052
3.26904
366.048
314.986
316.106
305.592
281.98
231.238
77.6807
33.6468
31.1366
26.9827
28.9299
30.6527
33.9562
27.5964
13.225
14.0364
9.98414
24.8703
18.2235
4.74418
3.85754
3.74438
2.0364
272.16
223.761
226.337
215.708
189.843
139.792
35.7112
26.5482
30.0984
26.1326
25.143
26.7977
24.7334
23.0429
8.07029
3.87238
3.05611
2.53615
2.57749
3.05345
3.09395
2.48985
1.75628
188.882
136.433
133.676
131.739
112.554
76.3666
14.3029
6.01565
11.4832
10.3382
10.9164
14.1324
11.0023
12.8858
6.88952
2.94421
2.67405
2.55366
2.58814
2.46485
2.31498
1.85693
1.46635
95.0482
-7.29878
15.7823
68.1253
51.0963
33.2131
34.5956
10.6741
6.45633
7.58542
5.96471
6.08046
6.94076
5.45111
4.87317
2.33192
1.94957
2.01088
1.96681
2.03462
1.88882
1.27131
1.1341
62.4084
37.3549
24.3139
30.0704
16.2851
24.4073
22.9218
5.09576
4.47556
5.84943
6.16685
5.8894
6.4177
7.83681
4.27325
1.2263
1.48336
1.4895
1.20485
1.44856
1.47743
1.13874
0.995424
86.1277
30.7448
17.2171
-0.465477
1.05668
5.78327
2.35682
3.84156
3.62817
3.71711
4.71518
5.02601
4.58352
7.87413
4.75891
1.50375
2.16778
1.51157
1.36133
1.31604
1.18634
0.939447
1.02005
46.7769
38.1852
13.541
2.90091
1.10999
1.66129
2.4506
3.51953
3.49181
2.20971
2.13118
1.10094
0.259293
2.08065
2.67736
3.66164
1.76663
1.40633
1.25473
1.15488
0.979104
0.70754
0.965327
18.2033
10.8214
12.324
3.3837
-1.30898
-4.0106
-4.70773
1.72852
5.13489
2.95079
1.97292
-0.330039
-1.46907
-3.15894
-1.47642
1.69155
1.3739
1.198
1.06518
0.945468
0.810118
0.727517
0.705922
26.9798
11.6643
4.58873
-0.923516
-2.71341
-5.15079
-5.45791
-0.520086
2.49398
2.43888
1.78194
0.833505
0.0974236
-1.34711
-0.425973
0.776217
0.995783
0.943173
0.854332
0.756075
0.655604
0.566802
0.510853
32.2958
4.60017
0.684468
-0.252219
-2.69262
-3.85524
-3.32582
-1.01693
0.968869
1.53102
1.33868
1.03226
0.804501
0.824317
0.694135
0.778169
0.77485
0.72253
0.650577
0.569411
0.486423
0.409995
0.346454
9.99843
1.16649
0.573797
-0.218926
-2.12924
-3.42153
-3.66642
-2.1786
-0.198331
0.511755
0.778366
0.882264
0.981255
0.865232
0.711531
0.644425
0.587117
0.522703
0.455834
0.384179
0.309753
0.237205
0.170743
5.11408
0.673279
0.0351589
-0.627009
-2.28188
-4.97888
-5.88348
-5.12955
-3.4516
-2.10334
-1.28709
-0.155656
1.02389
1.10832
0.769733
0.455709
0.392204
0.327337
0.266391
0.201673
0.130878
0.0580638
-0.0118734
0.648397
2.32893
-0.95114
-1.94859
-3.88438
-7.36322
-9.65317
-9.40822
-6.73135
-3.70048
-1.98276
-1.2914
0.737362
1.16014
0.668642
0.253772
0.184353
0.12687
0.0815647
0.0253846
-0.0462246
-0.124414
-0.200289
10.8569
-13.7385
-3.1485
-3.34348
-6.29589
-10.6305
-14.1028
-13.9856
-10.2108
-5.46979
-2.58228
-1.75668
0.0429966
0.872676
0.129142
-0.0806863
-0.0893054
-0.0930372
-0.0924426
-0.136102
-0.218034
-0.310546
-0.396352
7.42656
-5.14648
-3.04396
-4.00877
-8.25671
-12.379
-15.6917
-15.5457
-11.6439
-7.00768
-3.84296
-2.92982
-1.87433
-0.577611
-1.12251
-0.759277
-0.546912
-0.372762
-0.238908
-0.26875
-0.38627
-0.508045
-0.606751
24.1196
0.612263
-2.1131
-3.94657
-7.61626
-10.8664
-13.5721
-13.5819
-10.8504
-7.83169
-5.62546
-5.05621
-5.25679
-4.22379
-2.75557
-1.76624
-1.3167
-0.925229
-0.501902
-0.401027
-0.583746
-0.744556
-0.84658
25.1685
2.22307
-8.15034
-4.79361
-5.71437
-6.97743
-8.69633
-9.77142
-8.85169
-6.80783
-5.78897
-6.04168
-7.63878
-7.48949
-4.25838
-2.8225
-2.5026
-2.59609
-2.23035
-1.02177
-0.911513
-1.0966
-1.14238
-16.9786
-16.8147
-6.24023
-3.97458
-1.89699
-2.00645
-3.83838
-5.6006
-5.82202
-5.91181
-5.16406
-5.25441
-6.21299
-5.7206
-4.20036
-3.14123
-3.08875
-3.59913
-3.02088
-2.29
-1.85142
-1.69185
-1.52943
-20.2895
-4.60846
-4.32316
-1.67804
2.47839
2.59043
-0.520752
-2.46724
-4.71585
-6.29856
-3.86102
-4.19932
-4.70409
-4.41051
-3.53352
-2.72321
-2.65863
-3.12662
-3.21573
-3.54705
-3.42077
-2.51853
-2.02095
-0.497917
-5.14551
-6.25548
-3.06497
3.83719
1.79035
0.00529518
-1.08082
-4.16206
-4.80176
-3.46759
-3.72944
-3.82126
-3.64296
-3.33679
-2.62958
-2.61941
-2.982
-3.48288
-4.32491
-4.61294
-3.13888
-2.52618
8.73258
-1.86006
-3.4685
-1.35941
-2.45539
0.0211018
-0.0790233
-0.471894
-1.88921
-2.58491
-2.97585
-3.88428
-3.40234
-3.234
-3.39997
-2.95619
-2.85031
-3.01118
-3.43764
-3.94956
-3.84842
-3.14895
-2.83071
2.20696
-0.454803
-0.237893
-0.420396
-0.613027
-0.334071
-0.409427
-0.745616
-1.49793
-2.2217
-2.64388
-3.43196
-3.07971
-2.99525
-3.1124
-2.95025
-2.89565
-2.96934
-3.12948
-3.25576
-3.16307
-2.98994
-2.88153
-2.48661
-2.89434
-0.267202
-0.030231
-0.0519896
-0.41834
-0.599049
-0.895219
-1.51204
-1.99678
-2.2316
-2.70972
-2.83583
-2.99497
-2.88209
-2.86536
-2.91897
-2.97799
-3.04691
-3.08237
-3.04747
-2.98074
-2.92751
-4.02266
-2.41772
-1.24498
0.205608
-0.602378
-0.647058
-0.844468
-1.12491
-1.48233
-1.87563
-2.21753
-2.47589
-2.74559
-2.8489
-2.85414
-2.90639
-2.96717
-3.02316
-3.06797
-3.08721
-3.07692
-3.05251
-3.033
-3.656
-2.55587
-3.08129
-0.512833
-0.908529
-1.00091
-1.12153
-1.33987
-1.64486
-1.97033
-2.22961
-2.45839
-2.66434
-2.79242
-2.87807
-2.95921
-3.03146
-3.09031
-3.13257
-3.15556
-3.16157
-3.15969
-3.15987
-4.83954
-1.92661
-3.76664
-4.24454
-1.55436
-1.34385
-1.37464
-1.53571
-1.77598
-2.03584
-2.27035
-2.47927
-2.66255
-2.80693
-2.92458
-3.02577
-3.10988
-3.17582
-3.22369
-3.2549
-3.27347
-3.28542
-3.29648
2.103
-2.76446
-2.5812
-1.95959
-1.72757
-1.5216
-1.56576
-1.71218
-1.91764
-2.13787
-2.34337
-2.53164
-2.70538
-2.86104
-2.99734
-3.11314
-3.20746
-3.28105
-3.33602
-3.37544
-3.40346
-3.4248
-3.44354
-4.01868
-2.49276
-2.49174
-2.31885
-1.63161
-1.68424
-1.74921
-1.89403
-2.08155
-2.2734
-2.44776
-2.6126
-2.78071
-2.94839
-3.10023
-3.22726
-3.32897
-3.40819
-3.46856
-3.51395
-3.54839
-3.57581
-3.59949
-1.9709
-2.27635
-2.37231
-2.37542
-1.93183
-1.90242
-1.97099
-2.12175
-2.30689
-2.47875
-2.60693
-2.72888
-2.88752
-3.07229
-3.24053
-3.37422
-3.47823
-3.55879
-3.62105
-3.66921
-3.70701
-3.7377
-3.76387
-1.69191
-2.38714
-2.43373
-2.34134
-2.17956
-2.17888
-2.26908
-2.45515
-2.66874
-2.87426
-2.9869
-3.0382
-3.08784
-3.25325
-3.43028
-3.5591
-3.65646
-3.73244
-3.7924
-3.84006
-3.87844
-3.91009
-3.93701
-3.05701
-2.53516
-2.5838
-2.57357
-2.56596
-2.55896
-2.6736
-2.92208
-3.25213
-3.66288
-3.97084
-3.89847
-3.59183
-3.53967
-3.68455
-3.78367
-3.86233
-3.92743
-3.98118
-4.02538
-4.06188
-4.09242
-4.11853
-3.41235
-3.06821
-3.31462
-3.24672
-3.0557
-3.0473
-3.21957
-3.56645
-3.9231
-4.22226
-4.29967
-4.21816
-4.06506
-3.97115
-3.99352
-4.04218
-4.09438
-4.14349
-4.18711
-4.22464
-4.25661
-4.28394
-4.30764
-3.39998
-3.55881
-3.79099
-3.71597
-3.5955
-3.64397
-3.91127
-4.25558
-4.45616
-4.52219
-4.52866
-4.58402
-4.45734
-4.33551
-4.30635
-4.32002
-4.34842
-4.37922
-4.40909
-4.4366
-4.46134
-4.48343
-4.50321
-2.77768
-4.61509
-4.47401
-4.30971
-4.22735
-4.32761
-4.66035
-4.9643
-5.11897
-5.14475
-4.97105
-4.93229
-4.83551
-4.66551
-4.63166
-4.6232
-4.62215
-4.63048
-4.64327
-4.65815
-4.67368
-4.68903
-4.70376
-6.22374
-7.68836
-3.61902
-4.77236
-4.92007
-5.03496
-5.37478
-5.68598
-6.06448
-6.36347
-5.791
-5.46244
-5.2762
-5.10911
-5.02214
-4.95708
-4.91199
-4.89079
-4.88391
-4.885
-4.89057
-4.89855
-4.90766
-9.18814
-5.13862
-3.30369
-5.78127
-5.90277
-5.73565
-5.94853
-6.27337
-6.82393
-7.39487
-6.48173
-5.91129
-5.66187
-5.51109
-5.4759
-5.30963
-5.19605
-5.14765
-5.12327
-5.11208
-5.1086
-5.10963
-5.11323
-8.94822
-5.66767
-4.95441
-6.55183
-6.81911
-6.30618
-6.29309
-6.52894
-6.80473
-6.96934
-6.51337
-6.17797
-5.9663
-5.8199
-5.77931
-5.59197
-5.44432
-5.38764
-5.35442
-5.33557
-5.32554
-5.32092
-5.31962
-6.78077
-5.08305
-8.4087
-8.96165
-8.06209
-6.58193
-6.39309
-6.6171
-6.59846
-6.58556
-6.57539
-6.39917
-6.21656
-6.0386
-5.87224
-5.72315
-5.65216
-5.60328
-5.57138
-5.55084
-5.53765
-5.5293
-5.52419
-7.67454
-11.213
-50.8627
-13.9713
-7.759
-6.28565
-6.20278
-6.74113
-7.45584
-6.94717
-6.77288
-6.66736
-6.52592
-6.3425
-6.09807
-5.88993
-5.84466
-5.80973
-5.7847
-5.76561
-5.75084
-5.73943
-5.73069
37.6258
115.488
160.556
153.268
2.92181
2.99332
4.39491
15.2251
2.67847
2.64587
2.61396
2.56844
2.33978
2.35309
2.26363
2.16218
1.81949
1.83288
1.76924
1.72219
1.28023
1.30596
1.38563
1.43387
1.03963
1.05468
1.10769
1.21348
0.973494
0.998861
1.0289
1.07791
1.01514
1.01955
1.01412
1.01238
0.969982
0.940729
0.876773
0.818391
0.668122
0.64631
0.633852
0.615697
0.477034
0.459226
0.440712
0.420588
0.30027
0.276649
0.253378
0.230008
0.118575
0.0916727
0.0655423
0.0399413
-0.0682604
-0.0973741
-0.125417
-0.152507
-0.260971
-0.291963
-0.321514
-0.349712
-0.461801
-0.494426
-0.525113
-0.554072
-0.675299
-0.70833
-0.739015
-0.767869
-0.908578
-0.937782
-0.965305
-0.991898
-1.16955
-1.1839
-1.20073
-1.22163
-1.46357
-1.44088
-1.43117
-1.4392
-1.80547
-1.71357
-1.64395
-1.62618
-2.27638
-2.17271
-2.07923
-2.07616
-2.81634
-2.88847
-2.8329
-2.72736
-2.92164
-2.99674
-3.0063
-2.948
-2.92478
-2.94036
-2.9511
-2.94141
-3.0298
-3.03095
-3.03089
-3.02777
-3.16663
-3.17192
-3.17765
-3.1833
-3.3088
-3.31708
-3.32634
-3.33477
-3.46013
-3.46988
-3.48025
-3.49064
-3.6187
-3.62883
-3.63886
-3.64907
-3.78424
-3.79468
-3.80468
-3.8144
-3.9576
-3.96806
-3.97803
-3.98763
-4.13847
-4.14856
-4.15817
-4.16736
-4.32589
-4.33516
-4.34398
-4.35242
-4.51877
-4.52674
-4.53438
-4.54169
-4.71586
-4.72218
-4.7283
-4.73422
-4.91587
-4.92034
-4.92476
-4.9291
-5.11751
-5.12007
-5.12273
-5.12543
-5.32017
-5.32087
-5.32179
-5.32287
-5.52159
-5.52066
-5.51999
-5.51955
-5.72487
-5.72223
-5.71994
-5.71795
58.4819
22.8162
72.0166
54.336
-40.9142
-58.081
-58.5004
12.5534
15.4649
12.4526
13.7147
10.863
6.11526
12.5382
21.3599
37.1868
78.3552
55.5173
29.8581
6.25684
5.07694
6.18957
9.58652
-26.7436
-49.7853
-47.1743
-17.0164
13.0905
9.92641
8.97534
6.20001
4.56679
16.0673
37.9543
71.8182
42.5244
6.40456
5.08053
2.52255
2.78432
5.86426
8.80052
25.8122
-16.091
9.82039
7.15676
15.1922
9.03258
7.03798
4.6946
4.01123
3.05402
2.56949
2.28661
4.96935
4.67821
3.83094
2.02082
2.21113
2.919
6.25954
6.30347
4.32937
15.1863
12.2432
8.98095
8.08143
-0.749438
2.60087
3.08747
2.55455
2.10411
2.49121
3.37637
3.13025
2.69861
1.69528
1.52118
1.21779
-2.02233
2.48954
2.87965
9.9153
14.5079
9.23548
5.37793
1.72696
2.31165
1.78197
1.55729
1.30173
1.77977
2.2945
2.59677
2.50569
1.43954
1.33983
1.17036
11.4215
3.51514
9.05108
16.1641
12.9143
5.53231
3.11786
3.59027
2.8556
1.08419
0.869316
0.849189
1.16219
1.36382
1.92401
2.29652
1.25898
1.20282
1.09479
0.943548
0.719142
3.88623
0.169424
2.50675
2.47757
2.54137
2.89502
3.03373
0.699291
0.818581
0.762866
0.83402
0.939822
1.34419
1.81181
1.12584
1.06926
0.995495
0.9088
0.718416
0.398878
0.621629
1.29483
1.79556
2.20327
0.826016
-8.35122
-1.56209
0.629557
0.619709
0.57111
0.566647
0.614659
1.24175
0.975249
0.909932
0.840062
0.776085
0.657811
0.458755
0.541024
0.874173
1.19809
0.419892
0.998769
-2.07959
-1.1539
-0.0402535
0.0399697
0.167211
0.247786
0.174027
0.642652
0.793551
0.726456
0.656179
0.58263
0.494215
0.441561
0.480808
0.618869
0.349271
-0.310405
-0.533598
-1.0111
-0.860011
-0.590807
-0.416159
-0.254433
-0.046716
0.103029
0.219247
0.587966
0.530407
0.465329
0.394465
0.314719
0.2791
0.248959
0.21756
-0.0271941
-0.239048
-0.116778
-0.595148
-1.11917
-1.13622
-0.900797
-0.654764
-0.482014
-0.0732462
0.0297784
0.391393
0.333879
0.271033
0.201756
0.115698
0.0291009
-0.0110278
-0.0754918
-0.35423
-0.471756
-0.362305
-0.852442
-1.58165
-1.81417
-1.52726
-0.990584
-0.807803
-0.33431
-0.154012
0.198167
0.139712
0.0784189
0.0132154
-0.064104
-0.160561
-0.267285
-0.452477
-1.15311
-1.05626
-0.888394
-1.21565
-1.90281
-2.20994
-1.92963
-1.24537
-0.962567
-0.617696
-0.361285
0.00610904
-0.0529059
-0.111703
-0.170654
-0.233626
-0.313597
-0.439124
-0.661002
-1.55414
-1.32707
-1.1584
-1.34706
-1.80991
-2.06376
-1.8473
-1.31317
-1.0463
-0.740186
-0.563667
-0.18763
-0.246549
-0.302363
-0.355291
-0.407182
-0.465159
-0.55658
-0.720435
-1.29217
-1.21585
-1.18808
-1.22508
-1.43994
-1.5955
-1.50205
-1.23082
-1.02023
-0.838603
-0.744024
-0.385723
-0.444292
-0.497575
-0.545643
-0.589313
-0.632511
-0.687204
-0.765897
-0.806425
-0.754343
-0.914205
-1.03518
-1.20927
-1.27103
-1.22855
-1.0852
-0.879631
-0.947752
-1.09812
-0.590646
-0.648929
-0.700662
-0.746499
-0.78706
-0.823958
-0.853622
-0.870262
-0.744726
-0.463797
-0.702194
-1.12851
-1.28248
-1.22589
-1.13045
-0.974549
-0.829649
-1.19338
-1.59815
-0.804338
-0.862434
-0.913716
-0.960214
-1.00621
-1.05248
-1.10179
-1.19521
-1.131
-0.975825
-1.13742
-1.40995
-1.36494
-1.24937
-1.20532
-1.05818
-1.12755
-1.40124
-1.67268
-1.02718
-1.08584
-1.13731
-1.18477
-1.23744
-1.2916
-1.43505
-1.59437
-1.62669
-1.82276
-2.09467
-1.8568
-1.45341
-1.30805
-1.47268
-1.49091
-1.84934
-1.84238
-1.69223
-1.25532
-1.32023
-1.37111
-1.41619
-1.45148
-1.55475
-1.685
-1.74569
-1.85167
-2.36071
-2.75524
-2.28033
-1.69334
-1.51943
-1.80467
-1.92077
-2.24911
-2.16842
-1.91428
-1.47685
-1.57472
-1.61742
-1.65762
-1.68384
-1.81646
-1.83061
-1.90886
-2.02061
-2.44365
-2.62099
-2.29555
-1.94462
-1.82823
-1.98278
-2.09661
-2.43295
-2.3873
-2.13508
-1.7061
-1.90405
-1.8824
-1.91445
-2.0067
-2.06815
-2.05251
-2.08055
-2.14374
-2.34538
-2.35069
-2.17838
-2.0753
-2.03959
-2.06144
-2.20718
-2.52272
-2.49359
-2.21453
-2.231
-2.32751
-2.14575
-2.16501
-2.26648
-2.4143
-2.41969
-2.26111
-2.27368
-2.33125
-2.31224
-2.20579
-2.17931
-2.21049
-2.11973
-2.20809
-2.47259
-2.53139
-2.18787
-2.64923
-2.44065
-2.2994
-2.389
-2.44129
-2.58317
-2.56627
-2.44546
-2.43163
-2.43054
-2.39766
-2.31895
-2.26583
-2.27181
-2.26293
-2.3294
-2.59473
-2.58943
-2.17581
-2.82054
-2.63671
-2.43226
-2.47128
-2.5825
-2.6355
-2.60835
-2.59144
-2.59726
-2.59383
-2.58106
-2.53595
-2.48535
-2.47637
-2.47638
-2.63748
-2.87961
-2.72435
-2.38514
-2.90571
-2.83388
-2.80249
-2.76911
-2.76883
-2.72678
-2.7443
-2.76425
-2.77263
-2.77218
-2.76704
-2.76119
-2.76229
-2.77465
-2.81022
-2.96848
-3.17399
-3.01988
-2.73684
-3.02247
-3.01917
-3.0386
-3.01301
-3.00559
-2.97516
-2.95875
-2.95249
-2.95513
-2.95592
-2.95539
-2.95624
-2.96264
-2.98022
-3.0171
-3.15453
-3.30275
-3.19286
-3.09196
-3.18341
-3.21244
-3.24266
-3.20466
-3.19583
-3.18414
-3.14958
-3.13888
-3.14004
-3.14183
-3.14391
-3.14795
-3.15643
-3.17238
-3.19946
-3.27028
-3.33484
-3.28717
-3.30484
-3.3432
-3.3664
-3.39648
-3.41556
-3.43842
-3.42206
-3.36023
-3.32488
-3.32652
-3.32861
-3.33159
-3.33644
-3.34438
-3.35628
-3.37131
-3.38897
-3.38573
-3.38197
-3.46504
-3.50384
-3.53159
-3.56445
-3.6125
-3.64634
-3.62296
-3.56612
-3.51849
-3.51506
-3.51577
-3.51827
-3.52261
-3.52913
-3.53772
-3.54725
-3.55511
-3.55781
-3.56633
-3.59994
-3.6635
-3.69538
-3.73132
-3.76879
-3.78835
-3.76833
-3.73529
-3.70957
-3.70369
-3.70246
-3.70386
-3.70722
-3.71228
-3.71864
-3.72551
-3.73183
-3.73816
-3.74807
-3.76801
-3.8274
-3.85175
-3.878
-3.90241
-3.91508
-3.91211
-3.90316
-3.89638
-3.88948
-3.88744
-3.88812
-3.89064
-3.89454
-3.89944
-3.9049
-3.91062
-3.91739
-3.92647
-3.94033
-4.00009
-4.02138
-4.04183
-4.05935
-4.07078
-4.07445
-4.07548
-4.07363
-4.07123
-4.07035
-4.07105
-4.07308
-4.07617
-4.08005
-4.0845
-4.08943
-4.09522
-4.10227
-4.11194
-4.17914
-4.19845
-4.21603
-4.23073
-4.24125
-4.24705
-4.25079
-4.25183
-4.25179
-4.25203
-4.25301
-4.25479
-4.2573
-4.2604
-4.26395
-4.26789
-4.27225
-4.27697
-4.28161
-4.36316
-4.38045
-4.39574
-4.40851
-4.41811
-4.42455
-4.42886
-4.43108
-4.43224
-4.4332
-4.4344
-4.436
-4.43805
-4.44049
-4.44322
-4.44614
-4.44911
-4.45178
-4.45302
-4.55101
-4.56593
-4.57898
-4.58988
-4.59836
-4.60447
-4.60868
-4.61131
-4.61299
-4.61428
-4.61553
-4.61693
-4.61857
-4.62043
-4.62242
-4.62443
-4.62624
-4.62748
-4.62683
-4.7418
-4.75399
-4.76466
-4.77361
-4.78072
-4.78604
-4.78983
-4.7924
-4.79415
-4.79547
-4.79661
-4.79776
-4.799
-4.80032
-4.80168
-4.80294
-4.80392
-4.80428
-4.80298
-4.93474
-4.94395
-4.95211
-4.95903
-4.96461
-4.96888
-4.972
-4.97419
-4.97573
-4.97685
-4.97776
-4.97859
-4.97942
-4.98026
-4.98107
-4.98175
-4.98214
-4.98204
-4.98081
-5.12905
-5.13518
-5.14077
-5.14559
-5.14954
-5.15262
-5.1549
-5.15652
-5.15764
-5.15841
-5.15897
-5.15944
-5.15985
-5.16025
-5.16058
-5.1608
-5.16081
-5.16048
-5.15953
-5.32447
-5.32749
-5.33047
-5.33317
-5.33545
-5.33725
-5.33858
-5.33948
-5.34004
-5.34035
-5.34049
-5.34054
-5.34053
-5.34049
-5.3404
-5.34024
-5.33994
-5.33949
-5.33879
-5.51921
-5.51926
-5.51975
-5.52042
-5.52107
-5.5216
-5.52194
-5.52209
-5.52205
-5.52185
-5.52154
-5.52116
-5.52074
-5.52029
-5.51984
-5.51935
-5.51881
-5.51824
-5.51772
-5.71569
-5.71272
-5.71069
-5.7093
-5.70832
-5.70756
-5.70689
-5.70623
-5.70551
-5.70474
-5.7039
-5.70303
-5.70214
-5.70125
-5.70038
-5.69954
-5.69874
-5.69799
-5.69741
1039.19
1027.79
1011.28
986.196
953.482
913.996
867.023
811.83
749.986
689.32
645.4
628.776
641.45
660.683
686.589
702.039
698.813
707.103
688.983
637.623
577.146
546.084
540.847
982.318
971.543
954.459
928.974
896.254
856.562
809.19
753.387
689.769
625.391
578.672
562.8
575.737
599.72
630.274
647.103
641.081
640.795
627.173
573.7
507.514
479.501
477.48
927.029
916.304
898.908
873.255
840.568
800.246
752.104
695.333
628.655
556.337
500.641
485.297
504.115
537.033
573.117
595.446
589.388
579.306
565.986
505.954
425.232
406.022
411.994
872.702
861.109
844.096
818.614
785.914
744.87
695.682
637.908
567.166
481.467
411.285
398.789
427.481
469.809
513.63
540.613
537.163
527.852
510.89
427.111
315.13
324.275
346.158
818.553
805.558
790.167
765.145
732.308
690.119
639.53
581.341
506.238
399.016
304.409
301.355
345.564
397.506
451.755
481.863
486.184
484.164
464.626
338.794
161.589
232.939
283.131
764.774
750.483
737.595
713.243
679.705
635.659
582.664
525.492
450.007
324.763
202.027
204.867
265.76
320.778
387.426
421.963
434.578
441.384
418.252
269.538
44.4464
146.731
229.66
712.401
696.46
687.301
663.376
628.338
581.602
524.184
474.181
434.198
292.85
133.522
157.24
235.852
266.454
322.685
362.406
379.774
390.192
344.947
194.171
-4.02311
97.1505
189.374
662.682
644.936
639.353
615.976
578.568
524.607
461.8
446.151
409.652
257.027
63.2206
93.1563
174.275
199.262
257.885
303.497
321.509
321.674
231.505
78.8306
-6.93983
72.8651
149.122
497.404
520.183
449.749
422.192
398.078
382.29
418.936
422.594
387.627
417.672
566.389
161.657
203.776
360.755
291.976
361.075
340.385
373.766
434.118
410.591
465.901
404.357
369.281
339.637
314.778
373.215
340.113
311.894
242.368
363.199
67.3941
75.3893
262.402
248.34
349.699
269.16
300.945
375.83
370.85
394.284
338.71
304.249
262.216
268.792
287.136
253.384
214.668
103.758
116.445
46.8318
26.2692
161.803
234.609
329.26
221.583
235.163
313.493
359.148
327.284
281.665
254.613
206.261
212.059
200.393
178.165
149.788
99.8071
94.4336
39.8964
18.1303
65.384
180.914
277.913
185.522
186.246
248.231
345.755
268.002
240.174
210.854
165.744
161.708
143.26
124.666
140.649
80.463
102.56
25.3305
14.0311
17.8596
99.0879
205.188
162.985
151.988
202.089
307.666
226.399
209.144
165.387
80.9559
95.0517
110.948
85.9548
70.2722
39.4952
98.6404
21.4562
12.3763
15.4628
31.2797
153.839
151.896
123.193
148.229
256.953
210.531
194.706
123.654
-13.6963
6.24539
80.2435
59.813
22.1033
12.0197
76.2097
24.4448
12.1289
15.1077
24.6614
121.523
127.665
98.3099
102.007
199.813
178.393
171.358
78.0269
-41.4369
-49.3476
51.1906
56.8376
19.3841
23.5981
38.5699
18.4295
13.0682
15.7408
24.6502
92.4555
98.9176
76.2027
74.5715
579.596
567.168
561.185
536.547
493.27
421.038
381.768
324.649
206.739
118.511
45.0306
57.3394
108.594
111.475
151.699
199.923
213.759
196.248
79.4214
20.1091
11.2234
66.6277
16.7647
494.433
486.481
481.386
457.266
414.493
322.893
243.546
134.405
53.3283
37.1834
40.8552
50.4536
78.3136
44.7521
79.3158
107.561
112.659
109.857
50.2919
7.81878
6.63411
8.03463
2.89174
409.166
403.182
401.117
379.677
344.336
231.546
99.9266
34.4245
32.6857
32.3102
33.0131
32.822
45.6377
28.045
25.3918
42.7175
44.539
51.2763
4.47561
4.59269
5.34474
4.09976
2.4013
316.191
315.028
313.513
294.692
269.459
148.052
36.153
32.5955
29.0487
26.5551
30.8227
32.0556
33.3696
18.3809
12.4127
16.2757
24.6542
19.4526
5.36359
4.27383
4.02233
2.98232
2.19155
225.49
225.011
224.05
204.33
171.347
88.0339
20.9962
30.3922
27.9489
23.757
26.4987
25.2745
26.1983
8.5053
8.09845
3.04967
2.64439
2.3886
2.86061
3.08025
2.91997
1.96227
1.77496
142.326
133.076
136.06
122.902
97.9296
51.955
4.60182
9.46479
10.7625
10.3076
13.6464
12.5974
11.2982
6.73781
3.44019
2.8133
2.58083
2.56388
2.55841
2.40981
2.0443
1.66416
1.32005
22.8076
-7.48188
52.0797
62.2632
42.1069
28.6736
25.8513
8.24121
7.63126
6.86691
5.67709
6.58331
6.58567
5.69394
2.65621
2.09879
1.99364
1.99283
2.07196
1.93781
1.57009
1.20143
1.05583
61.5509
30.3747
27.0346
21.0325
22.0339
23.0756
12.9366
4.39488
4.49758
6.35934
5.90495
6.09199
6.45542
6.83637
1.43614
1.26205
1.58102
1.28421
1.35597
1.4446
1.39146
1.03363
0.972019
43.97
27.2511
5.24016
-0.78893
2.9792
6.01232
3.165
3.86177
3.65296
4.38183
4.928
4.87815
6.468
7.50262
2.3054
2.02842
1.63771
1.42831
1.34649
1.27185
1.03837
0.992785
1.01982
41.7463
20.8419
6.66872
1.61478
1.01093
2.28118
2.42096
3.68311
3.05875
2.12929
1.81095
0.350625
0.785118
2.92385
2.70194
3.39626
1.48021
1.32712
1.19993
1.1001
0.78151
0.870755
0.979017
12.7841
10.8905
6.99159
1.24586
-3.0268
-4.57455
-2.19853
4.26119
5.12796
2.51877
1.0272
-1.46009
-1.3442
-3.42271
0.194772
1.60654
1.27065
1.12821
1.00544
0.880058
0.760357
0.713983
0.688072
11.989
7.79794
0.378356
-1.63576
-4.07416
-5.61564
-5.03074
2.46711
2.39729
2.17674
1.27705
0.542973
-0.866336
-1.15893
0.444128
0.946652
0.978082
0.900877
0.805735
0.705745
0.607411
0.534903
0.490751
11.6329
1.11283
0.444724
-1.48073
-3.45713
-3.87074
-2.39344
0.257757
1.39661
1.48553
1.15863
0.928158
0.77283
0.756523
0.765025
0.786872
0.751949
0.688316
0.610639
0.527691
0.446855
0.376505
0.319113
2.51445
0.582733
0.327911
-1.22596
-2.80799
-3.81541
-3.04757
-1.11512
0.297473
0.689227
0.8379
0.946986
0.933395
0.770382
0.677619
0.619308
0.554736
0.48987
0.420558
0.34706
0.272921
0.203082
0.140087
3.07818
0.138063
-0.207753
-1.20852
-3.71512
-5.68401
-5.70048
-4.31508
-2.67698
-1.70792
-0.719087
0.682981
1.11385
0.985048
0.566469
0.422646
0.359354
0.296835
0.234855
0.166866
0.0943774
0.0225188
-0.0449282
-0.147022
-0.788985
-1.48641
-2.59391
-5.79618
-8.69779
-9.89236
-8.28284
-5.0946
-2.6677
-1.61575
-0.594271
1.16676
0.967328
0.395759
0.210686
0.153841
0.104356
0.0556049
-0.00891384
-0.085156
-0.163001
-0.235967
-0.924313
-4.79122
-3.15223
-4.26075
-8.50776
-12.7046
-14.5409
-12.4656
-7.69732
-3.76286
-1.98769
-1.21779
1.35384
0.513261
-0.0448951
-0.0821007
-0.09503
-0.0891841
-0.108029
-0.174053
-0.26444
-0.354755
-0.435164
-2.6329
-2.63502
-3.4298
-5.85403
-10.2632
-14.4193
-16.1241
-13.9632
-9.14375
-5.25438
-3.11936
-2.67666
-0.679444
-1.10623
-0.969391
-0.632127
-0.461845
-0.291227
-0.235216
-0.323273
-0.44946
-0.560417
-0.647922
9.73173
-0.0717095
-3.02845
-5.79708
-9.19169
-12.5067
-13.9645
-12.4375
-9.27499
-6.59755
-5.17247
-5.25268
-4.94025
-3.27272
-2.18923
-1.50836
-1.13781
-0.699383
-0.401038
-0.481438
-0.672582
-0.801165
-0.884261
-8.60513
2.47169
-4.91257
-5.01664
-6.3059
-7.83837
-9.41755
-9.53548
-7.75704
-6.15102
-5.77845
-6.50086
-9.00026
-5.63549
-3.36047
-2.54959
-2.5525
-2.47519
-1.57621
-0.847146
-1.03853
-1.12136
-1.15885
-48.2009
-7.94886
-5.61374
-2.67122
-1.68325
-2.81736
-4.99268
-5.68646
-6.08315
-5.55702
-4.97718
-5.72646
-6.24165
-5.085
-3.55498
-2.96598
-3.51946
-3.25086
-2.79017
-1.92163
-1.74281
-1.58599
-1.48758
-10.508
-3.92532
-4.06888
1.09179
3.02954
1.21514
-1.7798
-3.50367
-5.62175
-6.11578
-3.83627
-4.52376
-4.6533
-4.00149
-3.08996
-2.55878
-2.90252
-3.21076
-3.26828
-3.63743
-3.02534
-2.19586
-1.88532
-9.15283
-5.47587
-7.29298
2.75883
3.34009
0.484693
-0.454675
-2.31167
-4.98174
-3.58253
-3.57601
-3.83077
-3.74155
-3.53859
-2.96844
-2.5395
-2.77531
-3.22036
-3.76431
-5.20675
-3.80473
-2.76458
-2.36407
-1.20074
-3.30088
-3.22275
-0.735177
0.300134
0.037512
-0.231943
-0.777707
-2.38235
-2.74328
-3.46818
-3.62999
-3.27403
-3.31884
-3.2509
-2.85943
-2.8961
-3.19666
-3.7046
-4.05405
-3.45252
-2.95507
-2.78143
-1.56307
-0.368204
-0.362496
-0.196167
-0.454606
-0.327742
-0.55444
-1.05656
-1.93142
-2.39428
-3.23317
-3.28139
-2.94136
-3.10537
-3.04841
-2.88997
-2.91996
-3.04032
-3.21559
-3.24127
-3.06968
-2.92328
-2.87901
-3.75795
0.105776
-0.0980181
0.128856
-0.442044
-0.509254
-0.727156
-1.13536
-1.8425
-2.08031
-2.5042
-2.75362
-2.94601
-2.87709
-2.85494
-2.89205
-2.94652
-3.01275
-3.07252
-3.07229
-3.01514
-2.94954
-2.91886
-4.70309
-0.231195
-0.874332
-0.07277
-0.665308
-0.735846
-0.971961
-1.30131
-1.67151
-2.08067
-2.3393
-2.61832
-2.82844
-2.84217
-2.87747
-2.93708
-2.99604
-3.04772
-3.08165
-3.08505
-3.06526
-3.04105
-3.02952
-3.86018
-3.03891
-0.722933
-0.834473
-0.963922
-1.04636
-1.21747
-1.48389
-1.81313
-2.10722
-2.34443
-2.5675
-2.73933
-2.83506
-2.91942
-2.9968
-3.06274
-3.11375
-3.14648
-3.16021
-3.16097
-3.15896
-3.16301
-0.447069
-2.66501
-3.59472
-2.99337
-1.34505
-1.33768
-1.44334
-1.6493
-1.90741
-2.15694
-2.37739
-2.57519
-2.73945
-2.86796
-2.9772
-3.07006
-3.14514
-3.20197
-3.2412
-3.26541
-3.27989
-3.29076
-3.30307
-3.75038
-2.55421
-0.892846
-2.53829
-1.53795
-1.52746
-1.62887
-1.81039
-2.02841
-2.24314
-2.43928
-2.62053
-2.78561
-2.93165
-3.0579
-3.16298
-3.24674
-3.3107
-3.35744
-3.39058
-3.41467
-3.43429
-3.45289
-2.98386
-2.65245
-2.42239
-2.14635
-1.68582
-1.70519
-1.81392
-1.98497
-2.17899
-2.36285
-2.53024
-2.69607
-2.86548
-3.02714
-3.16699
-3.28114
-3.37117
-3.44049
-3.49288
-3.53229
-3.56275
-3.58794
-3.61066
-1.77634
-2.46537
-2.45788
-2.05325
-1.89577
-1.92292
-2.0386
-2.21331
-2.39712
-2.54772
-2.66453
-2.80358
-2.97873
-3.16071
-3.3115
-3.42953
-3.52109
-3.59193
-3.64665
-3.68919
-3.72307
-3.75122
-3.77583
-1.81129
-2.4621
-2.56671
-2.16327
-2.16067
-2.20657
-2.3534
-2.56282
-2.77321
-2.95023
-3.01573
-3.05618
-3.15509
-3.34894
-3.49957
-3.61091
-3.69673
-3.76417
-3.81757
-3.86024
-3.89496
-3.92404
-3.94915
-3.06393
-2.44904
-2.76894
-2.69005
-2.56107
-2.59818
-2.78181
-3.08149
-3.44494
-3.85547
-3.98357
-3.74369
-3.51977
-3.61955
-3.73718
-3.82497
-3.8964
-3.95561
-4.00436
-4.04448
-4.07779
-4.10595
-4.13029
-4.36383
-3.37281
-3.42419
-3.10834
-3.03906
-3.11318
-3.37741
-3.75413
-4.08886
-4.28433
-4.26598
-4.15481
-3.99192
-3.97681
-4.01654
-4.06866
-4.11949
-4.16605
-4.20662
-4.24127
-4.27079
-4.29619
-4.3184
-0.342232
-3.90669
-3.91863
-3.60412
-3.58853
-3.75294
-4.0912
-4.3739
-4.50597
-4.52074
-4.56083
-4.54197
-4.3819
-4.30829
-4.30886
-4.33401
-4.36378
-4.39438
-4.42318
-4.44932
-4.47269
-4.49359
-4.51235
-3.76898
-4.81656
-4.32926
-4.24489
-4.2323
-4.4735
-4.83474
-5.05079
-5.16146
-5.06613
-4.93879
-4.8967
-4.74763
-4.63582
-4.62587
-4.62144
-4.62558
-4.63649
-4.65056
-4.6659
-4.68141
-4.69649
-4.71081
-9.5459
-2.3843
-4.40802
-4.92227
-4.92764
-5.18974
-5.54374
-5.84718
-6.29262
-6.19446
-5.56761
-5.3648
-5.18816
-5.05413
-4.98891
-4.93169
-4.89895
-4.88605
-4.88372
-4.88738
-4.89435
-4.90302
-4.91238
-11.422
-1.04661
-4.53664
-5.75575
-5.70239
-5.81022
-6.1002
-6.5054
-7.15841
-7.13811
-6.09952
-5.7684
-5.57631
-5.48112
-5.42178
-5.23506
-5.1675
-5.13333
-5.11644
-5.10961
-5.10869
-5.1112
-5.1156
-7.54232
-4.02066
-5.7945
-7.07432
-6.5992
-6.25085
-6.39712
-6.6725
-6.92021
-6.78507
-6.32024
-6.06291
-5.8864
-5.78095
-5.72219
-5.4913
-5.41146
-5.36867
-5.34362
-5.3297
-5.3227
-5.31995
-5.31978
-5.50457
-4.53145
-8.0088
-9.21485
-7.2685
-6.41113
-6.48024
-6.67903
-6.47113
-6.62481
-6.48962
-6.307
-6.12738
-5.95332
-5.79249
-5.68293
-5.62414
-5.58546
-5.55999
-5.54351
-5.53299
-5.52642
-5.52251
-7.43292
-53.7619
-15.5098
-10.7095
-6.60985
-6.17096
-6.33725
-7.28457
-7.14817
-6.82544
-6.72319
-6.60143
-6.44021
-6.22958
-5.96817
-5.86514
-5.82515
-5.79633
-5.77454
-5.75775
-5.74476
-5.73477
-5.72714
78.408
140.569
167.316
121.541
2.93319
3.29564
7.95533
14.0627
2.65981
2.64224
2.59821
2.4089
2.37582
2.31081
2.21224
2.12342
1.83722
1.80633
1.73885
1.71675
1.28034
1.34828
1.41658
1.44197
1.04147
1.08014
1.15766
1.24032
0.982897
1.01504
1.04436
1.10651
1.01729
1.01812
1.01245
0.990408
0.961202
0.904447
0.843158
0.809113
0.655201
0.640453
0.625018
0.606083
0.468201
0.450109
0.430866
0.409932
0.288398
0.264994
0.241732
0.218187
0.10502
0.0785237
0.0526917
0.0272669
-0.0829504
-0.111525
-0.139071
-0.165745
-0.276646
-0.306916
-0.335773
-0.363348
-0.478363
-0.51
-0.539794
-0.567968
-0.692144
-0.723929
-0.753644
-0.781723
-0.923485
-0.951668
-0.97854
-1.00515
-1.17658
-1.19188
-1.21063
-1.23367
-1.45089
-1.4341
-1.43273
-1.45056
-1.75783
-1.67469
-1.62638
-1.64565
-2.22432
-2.11653
-2.06581
-2.11623
-2.85917
-2.87649
-2.77903
-2.69008
-2.96077
-3.0132
-2.98233
-2.90311
-2.93182
-2.94755
-2.94878
-2.92913
-3.03032
-3.03127
-3.02958
-3.0262
-3.16918
-3.17471
-3.18079
-3.18379
-3.31281
-3.3216
-3.33096
-3.33776
-3.46494
-3.47499
-3.48556
-3.49544
-3.62379
-3.63385
-3.64393
-3.65428
-3.78951
-3.79973
-3.80955
-3.81926
-3.9629
-3.9731
-3.98287
-3.99232
-4.14358
-4.15342
-4.16282
-4.17182
-4.33058
-4.33962
-4.34825
-4.35649
-4.5228
-4.5306
-4.53807
-4.54523
-4.71904
-4.72527
-4.73129
-4.73709
-4.91811
-4.92256
-4.92694
-4.93122
-5.11877
-5.12139
-5.12407
-5.12678
-5.32049
-5.32131
-5.32231
-5.32345
-5.52109
-5.52029
-5.51975
-5.51939
-5.7235
-5.72104
-5.71891
-5.71706
27.2988
40.8377
83.933
4.16697
-59.3558
-62.5258
-19.3589
22.0125
11.1681
14.2458
11.1517
11.8715
8.66458
18.5678
22.8813
81.8127
69.9884
30.8037
32.8064
6.18791
4.73388
10.1518
-2.072
-43.4704
-54.4357
-36.5883
5.26924
9.00706
10.1822
7.60909
5.49399
5.04145
22.7016
59.2624
72.3082
17.8187
5.85665
15.0676
3.31404
5.84806
6.64137
16.924
-0.169713
-2.69452
13.2911
10.0097
9.85335
8.12706
5.51971
4.46317
3.4881
2.75939
2.4218
4.27385
4.60816
4.63847
4.17616
1.73144
1.02057
7.08102
5.99252
-4.13138
8.23025
16.4736
9.5588
9.07179
5.64764
0.340661
3.27115
2.82414
2.28212
2.10557
3.08668
3.25537
2.95773
3.00737
1.61252
1.8084
-1.0952
3.5329
0.557253
7.81185
16.8023
10.7229
7.44807
2.12395
2.08707
2.06131
1.63718
1.40674
1.44235
2.1254
2.51076
2.51568
2.6927
1.39466
1.29596
1.1913
16.6815
-0.524922
12.1987
18.7411
8.51876
3.53094
2.84313
3.244
1.82807
0.835809
0.831896
0.987028
1.25317
1.54494
2.19473
2.46647
1.24194
1.15178
1.0252
0.889464
2.43424
1.151
1.05594
2.92367
2.47028
2.82328
2.88236
1.70092
0.71057
0.772969
0.817157
0.879748
1.01546
1.78891
1.83782
1.10164
1.03243
0.956344
0.834777
0.551254
0.372778
1.1232
1.27933
2.06324
1.18653
-0.534653
-5.26997
0.307763
0.671022
0.546967
0.592059
0.473848
1.08144
1.11479
0.948485
0.873394
0.808651
0.730896
0.553425
0.438906
0.710983
0.928314
2.41861
-1.02901
-1.16668
-2.17788
-0.373585
0.0545733
0.120205
0.224659
0.201814
0.34144
0.701676
0.7617
0.691138
0.620727
0.53964
0.456026
0.446054
0.54961
0.647895
0.0646468
-0.576974
-0.739491
-1.07877
-0.693774
-0.51282
-0.328557
-0.16336
0.062403
0.152817
0.348623
0.560834
0.497968
0.431287
0.3544
0.285332
0.266785
0.2358
0.157005
-0.238204
-0.0840115
-0.280813
-0.930511
-1.17121
-1.04801
-0.755489
-0.575347
-0.255701
-0.0285756
0.0861083
0.363454
0.302981
0.237806
0.16097
0.0697049
0.00788771
-0.0327733
-0.171608
-0.503089
-0.356492
-0.504896
-1.27604
-1.7538
-1.76067
-1.20635
-0.872385
-0.643536
-0.205079
-0.082917
0.169307
0.109415
0.0465625
-0.0231098
-0.111035
-0.214579
-0.355219
-0.722659
-1.22615
-0.905499
-0.981244
-1.57939
-2.12112
-2.15355
-1.5382
-1.07369
-0.829492
-0.429765
-0.324784
-0.023441
-0.0823194
-0.141078
-0.201081
-0.269917
-0.367461
-0.535661
-0.956952
-1.56558
-1.17482
-1.21883
-1.56757
-1.98959
-2.01745
-1.56025
-1.16438
-0.906131
-0.613468
-0.498615
-0.217484
-0.274865
-0.32915
-0.381132
-0.433236
-0.504584
-0.624399
-0.92276
-1.4015
-1.16714
-1.20479
-1.3129
-1.54532
-1.58587
-1.35872
-1.13166
-0.9073
-0.784778
-0.692752
-0.415683
-0.47159
-0.522248
-0.567863
-0.610333
-0.657617
-0.722327
-0.809138
-0.713901
-0.860995
-0.982364
-1.12138
-1.25379
-1.27206
-1.16091
-0.981594
-0.886087
-1.04538
-1.03728
-0.62064
-0.67558
-0.724266
-0.767443
-0.806071
-0.840332
-0.865164
-0.843344
-0.568444
-0.535149
-0.916956
-1.25427
-1.25414
-1.18176
-1.07306
-0.856123
-0.941118
-1.36371
-1.49955
-0.834272
-0.888846
-0.937376
-0.982771
-1.03126
-1.06648
-1.15855
-1.19232
-1.02413
-0.990075
-1.30616
-1.41452
-1.30212
-1.21654
-1.15475
-1.01995
-1.28856
-1.56542
-1.59888
-1.05729
-1.11239
-1.16121
-1.20976
-1.26299
-1.35345
-1.54986
-1.61525
-1.69315
-1.97076
-2.06689
-1.62919
-1.35757
-1.37417
-1.48008
-1.64603
-1.89032
-1.76628
-1.64955
-1.2886
-1.34719
-1.39373
-1.43662
-1.47847
-1.63669
-1.71148
-1.7828
-2.08934
-2.58572
-2.66653
-1.9218
-1.54196
-1.67942
-1.86759
-2.1243
-2.24606
-2.02707
-1.82511
-1.52996
-1.59802
-1.63861
-1.66227
-1.77299
-1.81988
-1.86187
-1.94394
-2.21525
-2.58208
-2.52582
-2.0789
-1.83384
-1.93752
-2.03392
-2.29742
-2.42092
-2.26406
-2.0346
-1.83824
-1.8808
-1.89923
-1.93023
-2.04696
-2.06915
-2.05065
-2.11008
-2.22671
-2.383
-2.27265
-2.10857
-2.03523
-2.06452
-2.08878
-2.42887
-2.51423
-2.38275
-2.13936
-2.39708
-2.2019
-2.14903
-2.2021
-2.33866
-2.44673
-2.31117
-2.27549
-2.29585
-2.34888
-2.25795
-2.17489
-2.2003
-2.17608
-2.11932
-2.35163
-2.54614
-2.37699
-2.11007
-2.58762
-2.32383
-2.32735
-2.42288
-2.51725
-2.59775
-2.48246
-2.43576
-2.42919
-2.42512
-2.35953
-2.28528
-2.26489
-2.27111
-2.26936
-2.45396
-2.6653
-2.36337
-2.09312
-2.72345
-2.53703
-2.42624
-2.53722
-2.61355
-2.63323
-2.59829
-2.59547
-2.59621
-2.58928
-2.56303
-2.50679
-2.47646
-2.47404
-2.51759
-2.78931
-2.84773
-2.55181
-2.30218
-2.86725
-2.81218
-2.79292
-2.76954
-2.74412
-2.72586
-2.75717
-2.76992
-2.77313
-2.76997
-2.76391
-2.76048
-2.76643
-2.78969
-2.85492
-3.12321
-3.11518
-2.89608
-2.64425
-3.01666
-3.02824
-3.03049
-3.00559
-2.98969
-2.96707
-2.95268
-2.95396
-2.95581
-2.95569
-2.95539
-2.95848
-2.96949
-2.9959
-3.0674
-3.27917
-3.25479
-3.13606
-3.01391
-3.1942
-3.22952
-3.23326
-3.19278
-3.19656
-3.16524
-3.1412
-3.13934
-3.14097
-3.14275
-3.14554
-3.15147
-3.16325
-3.18413
-3.22486
-3.32373
-3.31469
-3.28304
-3.28425
-3.35354
-3.38177
-3.40699
-3.4271
-3.43842
-3.39309
-3.33571
-3.32603
-3.32749
-3.32993
-3.3337
-3.33996
-3.34982
-3.36357
-3.37977
-3.39347
-3.37404
-3.41642
-3.43865
-3.51759
-3.54659
-3.58699
-3.63527
-3.64191
-3.59548
-3.53682
-3.51487
-3.51503
-3.5168
-3.52019
-3.52559
-3.5332
-3.54251
-3.55165
-3.5569
-3.55964
-3.5822
-3.60518
-3.67869
-3.71255
-3.75002
-3.78344
-3.7823
-3.75154
-3.72206
-3.70536
-3.70265
-3.70289
-3.70531
-3.70955
-3.71533
-3.72208
-3.72879
-3.73478
-3.74235
-3.75705
-3.7751
-3.8393
-3.8648
-3.89103
-3.9107
-3.9154
-3.9077
-3.89803
-3.89231
-3.88803
-3.88751
-3.88918
-3.89244
-3.8969
-3.90213
-3.90772
-3.91376
-3.92165
-3.93211
-3.94312
-4.01079
-4.0318
-4.05117
-4.06593
-4.07358
-4.07534
-4.0745
-4.07219
-4.07056
-4.07052
-4.07192
-4.07451
-4.07803
-4.08222
-4.08689
-4.09217
-4.09862
-4.1064
-4.11196
-4.18899
-4.20749
-4.22383
-4.23654
-4.24464
-4.24942
-4.25155
-4.25182
-4.25183
-4.25242
-4.2538
-4.25596
-4.25878
-4.26212
-4.26587
-4.27001
-4.27459
-4.27941
-4.2817
-4.37204
-4.38837
-4.40247
-4.4137
-4.42165
-4.42699
-4.43018
-4.43173
-4.43272
-4.43376
-4.43514
-4.43697
-4.43922
-4.44182
-4.44466
-4.44763
-4.45049
-4.45278
-4.45304
-4.55869
-4.5727
-4.58471
-4.59441
-4.60168
-4.6068
-4.61015
-4.61223
-4.61366
-4.61489
-4.6162
-4.61772
-4.61947
-4.62141
-4.62343
-4.62538
-4.62694
-4.62763
-4.62668
-4.74807
-4.75952
-4.76936
-4.77739
-4.78359
-4.7881
-4.79124
-4.79335
-4.79484
-4.79605
-4.79718
-4.79837
-4.79965
-4.801
-4.80233
-4.80348
-4.80416
-4.80403
-4.80264
-4.93946
-4.94818
-4.95573
-4.96198
-4.9669
-4.97057
-4.9732
-4.97503
-4.97633
-4.97732
-4.97818
-4.979
-4.97984
-4.98067
-4.98143
-4.98199
-4.98213
-4.98164
-4.98033
-5.13217
-5.13806
-5.14328
-5.14768
-5.15119
-5.15385
-5.15578
-5.15713
-5.15805
-5.15871
-5.15921
-5.15965
-5.16005
-5.16042
-5.16071
-5.16084
-5.16065
-5.16004
-5.15899
-5.32597
-5.329
-5.33187
-5.33437
-5.33641
-5.33797
-5.33908
-5.3398
-5.34022
-5.34044
-5.34052
-5.34054
-5.34051
-5.34045
-5.34033
-5.34011
-5.33969
-5.33903
-5.33815
-5.51916
-5.51947
-5.52007
-5.52075
-5.52136
-5.5218
-5.52204
-5.52209
-5.52197
-5.52171
-5.52136
-5.52095
-5.52052
-5.52007
-5.5196
-5.51909
-5.5185
-5.51778
-5.51693
-5.71407
-5.71161
-5.70993
-5.70877
-5.70793
-5.70723
-5.70656
-5.70588
-5.70513
-5.70433
-5.70347
-5.70258
-5.70169
-5.70081
-5.69996
-5.69914
-5.69835
-5.69752
-5.69623
)
;

boundaryField
{
    leftWall
    {
        type            calculated;
        value           nonuniform List<scalar> 
100
(
1071.24
1013.22
957.082
902.366
848.436
794.872
742.12
691.351
630.332
539.241
454.152
366.048
272.16
188.882
95.0482
62.4084
86.1277
46.7769
18.2033
26.9798
32.2958
9.99843
5.11408
0.648397
10.8569
7.42656
24.1196
25.1685
-16.9786
-20.2895
-0.497917
8.73258
2.20696
-2.48661
-4.02266
-3.656
-4.83954
2.103
-4.01868
-1.9709
-1.69191
-3.05701
-3.41235
-3.39998
-2.77768
-6.22374
-9.18814
-8.94822
-6.78077
-7.67454
1041.97
984.953
929.58
875.345
821.604
768.331
716.407
667.105
583.422
496.572
410.866
319.124
229.626
144.805
59.5869
90.9372
64.7714
34.3716
21.6614
28.1202
21.8236
5.16182
3.39137
8.74061
9.7803
11.0472
32.6907
5.61691
-23.9006
-9.99265
7.64525
6.97357
-1.0704
-3.47272
-3.98023
-3.61939
3.75604
-2.93226
-3.26279
-1.29684
-2.57242
-3.26655
-3.72266
-2.49157
-4.18538
-8.23332
-9.29123
-7.86127
-6.83567
-8.14055
)
;
    }
    rightWall
    {
        type            calculated;
        value           nonuniform List<scalar> 
100
(
434.118
375.83
313.493
248.231
202.089
148.229
102.007
74.5715
32.8064
15.0676
4.17616
3.00737
2.6927
2.46647
1.83782
1.11479
0.701676
0.348623
0.0861083
-0.082917
-0.324784
-0.498615
-0.692752
-1.03728
-1.49955
-1.59888
-1.64955
-1.82511
-2.0346
-2.13936
-2.11007
-2.09312
-2.30218
-2.64425
-3.01391
-3.28425
-3.43865
-3.60518
-3.7751
-3.94312
-4.11196
-4.2817
-4.45304
-4.62668
-4.80264
-4.98033
-5.15899
-5.33815
-5.51693
-5.69623
465.567
401.929
347.008
277.743
224.981
176.929
117.341
88.7414
54.9867
22.245
7.29372
3.4891
2.74544
2.63399
2.16732
1.44691
0.88402
0.519551
0.203246
0.00634352
-0.20989
-0.404622
-0.595665
-0.826861
-1.30877
-1.57993
-1.60895
-1.72434
-1.9346
-2.10747
-2.13428
-2.08768
-2.16238
-2.4665
-2.83413
-3.16697
-3.36653
-3.51927
-3.69194
-3.85897
-4.0274
-4.1967
-4.36712
-4.53955
-4.71439
-4.89132
-5.06958
-5.24853
-5.42767
-5.60616
)
;
    }
    lowerWall
    {
        type            calculated;
        value           nonuniform List<scalar> 
124
(
1083.29
1071.55
1054.92
1030.01
997.373
957.878
910.906
855.772
794.298
733.812
690.296
675.507
686.441
705.585
730.227
745.752
743.499
752.265
734.059
682.931
623.366
591.824
585.87
540.847
477.48
411.994
346.158
283.131
229.66
189.374
149.122
270.353
310.604
291.617
238.792
562.662
493.6
428.382
396.904
383.023
353.836
304.994
252.998
549.753
560.996
487.42
466.416
440.755
434.074
468.722
454.418
422.746
472.454
627.591
239.848
285.154
389.239
355.293
401.564
388.244
426.978
479.112
1085.95
1078.21
1063.97
1043.51
1014.59
978.481
935.404
884.329
825.54
763.177
708.628
679.41
678.925
695.204
718.295
739.642
746.411
752.891
744.252
713.601
651.25
603.469
586.796
233.437
300.161
306.16
267.788
577.275
544.949
531.05
457.487
466.834
428.943
448.182
468.378
436.941
427.026
574.869
477.808
190.758
373.348
369.623
396.026
390.309
383.841
491.867
571.155
509.526
444.909
378.967
314.018
254.543
208.216
172.71
529.726
457.692
408.162
389.897
371.829
330.57
279.256
231.024
)
;
    }
    atmosphere
    {
        type            calculated;
        value           nonuniform List<scalar> 
92
(
-5.73706
-239.337
-20.0922
-9.87768
-5.81768
-5.87173
-6.0742
-7.74685
-7.01485
-6.83408
-6.80639
-6.72017
-6.57476
-6.3702
-6.05052
-5.90696
-5.87886
-5.85386
-5.83327
-5.81619
-5.80216
-5.79085
-5.78187
-5.77745
-5.77441
-5.77173
-5.76937
-5.76545
-5.7621
-5.75971
-5.75799
-5.75671
-5.75567
-5.75472
-5.7538
-5.75284
-5.75184
-5.7508
-5.74973
-5.74866
-5.74762
-5.74662
-5.74567
-5.74479
-5.74391
-5.74205
-8.83209
-8.53462
-234.368
-13.6551
-6.58366
-5.82608
-5.95631
-6.76278
-7.75129
-6.91899
-6.82057
-6.77266
-6.65379
-6.48186
-6.22573
-5.92571
-5.89791
-5.86586
-5.84308
-5.82433
-5.80882
-5.79619
-5.78609
-5.77912
-5.77589
-5.77303
-5.77051
-5.76759
-5.76363
-5.7608
-5.75878
-5.75731
-5.75617
-5.75519
-5.75426
-5.75333
-5.75235
-5.75132
-5.75027
-5.7492
-5.74814
-5.74711
-5.74614
-5.74522
-5.74439
-5.74389
)
;
    }
    defaultFaces
    {
        type            empty;
    }
}


// ************************************************************************* //
