/*--------------------------------*- C++ -*----------------------------------*\
| =========                 |                                                 |
| \\      /  F ield         | OpenFOAM: The Open Source CFD Toolbox           |
|  \\    /   O peration     | Version:  v1912                                 |
|   \\  /    A nd           | Website:  www.openfoam.com                      |
|    \\/     M anipulation  |                                                 |
\*---------------------------------------------------------------------------*/
FoamFile
{
    version     2.0;
    format      ascii;
    class       volScalarField;
    location    "1";
    object      p_rgh;
}
// * * * * * * * * * * * * * * * * * * * * * * * * * * * * * * * * * * * * * //

dimensions      [1 -1 -2 0 0 0 0];


internalField   nonuniform List<scalar> 
9072
(
1086.11
1078.21
1063.97
1043.51
1014.59
978.481
935.404
884.329
825.54
763.177
708.628
679.41
678.925
695.204
718.295
739.642
746.411
752.891
744.252
713.601
651.25
603.469
586.796
1087.96
1079.37
1065.8
1044.54
1015.44
979.342
936.192
884.93
825.515
761.506
704.523
672.654
672.3
691.726
718.498
741.761
745.651
750.151
738.942
710.717
646.454
597.223
583.523
1091.44
1082.33
1068.76
1047.06
1017.96
981.617
937.854
885.961
825.23
757.253
694.957
660.528
662.862
685.098
718.728
746.166
749.569
746.329
729.627
706.246
634.137
582.021
576.484
1096.07
1086.39
1072.52
1050.69
1021.73
985.065
940.457
887.655
825.146
750.407
675.431
635.405
643.352
675.288
716.149
749.586
757.495
746.757
729.374
702.899
608.19
552.073
566.619
1101.18
1090.14
1076.46
1055.36
1026.49
989.427
943.674
889.844
825.935
741.273
644.222
596.979
616.924
659.73
710.163
750.127
751.622
724.006
751.54
699.405
536.459
492.301
556.559
1106.77
1093.75
1079.68
1061.33
1032.36
994.575
947.046
891.986
828.317
725.542
540.708
514.904
582.644
639.117
699.498
748.92
760.513
730.041
770.138
689.44
477.265
399.402
551.542
1113.7
1098.23
1085.45
1068.57
1040.09
1000.43
950.053
892.881
787.852
511.716
340.227
275.797
336.297
408.723
684.413
747.114
768.963
769.651
779.441
686.779
477.772
383.332
558.563
1123.26
1105.11
1093.01
1076.86
1049.7
1006.82
951.908
846.405
601.274
708.245
517.956
249.938
466.001
651.356
665.259
745.242
769.849
784.15
765.672
639.244
486.88
423.89
588.138
573.564
544.949
531.05
457.487
466.834
428.943
448.182
468.378
436.941
427.026
574.869
477.808
190.758
373.348
369.623
396.026
390.309
383.841
491.867
559.979
537.967
516.513
436.304
468.635
421.071
394.836
462.171
441.708
406.194
475.654
372.834
119.674
303.856
312.121
383.082
396.482
323.225
455.705
568.897
533.336
504.762
435.526
460.871
337.099
371.614
433.799
412.468
320.979
181.798
236.295
40.7267
217.545
284.906
376.166
385.033
286.197
444.938
608.943
496.019
514.948
443.471
378.937
295.383
443.652
390.123
396.787
212.542
109.665
89.8882
35.4231
179.271
334.1
439.36
370.656
263.515
421.005
648.836
455.286
446.186
470.73
308.172
271.45
432.399
377.872
400.693
246.725
109.342
106.157
30.692
28.5733
326.129
434.189
438.824
344.406
427.583
665.9
401.423
361.311
511.538
440.196
300.137
375.234
394.986
404.509
276.539
101.154
218.944
31.3672
29.0868
82.2577
405.159
313.905
297.625
435.605
653.89
553.725
298.091
552.901
441.825
166.368
427.712
377.425
283.885
34.3037
91.2345
207.446
38.4768
31.9032
40.9571
382.709
368.146
398.95
446.4
671.739
639.412
301.252
585.959
377.642
7.80757
411.48
75.9315
51.1977
21.6302
122.641
242.824
181.165
35.1323
42.9523
395.674
513.238
478.945
460.73
1148.19
1120.09
1108.69
1090.76
1065.35
1014.1
936.553
614.944
800.707
713.248
526.681
208.058
263.586
344.262
665.762
743.419
770.856
776.479
727.765
344.231
175.238
506.555
568.113
1186.53
1159.27
1150.82
1131.33
1104.6
1038.66
641.444
776.405
687.594
570.733
420.1
263.996
349.732
327.726
658.805
725.194
733.974
786.348
751.796
435.832
13.0646
59.4625
128.899
1226.02
1201.01
1196.99
1181.22
1154.9
1023.16
589.914
644.034
97.4996
42.6
39.5397
55.6833
156.539
195.017
788.689
810.046
816.063
827.772
807.877
317.434
10.5093
11.2476
24.9048
1259.47
1239.03
1238.45
1227.55
1203.82
1140
865.101
65.7939
39.0586
43.2861
37.0765
37.9555
52.7684
84.3004
27.6573
30.6208
600.779
913.653
805.447
5.99757
6.1205
12.8903
15.1272
1294.01
1270.02
1273.34
1263.33
1237.43
1110.83
877.293
86.0933
38.1728
35.043
77.7127
37.2641
60.7395
106.652
21.5158
44.6202
9.38453
137.68
13.0542
6.52894
5.0873
24.5004
10.183
1284.05
1137.5
1311.83
1296.28
1275.76
1220.19
554.43
141.389
167.91
158.819
48.9976
83.5783
78.6509
106.662
20.0654
4.21386
4.09807
3.83573
4.62037
6.54388
4.17079
3.39514
2.84998
1256.52
1137.23
1210.45
1344.72
1321.93
1215.31
999.731
160.258
133.696
13.2033
32.8495
61.3969
18.0019
62.2739
20.4985
3.95506
3.60983
4.09357
4.61048
6.24287
3.73097
4.68403
2.61739
1453.89
1291.7
1257.74
767.862
1347.51
1363.2
1380.48
725.796
12.5038
27.2949
9.67562
9.26942
25.3036
12.7961
20.9812
3.77311
3.30137
8.24634
6.17194
3.7689
5.55791
3.15014
3.01016
1543.92
233.784
49.1922
293.57
112.531
830.724
692.762
11.7297
8.27969
8.61961
30.6939
9.22046
18.1098
34.0202
11.653
5.95422
10.6199
5.19102
2.84115
2.88564
2.94864
5.35955
2.61668
1534.84
1234.36
35.594
16.8305
16.8787
29.9827
19.7946
5.50939
5.3281
36.8742
37.7864
32.6564
27.9582
40.7788
9.15254
7.71415
15.0554
3.10218
2.9512
2.86272
5.13534
5.70965
3.07726
1606.03
260.78
705.156
23.6938
19.5033
16.8449
50.6186
53.8519
6.03064
35.8861
3.95292
2.37426
1.92467
34.6632
17.5754
9.23828
6.00422
3.06696
2.92024
2.80212
3.56416
6.09318
5.30596
1690.31
125.962
76.594
48.7885
-0.520872
-2.71861
-2.72727
54.9942
26.4947
5.19062
4.28431
6.03263
14.2554
8.98629
2.45675
10.0715
3.05764
2.94731
2.83924
2.72934
2.61373
2.52563
2.52521
1233.68
55.4631
37.78
5.47936
0.0702864
-1.83923
11.0592
4.29475
4.00621
4.22796
3.87714
3.43262
6.9169
4.72658
4.32511
2.93674
2.8846
2.83331
2.75564
2.66712
2.57702
2.49626
2.43514
1053.22
25.3983
3.04755
11.0097
22.654
0.110807
0.419786
5.12977
4.42686
5.84567
5.31544
4.39556
7.47145
7.32248
3.43929
2.88768
2.84088
2.751
2.68202
2.60625
2.52832
2.45434
2.3893
1120.61
10.2236
2.99994
2.55648
6.54666
7.99843
7.37416
-0.204323
5.62385
11.8821
19.3538
20.3221
4.03795
3.59116
3.01501
2.82061
2.74619
2.67999
2.6155
2.54734
2.47523
2.40308
2.33507
1195.35
131.317
2.48705
2.14512
8.55436
-3.25778
-4.65006
-4.17643
-2.08595
-0.0358333
1.09965
17.9625
21.4658
3.66861
3.1247
2.73889
2.67142
2.60846
2.55331
2.49246
2.42195
2.34725
2.27476
332.859
289.739
9.24253
0.32871
6.22348
-6.05516
-9.11175
-8.99142
-5.61774
-1.49204
0.79667
1.6313
21.0492
7.30289
2.99854
2.62387
2.56754
2.52613
2.4977
2.44726
2.37234
2.28848
2.20819
409.361
652.685
-0.223535
0.881268
-0.339356
-8.82251
-12.3317
-12.1543
-8.15834
-3.13341
0.464334
1.12066
26.2042
34.3279
2.2481
2.25912
2.34306
2.41011
2.46
2.42373
2.32861
2.22363
2.13141
558.142
357.109
1.3674
5.93511
-0.71956
-8.80153
-11.8788
-11.7761
-8.21555
-4.08325
4.99813
-0.293591
31.7545
33.2201
0.952707
1.52626
1.87211
2.18072
2.45364
2.43215
2.27938
2.13738
2.03407
415.117
691.867
1.2893
3.39144
-2.79462
-5.72529
-7.9201
-8.31252
-5.81143
6.05138
5.33897
-1.67979
24.6549
30.5597
-0.671173
0.551753
1.00984
4.11099
16.1636
9.00683
2.15312
1.98252
1.89546
402.751
712.417
641.547
2.01248
1.66432
-0.413552
-2.77212
-1.51733
11.2021
5.95069
-0.887897
-2.21056
17.9317
3.13
-1.42182
-0.107048
0.0509579
11.2265
0.827204
17.8017
5.30486
1.64467
1.68366
1157.72
915.787
14.189
101.943
9.47339
6.58196
21.075
22.5467
0.488237
0.978786
23.5981
-1.51717
-2.13099
-1.86817
-0.705217
0.168253
0.369649
-0.196865
0.067704
17.397
17.8632
1.04263
1.36634
1234.98
195.171
-1.34538
159.366
9.74119
50.1622
32.5531
2.22801
0.487548
37.5597
29.8167
-0.612251
-0.932706
-0.694363
-0.0986268
0.875463
1.27531
0.284561
0.0365215
17.0156
16.772
0.361196
0.972439
222.232
153.565
-1.14125
47.5765
55.8103
41.1215
3.83692
3.42778
41.9702
8.11375
0.20789
-0.308937
-0.179579
-0.0220401
3.18918
1.64799
0.625976
0.407162
-0.126233
2.90684
-0.803934
0.171444
0.665271
17.235
619.675
3.44064
4.56601
54.1754
3.68816
4.40842
3.06781
21.5596
1.64315
2.85308
18.5385
18.9865
1.61044
2.50713
0.5103
0.620893
0.518302
0.242043
-0.0542456
0.0993823
0.45342
0.634109
15.0524
566.48
4.53261
4.45546
39.6139
3.27369
3.14246
3.13595
4.96187
2.29791
11.5973
7.51009
11.8112
25.2449
0.703221
0.748995
0.727526
0.664036
0.563575
0.502079
0.560347
0.662108
0.73682
15.1714
37.1887
4.57157
8.2008
23.9148
3.27704
3.05893
2.80202
9.64392
9.20546
6.32145
2.42887
0.961919
5.55812
0.926305
0.871431
0.816922
0.760209
0.7073
0.684057
0.70465
0.746821
0.781603
16.2133
325.124
535.551
424.617
10.6615
3.2187
2.98704
2.64286
2.29775
1.94852
1.67602
1.42545
1.19146
1.07002
1.01785
0.95085
0.884623
0.828021
0.786157
0.765923
0.76767
0.779274
0.787357
691.603
279.621
574.289
102.985
26.0105
2.95364
2.7524
2.5669
2.30092
2.01444
1.7631
1.54317
1.35081
1.21387
1.10939
1.01731
0.939017
0.876891
0.832294
0.805422
0.792684
0.786933
0.78067
365.21
8.84891
468.55
292.61
59.9727
2.79798
2.65805
2.50773
2.28781
2.04942
1.82943
1.63098
1.45344
1.30314
1.17532
1.06633
0.976854
0.906977
0.855502
0.820001
0.796343
0.77926
0.764073
125.069
4.7989
6.60676
23.2073
62.1409
2.76455
2.60321
2.45785
2.2629
2.05774
1.86702
1.68948
1.51864
1.35741
1.21332
1.09152
0.993054
0.916252
0.858231
0.815465
0.783849
0.75909
0.737508
256.459
5.27275
5.15213
6.65944
17.7892
2.88226
2.52963
2.3841
2.20056
2.02022
1.86641
1.71869
1.554
1.37814
1.21816
1.08695
0.983234
0.902677
0.840852
0.793649
0.757153
0.727785
0.702612
66.534
33.916
5.27841
41.9678
4.69726
2.64087
2.40121
2.23675
2.043
1.869
1.77205
1.68509
1.5446
1.35523
1.18009
1.04665
0.944602
0.865543
0.803923
0.75563
0.717218
0.685784
0.659039
22.0496
30.3404
27.2502
55.1433
2.49763
2.27854
2.17559
1.96358
1.70488
1.41531
4.16636
5.95448
2.97152
1.25273
1.08509
0.967192
0.877603
0.806274
0.748933
0.702639
0.664894
0.633541
0.606832
39.2958
40.6207
54.8136
17.7661
2.88054
1.97131
1.91751
2.53633
1.16815
0.78103
0.628875
2.74745
6.07088
5.18653
0.921778
0.848914
0.783467
0.725944
0.676778
0.635475
0.600898
0.571688
0.546585
53.6776
22.3274
3.8655
1.58886
1.60973
1.5585
2.29604
1.87631
0.706468
0.632192
0.790899
5.62585
5.91523
2.88419
0.735194
0.705249
0.665096
0.624861
0.587695
0.554786
0.526127
0.50118
0.479269
50.2768
322.058
0.930088
1.00906
1.11816
1.05628
2.00308
1.66917
1.47101
1.31541
0.303166
0.259687
1.84128
0.531502
0.541957
0.541533
0.526275
0.50594
0.484191
0.462743
0.44243
0.423571
0.406206
54.9733
253.283
3.27074
0.652021
0.593107
0.496535
1.4177
1.12234
0.769979
-0.46127
-0.0924141
-0.0418588
0.0851093
0.25122
0.32784
0.348172
0.368646
0.374236
0.37113
0.363143
0.352593
0.340915
0.328965
44.3438
443.058
53.8012
8.84797
-0.117763
-0.0415548
0.912748
-0.706287
-1.16054
0.549712
3.47716
-0.458347
-0.21924
-0.053108
0.00975889
0.124326
0.203267
0.238961
0.255313
0.260758
0.25993
0.255542
0.249235
88.3214
464.561
36.8646
46.6626
-1.02203
-0.61046
0.53559
-1.03443
-1.47803
2.17614
-0.999887
-0.672892
-0.437282
-0.294777
-0.172528
0.20127
0.0610026
0.11437
0.144511
0.16027
0.167427
0.169429
0.168378
90.1331
478.036
33.1025
48.694
0.302085
-0.572123
-0.00587748
-1.04076
-1.11705
3.10282
-1.01014
-0.779869
-0.586498
-0.425454
-0.281753
0.13574
-0.0428037
0.0114489
0.0450683
0.0654288
0.0774532
0.0841859
0.0875453
0.643284
35.5097
97.884
27.1042
9.38157
-0.505074
-0.663559
-1.06194
0.869427
-1.12564
-1.03353
-0.880954
-0.71221
-0.524552
-0.311282
-0.165491
-0.112186
-0.0699718
-0.041128
-0.0211949
-0.00728336
0.00244249
0.00920266
480.232
501.111
511.469
472.416
21.3737
175.911
188.949
286.582
8.10026
3.62968
3.64853
25.3181
3.26625
3.40167
3.39409
3.37744
3.20178
3.80814
3.70768
3.52544
3.06367
3.42955
2.93387
2.69291
2.46143
2.48484
2.76798
2.58278
2.43698
2.55025
2.49855
3.50835
2.57447
2.59055
2.60724
3.62035
2.72781
2.71552
2.99989
3.98752
4.54676
4.50975
2.50033
2.47145
2.44386
2.43013
2.41519
2.3969
2.39373
2.37256
2.35133
2.32949
2.33975
2.31429
2.28942
2.26481
2.28071
2.25263
2.22547
2.19906
2.2163
2.18623
2.1574
2.12972
2.14513
2.11327
2.08308
2.05444
2.0639
2.0308
1.99988
1.9708
1.96673
1.93477
1.90509
1.87697
1.84568
1.82192
1.79849
1.77409
1.69391
1.69446
1.68807
1.67233
1.50539
1.55842
1.59259
1.59777
1.24187
1.36412
1.8439
5.32892
0.816386
4.60518
4.92263
4.9808
0.598336
1.43536
2.1449
0.609889
0.721917
0.679368
0.659766
0.687884
0.788627
0.785715
0.783997
0.788479
0.785138
0.782236
0.779975
0.778868
0.77069
0.763511
0.755236
0.748797
0.749525
0.740412
0.730608
0.721624
0.719376
0.709358
0.699106
0.688535
0.682683
0.672377
0.662446
0.652634
0.638463
0.62797
0.617943
0.608255
0.586445
0.576111
0.56627
0.556837
0.52736
0.517619
0.508345
0.499485
0.46225
0.453579
0.445301
0.437385
0.392299
0.385114
0.378204
0.371561
0.318784
0.313371
0.308085
0.302945
0.243004
0.239492
0.235953
0.232432
0.166012
0.164394
0.162613
0.160727
0.0886507
0.0888027
0.0887059
0.0884165
0.0132857
0.0150045
0.0164204
0.0175789
370.568
638.405
593.218
340.878
165.921
1.22736
330.786
157.644
53.0776
19.7774
94.772
166.842
246.867
40.1384
47.9872
364.916
535.924
528.89
261.018
172.647
21.3623
247.964
463.125
322.752
357.564
76.5469
436.416
448.726
12.6879
24.3434
9.23182
95.3679
378.319
286.994
625.677
633.605
359.474
93.9438
250.702
50.6625
16.9139
180.272
699.616
660.902
188.456
451.786
527.814
12.2117
10.5485
7.11069
5.20631
3.57357
379.774
633.677
331.706
7.05354
6.08158
15.5658
303.39
18.9273
19.0226
438.199
792.906
149.402
130.929
11.8768
11.7407
21.8194
4.56257
4.54115
3.75791
3.4717
7.14577
8.31226
7.4624
6.39995
2.87308
29.365
489.655
19.9934
18.0781
74.6869
69.6271
389.225
13.4253
44.6489
9.38924
3.28824
3.50925
3.59202
2.82176
3.34479
4.87345
3.91257
3.63197
2.68494
2.55986
90.1259
720.828
601.544
706.15
622.939
97.568
25.3414
46.9515
5.61625
3.78016
2.51998
3.06014
2.35824
4.27036
3.86511
5.75623
3.73991
2.59543
2.52005
2.39848
2.17904
518.532
910.772
255.348
53.1788
16.9725
4.22917
9.60933
4.29261
2.26209
2.95208
2.47644
2.7586
2.41424
5.406
3.98201
2.56841
2.51774
2.42948
2.29513
2.11259
1.63324
2.95051
7.39876
35.976
4.12184
5.63565
68.5887
0.999324
2.30181
4.23997
2.12863
2.41698
5.37885
3.68716
2.63177
2.49669
2.4287
2.36746
2.23472
1.96315
3.07453
2.60572
9.48555
88.1055
118.039
45.6568
0.104827
1.93065
4.15345
1.90173
1.91095
2.6919
3.52373
2.52338
2.45488
2.37821
2.3077
2.20281
2.08932
2.15408
2.41144
8.17702
128.203
0.97167
0.193563
0.747099
1.53465
1.4643
1.62162
1.77502
2.15308
2.8137
2.44605
2.38346
2.31568
2.24307
2.16357
2.16212
2.76831
2.53547
1.86604
17.0724
1.53412
1.06462
0.813576
0.942468
1.15256
1.35495
1.71211
1.83131
1.92666
2.36859
2.31119
2.24749
2.17761
2.09387
2.72
2.43147
1.97168
1.75176
1.86874
1.71524
1.20316
0.538977
0.407065
1.45526
1.11193
1.81951
2.97023
2.51797
2.29895
2.241
2.17884
2.11115
2.02754
1.9306
2.54883
1.84007
1.33354
1.40795
1.42327
0.964893
0.228049
-0.0269529
1.23839
1.88998
1.21426
4.01163
4.244
2.23187
2.17304
2.11289
2.05073
1.98087
1.89601
2.15567
1.79166
3.58792
0.883263
1.06929
0.813623
0.220598
-0.065629
0.450697
1.1006
1.22842
4.08934
4.33101
2.16451
2.10549
2.04817
1.99237
1.93566
1.86691
1.75618
1.56803
5.75379
1.51825
3.97641
0.948917
0.626349
0.422745
1.13053
1.18638
2.00969
4.30851
1.78087
2.09412
2.03537
1.98092
1.9307
1.88355
1.83348
1.76178
1.63899
5.11038
6.51456
4.08624
1.33976
1.10228
0.987065
1.93682
1.45645
4.42293
4.5143
2.2483
2.01809
1.95968
1.90731
1.86072
1.81915
1.78119
1.7406
1.7023
1.83101
3.86628
2.1392
3.79953
3.62613
3.0188
1.6139
2.99605
4.8161
4.08377
3.52858
1.93416
1.87599
1.82461
1.77874
1.73644
1.69628
2.0793
4.85981
5.18034
3.8723
1.9679
2.02294
1.71142
1.6149
2.53305
2.3127
4.71323
1.41549
0.988361
1.84096
1.78281
1.73146
1.68422
1.63343
1.70569
5.24562
4.68337
3.07887
4.73169
4.61896
1.16259
1.3653
1.49015
2.93773
1.90531
4.29603
3.2941
1.1091
1.73975
1.67939
1.62794
1.58118
1.53312
5.23375
5.00111
1.21688
1.14289
0.827152
4.01606
1.25767
1.32776
2.97012
1.41115
1.40315
3.19474
3.11611
1.10196
1.63813
1.5626
1.51379
1.4707
2.30905
4.94703
1.26013
1.19079
2.34153
1.30292
0.911338
0.828147
1.16927
3.01939
1.27009
1.15533
3.49643
1.14714
0.97511
1.55058
1.41005
1.38376
1.34982
4.66142
1.2252
1.2274
1.14841
1.78953
1.85579
0.676209
0.910522
1.2649
2.93812
1.28613
2.4553
2.95041
3.2656
2.25673
5.1854
1.19363
1.2375
1.76887
1.79816
1.04431
3.13311
1.24511
1.06419
2.09036
0.945312
1.08066
1.13488
2.97255
1.34887
1.29005
1.08289
4.67817
2.08871
4.89962
1.06891
1.1402
2.61443
1.02611
0.868802
0.879068
3.24261
1.03513
1.54539
1.74708
1.12801
1.1628
1.15488
2.75383
3.48932
4.92198
4.91596
1.22001
0.753453
3.01057
1.17235
1.2155
1.57551
0.894542
1.00948
1.00192
1.01944
0.998742
2.45676
2.45104
1.54388
1.5776
2.41398
3.1986
1.37345
0.901651
1.27155
0.764057
0.88859
4.30036
4.42765
2.87927
0.993564
1.90908
0.966072
0.964927
0.949969
0.957824
0.968605
1.93934
1.8833
3.48343
3.78929
1.48546
0.743812
1.09038
0.800519
1.16675
1.35793
2.92484
4.29725
2.94435
1.38652
0.901117
0.893851
0.893601
0.896119
0.898351
0.894587
0.878682
0.842417
3.76434
1.21191
0.641152
1.78948
1.1607
1.75453
1.40449
0.777332
0.786079
0.79779
0.829047
0.836523
0.835014
0.833708
0.832707
0.829896
0.821991
0.804545
0.77103
0.896775
0.833359
0.640091
3.16745
1.03495
0.718373
0.68982
0.69866
0.693521
1.00228
0.986127
0.776021
0.774607
0.772479
0.769746
0.765069
0.756662
0.742748
0.722663
0.68513
0.676749
0.685437
4.2285
0.710266
0.759929
0.654095
0.614727
0.581285
0.741568
1.12395
1.09843
0.71216
0.710621
0.707755
0.70305
0.695784
0.685671
0.673899
0.663479
0.806878
1.16652
0.612579
0.673988
0.748791
0.714135
0.563086
0.534317
0.559307
0.605459
1.11959
0.648495
0.648765
0.646792
0.642924
0.637167
0.629805
0.62184
0.615045
0.610469
0.601339
0.58231
0.638966
0.610368
0.609929
0.617352
0.535521
0.545358
0.56523
1.05154
0.585997
0.587967
0.587032
0.584138
0.579702
0.574141
0.568064
0.562054
0.555219
0.545544
0.529079
0.595536
0.573068
0.550486
0.530485
0.518422
0.521878
0.522121
0.523489
0.527764
0.529291
0.52866
0.526429
0.52297
0.518616
0.51369
0.508336
0.501951
0.493793
0.48175
0.544683
0.524409
0.50553
0.489609
0.478662
0.478583
0.470864
0.470996
0.472028
0.472302
0.471465
0.469578
0.466803
0.463333
0.459343
0.454897
0.449795
0.443921
0.436924
0.488177
0.469839
0.453435
0.439742
0.429688
0.42337
0.419223
0.417459
0.416789
0.416133
0.415032
0.413343
0.411074
0.408318
0.405184
0.401761
0.398116
0.394483
0.391749
0.427308
0.411157
0.396973
0.385136
0.376065
0.3697
0.365392
0.362899
0.361403
0.360239
0.358999
0.357488
0.355647
0.353508
0.351156
0.348709
0.346357
0.344479
0.34436
0.363079
0.349488
0.33761
0.327671
0.319849
0.314093
0.310062
0.307414
0.30565
0.304318
0.303103
0.301816
0.300379
0.298795
0.297133
0.295516
0.294161
0.293425
0.294519
0.296316
0.285591
0.276162
0.268218
0.261856
0.257037
0.253556
0.251143
0.249468
0.248228
0.247187
0.246189
0.245155
0.244077
0.243008
0.242053
0.241397
0.241306
0.242628
0.227801
0.220122
0.213247
0.207374
0.202599
0.19891
0.196191
0.194265
0.19292
0.191958
0.191211
0.190556
0.189931
0.189318
0.188754
0.188316
0.188133
0.18837
0.189465
0.158113
0.15353
0.149248
0.145484
0.142363
0.139918
0.138103
0.136829
0.135977
0.135426
0.135064
0.134804
0.134597
0.134424
0.134303
0.134282
0.134436
0.134831
0.135649
0.087821
0.0863228
0.0846215
0.0829604
0.0815071
0.0803544
0.0795243
0.0790015
0.0787407
0.078684
0.0787691
0.0789411
0.0791622
0.0794106
0.0796915
0.0800253
0.080451
0.0809578
0.0815494
0.018807
0.0201694
0.0208799
0.0211974
0.0213263
0.0214167
0.0215575
0.0217968
0.0221506
0.0226119
0.0231579
0.023761
0.0243942
0.0250352
0.0256761
0.0263176
0.0269707
0.0276134
0.0281395
1083.29
1071.55
1054.92
1030.01
997.373
957.878
910.906
855.772
794.298
733.812
690.296
675.507
686.441
705.585
730.227
745.752
743.499
752.265
734.059
682.931
623.366
591.824
585.87
1084.12
1073.11
1056.19
1030.91
998.224
958.723
911.614
856.166
793.558
731.497
684.489
668.747
680.942
703.721
731.922
747.412
742.911
747.36
730.898
679.7
617.103
587.181
583.1
1086.93
1076.29
1058.99
1033.4
1000.7
960.701
912.974
856.725
791.74
723.943
673.258
657.63
672.418
701.073
734.395
753.197
746.327
737.1
728.613
672.772
600.919
576.117
577.341
1091.11
1080.06
1062.7
1037.09
1004.41
963.751
915.126
857.818
789.193
711.009
649.019
634.563
657.727
695.243
734.954
759.391
754.241
729.891
728.709
660.458
566.917
557.594
570.257
1095.77
1083.5
1067.15
1041.86
1009.12
967.585
917.75
859.673
786.722
691.525
610.574
601.403
637.146
684.478
733.156
761.694
730.514
729.71
736.882
627.47
485.985
529.788
564.167
1100.57
1086.37
1072.32
1047.97
1014.98
971.885
920.285
862.319
785.307
634.388
502.856
551.187
611.244
668.426
728.861
760.93
730.885
753.278
749.446
597.012
388.301
495.276
563.551
1106.2
1090.71
1076.55
1055.89
1021.66
976.38
921.669
865.983
574.431
429.595
286.566
299.89
374.83
538.539
722.815
759.97
774.031
785.603
742.924
601.665
379.695
476.959
576.083
1113.86
1097.03
1084.36
1066.08
1029.96
981.009
919.142
620.136
592.5
635.506
334.305
418.692
551.553
657.385
716.757
759.585
777.849
784.504
713.164
564.603
415.479
516.321
599.434
549.753
560.996
487.42
466.416
440.755
434.074
468.722
454.418
422.746
472.454
627.591
239.848
285.154
389.239
355.293
401.564
388.244
426.978
479.112
527.636
559.618
470.784
439.342
443.748
393.279
430.309
458.958
425.691
416.621
537.571
142.573
195.741
342.923
305.354
420.13
354.745
370.662
449.576
512.298
553.203
502.236
417.022
427.093
341.8
461.176
408.091
390.443
211.419
311.656
60.1107
131.149
274.97
285.362
464.376
296.904
345.187
426.565
547.601
456.584
494.721
380.262
312.523
317.352
421.069
393.402
345.618
114.453
111.015
55.3057
31.0594
282.851
365.487
489.518
277.708
349.764
437.366
598.077
366.214
504.997
365.776
280.86
375.304
404.469
385.179
366.547
118.622
117.55
123.737
29.1744
195.556
380.454
480.092
271.258
391.933
401.316
625.535
323.897
523.721
491.25
352.283
306.67
416.319
396.069
406.329
166.504
130.642
129.084
29.3267
32.3544
344.384
471.11
280.629
394.453
453.588
646.757
310.962
497.51
508.197
272.577
394.058
428.147
372.412
93.4625
145.976
125.962
183.477
31.6881
34.8305
51.9383
488.511
456.149
440.656
393.581
650.006
465.372
360.813
524.066
34.8892
146.57
205.307
68.063
33.3233
22.3972
108.232
211.886
34.8378
37.6828
56.698
487.556
484.435
470.3
171.637
1127.93
1108.9
1100.01
1082.85
1043.12
979.343
738.382
617.123
771.551
631.674
330.538
230.715
307.251
557.402
710.122
760.223
776.686
765.324
619.247
169.119
403.934
550.529
540.588
1163.8
1154.11
1140.71
1123.16
1078.68
858.484
610.471
755.16
612.16
521.614
280.696
287.563
317.526
505.847
712.069
726.744
745.199
776.461
703.185
106.194
11.4476
168.282
5.94279
1205.03
1197.82
1187.86
1171.49
1130.6
650.971
656.617
188.582
104.742
39.8055
39.8759
133.852
153.308
698.512
798.343
813.564
822.43
828.465
757.983
12.1244
9.74623
10.8025
44.9591
1241.61
1237.79
1236.08
1216.23
1189.04
1019.9
457.097
40.1113
40.6112
41.492
37.9013
39.0153
145.783
35.2111
25.8996
145.19
912.46
906.993
128.484
6.04246
8.60057
18.2113
3.98508
1270.09
1271.59
1271.1
1252.21
1221.7
877.398
558.722
39.2216
36.4573
66.8991
40.8258
62.4549
49.5359
92.6359
21.76
21.7457
52.8628
126.103
6.19482
5.53133
12.1766
23.6833
3.07646
1168.98
1286.77
1309
1284.28
1258.13
856.955
569.417
118.789
168.071
73.3758
80.3543
81.1292
42.3653
95.9726
23.3797
4.20464
3.89522
3.79172
7.92116
4.19578
5.27335
3.02869
2.73919
1132.69
1181.89
1324.84
1337.44
1180.57
1259.13
270.659
342.452
12.7665
12.5829
62.1887
23.1896
62.0977
31.7145
12.2766
3.77002
3.5794
5.92412
4.03029
3.98688
3.43203
3.82224
2.49717
1322.97
1292.53
1046.59
1156.14
1361.97
1366.86
1375.3
42.1694
22.2811
24.0324
9.12351
9.58671
14.028
12.6117
14.2316
3.64332
4.20336
7.75408
3.07522
6.02074
3.40105
4.07713
2.44331
1191.43
60.7187
195.711
120.073
414.225
1058.46
66.0067
6.08192
7.82652
32.3803
11.2726
9.3919
39.7519
14.065
14.2139
2.94178
10.7002
2.89577
2.8752
2.85857
4.15076
4.02421
2.57965
1575.72
174.304
23.1796
15.7028
18.7946
60.2723
5.39917
5.5465
7.84923
37.2809
34.7376
30.5119
38.5579
35.3665
7.27198
15.1473
6.03331
3.02324
2.90564
3.06932
5.21246
5.65195
2.74098
471.314
719.599
270.706
21.1735
17.7045
28.3737
52.1236
17.1442
15.9199
9.7752
3.30419
1.71861
3.68165
35.3271
4.95233
14.9702
3.14343
2.98943
2.8597
2.79486
6.14319
6.1392
4.59313
291.856
51.6036
64.9625
14.4361
-1.78399
-3.09903
42.9666
31.4068
16.6074
4.87831
3.99624
14.7708
2.10195
6.58575
3.55073
6.50295
2.99981
2.89334
2.78452
2.67192
2.55943
2.58416
2.47332
148.782
49.2909
6.94176
2.88218
-1.16203
-0.214984
12.4526
5.82876
4.19349
4.10942
3.61777
4.24641
6.65939
4.19057
4.55296
2.87
2.86351
2.79674
2.71203
2.62175
2.5346
2.4631
2.41054
107.345
4.46583
3.03548
28.3509
0.364431
-0.0733664
4.7018
4.41967
4.76802
5.4793
5.00803
6.53172
7.39263
5.42738
2.88949
2.87391
2.78327
2.71764
2.64472
2.56721
2.49042
2.42059
2.3601
145.394
10.1129
2.75876
2.17284
8.79289
7.35855
5.48287
1.25721
8.85338
17.1949
19.879
11.2079
3.92072
3.17115
2.88995
2.78239
2.71246
2.64798
2.58203
2.51159
2.43885
2.36839
2.30318
191.869
21.9087
2.19402
9.14495
5.73898
-4.13992
-4.6671
-3.24675
-0.942458
0.610348
2.96829
20.9001
3.5661
3.38733
2.87389
2.69894
2.63919
2.58075
2.52416
2.45818
2.38467
2.31045
2.24046
591.458
57.6937
0.614542
4.99377
-4.14921
-7.85163
-9.46554
-7.65946
-3.40514
-0.168948
1.33546
2.1904
26.4953
3.36564
2.73975
2.58992
2.54368
2.51308
2.47611
2.41199
2.33054
2.24746
2.17098
687.522
21.5114
-0.31066
4.31838
-6.61901
-10.9563
-12.7446
-10.5474
-5.49556
-1.08573
0.903248
7.88219
34.4927
10.6639
2.17808
2.31451
2.37358
2.44307
2.45256
2.38002
2.27525
2.17552
2.09114
718.357
2.83266
1.08515
3.91946
-6.85584
-10.6965
-12.2933
-10.317
-6.02383
3.92864
0.916884
24.9043
32.7649
16.7068
1.20764
1.72296
2.01717
2.35148
2.47087
2.35977
2.20364
2.0814
1.99335
577.801
387.125
0.639598
4.96297
-4.48687
-6.98105
-8.41332
-7.51781
-1.30076
6.01329
-0.156806
-1.64811
29.4997
11.8983
0.0482163
0.844627
1.14647
14.7309
15.1366
2.36699
2.05181
1.93336
1.86512
383.086
509.813
171.494
1.01758
1.20282
-1.92725
-3.51977
12.2902
10.1666
-0.410568
-1.14607
-0.939075
21.9871
-2.58854
-0.602841
0.116715
4.42518
2.79419
13.2444
18.1806
1.67322
1.6728
1.69048
551.578
31.5448
384.721
7.99259
8.49564
4.96656
24.22
9.05693
0.645663
3.58443
4.0117
-1.89657
-2.14539
-1.3411
-0.200373
0.32923
0.914831
-0.0833372
6.16377
17.6415
2.53768
1.25584
1.45455
1196.18
-0.669302
-0.0043745
32.9525
10.034
47.6353
2.7336
1.19424
27.2659
38.091
-0.346557
-0.839066
-0.874568
-0.43414
0.302391
1.36131
0.803769
0.117433
0.533477
16.5477
1.42561
0.743889
1.14085
1242.22
-0.40229
17.3346
12.7081
73.0441
4.20371
3.36937
25.8716
41.7654
0.296237
-0.0668365
-0.321487
-0.0635199
1.54324
3.40185
0.656691
0.53492
0.151401
0.062329
4.71606
-0.33128
0.47152
0.778182
1093.34
15.0945
3.54582
13.5772
31.0239
4.06754
3.16221
10.5035
1.97306
1.44956
18.0282
18.884
13.6851
1.14789
3.39661
0.605826
0.593967
0.398845
0.0711517
-0.0492592
0.30158
0.564371
0.646416
16.5997
88.686
4.50743
12.1292
11.3785
3.23014
2.99653
4.35383
3.98399
2.33529
18.1802
6.74468
25.2696
24.1431
3.55817
0.750385
0.701288
0.616734
0.519604
0.518829
0.611366
0.707147
0.742796
17.3189
16.552
5.61613
15.7405
3.9636
3.19313
2.91815
6.32431
9.38495
9.06233
2.63068
1.17497
2.75473
1.34952
0.891715
0.84425
0.788787
0.732079
0.690179
0.689758
0.724857
0.766886
0.788855
46.6741
33.5301
551.928
11.2089
3.15963
3.22761
2.78692
2.47593
2.11411
1.84527
1.54713
1.30368
1.11139
1.04548
0.985312
0.916818
0.854868
0.804781
0.773069
0.764696
0.773106
0.784512
0.787064
40.5561
288.593
576.969
23.3571
2.9155
3.01995
2.67274
2.44057
2.15567
1.88347
1.65079
1.44153
1.27543
1.16001
1.06181
0.976254
0.905841
0.852332
0.81676
0.797683
0.789434
0.784278
0.775567
100.03
25.6656
595.349
33.0145
9.32876
2.82095
2.59538
2.40327
2.16782
1.93636
1.72789
1.53907
1.37496
1.23684
1.11845
1.01911
0.939515
0.879058
0.83597
0.807017
0.787304
0.771661
0.756062
25.4668
4.99392
70.6389
40.6437
8.11124
2.74716
2.53903
2.36405
2.15942
1.96013
1.7772
1.60323
1.43637
1.2828
1.14949
1.03943
0.952108
0.885101
0.835186
0.798536
0.770867
0.748089
0.727092
351.468
4.97283
5.37844
51.5752
2.88645
2.5747
2.46438
2.29434
2.10776
1.94028
1.79392
1.63875
1.46597
1.29478
1.14891
1.03191
0.940346
0.869686
0.815671
0.774298
0.741781
0.714826
0.690944
363.541
5.20114
5.20682
53.4842
2.80337
2.45562
2.32713
2.13951
1.95114
1.80959
1.73266
1.62144
1.45443
1.26204
1.10875
0.992314
0.902593
0.832832
0.778338
0.735382
0.700789
0.671938
0.646925
73.8724
6.06778
54.9628
21.6318
2.50896
2.24523
2.08046
1.83538
1.56475
1.4383
5.70475
5.66445
1.86663
1.16124
1.02166
0.919712
0.839974
0.776056
0.724569
0.682841
0.648539
0.619695
0.594806
24.8264
54.1534
52.868
3.08585
2.10127
1.92142
2.48884
1.89641
0.968093
0.677037
0.717425
5.94455
6.16597
0.963661
0.884801
0.815114
0.753699
0.700332
0.655202
0.61743
0.585707
0.558692
0.535246
486.961
12.3752
1.58398
1.60724
1.65523
1.52541
2.34064
0.849073
0.605529
0.530732
3.49789
5.75699
5.89756
0.737047
0.723148
0.685142
0.644761
0.605791
0.570693
0.539953
0.513232
0.489885
0.469251
519.547
4.18032
0.870418
1.10234
1.12663
1.3922
1.82482
1.38964
1.4272
0.29866
0.275108
1.01532
0.920138
0.542434
0.545505
0.534523
0.516434
0.495119
0.473363
0.452415
0.432813
0.414705
0.398059
55.6038
209.456
0.765132
0.587231
0.575882
1.26184
1.24841
1.00894
-0.432696
-0.337987
-0.0479826
0.0148525
0.170381
0.305255
0.337388
0.359854
0.372839
0.373488
0.367576
0.358081
0.346831
0.334937
0.32306
40.1862
65.4987
45.0226
-0.092765
-0.0362655
0.964394
0.699697
-0.908511
-1.42009
2.83123
-0.60365
-0.325617
-0.126483
-0.0174052
0.0554331
0.172252
0.224292
0.248911
0.259047
0.260927
0.25806
0.252554
0.2457
101.15
81.2033
45.3267
3.14346
-0.737662
0.37695
-0.848485
-1.23747
-1.39918
2.90375
-0.853753
-0.539938
-0.356832
-0.264159
-0.0424128
0.238028
0.0914088
0.131757
0.153753
0.164668
0.168917
0.169191
0.167143
78.1839
477.082
34.0662
48.0039
-1.48091
0.250028
-0.929081
-1.10963
0.569988
-1.04269
-0.886846
-0.679052
-0.502444
-0.364785
0.02806
-0.00368861
-0.0113319
0.0304759
0.0565409
0.0722595
0.0813401
0.0861978
0.0883606
42.3444
435.291
19.7386
43.9165
-1.34555
-0.160815
-0.802967
-0.752185
0.51722
-1.08193
-0.959942
-0.798248
-0.621416
-0.420902
-0.216766
-0.13941
-0.0885306
-0.0541697
-0.0302604
-0.0136191
-0.0019838
0.00613528
0.0117415
474.555
513.263
497.221
406.42
126.802
163.256
280.118
274.515
3.64393
3.62624
3.82283
205.969
3.40067
3.40014
3.38003
3.39608
3.49306
3.7633
3.65185
2.95282
3.40755
3.43603
2.69005
2.69448
2.4632
2.62923
2.79758
2.58726
2.48331
2.49427
3.14099
2.71163
2.57948
2.60014
2.61637
3.65719
2.72282
2.70462
4.60895
2.67274
4.54478
3.18524
2.4797
2.46225
2.43657
2.42296
2.40651
2.38669
2.38312
2.36199
2.34051
2.31823
2.32694
2.3018
2.2771
2.25252
2.26655
2.23894
2.21218
2.18607
2.20111
2.17166
2.14343
2.11627
2.12899
2.09797
2.06857
2.04065
2.04706
2.01508
1.98513
1.95687
1.9504
1.9197
1.89088
1.86334
1.83364
1.81028
1.78645
1.76141
1.69486
1.69231
1.68145
1.66084
1.5339
1.57824
1.59963
1.58594
1.30494
1.41356
5.07636
5.29094
1.3506
4.88574
4.957
4.97153
0.645068
2.56371
0.747953
0.661705
0.70114
0.663766
0.668974
0.713005
0.78744
0.784309
0.785382
0.792527
0.783727
0.780935
0.779277
0.779675
0.767243
0.759532
0.750852
0.876215
0.745076
0.73554
0.725961
0.717193
0.714385
0.704282
0.693825
0.683287
0.677481
0.667369
0.657562
0.647601
0.633154
0.622902
0.613071
0.603475
0.581211
0.571134
0.561509
0.552246
0.522427
0.512927
0.503866
0.495201
0.457863
0.449393
0.441298
0.433564
0.388671
0.381626
0.374849
0.368347
0.316063
0.310711
0.305495
0.300439
0.241255
0.237724
0.234188
0.230691
0.165228
0.16352
0.16168
0.159758
0.0887619
0.0887815
0.0885821
0.0882142
0.0141862
0.0157463
0.017029
0.0180727
500.192
630.444
339.343
400.058
7.73816
32.9813
346.982
124.323
22.2012
25.5542
76.583
241.771
137.657
43.4726
68.8013
529.26
506.365
513.065
143.733
31.7363
28.1008
525.972
269.693
494.507
34.4686
399.483
458.956
14.4824
13.9934
33.5412
7.98798
333.036
306.367
532.627
656.789
612.922
22.6465
141.265
237.893
16.4507
18.8463
681.726
675.597
655.095
125.215
207.967
12.3467
12.2576
8.06099
5.80831
4.55526
55.1074
553.995
547.269
25.1569
7.11189
141.229
254.705
276.943
18.8109
24.3788
793.539
663.233
247.696
34.922
12.3591
10.7022
6.87351
4.96622
4.10938
3.52227
4.52557
9.0827
7.51474
7.17365
4.87104
2.8634
410.786
233.013
19.4928
327.689
64.4671
419.072
79.9684
23.7252
40.7263
4.0064
3.62301
3.57874
3.0051
2.95204
4.27475
4.15282
3.78301
4.24142
2.62443
2.55965
613.001
712.159
795.014
157.987
492.804
28.0432
48.6631
42.1045
4.08933
3.03956
2.93258
2.88372
3.04802
4.30122
5.46781
3.65497
4.01441
2.56749
2.45893
2.37681
3.96079
866.412
753.127
87.3112
41.6334
4.24093
4.33973
8.71348
3.17205
2.13121
2.14607
4.01242
2.3217
4.04332
5.79399
5.38488
2.55218
2.47521
2.37
2.21237
1.9145
1.81454
4.0775
35.0958
7.80047
5.01414
23.9016
5.06277
2.05522
2.31451
4.12524
2.14765
4.97748
5.53372
4.00003
2.54321
2.46058
2.39999
2.32186
2.09678
2.04305
3.42204
2.71539
29.2983
118.025
118.721
3.07985
1.47865
3.02544
2.32142
1.93834
1.79803
4.63687
2.73434
2.49672
2.41301
2.34431
2.26164
2.13705
2.08842
2.27344
2.47128
103.159
65.6481
0.684582
0.205251
1.15546
1.72803
1.56147
1.69371
1.83609
2.05447
2.36204
2.4162
2.34989
2.28061
2.20277
2.13446
2.54127
2.7764
2.13309
4.3638
9.08159
1.3463
0.850847
0.845423
1.04371
1.25528
1.42463
2.07405
1.86339
2.01929
2.34099
2.27981
2.21408
2.13659
2.20642
2.70473
1.99069
1.90196
1.59496
1.76386
1.54889
0.802938
0.42258
0.636758
1.73361
1.19443
3.65184
1.95142
2.00173
2.27056
2.21039
2.14612
2.07204
1.97872
2.57881
2.34897
1.63743
1.17846
1.56826
1.26253
0.54957
0.0409489
0.0467586
1.62544
1.14526
2.56729
4.18458
4.29728
2.20261
2.14314
2.0822
2.01747
1.93961
1.83946
1.79982
4.16266
0.832857
1.04867
0.992653
0.516082
0.0401969
-0.0122281
1.61857
1.12146
1.83226
4.26994
1.90955
2.13477
2.07662
2.02012
1.96445
1.90436
1.82181
1.66398
2.41839
4.37841
2.94966
2.04876
0.804771
0.484747
0.451072
1.81854
1.24402
4.18863
4.39544
1.83748
2.0642
2.0076
1.9553
1.907
1.85997
1.80165
1.71127
1.63949
6.49668
3.68757
1.87569
1.21146
1.02135
1.84468
1.48043
2.32716
4.47668
4.40778
1.74251
1.98811
1.93276
1.88332
1.83943
1.80013
1.7614
1.71934
1.72267
2.25405
4.20315
3.88278
3.6961
3.58443
1.57401
1.66949
4.73481
4.80189
2.64769
1.7225
1.90419
1.84951
1.8011
1.75729
1.71565
1.68385
3.9165
5.09707
5.37102
2.13531
1.72487
1.94634
1.91699
1.62693
3.04588
2.97198
3.42644
1.19308
1.35223
1.81104
1.75638
1.70758
1.66025
1.60554
4.46953
5.16495
3.22479
3.81823
4.84157
1.50085
1.25894
1.44318
2.6182
1.9799
4.15352
2.65673
2.42687
1.25598
1.70883
1.65262
1.60448
1.55666
1.77722
5.328
1.31278
1.18411
1.22771
0.871091
4.01504
1.10806
1.44512
2.56137
1.36576
2.89223
1.81108
1.53921
1.16354
1.59901
1.53608
1.49197
1.45765
5.30695
1.39366
1.23296
1.26875
2.09677
0.377275
1.25662
0.983036
2.64752
2.50094
1.21016
2.37862
1.76202
0.902023
1.07878
1.46592
1.39812
1.3635
3.03642
2.09225
1.2251
1.19631
1.13328
2.24307
0.664297
0.763674
1.04208
1.33923
1.4204
1.24268
3.64439
1.71414
4.52624
1.03865
4.54219
1.21351
1.22807
3.86368
1.07044
2.51592
3.21338
1.06759
1.72708
1.59275
1.0129
1.12273
1.38471
3.01482
1.34211
1.11957
3.63515
4.77835
1.13636
3.86351
1.08636
1.14635
3.50418
0.947064
0.845804
3.19016
1.03003
1.03192
2.08797
1.08408
1.16002
1.14169
1.23629
2.76445
4.98148
4.85901
2.93492
1.29867
1.27637
2.88943
1.13879
2.39711
0.940617
0.89216
3.2533
0.997171
0.999652
1.10932
2.53663
1.61207
1.4047
1.90745
3.04754
2.8246
1.02521
1.10034
1.3466
0.83379
1.54098
4.40833
4.38689
1.00409
1.00047
0.965374
0.968235
0.948344
0.953294
0.962545
1.40724
1.99994
2.18778
3.90894
3.63242
0.627409
0.898126
2.39862
0.821214
1.6151
1.36784
4.34068
3.16381
2.82636
0.902486
0.898804
0.893223
0.894687
0.897566
0.897556
0.888804
0.861775
2.20657
3.61346
0.566007
0.732205
4.31384
1.76608
1.56943
1.09522
0.790363
0.881153
0.815827
0.83533
0.835849
0.834244
0.833261
0.831724
0.826801
0.814838
0.790496
0.73342
2.44403
0.592645
0.745709
4.21918
0.891129
0.702844
0.689472
0.698748
0.75084
1.12973
0.796963
0.775212
0.773548
0.771253
0.767759
0.761447
0.750484
0.733484
0.7078
0.665176
0.680996
1.03509
4.25747
0.710014
0.738523
0.635469
0.59387
0.587767
0.980792
1.15502
0.712411
0.711632
0.709382
0.705681
0.699773
0.691063
0.679823
0.66818
0.662364
1.17437
1.11195
2.59344
0.68627
0.732667
0.634437
0.542521
0.540998
0.582687
1.07027
0.767817
0.649068
0.648022
0.645096
0.640275
0.633646
0.625801
0.618148
0.612598
0.607424
0.589461
0.698666
0.62548
0.596197
0.632149
0.56677
0.53741
0.557411
0.573525
0.724075
0.587429
0.587783
0.5858
0.58209
0.577029
0.571123
0.56504
0.558902
0.550816
0.538777
0.524234
0.584365
0.561656
0.539849
0.523222
0.516363
0.523019
0.522099
0.526101
0.528861
0.529207
0.527718
0.524832
0.520883
0.516206
0.511077
0.50535
0.498068
0.48894
0.480997
0.534407
0.51474
0.49706
0.483465
0.476719
0.472658
0.470763
0.471585
0.472304
0.472022
0.470643
0.468289
0.465142
0.461394
0.457181
0.452452
0.446934
0.440616
0.436894
0.478786
0.461366
0.446194
0.434246
0.426147
0.420961
0.418105
0.417073
0.416495
0.415651
0.414262
0.412276
0.409749
0.406791
0.403504
0.399961
0.396282
0.392833
0.391671
0.418999
0.403799
0.390743
0.380262
0.372588
0.367298
0.363967
0.362072
0.360809
0.359644
0.358283
0.356608
0.354609
0.352352
0.349934
0.347504
0.345349
0.343972
0.344424
0.35608
0.343321
0.332386
0.323499
0.316739
0.311883
0.308598
0.306452
0.304952
0.303711
0.302475
0.301117
0.299602
0.297967
0.296307
0.294787
0.293719
0.293513
0.294775
0.290803
0.280701
0.271996
0.26484
0.259268
0.255147
0.252237
0.250234
0.24881
0.247694
0.246689
0.245678
0.24462
0.243536
0.242506
0.241674
0.241298
0.241656
0.243047
0.223876
0.21657
0.210177
0.204847
0.200625
0.197441
0.195143
0.193533
0.192402
0.191566
0.190877
0.190242
0.189622
0.189026
0.188512
0.188183
0.188227
0.188795
0.189977
0.1558
0.151335
0.147291
0.143839
0.141059
0.138938
0.137406
0.136358
0.135671
0.135227
0.134925
0.134696
0.134506
0.134355
0.134276
0.13433
0.13464
0.135278
0.136223
0.0871156
0.0854795
0.0837737
0.0821995
0.0808904
0.0798995
0.0792267
0.0788416
0.0786902
0.078712
0.0788466
0.0790474
0.0792832
0.0795462
0.0798498
0.0802227
0.0807281
0.0814259
0.0822796
0.0195901
0.0205886
0.0210744
0.0212742
0.0213688
0.021477
0.0216634
0.0219592
0.0223687
0.0228755
0.0234535
0.0240756
0.024715
0.0253559
0.0259962
0.0266414
0.0273077
0.0280732
0.0289837
1085.95
1078.46
1064.26
1043.95
1014.86
978.732
935.671
884.578
825.62
762.63
706.954
676.539
676.4
694.309
718.337
740.153
745.66
752.248
742.437
712.612
649.657
601.181
585.622
1086.8
1080.67
1067.13
1045.66
1016.49
980.302
936.901
885.364
825.373
759.718
701.715
667.962
667.251
687.642
718.802
743.815
746.241
747.792
734.062
708.456
641.427
590.97
580.456
1089.51
1084.21
1070.6
1048.74
1019.72
983.218
939.053
886.733
825.13
754.138
686.398
649.281
653.891
681.167
717.847
748.233
753.696
746.006
728.511
704.442
623.848
569.527
571.786
1093.66
1088.31
1074.46
1052.88
1023.98
987.141
942.015
888.695
825.379
746.101
661.577
618.258
631.149
668.235
713.642
750.168
756.403
739.767
741.747
701.152
581.65
527.206
561.365
1098.59
1091.91
1078.42
1058.16
1029.29
991.91
945.384
891.025
826.893
735.914
622.304
571.626
601.526
650.087
705.484
749.654
752.818
726.778
760.391
695.341
497.104
446.14
553.006
1103.88
1095.76
1082.33
1064.92
1036.03
997.402
948.545
892.595
830.66
588.227
360.061
307.717
415.633
543.997
692.208
748.03
767.833
733.683
777.833
690.008
476.978
377.863
552.681
1109.99
1101.25
1089.55
1072.71
1044.64
1003.58
951.68
892.244
599.659
523.74
350.747
253.177
328.954
486.055
674.885
746.227
769.385
784.015
775.768
675.723
484.261
400.639
569.938
1118.08
1110.1
1097.95
1081.22
1055.34
1009.73
949.083
662.322
625.492
736.682
518.3
235.579
411.714
584.371
662.971
744.288
770.225
781.773
750.453
560.346
428.18
455.036
598.334
577.275
542.471
526.61
444.423
468.082
428.412
423.278
462.429
439.447
421.704
555.642
435.393
144.151
346.249
345.67
385.244
388.98
366.44
482.583
566.663
534.602
512.62
429.77
460.856
390.979
383.99
460.131
430.02
370.61
343.6
317.883
76.0836
256.911
296.828
381.244
395.889
303.2
461.533
559.893
533.799
497.505
451.065
446.538
310.848
388.313
408.161
400.894
261.336
116.887
144.505
37.7052
200.368
278.176
397.15
362.345
272.282
429.483
586.85
426.989
488.618
445.511
314.974
283.014
436.648
380.125
398.078
197.348
109.209
97.9186
32.3886
87.0663
346.501
444.719
416.028
295.425
424.442
631.021
476.447
407.535
492.765
316.865
283.026
417.549
383.212
404.556
353.852
106.682
164.617
30.5095
28.1486
262.631
419.004
430.902
321.538
431.882
660.016
418.486
324.514
532.21
456.154
208.65
428.007
409.281
400.972
65.9931
97.2667
228.73
33.0638
30.3137
40.182
384.424
316.725
329.124
440.706
661.287
632.522
296.327
571.663
413.616
104.367
422.204
125.181
102.732
26.7466
97.4033
147.617
128.468
33.565
42.0467
414.227
502.878
433.489
453.601
663.954
643.294
316.483
572.836
340.004
2.14938
398.437
75.3642
42.7288
21.8838
123.587
238.098
211.434
36.8548
44.6273
286.582
521.801
499.042
356.341
1132.5
1138.39
1129.07
1108.69
1082.88
1023.2
745.302
660.877
736.236
632.176
507.427
232.077
271.337
313.89
676.42
749.136
759.238
775.495
722.48
207.831
16.9954
366.547
226.415
1166.6
1180.46
1174.47
1154.69
1129.52
1040.57
614.431
774.887
607.046
254.815
115.822
369.753
418.404
696.847
715.674
754.244
745.174
803.844
779.212
646.447
11.1092
10.3759
114.88
1206.71
1220.71
1218.45
1207
1180.41
1066.82
607.545
202.196
38.9787
39.3192
38.8446
40.2898
104.41
92.3499
157.341
605.157
856.747
865.048
846.492
5.99411
6.50541
12.335
5.253
1243.8
1255.34
1256.44
1245.94
1222.33
1151.88
931.588
60.8783
37.9523
35.3049
36.9579
37.7706
42.3536
103.913
24.0538
37.024
120.104
843.347
486.835
7.16802
5.49923
23.702
21.9744
1275.11
1289.18
1291.88
1281.25
1253.71
1139.92
583.058
194.876
85.9229
75.8792
86.0097
58.1954
83.2102
107.902
19.8469
36.4437
4.45137
3.82038
4.20551
5.8733
4.74631
15.8307
2.89127
1301.8
1137.16
1226.73
1317.95
1301.76
1258.53
638.163
146.104
168.294
14.6426
47.9954
79.4568
74.2638
106.084
19.7276
4.20904
3.94142
3.85866
4.00233
5.99625
3.91488
4.83941
2.7326
1234.13
1239.12
1279.88
1366.76
1033.52
1292.69
1309.55
792.885
14.146
19.7614
9.1161
9.20784
10.3455
19.688
20.5591
3.72946
3.34712
7.21005
6.73042
6.10895
3.65694
3.64873
2.66793
1367.17
1102.94
439.478
760.056
1120.22
1428.88
1427.4
23.4633
11.3779
27.2568
14.4592
9.31431
29.1182
14.3784
20.7183
7.52543
3.19285
8.82474
2.76476
2.8903
5.01802
4.03306
2.52746
1507.65
275.122
41.835
17.0954
17.4642
42.7256
34.3009
8.3115
5.40499
27.6101
37.5692
13.5839
36.7979
41.7228
9.74451
5.46084
14.4792
3.07953
2.92767
2.88242
2.7831
5.52789
3.54816
1583.78
939.166
140.073
20.8225
18.8015
19.3528
49.6203
8.78785
5.41066
36.3514
25.722
3.44947
2.65584
38.6265
11.6016
8.75772
11.0611
3.09841
2.94626
2.8464
6.11414
5.84257
2.75268
1546.93
257.37
545.551
38.8593
27.0673
26.8091
28.4026
54.3269
9.81128
8.29276
4.21929
2.91239
1.16746
33.4782
10.4581
10.5049
3.97621
3.01492
2.88211
2.76226
2.627
4.61971
4.55449
1663.36
55.245
78.8685
1.59293
-0.271562
-2.70894
1.1081
20.5147
23.2008
4.73259
4.51616
3.75668
5.42689
2.56861
3.42148
7.49275
2.9382
2.88508
2.79625
2.698
2.59751
2.50872
2.45278
1562.09
42.8322
6.56644
27.9481
23.8647
-0.825589
10.4517
1.62865
3.43399
3.97503
3.81538
3.76468
7.26697
7.28679
4.6863
2.87585
2.8718
2.78963
2.71768
2.63651
2.55352
2.47709
2.41355
1025.49
7.31469
3.17724
9.36587
4.72132
0.639437
8.30297
9.62673
13.2314
15.9411
15.7689
9.96626
6.64522
5.81842
2.90975
2.87172
2.78197
2.715
2.64813
2.57647
2.50205
2.4295
2.36304
1084.87
155.179
2.78728
2.19327
9.29335
5.9064
-3.02208
-2.42557
-0.746998
0.62396
10.7382
20.1778
5.50147
3.42835
3.08795
2.77327
2.70969
2.64483
2.58388
2.51916
2.44837
2.37555
2.30562
1159.97
28.2953
5.94521
1.17843
7.88117
-4.50922
-6.80935
-6.56286
-3.85503
-0.799354
0.964072
1.72158
23.0243
3.62342
3.11149
2.69646
2.62704
2.56955
2.52425
2.46807
2.39646
2.31827
2.2424
607.259
655.274
4.42836
-0.138187
3.14426
-7.64115
-11.1138
-10.9965
-7.21954
-2.44561
0.561556
1.44103
10.3619
24.6977
2.71538
2.48732
2.47858
2.47484
2.47544
2.43178
2.34985
2.25733
2.17153
337.348
354.898
0.556236
5.62392
-1.03892
-9.24479
-12.5523
-12.4117
-8.49988
-3.7353
4.14703
0.524158
32.6312
34.0261
1.65512
1.93407
2.14616
2.32031
2.45417
2.42433
2.30681
2.18503
2.08632
735.408
669.273
2.00116
6.16912
-1.35169
-7.5874
-10.2932
-10.2991
-7.43485
-2.13083
5.07723
-0.913286
29.9029
31.9886
0.103674
1.05242
1.50157
1.8939
5.59259
2.43867
2.23455
2.07371
1.97169
429.05
454.239
485.906
0.306573
-2.21704
-3.55043
-5.26919
-6.17085
4.34956
7.59344
0.141028
-2.20973
25.3759
24.398
-1.31157
0.121662
0.448692
13.113
15.4276
17.814
2.07486
1.84694
1.80108
400.636
891.447
483.723
21.5276
10.0286
7.04033
0.0596346
18.1695
10.872
1.15623
1.06331
-1.8807
0.595508
-2.60537
-1.13086
-0.0715214
0.307299
1.14269
0.111902
17.4586
13.0465
1.37834
1.53922
581.063
802.998
-0.00945057
169.057
8.70453
8.79795
33.1078
2.9753
0.623447
11.0204
36.357
-0.996535
-1.48448
-1.2144
-0.338998
0.471315
0.540153
0.129554
0.0399916
17.1847
17.354
0.675644
1.1729
1202.51
84.3727
-1.87197
144.395
10.2934
66.7195
3.81213
2.80638
26.6313
39.9008
-0.0340147
-0.401889
-0.495923
-0.320584
0.522692
1.61986
0.699829
0.359216
-0.135478
12.0869
10.2791
0.180195
0.79286
1186.14
365.144
1.7211
6.24329
50.6847
12.443
4.50481
3.57095
43.3292
1.1875
0.510846
15.2167
0.0553621
0.251432
3.29887
1.6397
0.593925
0.433532
0.0075786
-0.500364
-0.400153
0.295304
0.613655
23.5805
606.324
4.44082
4.27687
55.9131
3.34248
3.4514
2.87293
2.26085
1.95927
13.1692
19.2697
9.87665
23.8342
1.41782
0.619178
0.673788
0.601941
0.441551
0.314164
0.406393
0.579495
0.687914
15.7534
260.858
4.45382
4.69068
30.8708
3.29425
3.11197
3.53924
9.29408
2.63938
3.61065
2.65796
13.9466
25.7387
0.836859
0.829265
0.77566
0.71664
0.647716
0.612262
0.647155
0.713889
0.76712
14.8151
296.521
122.306
389.066
14.1516
3.26295
3.01555
2.69492
3.0962
9.38408
1.86808
1.37311
1.07582
0.971501
0.967849
0.91343
0.852654
0.796665
0.751854
0.732617
0.742903
0.767316
0.786825
15.8095
329.025
564.898
166.84
14.2381
3.09878
2.85918
2.60515
2.30016
1.97468
1.71541
1.48663
1.28068
1.1526
1.06695
0.985806
0.913562
0.854708
0.812451
0.789456
0.783443
0.785325
0.785148
346.202
41.1108
584.846
186.856
51.0855
2.85137
2.69557
2.53451
2.29423
2.03437
1.79987
1.59094
1.40766
1.26328
1.14563
1.04444
0.960329
0.894391
0.846526
0.815318
0.796739
0.784791
0.773738
700.529
5.53978
71.598
200.034
61.0873
2.77913
2.62965
2.48323
2.27776
2.05754
1.85204
1.66377
1.49003
1.33437
1.19807
1.08227
0.987951
0.914357
0.859387
0.819968
0.791953
0.770613
0.751869
120.582
5.00818
5.34724
7.30426
54.8062
2.75701
2.5714
2.42657
2.23905
2.0472
1.87284
1.70801
1.5399
1.37221
1.22038
1.09335
0.991632
0.912415
0.852043
0.806652
0.772209
0.744798
0.721115
133.847
7.66455
5.20528
6.64018
7.4271
2.87961
2.47481
2.32405
2.13891
1.96705
1.83903
1.71705
1.55835
1.3735
1.20527
1.07157
0.967569
0.887005
0.824751
0.776589
0.738787
0.708097
0.681926
216.532
52.9997
5.35947
54.4098
2.66901
2.39212
2.30191
2.11585
1.9024
1.69727
2.05038
2.45289
1.49704
1.31772
1.14071
1.0119
0.914537
0.838555
0.77859
0.730937
0.692556
0.660908
0.633987
21.9217
23.4213
55.1371
55.2846
2.57006
2.1381
2.02259
2.141
1.44896
1.0614
3.07994
5.82901
6.20044
1.4144
1.01164
0.912519
0.833859
0.768755
0.715007
0.670806
0.634313
0.603768
0.577662
26.9315
42.4272
41.9872
2.04684
2.28759
1.77717
1.86696
2.33574
0.913801
0.619094
0.576822
1.75884
5.98825
5.99009
0.827863
0.779198
0.726996
0.677885
0.634271
0.596735
0.564772
0.537435
0.513736
53.7245
8.015
1.27057
1.29567
1.37063
1.31961
2.27961
1.487
0.986458
1.53008
0.874177
4.81617
5.76635
0.611076
0.640216
0.626562
0.598145
0.567348
0.537476
0.50997
0.485233
0.463141
0.443359
51.0123
394.098
0.637061
0.779114
0.857075
0.768764
1.70787
1.40005
1.2156
-0.0154417
0.106788
0.139498
0.236289
0.410579
0.440833
0.448625
0.449611
0.441281
0.428492
0.413615
0.398086
0.382738
0.368007
57.0036
424.127
10.2577
1.2005
0.288463
0.25012
1.15063
0.348784
-0.437132
-0.65816
2.09001
-0.265469
-0.0755647
0.0929991
0.179479
0.239954
0.284969
0.306174
0.313047
0.311962
0.306388
0.298411
0.289296
42.3233
455.695
59.6601
36.3531
-0.568909
-0.375412
0.71165
-0.923081
-1.44211
1.61226
2.13139
-0.589131
-0.339619
-0.186387
-0.142074
0.0472748
0.128463
0.174509
0.19889
0.210079
0.213557
0.212528
0.208924
67.8236
471.122
33.4316
48.8879
-1.35978
-0.746736
0.371863
-1.06025
-1.33039
2.71827
-1.05857
-0.73062
-0.518954
-0.372539
-0.182596
0.143951
0.00302588
0.0597153
0.0929275
0.111777
0.121815
0.126433
0.127731
90.6315
366.07
30.0327
47.9598
16.4759
-0.408413
-0.741212
-1.02272
0.157938
-0.313045
-1.00285
-0.826626
-0.644014
-0.466052
-0.299696
0.0420241
-0.0796125
-0.0307305
0.00116537
0.0217096
0.0348997
0.0432425
0.0483568
14.4761
-2.72502
182.225
-0.390825
-1.21132
-0.491398
-0.279003
-0.0152949
0.253075
-1.24943
-1.07514
-0.96962
-0.828182
-0.64476
-0.400327
-0.192193
-0.146915
-0.111994
-0.0869612
-0.0678656
-0.0530943
-0.0416904
-0.0329503
284.858
364.311
406.806
264.627
3.67748
3.73099
5.56259
258.94
6.14116
3.51307
3.48193
3.60189
3.3475
3.41185
3.72527
3.40749
3.59743
3.61576
3.54942
2.92698
2.54705
3.17845
2.63705
2.62473
2.54754
2.50761
2.64002
3.18453
2.49044
2.56127
2.54516
3.5636
2.66573
2.66761
2.66211
3.95896
2.75313
4.19383
4.68767
2.82302
3.49723
2.58948
2.45058
2.43241
2.41894
2.40113
2.38262
2.36249
2.36737
2.34375
2.32048
2.29711
2.31087
2.28397
2.25784
2.23224
2.24923
2.22012
2.19207
2.16498
2.18171
2.15072
2.12117
2.09297
2.10608
2.07345
2.04277
2.01381
2.01778
1.98475
1.95406
1.92521
1.90969
1.88049
1.85297
1.82637
1.77392
1.75956
1.74274
1.72183
1.60508
1.62778
1.63749
1.62946
1.38837
1.48028
1.54989
1.90566
1.043
1.7248
5.17674
5.18002
0.634914
4.09456
4.69365
4.77399
0.653349
0.578761
0.565681
0.62144
0.769855
0.7543
0.743532
0.753224
0.790027
0.788877
0.788937
0.792061
0.778388
0.773103
0.767376
0.762263
0.761408
0.753131
0.743879
0.744256
0.735279
0.725537
0.715171
0.704767
0.701908
0.69177
0.68174
0.671538
0.661564
0.651121
0.641118
0.631396
0.613393
0.602934
0.59296
0.583367
0.557724
0.547627
0.538017
0.528825
0.495487
0.486222
0.477395
0.468962
0.4278
0.419827
0.412193
0.404877
0.355909
0.349585
0.343462
0.337549
0.281089
0.276622
0.272202
0.267863
0.204646
0.202087
0.199429
0.196727
0.127183
0.12648
0.12556
0.124485
0.0509526
0.0518884
0.0525538
0.0529978
-0.0271246
-0.0244899
-0.0221977
-0.0202099
144.555
156.289
574.779
310.747
185.483
15.3114
180.096
419.26
238.11
14.5293
37.3519
28.9583
276.332
138.19
52.2523
540.242
589.635
566.452
150.925
239.509
18.023
17.6157
291.928
597.836
578.81
106.207
479.848
497.188
12.3812
12.9962
7.51506
5.39555
427.629
662.341
696.872
667.578
42.7704
43.2437
122.541
275.524
17.7759
86.0356
731.685
726.607
257.321
147.397
220.633
11.9328
10.9602
5.8312
4.88168
3.92568
3.46644
5.34263
7.60144
7.38868
6.22599
3.08586
318.718
237.009
19.6858
297.609
502.923
67.9662
373.863
12.4507
16.3998
20.2256
3.62962
4.09088
3.56245
4.50497
4.97986
7.61335
5.57332
5.01741
2.76293
2.8747
524.484
303.367
18.5273
154.832
156.006
172.884
15.9011
45.78
3.04261
3.4402
2.91186
3.38733
2.55252
4.14626
4.18797
4.05951
3.69556
2.63033
2.53062
2.3648
452.648
859.026
864.561
826.203
78.051
31.9512
18.3218
22.5602
4.11632
2.34515
2.9144
2.35392
4.13678
2.69411
5.61208
3.813
2.57495
2.51907
2.41073
2.25986
2.04893
200.714
2.90049
13.2248
27.6088
4.16532
5.7085
4.42765
2.09277
2.27906
2.79453
2.17328
2.35912
5.42002
3.98582
2.58529
2.51039
2.43662
2.34994
2.17374
1.85474
3.10393
9.20825
17.2187
13.0958
58.4456
71.8154
0.0477512
2.17575
4.26367
2.03611
2.03391
5.0406
3.39058
2.55143
2.48239
2.40639
2.34251
2.22415
2.02514
2.15751
2.44193
7.17373
123.709
98.5749
-0.430731
0.502895
1.80029
3.10621
1.75935
1.83993
2.43538
3.39303
2.48862
2.41798
2.34771
2.27416
2.18575
2.13309
2.28381
2.32074
4.27243
72.2042
1.16145
0.68982
0.837508
1.1667
1.3186
1.50067
1.67588
1.84457
1.96112
2.40468
2.34712
2.28206
2.21118
2.13143
2.70304
2.73024
2.21981
1.79743
1.74176
1.70427
1.22507
0.70133
0.699471
0.992019
1.21867
1.91095
1.8305
1.91321
2.3333
2.27578
2.21294
2.14367
2.0576
2.55476
2.21866
1.87379
1.59522
1.72868
1.58384
1.09311
0.364192
0.132181
1.40621
1.62156
1.43534
4.0056
4.21241
2.26527
2.20681
2.14552
2.08033
2.003
1.90654
2.51115
1.89784
1.59433
1.03496
1.20429
0.855299
0.169847
-0.122599
0.992388
1.83421
1.21251
3.95976
4.28673
2.1984
2.13939
2.08059
2.02164
1.95867
1.8787
1.75321
1.65059
5.45288
0.895491
1.29758
0.849303
0.386552
0.133159
0.582954
1.15153
1.27753
4.21865
3.0075
2.12986
2.07094
2.01513
1.9622
1.91031
1.85233
1.76091
1.59741
6.12074
6.11594
5.2857
1.10423
0.882325
0.726884
1.69762
1.29567
4.11342
4.40441
1.75777
2.05696
1.99839
1.94511
1.89704
1.85337
1.81017
1.75549
1.67733
1.81291
7.04787
2.92197
2.66122
2.6164
1.76995
1.84845
1.61726
4.63892
4.5785
4.00712
1.97723
1.91895
1.86722
1.82138
1.78082
1.74393
1.71535
1.97059
2.83411
2.35326
2.02482
3.84583
3.64071
2.56861
1.66468
3.64835
4.82341
1.43666
1.45658
1.88874
1.83064
1.77936
1.73286
1.68687
1.64126
4.8262
5.17095
5.1311
5.26574
1.83412
1.34714
1.3372
1.45339
2.99706
2.21269
4.5941
1.51082
1.04859
1.79109
1.73244
1.68096
1.6335
1.58087
2.85202
5.24519
1.28443
1.20343
1.03612
4.32557
0.995042
1.36769
2.2358
2.00631
1.74644
4.00164
3.18555
1.13524
1.68815
1.62324
1.57236
1.52728
1.50748
5.29575
1.60078
1.2076
1.76393
0.696429
2.87688
1.08303
1.25157
3.08101
1.31486
1.19751
3.21825
2.71807
1.03635
1.59181
1.49393
1.45126
1.41123
4.70354
1.30238
1.2492
1.17008
2.35213
1.77834
0.457061
0.778461
1.13889
2.96784
1.26159
1.15549
3.53261
1.54995
1.41215
2.57698
1.29335
1.31148
1.39056
4.04327
1.14827
2.28592
1.1195
1.10435
1.92487
0.844017
1.01664
1.24073
2.94225
1.31404
2.45647
1.59383
4.53473
2.61857
5.01977
1.46402
1.17341
2.08744
1.12137
0.914791
2.83326
2.71073
1.04985
2.16656
1.00759
1.11436
1.14034
2.71649
1.40017
1.2999
3.16827
4.79798
1.48321
1.9185
1.07129
1.14501
2.53487
1.01336
0.871478
0.892384
2.44728
1.03157
1.03282
2.43426
1.12587
1.17899
1.17303
1.18699
1.32547
3.33206
5.00787
1.27091
0.748911
2.33594
4.08965
2.0233
1.57217
0.945287
1.70837
0.985447
0.999088
0.975609
0.988373
3.09986
3.68847
3.96572
4.01991
3.85987
2.93032
0.84932
1.18648
0.788927
0.860834
0.908017
4.35941
3.96267
1.1509
1.89845
0.937608
0.922004
0.922457
0.927586
0.933439
0.932339
0.919976
0.893838
3.75633
1.43913
0.678017
1.29573
0.799022
1.77771
1.75747
0.841363
2.47044
2.34101
0.861125
0.867332
0.864697
0.863915
0.864432
0.863588
0.85718
0.8396
0.802724
3.4785
1.20189
0.63089
3.32585
1.47691
1.09677
0.702934
0.745794
0.749531
0.766605
0.797225
0.806143
0.804982
0.803193
0.801113
0.797068
0.788588
0.772637
0.745561
0.674756
0.886358
0.662098
2.45391
0.727157
0.706317
0.674739
0.654748
0.632093
1.09024
1.15891
0.771966
0.743696
0.741599
0.738625
0.733773
0.72583
0.713931
0.698905
0.681251
0.761778
1.12586
1.54049
0.69162
0.768248
0.674787
0.583006
0.549161
0.572542
0.845874
1.14618
0.680349
0.679638
0.677139
0.672795
0.666283
0.657684
0.648158
0.640296
0.637603
0.629416
0.595655
0.657108
0.664505
0.696833
0.618221
0.532361
0.552366
0.585418
1.0943
0.616912
0.618145
0.616744
0.613384
0.608326
0.601963
0.595091
0.588777
0.582498
0.572556
0.552589
0.618399
0.594044
0.567797
0.54339
0.532492
0.534983
0.545032
0.605308
0.556314
0.558356
0.557676
0.555161
0.551257
0.546354
0.540897
0.535183
0.528404
0.519326
0.505472
0.570904
0.549617
0.529166
0.511646
0.500219
0.501565
0.496048
0.497367
0.499762
0.500646
0.49994
0.497911
0.494823
0.49094
0.486495
0.481569
0.475774
0.468722
0.459059
0.517048
0.497735
0.480161
0.465457
0.454944
0.44958
0.445398
0.444363
0.444404
0.444157
0.443178
0.441399
0.438892
0.435794
0.432241
0.428303
0.423934
0.41922
0.414584
0.45822
0.440929
0.425637
0.412872
0.403292
0.396828
0.39252
0.390303
0.389135
0.388175
0.386984
0.385381
0.383332
0.380892
0.378161
0.37524
0.372274
0.369596
0.368356
0.395558
0.380642
0.367594
0.356695
0.348209
0.3421
0.337893
0.335264
0.333578
0.332293
0.331045
0.329638
0.328
0.326144
0.32415
0.322139
0.320325
0.319093
0.319735
0.329968
0.317779
0.307109
0.298156
0.291044
0.285725
0.281938
0.279369
0.277613
0.276299
0.275154
0.274003
0.272768
0.271442
0.270088
0.268822
0.26785
0.267489
0.268785
0.262223
0.253008
0.244848
0.237933
0.232353
0.228081
0.224959
0.222765
0.221231
0.22011
0.219203
0.21837
0.217541
0.2167
0.215893
0.215213
0.214815
0.21492
0.216151
0.193107
0.186973
0.18139
0.176567
0.172613
0.169536
0.167254
0.165637
0.16452
0.163749
0.163184
0.16272
0.162302
0.16191
0.161574
0.161353
0.161348
0.161677
0.162629
0.122884
0.119858
0.116882
0.114179
0.111897
0.110101
0.108775
0.107871
0.107308
0.106999
0.106857
0.106813
0.106822
0.106864
0.106951
0.107115
0.107411
0.107864
0.108562
0.0533378
0.053281
0.0527957
0.0521305
0.0514732
0.0509465
0.0506019
0.0504568
0.0504974
0.0506935
0.0510028
0.0513857
0.05181
0.0522515
0.0527109
0.0531975
0.0537361
0.0543027
0.0548223
-0.0179439
-0.0149804
-0.0129445
-0.0115571
-0.0105805
-0.00982361
-0.0091536
-0.00848554
-0.00777216
-0.00699603
-0.00616273
-0.00528852
-0.00439558
-0.00350719
-0.00263891
-0.00180185
-0.000999713
-0.000245864
0.000332134
1083.34
1071.93
1055.42
1030.34
997.626
958.14
911.167
855.974
794.13
732.39
687.919
672.401
685.28
704.828
730.734
746.168
742.949
751.134
732.963
681.767
621.289
590.223
584.991
1085.32
1074.55
1057.46
1031.98
999.257
959.565
912.193
856.389
792.772
728.393
681.36
663.541
675.937
702.638
733.276
749.649
743.78
742.82
729.083
676.702
610.516
582.497
580.482
1088.89
1078.17
1060.77
1035.12
1002.43
962.108
913.965
857.195
790.516
718.198
662.503
647.158
665.976
698.834
734.977
756.85
750.726
733.547
727.848
667.815
587.093
567.884
573.855
1093.42
1081.83
1064.82
1039.33
1006.63
965.59
916.402
858.628
787.886
702.187
632.005
619.51
648.201
690.529
734.35
761.03
749.708
725.303
731.61
647.813
535.82
544.995
566.878
1098.13
1085.12
1069.75
1044.72
1011.89
969.698
919.109
860.921
785.814
678.575
583.987
580.934
625.143
677.085
731.334
761.441
730.682
736.66
744.19
604.937
427.549
512.517
562.71
1103.21
1087.65
1074.79
1051.68
1018.14
974.097
921.101
863.922
751.102
451.946
311.317
347.475
475.109
645.345
725.863
760.4
745.748
779.257
746.647
604.107
375.063
480.373
568.097
1109.7
1093.75
1079.61
1060.67
1025.63
978.899
921.478
822.204
570.05
485.718
261.731
285.802
370.049
586.52
719.981
759.703
777.052
787.385
733.939
590.17
392.586
489.795
586.67
1118.84
1101.09
1089.78
1072.13
1034.72
980.761
894.757
608.354
787.334
639.737
402.608
259.443
552.919
641.767
713.918
759.652
777.664
777.818
667.905
466.784
447.612
528.89
605.276
541.242
563.271
474.707
456.964
441.936
425.063
444.07
454.775
422.158
459.994
596.315
199.033
241.888
376.119
332.497
400.223
378.924
408.952
474.725
511.533
557.75
468.735
429.795
441.801
353.889
428.439
426.619
410.898
335.364
445.061
84.2394
161.164
298.464
281.234
444.394
313.897
349.833
433.914
531.07
527.389
496.032
438.587
396.473
330.226
440.015
402.749
369.991
126.042
150.801
55.4434
85.979
302.985
287.629
482.578
285.834
305.298
456.55
567.731
392.462
498.109
341.346
289.722
333.343
408.863
386.635
343.555
117.039
111.257
79.8196
29.8331
264.605
390.839
488.586
272.993
383.101
403.922
621.044
341.996
515.129
454.766
271.461
365.727
407.344
388.73
393.374
152.09
124.464
127.302
28.8426
45.604
366.051
472.255
273.782
401.688
407.402
634.635
313.813
513.042
499.707
370.252
325.176
430.378
405.563
308.251
156.382
134.662
152.469
30.3061
33.4006
206.577
476.937
309.109
406.377
451.322
650.937
313.148
468.824
516.142
162.931
361.811
272.782
119.843
43.126
80.0732
117.838
200.185
33.1814
36.1749
45.8915
500.527
491.098
455.301
206.831
652.175
630.473
312.407
526.579
10.9965
57.8848
247.072
67.0141
23.2263
33.0544
112.702
222.944
37.5308
39.9453
56.3949
463.649
482.767
486.587
157.462
1144.36
1131.93
1119.12
1100.91
1058.04
971.657
650.493
798.669
680.797
590.994
243.65
246.327
298.088
518.357
716.46
764.525
771.963
761.002
614.086
27.9647
75.9741
468.41
139.959
1184.39
1176.44
1162.65
1147.23
1104.42
733.712
663.48
712.655
519.489
117.133
129.283
420.688
486.813
712.161
748.502
741.621
787.694
799.784
739.953
162.176
10.1842
56.7115
4.33914
1224.32
1218.34
1216.05
1194.83
1159.42
720.343
541.946
40.3934
39.5539
38.5451
39.1543
47.7421
148.53
83.3705
326.754
813.93
859.553
866.313
470.794
6.13766
9.70562
10.4926
4.39454
1256.54
1255.38
1253.86
1235.04
1209.3
1066.59
476.861
39.4098
35.8722
39.2453
37.9111
39.257
82.7968
70.3013
23.0095
58.1321
573.507
849.039
73.1646
6.03654
14.2913
22.9631
7.51733
1281.52
1290.56
1289.6
1265.57
1235.72
649.64
591.075
56.1713
90.7411
91.2402
40.5225
83.8208
47.2916
93.0905
23.2691
4.23076
4.17556
3.58949
6.84762
4.58069
6.73469
8.73862
2.93222
1143.05
1133.8
1318.21
1311.88
1271.48
1190.37
194.838
159.893
107.669
15.0277
78.087
77.792
62.5919
92.5069
17.1734
4.07868
3.85208
3.89626
7.11558
4.0099
4.03802
3.11957
2.5863
1261.75
1249.52
1349.34
1048.3
1235.99
1311.5
919.522
390.809
16.2597
11.8094
8.82865
9.71403
15.8691
12.2954
8.21613
3.49629
3.39178
7.86009
3.69266
4.82581
3.3407
4.14152
2.45524
1424.21
652.593
335.845
1018.74
1369.74
1427.95
824.228
15.8147
22.1127
25.1891
9.37705
9.52054
29.626
13.3746
17.3786
3.29478
8.82293
5.38262
2.81868
3.26068
4.98272
2.71742
2.48967
1386.49
57.4974
27.7469
15.8056
19.3611
83.2789
11.0316
5.78454
5.44503
37.2391
20.252
23.4259
40.4326
25.1409
6.40638
6.54599
8.42016
2.99465
2.91282
2.83823
2.65284
5.49197
2.68057
837.025
711.77
25.6405
19.3487
18.6973
30.6833
44.9976
5.62434
15.4967
37.2688
9.95277
2.76085
23.6725
38.553
6.94711
15.5614
3.35044
3.01866
2.89146
4.09343
5.91707
4.96615
2.76275
528.561
473.769
258.273
24.0432
27.8182
3.16277
50.3998
42.9092
20.4723
4.70669
3.3213
3.06239
13.0099
34.2226
3.65525
10.4713
3.08855
2.94513
2.82217
2.69682
2.90752
5.34468
3.89877
183.072
53.8399
17.4036
0.817831
-1.63231
-3.15472
18.6336
11.8913
4.691
4.47045
4.40666
4.15279
3.01925
2.6942
4.96669
3.4087
2.92001
2.84278
2.74766
2.64766
2.54932
2.47685
2.43266
120.369
16.1116
19.2082
26.7265
-0.601613
2.10404
3.65345
2.74688
3.84054
3.94054
3.67546
6.97457
7.2353
6.89202
3.80898
2.88273
2.82375
2.75542
2.67774
2.59479
2.51395
2.4436
2.38621
117.171
4.30376
3.05924
11.1639
1.21859
7.05651
8.92182
9.99198
14.6357
16.9361
13.2379
7.22007
7.76669
2.98567
2.87869
2.84229
2.74703
2.68217
2.61285
2.53935
2.46522
2.39538
2.33238
157.93
28.8051
2.54178
6.38011
8.15862
-2.61815
-2.97871
-1.61183
0.0336472
1.06007
19.6033
21.0053
3.43442
3.304
2.88623
2.74014
2.67685
2.61433
2.55234
2.48436
2.41187
2.34001
2.27256
211.135
18.6513
1.47317
7.23483
-0.699834
-5.85253
-7.04805
-5.43819
-2.14574
0.247614
1.3505
17.7963
8.09153
3.41175
2.83846
2.65337
2.59653
2.54704
2.49829
2.43377
2.35753
2.27968
2.20672
671.275
83.4978
-0.0566052
5.09714
-5.51684
-9.71558
-11.5519
-9.48002
-4.7001
-0.706808
1.19262
2.00615
33.7206
4.08056
2.52476
2.48579
2.47285
2.4787
2.45985
2.39383
2.30344
2.21313
2.13272
702.339
1.28543
0.361593
3.85819
-7.12961
-11.2851
-12.9903
-10.8308
-5.95745
1.57449
0.560996
26.5441
33.9347
16.16
1.72851
2.06095
2.23123
2.40185
2.45786
2.3698
2.24362
2.13266
2.04515
737.178
4.09964
1.21447
4.36198
-5.91301
-9.2284
-10.6927
-9.13423
-5.65555
4.83986
1.07121
3.90579
31.2324
16.8593
0.629654
1.30998
1.68051
3.6382
3.48048
2.33761
2.14569
2.01711
1.93401
404.052
672.936
6.75544
-0.0691563
-2.86689
-4.4109
-5.9622
-4.38942
7.76188
6.38517
-1.70372
-2.42612
28.0693
2.00851
-0.415981
0.394613
1.37269
14.9372
17.1535
8.73138
1.90673
1.82211
1.78462
378.197
47.6796
438.336
5.99663
10.0102
0.930959
7.17075
16.0996
0.674289
0.903112
3.15057
-0.52952
4.3083
-2.01168
-0.485574
0.105144
3.99475
-0.119526
2.12153
17.9444
1.61152
1.48269
1.58107
1164.38
10.5492
157.48
19.1668
9.27872
35.9525
26.2343
1.25841
0.332305
34.8488
0.63219
-1.31939
-1.45504
-0.806898
0.104576
0.635863
0.508257
0.0426935
10.122
17.1383
3.43521
0.998046
1.30853
1218.18
-1.1014
3.7455
28.2223
68.3094
31.1487
3.15065
4.7504
39.5257
28.3412
-0.24774
-0.504161
-0.41791
-0.217006
1.87826
0.779544
0.543912
0.307485
-0.410232
16.3241
-0.485122
0.554488
0.954999
1271.7
1.42053
10.6621
9.95055
72.4902
4.21774
3.3654
30.9738
8.74943
0.931295
2.73282
9.37179
0.201947
1.71539
3.44794
0.584805
0.548203
0.248006
-0.258748
-0.602956
-0.00822099
0.489214
0.663577
150.442
77.2684
4.24145
23.0123
21.313
3.38967
3.03613
2.58482
3.62365
2.1512
19.1872
7.0789
23.8189
4.92262
3.51205
0.679458
0.649586
0.531236
0.354254
0.328186
0.49975
0.646156
0.690867
14.7964
59.7642
4.63207
10.9762
9.61319
3.20235
2.97723
9.56912
7.99881
2.62354
3.21866
9.42206
21.5734
13.9527
0.948757
0.802575
0.748106
0.681879
0.622109
0.622334
0.679489
0.745083
0.775768
27.2265
19.3167
437.256
11.8054
3.22024
3.31203
2.84786
2.51851
8.68554
7.04851
1.64567
1.20153
1.01312
0.977869
0.942348
0.882739
0.82378
0.772103
0.738168
0.734773
0.754559
0.778776
0.790304
48.3475
240.179
566.325
11.433
3.04832
3.13419
2.72755
2.46113
2.13189
1.8378
1.60059
1.37751
1.20569
1.10996
1.0256
0.948218
0.88228
0.83127
0.798536
0.784809
0.784047
0.786054
0.782004
50.5235
140.592
585.018
32.6065
2.79452
2.83384
2.62687
2.42091
2.16281
1.91327
1.69283
1.49502
1.33077
1.20226
1.09301
1.00015
0.925072
0.868245
0.829016
0.804808
0.790323
0.779453
0.767148
48.7999
6.79652
553.995
35.5929
11.0132
2.80483
2.56654
2.38502
2.167
1.95227
1.75613
1.57488
1.4098
1.26376
1.13751
1.03243
0.948673
0.884712
0.837969
0.804829
0.780734
0.761119
0.742519
249.843
4.78704
7.14444
49.4166
3.24545
2.62616
2.50668
2.33564
2.14162
1.95775
1.79036
1.62453
1.45512
1.29347
1.15361
1.03946
0.949432
0.880112
0.827724
0.788315
0.75785
0.732662
0.709939
358.537
5.11364
5.15999
52.7487
2.86475
2.52288
2.4072
2.23249
2.04868
1.89814
1.78133
1.64234
1.46708
1.28508
1.1343
1.01627
0.924705
0.853869
0.799152
0.756608
0.722734
0.694577
0.669964
368.562
5.33041
29.0674
53.115
2.72703
2.36442
2.21759
2.0082
1.79822
1.67593
2.52115
1.77583
1.42093
1.22206
1.07143
0.960088
0.874266
0.806825
0.753427
0.710757
0.67603
0.646956
0.621847
22.2522
27.611
55.2521
4.40405
2.24699
2.09801
1.94151
1.66739
1.26059
0.949203
5.52219
6.01618
6.05308
1.07664
0.959008
0.87122
0.799785
0.740581
0.691825
0.65171
0.6184
0.590238
0.565899
71.96
51.8411
12.8246
2.24152
1.96795
1.71399
2.57068
1.64359
0.749935
0.561946
0.833242
4.67798
6.05061
1.08108
0.804844
0.752716
0.701893
0.655327
0.614758
0.580111
0.550589
0.525186
0.50298
515.365
1.57655
1.11192
1.36942
1.38363
1.40561
2.09991
0.667696
1.62292
0.643664
3.09648
5.59608
4.37682
0.638281
0.637714
0.612557
0.582787
0.552185
0.523386
0.497255
0.473876
0.452984
0.434219
401.499
75.1743
0.770957
0.839879
0.853792
1.30489
1.53349
1.3022
0.860336
0.0406024
0.133723
0.175084
0.324258
0.436053
0.446091
0.45033
0.446182
0.435272
0.421209
0.405869
0.390355
0.375278
0.36095
42.4003
154.923
2.61182
0.286122
0.281177
1.32999
0.981702
0.146702
-0.948708
1.75852
-0.36656
-0.167803
0.0148971
0.147567
0.208708
0.265293
0.298009
0.310907
0.313239
0.309582
0.302607
0.293938
0.284578
62.2205
60.1943
57.0061
-0.421883
-0.368516
0.311629
-0.199694
-1.14718
-1.54897
2.69211
-0.777366
-0.446243
-0.250429
-0.156832
-0.0944176
0.112172
0.154656
0.188827
0.205716
0.212544
0.213463
0.21096
0.206556
96.2042
348.047
33.7064
28.7214
-1.1397
0.335952
-0.927256
-1.20263
-0.869468
2.31587
-0.872889
-0.615556
-0.439047
-0.333271
0.0137227
0.243187
0.0358865
0.0786782
0.103735
0.117647
0.124646
0.127402
0.12757
74.9449
463.957
30.2155
47.7704
-1.65713
0.266495
-0.883647
-1.08073
2.50621
-1.05226
-0.917072
-0.734457
-0.55483
-0.380777
-0.140382
-0.110382
-0.0515973
-0.0129187
0.0125597
0.0290393
0.0395604
0.0461274
0.0500409
-1.73518
184.268
4.47259
-0.885791
-0.823959
-0.331307
-0.296237
0.419953
-1.45043
-1.1277
-1.02544
-0.903691
-0.742473
-0.531837
-0.270425
-0.167396
-0.127412
-0.0985879
-0.0767964
-0.0600061
-0.047019
-0.0370244
-0.029401
329.516
386.852
383.289
220.242
3.66941
4.07306
161.773
253.481
3.55498
3.50939
3.47759
4.84586
3.37868
3.6128
3.62746
3.12397
3.61784
3.58868
3.35752
2.81696
2.59056
3.23846
2.60877
2.63276
2.5495
2.48548
3.14526
2.55639
2.49968
2.5313
2.73636
3.4534
2.66575
2.66611
3.05677
3.39962
2.75015
4.71125
4.65331
2.50066
3.01247
2.45798
2.44173
2.42282
2.41011
2.39201
2.37277
2.35184
2.3555
2.33209
2.30883
2.28529
2.29732
2.27082
2.24499
2.21956
2.23454
2.20596
2.17842
2.15175
2.16604
2.13577
2.10691
2.07934
2.08952
2.05788
2.02809
1.99991
2.00093
1.96915
1.93943
1.91135
1.89479
1.8666
1.83973
1.81312
1.76689
1.75159
1.73284
1.70979
1.61776
1.63455
1.63593
1.6181
1.43602
1.51916
1.56746
2.49994
1.09683
5.0456
5.18998
5.1391
0.938723
4.64349
4.74743
3.97471
0.632138
0.564239
0.587132
0.666326
0.762834
0.747105
0.745849
0.765498
0.789508
0.788557
0.790243
0.793634
0.775842
0.770304
0.76428
0.893305
0.757404
0.74861
0.740281
0.741351
0.730478
0.720434
0.709856
0.699976
0.696812
0.686755
0.676674
0.666328
0.656286
0.646066
0.636247
0.626534
0.608098
0.597891
0.588126
0.578671
0.552609
0.542765
0.533373
0.524369
0.490796
0.481757
0.47313
0.46489
0.42377
0.41597
0.408495
0.401344
0.352722
0.346498
0.340478
0.334679
0.278853
0.274404
0.27002
0.265735
0.203383
0.200767
0.198081
0.195373
0.126863
0.126043
0.125039
0.123901
0.0514574
0.0522517
0.0528002
0.0531515
-0.0257618
-0.0233031
-0.0211675
-0.0193219
78.0002
397.482
574.449
247.322
158.014
15.8404
387.061
408.358
19.7146
16.8632
53.5303
127.111
301.846
48.8314
204.275
593.425
581.169
347.215
132.615
80.8439
15.5486
123.449
450.096
584.835
275.488
153.261
499.005
11.4928
12.6484
18.0718
6.31844
46.8194
610.815
684.293
697.362
440.298
7.9384
145.963
273.797
18.9483
18.3366
437.867
742.528
740.003
155.958
37.0211
16.6512
11.327
6.81563
5.43068
4.35881
3.63597
3.39984
10.635
7.24192
7.02472
15.0619
11.7025
385.743
20.567
19.4921
752.338
126.236
393.665
67.8463
12.4712
21.6616
7.71255
4.27181
3.82812
3.37207
4.83484
5.88993
6.13407
5.03088
4.45414
2.69326
76.8183
564.946
27.8167
589.159
67.9109
466.224
45.2427
47.6878
39.1249
3.22088
3.18867
3.1987
2.79112
2.70574
4.65324
4.4308
3.70519
3.88703
2.58544
2.48685
2.44683
817.809
854.985
855.07
404.382
31.3149
29.5947
22.1748
4.50414
3.08688
2.54312
2.63001
3.95656
2.61257
5.19284
4.04806
5.52333
2.5579
2.46832
2.34116
2.2083
94.4182
50.4737
4.40327
43.2493
4.09508
4.47487
10.8093
3.09306
2.10405
2.21432
4.08844
2.21979
4.31815
5.86048
5.21607
2.54542
2.47356
2.39747
2.27605
2.01729
1.88126
8.17373
9.22116
18.995
69.6063
76.118
15.7764
1.85854
2.56983
3.77986
2.05703
3.05643
5.35449
2.88808
2.52388
2.43972
2.37505
2.29731
2.11977
2.0164
2.27789
2.52744
94.6885
123.358
5.06723
-0.524292
1.25654
3.25529
1.72116
1.8168
1.80118
2.25071
2.65068
2.46001
2.38266
2.31226
2.23117
2.14756
2.14522
2.33723
2.34891
52.1139
2.04237
0.955674
0.6206
1.02565
1.2233
1.40794
1.55682
1.79756
1.89546
2.10072
2.37754
2.31469
2.24802
2.17112
2.13154
2.74827
2.60393
1.98033
1.60368
2.41234
1.53938
0.889768
0.649783
0.829432
1.15097
1.2912
3.64759
1.84615
1.97229
2.30536
2.24489
2.17972
2.10288
2.09641
2.66038
1.95389
1.77737
1.44684
1.72892
1.44068
0.669484
0.192067
0.464655
1.72706
1.12595
3.68328
3.79805
3.45818
2.23641
2.17652
2.11367
2.044
1.95606
2.03462
2.38664
3.50993
0.853194
1.2584
1.08975
0.49155
-0.0234294
-0.0808462
1.58421
1.13129
1.34843
4.22121
2.75398
2.16885
2.10998
2.05122
1.99122
1.92238
1.83103
1.65671
4.22205
0.677583
1.39428
0.978004
0.628803
0.21003
0.179702
1.7087
1.16878
3.84742
4.33136
1.86698
2.10001
2.04262
1.98834
1.93636
1.88425
1.81291
1.69309
2.44609
6.02564
5.80142
2.67546
1.01017
0.77705
1.10994
1.32529
1.36128
4.33835
3.58578
1.80794
2.027
1.9711
1.92044
1.87482
1.83235
1.78507
1.72043
1.63622
6.19603
4.27678
2.14961
3.47731
1.22678
2.08017
1.55178
4.47277
4.6347
4.44403
1.66057
1.94724
1.8923
1.84361
1.80044
1.76181
1.72763
1.75459
2.2474
2.46324
2.2503
2.88535
3.71856
3.63076
1.56577
1.84043
4.81292
4.12136
1.25505
1.52664
1.8588
1.80423
1.7557
1.7103
1.66185
1.99808
5.20193
5.15319
5.22044
5.06362
1.50577
1.30023
1.39531
1.78938
3.05834
3.18663
2.99477
1.20264
1.28273
1.76098
1.70588
1.65706
1.60851
1.55624
5.32432
4.54504
1.21469
1.14311
4.17938
2.48862
1.19386
1.46327
2.70451
1.50834
4.17553
1.99037
3.19124
1.25399
1.65487
1.59628
1.54974
1.50688
3.64613
4.91385
1.24181
1.18563
2.10554
0.386401
3.6593
1.02372
1.58289
2.52299
1.24989
1.12894
1.76339
0.930064
1.12552
1.5387
1.47064
1.43006
1.64187
5.18518
1.26167
1.21751
1.28465
2.15805
0.488808
0.547613
0.99244
1.843
1.65277
1.22373
3.65541
1.97173
3.01768
1.04164
1.80828
1.31304
1.29471
3.92106
1.16003
1.64504
2.08129
1.08854
2.31651
0.811743
0.921969
1.08899
1.34415
1.39698
1.2867
3.55896
1.75068
4.63115
1.07207
4.83593
1.11725
1.17046
3.58285
0.990417
1.54192
3.18752
1.048
1.15956
2.03042
1.06184
1.14484
1.1197
3.3183
1.38847
1.16146
4.78367
4.94907
1.21631
1.61119
1.12056
1.1382
3.13221
0.937404
0.856909
3.22363
1.01309
1.01889
2.08343
2.03448
1.15954
1.17994
1.17417
1.22926
1.21306
4.941
1.89894
1.35324
0.847425
3.99842
2.53989
1.75947
1.20044
0.947139
1.665
0.984839
0.977681
0.980151
1.94768
3.51991
3.75382
4.00666
3.97973
3.70801
0.823912
1.01994
1.26944
0.827384
0.893575
3.30739
4.35927
1.3773
1.57897
0.938692
0.934326
0.921499
0.924663
0.930713
0.934147
0.928201
0.904934
3.86748
3.602
0.582965
0.801576
4.38426
1.2454
1.7691
1.39221
1.50993
3.00404
1.10581
0.867195
0.865862
0.864028
0.864138
0.86443
0.861343
0.850336
0.823926
0.752684
3.65876
0.569181
0.772405
4.25315
1.75306
0.716095
0.715163
0.752584
0.748941
0.797845
0.803905
0.80568
0.804056
0.802265
0.799482
0.793551
0.781765
0.760892
0.720157
0.621724
0.63463
0.673834
4.22098
0.716815
0.692935
0.663324
0.643215
0.77057
1.12218
1.11783
0.744187
0.742727
0.740279
0.736511
0.730258
0.720393
0.70664
0.690445
0.676848
1.03008
1.3977
4.29803
0.716977
0.753233
0.608522
0.560225
0.553591
0.600026
1.12696
0.689933
0.680378
0.678609
0.675221
0.669821
0.662209
0.652903
0.643756
0.638513
0.635768
0.613405
2.12807
0.642751
0.715588
0.678097
0.552155
0.538396
0.569158
0.649508
0.838858
0.61795
0.617713
0.615291
0.61105
0.605269
0.598523
0.591809
0.585823
0.578349
0.563707
0.548714
0.606502
0.580999
0.554769
0.535103
0.530969
0.543043
0.547805
0.553492
0.557769
0.558287
0.556616
0.55336
0.548903
0.543666
0.53808
0.532043
0.52415
0.513688
0.502677
0.560204
0.539199
0.519833
0.505065
0.498278
0.500701
0.496496
0.498803
0.500432
0.500478
0.499073
0.496483
0.492965
0.488776
0.484101
0.478828
0.472379
0.464593
0.459031
0.507199
0.488696
0.472361
0.459653
0.451908
0.44677
0.444642
0.44437
0.444356
0.443767
0.442385
0.440228
0.437407
0.434067
0.43032
0.426179
0.421603
0.416777
0.414487
0.449341
0.433008
0.418913
0.407683
0.399727
0.394397
0.391203
0.389648
0.388661
0.387624
0.386239
0.38441
0.382155
0.379557
0.376717
0.37375
0.370885
0.368596
0.368342
0.387877
0.373867
0.36186
0.352157
0.344893
0.339774
0.336421
0.334339
0.332911
0.331679
0.330368
0.328848
0.327095
0.325158
0.323136
0.32119
0.319633
0.318937
0.319894
0.323695
0.312241
0.302408
0.294372
0.28818
0.283661
0.280528
0.278414
0.27692
0.275719
0.274586
0.273398
0.272114
0.270763
0.269433
0.268284
0.267604
0.267738
0.26913
0.257497
0.248783
0.241227
0.234975
0.230064
0.226392
0.223764
0.221932
0.220632
0.21964
0.218784
0.217957
0.21712
0.216288
0.215529
0.214968
0.214828
0.215323
0.216628
0.189987
0.184097
0.178874
0.174479
0.170969
0.168304
0.166372
0.165026
0.164101
0.163448
0.162944
0.162507
0.162102
0.161732
0.161443
0.161316
0.161505
0.162112
0.163163
0.121382
0.118348
0.115485
0.11298
0.110938
0.109381
0.108275
0.107552
0.107127
0.106912
0.106826
0.106813
0.106839
0.106901
0.10702
0.107242
0.107656
0.108324
0.109205
0.0533845
0.0530743
0.0524718
0.0517916
0.0511894
0.0507495
0.0505045
0.0504553
0.0505784
0.0508366
0.0511874
0.0515944
0.0520288
0.0524785
0.0529495
0.0534581
0.0540417
0.0547683
0.0556113
-0.0163259
-0.0138649
-0.0121857
-0.0110305
-0.0101839
-0.00948402
-0.0088233
-0.00813611
-0.0073918
-0.0065856
-0.0057293
-0.00484282
-0.00394972
-0.00306967
-0.002216
-0.00139641
-0.000611226
0.000217517
0.0015151
)
;

boundaryField
{
    leftWall
    {
        type            fixedFluxPressure;
        gradient        uniform 0;
        value           nonuniform List<scalar> 
100
(
1085.95
1086.8
1089.51
1093.66
1098.59
1103.88
1109.99
1118.08
1132.5
1166.6
1206.71
1243.8
1275.11
1301.8
1234.13
1367.17
1507.65
1583.78
1546.93
1663.36
1562.09
1025.49
1084.87
1159.97
607.259
337.348
735.408
429.05
400.636
581.063
1202.51
1186.14
23.5805
15.7534
14.8151
15.8095
346.202
700.529
120.582
133.847
216.532
21.9217
26.9315
53.7245
51.0123
57.0036
42.3233
67.8236
90.6315
14.4761
1086.11
1087.96
1091.44
1096.07
1101.18
1106.77
1113.7
1123.26
1148.19
1186.53
1226.02
1259.47
1294.01
1284.05
1256.52
1453.89
1543.92
1534.84
1606.03
1690.31
1233.68
1053.22
1120.61
1195.35
332.859
409.361
558.142
415.117
402.751
1157.72
1234.98
222.232
17.235
15.0524
15.1714
16.2133
691.603
365.21
125.069
256.459
66.534
22.0496
39.2958
53.6776
50.2768
54.9733
44.3438
88.3214
90.1331
0.643284
)
;
    }
    rightWall
    {
        type            fixedFluxPressure;
        gradient        uniform 0;
        value           nonuniform List<scalar> 
100
(
474.725
433.914
456.55
403.922
407.402
451.322
206.831
157.462
132.615
145.963
15.0619
4.45414
3.88703
5.52333
5.21607
2.88808
2.65068
2.10072
1.97229
3.45818
2.75398
1.86698
1.80794
1.66057
1.52664
1.28273
1.25399
1.12552
1.04164
1.07207
1.21631
1.35324
1.26944
4.38426
4.25315
4.22098
4.29803
2.12807
0.548714
0.502677
0.459031
0.414487
0.368342
0.319894
0.26913
0.216628
0.163163
0.109205
0.0556113
0.0015151
479.112
449.576
426.565
437.366
401.316
453.588
393.581
171.637
143.733
141.265
141.229
4.87104
4.24142
4.01441
5.38488
4.00003
2.73434
2.36204
2.01929
2.00173
4.29728
1.90955
1.83748
1.74251
1.7225
1.35223
1.25598
1.16354
1.07878
1.03865
1.13636
1.29867
1.3466
2.39862
4.31384
4.21918
4.25747
2.59344
0.698666
0.524234
0.480997
0.436894
0.391671
0.344424
0.294775
0.243047
0.189977
0.136223
0.0822796
0.0289837
)
;
    }
    lowerWall
    {
        type            fixedFluxPressure;
        gradient        uniform 0;
        value           nonuniform List<scalar> 
124
(
1083.29
1071.55
1054.92
1030.01
997.373
957.878
910.906
855.772
794.298
733.812
690.296
675.507
686.441
705.585
730.227
745.752
743.499
752.265
734.059
682.931
623.366
591.824
585.87
584.991
580.482
573.855
566.878
562.71
568.097
586.67
605.276
474.555
513.263
497.221
406.42
577.275
566.663
559.893
586.85
631.021
660.016
661.287
663.954
549.753
560.996
487.42
466.416
440.755
434.074
468.722
454.418
422.746
472.454
627.591
239.848
285.154
389.239
355.293
401.564
388.244
426.978
479.112
1085.95
1078.21
1063.97
1043.51
1014.59
978.481
935.404
884.329
825.54
763.177
708.628
679.41
678.925
695.204
718.295
739.642
746.411
752.891
744.252
713.601
651.25
603.469
586.796
480.232
501.111
511.469
472.416
577.275
544.949
531.05
457.487
466.834
428.943
448.182
468.378
436.941
427.026
574.869
477.808
190.758
373.348
369.623
396.026
390.309
383.841
491.867
585.87
583.1
577.341
570.257
564.167
563.551
576.083
599.434
573.564
559.979
568.897
608.943
648.836
665.9
653.89
671.739
)
;
    }
    atmosphere
    {
        type            totalPressure;
        rho             rho;
        psi             none;
        gamma           1;
        p0              uniform 0;
        value           nonuniform List<scalar> 
92
(
-0.00802481
0
0
0
0
0
0
0
-1.28581
-1.10504
-1.07735
-0.99113
-0.845722
-0.641163
-0.321475
-0.177919
-0.149823
-0.124822
-0.104232
-0.0871492
-0.0731244
-0.0618104
-0.0528319
-0.048413
-0.0453734
-0.0426901
-0.0403311
-0.0364084
-0.0330568
-0.0306672
-0.0289528
-0.0276702
-0.0266265
-0.0256845
-0.0247582
-0.0238018
-0.0227998
-0.0217573
-0.0206916
-0.0196247
-0.0185795
-0.0175762
-0.0166306
-0.0157522
-0.0148684
-0.0130067
0
0
0
0
0
0
0
0
-2.2678e-05
-1.18995
-1.09153
-1.04362
-0.92475
-0.752817
-0.496687
-0.19667
-0.168869
-0.136823
-0.114038
-0.0952882
-0.079777
-0.0671518
-0.0570534
-0.0500774
-0.0468468
-0.0439897
-0.0414724
-0.0385472
-0.0345928
-0.0317607
-0.029742
-0.0282709
-0.0271286
-0.0261493
-0.0252231
-0.0242854
-0.0233066
-0.0222828
-0.0212261
-0.0201568
-0.0190981
-0.0180716
-0.0170955
-0.0161825
-0.0153549
-0.0148466
)
;
    }
    defaultFaces
    {
        type            empty;
    }
}


// ************************************************************************* //
