/*--------------------------------*- C++ -*----------------------------------*\
| =========                 |                                                 |
| \\      /  F ield         | OpenFOAM: The Open Source CFD Toolbox           |
|  \\    /   O peration     | Version:  v1912                                 |
|   \\  /    A nd           | Website:  www.openfoam.com                      |
|    \\/     M anipulation  |                                                 |
\*---------------------------------------------------------------------------*/
FoamFile
{
    version     2.0;
    format      ascii;
    class       volScalarField;
    location    "0.7";
    object      p;
}
// * * * * * * * * * * * * * * * * * * * * * * * * * * * * * * * * * * * * * //

dimensions      [1 -1 -2 0 0 0 0];


internalField   nonuniform List<scalar> 
9072
(
467.942
495.584
496.147
501.72
518.232
541.8
565.023
589.631
615.501
641.486
666.924
691.585
715.5
738.756
761.16
780.612
790.606
808.209
828.628
818.779
830.518
860.601
920.429
407.951
435.853
436.46
440.943
457.586
482.447
505.819
530.417
556.355
582.492
608.041
632.748
656.668
679.904
702.353
723.422
734.263
743.525
769.035
767.878
749.044
782.937
847.84
347.112
375.546
375.718
376.513
392.587
422.465
446.464
470.946
496.948
523.292
549.054
573.908
597.863
620.96
643.046
663.476
675.93
686.223
717.72
724.312
686.155
720.019
771.726
286.286
314.773
313.92
306.033
319.056
361.752
387.412
411.404
437.391
463.981
490.033
515.122
539.18
562.21
584.089
604.231
620.029
635.145
660.266
669.7
646.554
668.962
703.977
226.304
253.399
251.174
235.581
248.402
302.815
328.728
351.727
377.714
404.623
431.059
456.466
480.688
503.707
525.478
545.666
563.295
580.556
601.715
614.421
609.33
622.273
641.331
167.518
191.789
188.3
172.452
188.987
242.358
268.82
291.504
317.868
345.266
372.193
398.004
422.438
445.48
467.198
487.531
506.274
524.838
544.901
560.438
565.65
572.79
581.274
109.144
131.456
125.375
113.736
133.495
172.271
205.358
230.388
257.775
285.946
313.493
339.796
364.474
387.545
409.208
429.656
449.125
468.645
488.862
506.177
516.058
520.844
522.384
50.2815
72.7019
59.6239
53.6199
78.1435
105.347
140.12
168.593
197.445
226.714
255.016
281.911
306.845
329.917
351.464
371.923
391.829
412.14
433.229
452.565
465.364
468.802
464.043
393.571
326.604
272.935
290.35
267.44
554.409
877.726
866.803
957.986
1136.72
1316.27
1165.87
1044.84
795.079
724.651
753.782
901.994
1398.73
1740.33
349.986
244.647
236.525
234.762
235.372
386.316
776.866
781.962
867.438
1082.83
1308.72
1042.92
750.521
645.631
646.965
669.622
774.061
1187.18
1694.89
307.127
237.262
233.909
234.04
234.846
304.031
649.712
685.763
733.83
988.569
1325.34
720.437
628.587
629.26
629.553
632.269
647.489
733.211
1682.75
277.366
234.287
233.938
233.981
230.494
280.065
505.449
594.553
527.012
752.952
1072.08
629.614
626.771
628.889
629.034
630.98
648.396
656.475
1358.4
250.467
234.202
234.137
233.244
194.271
200.087
325.734
547.274
228.961
399.054
700.293
621.794
625.718
628.41
629.177
634.621
622.595
650.136
1005.44
236.406
234.679
234.222
202.901
137.409
82.4594
50.8929
577.081
97.4544
226.795
606.773
619.49
624.915
626.681
686.154
828.47
446.8
561.159
1334.04
234.751
234.179
208.587
149.546
76.0914
42.945
40.5975
543.333
251.352
353.855
581.819
616.058
613.216
597.934
882.645
961.377
338.01
404.699
1594.8
218.504
210.112
162.945
95.1202
43.6111
43.0599
41.2041
442.181
407.442
411.446
552.935
581.51
522.859
492.038
925.34
763.292
285.952
347.792
1465.77
6.31424
17.2634
13.0969
11.1427
15.012
29.6216
58.9467
88.5678
119.882
151.116
180.399
208.188
233.436
256.466
277.75
298.004
318.14
339.27
362.076
384.632
400.971
403.335
388.57
4.82899
4.83338
4.60454
4.62433
4.70457
4.68856
4.66743
6.62674
14.5137
34.1321
59.5016
88.4983
113.785
135.943
155.961
174.913
194.568
216.361
243.251
274.874
301.223
304.192
258.198
4.45886
4.51744
4.31263
4.38169
4.49982
4.53075
4.56318
4.60111
4.63979
4.6709
4.82736
8.4669
17.7663
28.913
41.8754
53.8564
69.0677
87.4387
118.733
164.049
211.999
229.485
125.624
4.23419
4.26826
4.13569
4.2162
4.33899
4.37985
4.40671
4.44064
4.47093
4.48935
4.52431
4.56516
4.60758
4.65032
4.82056
5.18616
5.2879
6.59364
11.7855
52.2369
116.19
171.741
58.4719
4.04319
4.10713
4.09843
4.13802
4.19459
4.21917
4.23936
4.2636
4.29221
4.32501
4.35754
4.40366
4.45393
4.55278
4.71497
4.91895
5.10511
5.30426
5.6707
4.44337
12.215
81.3406
27.8684
3.86074
3.96373
3.96598
3.99655
4.0259
4.04444
4.06208
4.08297
4.11055
4.14434
4.18405
4.23599
4.30959
4.41174
4.5562
4.72802
4.91615
5.09779
5.25935
5.32028
5.86808
8.56161
11.7113
3.6785
3.78564
3.79786
3.81918
3.83842
3.85548
3.8732
3.89387
3.92001
3.95336
3.9947
4.04802
4.11939
4.21497
4.34098
4.49499
4.66436
4.80128
4.98415
5.19619
5.6249
3.9943
6.85151
3.47624
3.58478
3.59882
3.6178
3.63628
3.65418
3.67294
3.69401
3.71899
3.74938
3.78653
3.8332
3.89369
3.97333
4.07745
4.2072
4.35476
4.49475
4.72059
4.99013
5.24795
2.53398
10.6841
3.26464
3.37575
3.38788
3.40498
3.42351
3.44251
3.46234
3.48368
3.50716
3.53335
3.56314
3.5984
3.64207
3.69896
3.77595
3.87936
4.01202
4.18415
4.44019
4.69687
4.71152
5.22945
8.98059
3.04319
3.15807
3.16842
3.18404
3.20243
3.22222
3.24289
3.26431
3.2862
3.30791
3.32905
3.3502
3.37282
3.40082
3.44207
3.50695
3.60635
3.76007
3.99076
4.09462
3.76212
5.48435
7.50797
2.81142
2.93082
2.94006
2.95486
2.97332
2.99389
3.01551
3.03746
3.05859
3.07671
3.08961
3.09592
3.09485
3.08807
3.08204
3.08652
3.1145
3.18848
3.31209
3.32098
3.12467
7.52924
7.99753
2.56855
2.69319
2.70197
2.71671
2.73573
2.75745
2.78067
2.80435
2.82645
2.84321
2.85032
2.84358
2.81868
2.77328
2.70917
2.63276
2.54541
2.49405
2.50509
2.49392
2.05567
5.29591
12.635
2.31385
2.44446
2.45334
2.46859
2.48867
2.51218
2.53807
2.56514
2.59061
2.60969
2.61594
2.6013
2.55623
2.47147
2.34747
2.16665
1.95994
1.86285
1.86142
1.84477
1.62097
0.790761
7.83619
2.04681
2.18405
2.19343
2.20948
2.23092
2.25672
2.28626
2.31833
2.35004
2.37635
2.38914
2.37608
2.31984
2.19804
2.00433
1.73143
1.5076
1.41355
1.39193
1.43838
1.49599
1.59929
2.38201
1.76743
1.91164
1.92175
1.93855
1.96121
1.98931
2.02278
2.06079
2.1012
2.13989
2.16827
2.17112
2.12165
1.9756
1.70568
1.33387
0.995697
0.784806
0.726348
1.01256
1.37103
1.53874
1.30895
1.47628
1.6273
1.63803
1.65515
1.67838
1.70798
1.7445
1.78785
1.8375
1.89149
1.94317
1.97899
1.96763
1.8428
1.52747
1.00567
0.247969
-0.145554
-0.475622
0.479543
1.2427
1.51236
1.18843
1.17465
1.33153
1.34235
1.3589
1.38146
1.41081
1.448
1.49374
1.54931
1.61553
1.69033
1.76963
1.83766
1.83924
1.51121
0.988103
-1.01767
-3.95757
-3.45135
-1.02849
0.633317
-1.47004
-2.90123
0.864057
1.02531
1.03531
1.05003
1.0701
1.09653
1.13051
1.17303
1.2262
1.29224
1.3722
1.47295
1.61785
1.88532
1.67013
-0.597978
-3.4651
-5.35032
-4.5365
-3.95704
-5.82126
-5.62556
-4.50817
0.545987
0.710069
0.718173
0.729645
0.745105
0.765397
0.791279
0.82311
0.861923
0.907374
0.953989
0.990256
0.984134
0.825733
-0.291116
-6.40974
-6.47829
-5.49711
-4.77
-4.9664
-6.46298
-6.51285
-6.72748
0.222273
0.387709
0.393024
0.399898
0.408688
0.419647
0.432603
0.44638
0.45916
0.465108
0.447232
0.366987
0.117461
-0.472665
-1.94974
-4.72108
-6.5025
-6.80632
-6.14173
-6.36672
-7.06338
-7.13345
-7.57318
-0.104532
0.0607104
0.0626412
0.0639014
0.0644112
0.0635644
0.0599184
0.0501958
0.0289493
-0.0155036
-0.109473
-0.30426
-0.737016
-1.34218
-2.90873
-6.32675
-7.04756
-7.3677
-7.23788
-7.09958
-7.16272
-7.4965
-7.86652
-0.431561
-0.268017
-0.269753
-0.274634
-0.28322
-0.297102
-0.319064
-0.354581
-0.412976
-0.512002
-0.68947
-1.02706
-1.7396
-3.66346
-6.46578
-7.09022
-6.69159
-7.04306
-7.29339
-7.3118
-7.35668
-7.55861
-7.63361
-0.756118
-0.595602
-0.600975
-0.611961
-0.629518
-0.656155
-0.695813
-0.755672
-0.84817
-0.996054
-1.24512
-1.70048
-2.63916
-4.92568
-8.57691
-8.98157
-7.06549
-6.88358
-7.09206
-7.26221
-7.31265
-7.3019
-7.11415
-1.07584
-0.919395
-0.928049
-0.94459
-0.970105
-1.00781
-1.0624
-1.14171
-1.25932
-1.43817
-1.71971
-2.18512
-2.99408
-4.47892
-6.60721
-7.58667
-7.08155
-6.79272
-6.80987
-6.8614
-6.81674
-6.71062
-6.56139
-1.38858
-1.23727
-1.24861
-1.2697
-1.30153
-1.34765
-1.413
-1.50508
-1.63617
-1.82573
-2.10389
-2.51811
-3.13553
-4.01471
-5.06711
-5.83374
-6.0653
-6.12245
-6.18784
-6.23873
-6.2467
-6.21824
-6.16337
-1.69357
-1.54781
-1.56098
-1.58534
-1.62156
-1.67306
-1.74461
-1.84273
-1.97718
-2.1624
-2.41802
-2.76829
-3.23735
-3.82811
-4.47384
-5.01528
-5.35185
-5.54938
-5.68621
-5.78134
-5.83722
-5.86077
-5.86016
-1.99021
-1.84951
-1.86405
-1.89034
-1.92908
-1.98316
-2.05675
-2.1553
-2.28593
-2.45824
-2.68395
-2.97462
-3.33652
-3.76057
-4.20817
-4.6136
-4.92832
-5.15603
-5.32252
-5.44417
-5.52974
-5.58658
-5.62125
-2.27808
-2.14207
-2.15737
-2.18438
-2.22393
-2.2783
-2.35075
-2.44556
-2.56784
-2.72347
-2.9188
-3.15879
-3.44351
-3.76345
-4.09622
-4.40992
-4.67871
-4.8955
-5.06635
-5.19939
-5.30137
-5.37796
-5.43411
-2.55728
-2.42553
-2.44098
-2.46773
-2.50667
-2.55956
-2.62873
-2.71724
-2.82864
-2.96652
-3.13396
-3.33254
-3.5604
-3.81014
-4.06816
-4.31717
-4.54215
-4.7357
-4.89732
-5.02991
-5.13724
-5.22309
-5.29099
-2.82817
-2.70027
-2.71538
-2.74111
-2.77833
-2.82838
-2.89288
-2.97381
-3.07345
-3.19394
-3.33667
-3.50165
-3.68661
-3.88611
-4.09164
-4.29289
-4.4806
-4.64881
-4.79529
-4.92039
-5.02578
-5.1138
-5.18665
-3.09125
-2.96683
-2.98129
-3.00545
-3.04019
-3.08645
-3.14537
-3.21818
-3.30618
-3.41052
-3.53168
-3.66912
-3.82073
-3.98256
-4.14903
-4.31365
-4.47037
-4.61476
-4.74441
-4.85862
-4.95792
-5.04334
-5.11626
-3.3472
-3.22597
-3.2395
-3.26176
-3.29353
-3.33546
-3.3883
-3.45282
-3.5297
-3.61942
-3.72197
-3.83662
-3.96162
-4.0941
-4.23029
-4.36591
-4.49688
-4.61994
-4.73297
-4.83492
-4.92565
-5.0055
-5.07511
-3.59686
-3.4786
-3.49085
-3.51097
-3.53952
-3.57689
-3.62353
-3.67989
-3.7463
-3.82287
-3.90935
-4.00497
-4.1083
-4.21727
-4.32925
-4.44132
-4.55066
-4.65488
-4.75222
-4.84158
-4.92252
-4.99496
-5.05916
-3.84103
-3.72556
-3.73618
-3.754
-3.7792
-3.81197
-3.85253
-3.90109
-3.95778
-4.02254
-4.09501
-4.17449
-4.25983
-4.3495
-4.44163
-4.53417
-4.62511
-4.71271
-4.79554
-4.87262
-4.94338
-5.00758
-5.06518
-4.08033
-3.96734
-3.97619
-3.99168
-4.01352
-4.04175
-4.07645
-4.1177
-4.16548
-4.21964
-4.27982
-4.34541
-4.41552
-4.48898
-4.56446
-4.64048
-4.71559
-4.78851
-4.85811
-4.92358
-4.98434
-5.04004
-5.0905
-4.31521
-4.20401
-4.21142
-4.22468
-4.24325
-4.2671
-4.29625
-4.33069
-4.37033
-4.41498
-4.46432
-4.51784
-4.57484
-4.63446
-4.69571
-4.75754
-4.81889
-4.8788
-4.93644
-4.99111
-5.04231
-5.08966
-5.13286
-4.54612
-4.43581
-4.44244
-4.45368
-4.46917
-4.48888
-4.5128
-4.54092
-4.57312
-4.60923
-4.64895
-4.69187
-4.73746
-4.78508
-4.834
-4.88347
-4.93274
-4.98108
-5.02788
-5.0726
-5.11482
-5.15418
-5.19035
-4.77381
-4.66361
-4.66992
-4.67936
-4.69196
-4.70778
-4.72684
-4.74912
-4.77452
-4.80291
-4.83404
-4.86758
-4.90312
-4.9402
-4.97831
-5.01691
-5.05544
-5.09342
-5.13038
-5.16597
-5.19986
-5.23176
-5.2613
-4.99942
-4.88888
-4.89476
-4.90246
-4.91232
-4.9245
-4.93904
-4.95594
-4.97515
-4.99654
-5.01993
-5.04507
-5.07168
-5.09941
-5.12792
-5.15682
-5.18575
-5.21436
-5.24237
-5.26954
-5.29569
-5.32062
-5.34401
-5.22412
-5.11297
-5.11794
-5.12378
-5.13098
-5.13971
-5.15004
-5.16198
-5.1755
-5.19051
-5.20689
-5.22446
-5.24304
-5.2624
-5.28229
-5.30248
-5.32273
-5.34282
-5.36259
-5.38191
-5.40076
-5.41912
-5.43685
-5.44858
-5.33672
-5.34026
-5.34407
-5.34863
-5.35406
-5.36043
-5.36777
-5.37604
-5.38521
-5.39519
-5.40588
-5.41718
-5.42895
-5.44105
-5.45333
-5.46566
-5.47793
-5.49003
-5.50197
-5.51382
-5.52582
-5.5382
-5.67392
-5.56057
-5.56232
-5.56395
-5.56587
-5.56813
-5.57078
-5.5738
-5.57721
-5.58098
-5.58508
-5.58947
-5.5941
-5.59893
-5.6039
-5.60893
-5.61399
-5.61903
-5.62401
-5.62896
-5.63399
-5.63947
-5.64643
369.121
337.345
306.792
270.455
189.573
153.916
127.166
113.048
33.5988
33.6998
34.9325
34.9235
28.2509
28.9812
29.3958
29.802
20.6896
21.8829
22.2956
22.3998
13.8031
15.2288
16.3689
17.51
11.5623
11.9372
12.1259
12.3564
10.1207
10.0042
9.85861
9.49175
8.62256
8.38129
8.08161
7.5848
7.14812
6.85222
6.31285
5.49673
7.79073
7.30295
5.22505
3.15468
9.37384
6.28098
2.8569
2.14725
4.31683
0.448309
-1.17846
1.84384
0.59384
1.02065
1.10754
0.671018
1.19712
3.05124
2.94391
1.70065
1.83795
2.56253
3.51223
3.3179
-4.10224
-3.08869
-1.2243
-3.86667
-4.92597
-4.95062
-4.81283
-6.00143
-6.23256
-5.96547
-5.80633
-5.74956
-7.14734
-6.80082
-6.47034
-6.23337
-7.504
-7.15917
-6.82492
-6.55403
-7.27684
-6.99581
-6.75272
-6.55038
-6.81699
-6.64833
-6.50984
-6.39128
-6.41185
-6.33251
-6.25917
-6.19322
-6.09952
-6.06282
-6.02678
-5.99254
-5.84518
-5.83385
-5.82135
-5.80808
-5.63711
-5.64183
-5.64473
-5.64591
-5.46908
-5.48402
-5.49707
-5.50809
-5.33739
-5.35874
-5.37816
-5.39538
-5.2389
-5.26376
-5.28666
-5.30736
-5.17013
-5.19623
-5.22051
-5.24277
-5.12759
-5.15336
-5.17753
-5.19995
-5.1083
-5.13269
-5.15571
-5.17722
-5.10979
-5.1321
-5.15322
-5.17306
-5.12989
-5.14966
-5.16842
-5.18608
-5.16672
-5.18373
-5.19985
-5.21502
-5.21876
-5.233
-5.24642
-5.25894
-5.28456
-5.29617
-5.30701
-5.31701
-5.36261
-5.3719
-5.38052
-5.38835
-5.45134
-5.45869
-5.46553
-5.47173
-5.54907
-5.55482
-5.56032
-5.56541
-5.65386
-5.65824
-5.66272
-5.66714
204.09
158.473
97.6404
48.1061
43.1515
42.8864
39.836
377.89
411.844
414.511
490.607
427.934
223.563
275.712
460.301
494.094
270.244
313.684
820.473
96.0762
59.1434
41.3169
42.2393
42.9058
43.2527
77.7475
330.96
387.121
360.123
343.459
282.943
212.319
217.577
223.207
268.279
287.583
152.175
120.953
36.9876
42.1282
41.4241
42.0257
41.9826
30.7198
134.71
460.063
426.143
254.75
219.201
215.191
211.976
215.935
217.485
186.623
52.3876
172.317
190.161
31.5211
38.7905
51.4935
11.0977
73.4158
211.877
430.728
598.737
393.945
212.055
211.124
211.457
210.679
212.618
210.302
201.33
182.764
204.861
212.084
22.7396
54.6843
63.2783
95.0314
205.343
344.024
460.863
338.501
207.886
208.122
210.189
211.548
211.125
211.227
199.051
201.252
205.361
211.262
211.463
17.0736
40.3283
47.4272
91.3969
159.62
180.4
207.724
204.74
206.071
208.242
211.144
212.335
211.571
211.201
210.651
211.457
211.45
211.561
211.285
10.7607
0.213252
-36.8845
19.8695
182.947
193.914
199.63
205.627
207.61
209.874
211.74
212.311
211.837
210.757
213.159
212.584
213.036
212.074
211.275
7.96884
-6.40462
-112.246
-7.20907
181.816
196.391
199.414
207.885
209.071
210.693
211.752
212.056
204.17
191.218
188.207
204.199
203.519
191.211
182.107
6.1783
6.0929
-68.4584
-3.48255
60.7424
160.062
198.424
206.836
208.586
209.663
199.037
179.788
155.471
135.34
131.134
129.298
125.74
114.094
158.968
3.61166
-2.56126
-38.9145
0.703649
-4.27019
13.1037
102.615
166.031
172.378
162.588
137.646
108.646
79.9038
57.2705
60.2696
50.1887
7.62505
5.6117
37.0162
-1.60822
-10.808
-4.63797
-4.42682
-5.56847
-5.74268
-4.60758
0.585674
26.2871
64.1586
42.0749
17.9048
2.33276
9.19607
9.72582
15.5007
0.347472
0.799214
-0.0766151
-0.285661
-6.64866
-7.77521
-4.78551
-6.35675
-6.52052
-5.31028
-4.31046
-3.41849
-1.95877
-2.37256
-3.20918
-3.57407
-2.88709
-1.62426
2.79616
-0.311192
1.52948
-6.77231
1.32888
-6.07998
-7.32212
-6.81551
-6.93277
-6.73591
-5.55449
-4.58502
-4.13165
-1.89544
-1.34924
-2.78788
-3.85736
-3.35379
-2.89616
-3.09817
-3.19106
-2.77514
1.28422
0.237528
-2.31079
-7.50276
-6.80724
-6.55972
-6.19494
-5.78151
-5.08978
-4.35955
-2.27102
-1.50496
-2.77249
-3.46053
-3.43801
-3.27567
-3.29571
-3.21042
-3.71218
-2.1543
-2.96411
-7.89657
-5.80166
-6.80672
-6.3759
-6.31333
-6.27193
-6.0883
-4.70064
-3.42238
-2.34161
-3.21966
-3.81766
-3.79902
-3.59414
-3.4017
-3.19483
-3.44807
-3.35766
-0.129236
-5.09698
-7.03338
-7.21698
-7.32956
-6.91451
-6.84567
-6.14711
-4.64446
-3.42155
-3.20112
-3.75617
-4.24948
-4.01175
-3.85367
-3.62988
-3.4667
-3.53625
-3.80664
-5.51199
-6.64286
-6.90617
-7.41245
-8.60804
-8.66612
-6.94491
-5.63498
-4.41427
-3.72778
-3.29117
-3.64778
-4.02945
-4.0166
-4.0187
-3.85574
-3.70212
-3.67435
-3.7005
-6.00305
-6.26612
-6.60997
-7.09173
-8.15644
-7.62362
-6.75488
-5.92239
-5.07207
-4.37641
-3.73512
-3.94635
-4.11119
-4.09547
-4.09265
-4.02646
-3.89112
-3.77598
-3.73057
-5.82089
-6.06504
-6.34461
-6.63626
-7.03522
-7.02657
-6.41869
-5.90439
-5.58818
-5.26783
-4.73402
-4.4562
-4.36339
-4.16411
-4.15581
-4.17727
-4.07038
-3.88228
-3.75441
-6.06748
-6.11225
-6.26857
-6.42723
-6.54938
-6.4898
-6.16511
-5.81652
-5.62129
-5.45956
-5.23606
-5.04076
-4.37068
-4.19503
-4.22588
-4.31909
-4.27621
-4.035
-3.73408
-6.31689
-6.20067
-6.2252
-6.27111
-6.28298
-6.20644
-6.01951
-5.7757
-5.58636
-5.47325
-5.29496
-4.68533
-3.96283
-4.15904
-4.22875
-4.31813
-4.33709
-3.93105
-3.45005
-6.35806
-6.19885
-6.15483
-6.13843
-6.10651
-6.02919
-5.9008
-5.74075
-5.58003
-5.45743
-5.18749
-4.83062
-4.18991
-4.12635
-4.1705
-4.13044
-4.00241
-3.73241
-3.24945
-6.26501
-6.12697
-6.06194
-6.0189
-5.97076
-5.90015
-5.80422
-5.69526
-5.58131
-5.44451
-5.18072
-4.92837
-4.70147
-4.28895
-4.18368
-3.98298
-3.68026
-3.57669
-3.25983
-6.11599
-6.01594
-5.9544
-5.90673
-5.8575
-5.79652
-5.72169
-5.64622
-5.5385
-5.39853
-5.20963
-5.02951
-4.87771
-4.5961
-4.28209
-3.93446
-3.52354
-3.47755
-3.50403
-5.95028
-5.88816
-5.84233
-5.80244
-5.76043
-5.70996
-5.64768
-5.57001
-5.46439
-5.34607
-5.22842
-5.10921
-5.01394
-4.89012
-4.44179
-3.94888
-3.62805
-3.49829
-3.44403
-5.79037
-5.76031
-5.73392
-5.70723
-5.67647
-5.63796
-5.58915
-5.52685
-5.44769
-5.35438
-5.26657
-5.16723
-5.12731
-5.16687
-4.75798
-3.95342
-3.76381
-3.54416
-3.54255
-5.64584
-5.64127
-5.63348
-5.62124
-5.60316
-5.57777
-5.54377
-5.50014
-5.44746
-5.38558
-5.29421
-5.19474
-5.15539
-5.19186
-4.91756
-4.06571
-3.49481
-3.74559
-3.73806
-5.52044
-5.53503
-5.543
-5.54429
-5.53883
-5.52668
-5.50775
-5.48234
-5.45174
-5.41105
-5.31201
-5.16281
-5.0538
-4.98428
-4.74254
-3.86397
-3.25383
-4.12717
-3.96855
-5.41579
-5.44378
-5.46387
-5.47666
-5.48268
-5.48276
-5.47779
-5.46904
-5.45411
-5.43126
-5.34393
-5.17338
-5.0259
-4.93559
-4.73764
-4.38056
-4.00998
-4.32424
-4.19871
-5.33246
-5.36891
-5.3974
-5.41902
-5.43459
-5.44522
-5.4527
-5.45823
-5.46079
-5.4695
-5.43691
-5.30506
-5.14505
-5.15389
-5.21819
-4.82778
-4.61418
-4.65084
-4.7046
-5.27012
-5.31109
-5.34466
-5.37228
-5.39511
-5.41442
-5.43278
-5.4523
-5.48287
-5.55076
-5.62825
-5.61223
-5.4259
-5.28282
-5.61613
-6.37897
-5.00955
-4.87953
-4.95945
-5.22773
-5.27023
-5.30624
-5.33737
-5.36525
-5.39126
-5.41743
-5.44967
-5.51301
-5.65741
-5.88027
-6.02665
-5.8162
-5.43448
-5.8037
-7.30205
-5.08699
-4.97438
-5.03011
-5.20407
-5.24589
-5.28226
-5.31487
-5.34593
-5.37701
-5.40795
-5.44728
-5.52443
-5.71111
-6.05501
-6.39966
-6.15185
-5.60672
-5.31493
-5.53887
-5.09054
-5.01809
-5.11576
-5.19799
-5.23746
-5.27266
-5.30515
-5.33917
-5.37454
-5.40776
-5.43922
-5.48077
-5.60454
-5.99961
-6.61699
-6.62956
-5.48396
-4.62234
-4.94469
-5.04868
-5.04446
-5.09944
-5.20837
-5.24409
-5.27686
-5.30839
-5.34395
-5.3821
-5.41938
-5.44119
-5.42907
-5.45438
-5.7042
-6.17024
-6.10148
-4.6549
-3.95122
-4.86475
-5.07971
-5.11983
-5.18734
-5.23412
-5.26455
-5.29278
-5.32026
-5.35329
-5.39714
-5.45481
-5.49183
-5.46228
-5.47097
-5.61902
-5.926
-6.00736
-4.9027
-4.43966
-5.16307
-5.21188
-5.26624
-5.23821
-5.2745
-5.29835
-5.31957
-5.3402
-5.3678
-5.42183
-5.51951
-5.57879
-5.5548
-5.57368
-5.71012
-5.95974
-6.07249
-5.46922
-5.3876
-5.37439
-5.34794
-5.37234
-5.33816
-5.32914
-5.34639
-5.3596
-5.37088
-5.39035
-5.44753
-5.57444
-5.61844
-5.59863
-5.61517
-5.72473
-5.88842
-5.76421
-5.62963
-5.54117
-5.49302
-5.46928
-5.47346
-5.5626
-5.39759
-5.40923
-5.41457
-5.41436
-5.41667
-5.46371
-5.57504
-5.60823
-5.57972
-5.58698
-5.68978
-5.78242
-5.75051
-5.68827
-5.63763
-5.60233
-5.58364
-5.58161
-5.6072
-5.47888
-5.48661
-5.48593
-5.47457
-5.45483
-5.46604
-5.54161
-5.61216
-5.56399
-5.5812
-5.68725
-5.76645
-5.77365
-5.75108
-5.72328
-5.70108
-5.68814
-5.68228
-5.68191
-5.57137
-5.57755
-5.57481
-5.55788
-5.52347
-5.48494
-5.58646
-5.75854
-5.69428
-5.7104
-5.77517
-5.81471
-5.82575
-5.819
-5.80592
-5.79402
-5.78587
-5.78263
-5.78245
-5.67272
-5.67986
-5.67992
-5.66655
-5.62986
-5.55436
-5.95896
-6.11953
-5.99759
-5.89801
-5.88576
-5.89087
-5.89505
-5.89401
-5.88925
-5.88452
-5.88173
-5.88199
-5.88339
496.317
495.447
497.958
508.355
529.986
553.363
577.101
602.486
628.532
654.298
679.352
703.631
727.203
750.122
771.76
786.188
796.717
822.526
822.27
826.871
835.727
899.2
916.996
436.648
435.835
437.814
447.303
470.129
494.143
517.893
543.291
569.461
595.368
620.499
644.8
668.363
691.28
713.057
731.678
735.259
758.859
769.299
761.724
753.304
823.06
851.921
376.034
375.568
375.707
381.526
407.952
434.785
458.481
483.824
510.15
536.279
561.596
585.994
609.517
632.166
653.526
671.713
678.254
701.785
727.835
704.346
692.395
749.95
780.899
315.04
314.791
310.81
306.671
341.363
376.065
399.146
424.22
450.701
477.114
502.705
527.28
550.824
573.319
594.44
612.979
626.368
647.242
670.164
658.144
650.684
689.566
711.13
253.845
253.354
244.768
233.765
277.287
318.203
339.753
364.478
391.164
417.949
443.905
468.728
492.346
514.762
535.808
554.865
571.48
590.886
610.662
612.305
612.837
633.65
645.637
193.407
191.161
181.173
172.802
217.252
258.288
279.486
304.422
331.558
358.842
385.261
410.399
434.127
456.505
477.549
497.095
515.363
534.834
553.906
563.951
568.514
578.063
583.481
135.633
128.816
118.463
119.066
151.144
192.029
217.552
243.867
271.877
299.844
326.832
352.346
376.198
398.541
419.573
439.481
458.773
478.779
498.258
512.084
518.87
522.573
522.52
79.0837
68.0371
46.8752
68.8851
89.0653
124.621
154.494
182.86
212.158
241.006
268.686
294.631
318.593
340.858
361.798
381.898
401.865
422.665
443.402
460.048
468.312
467.75
462.559
382.323
291.194
280.845
282.043
317.128
828.89
864.464
900.821
1031.64
1257.96
1201.75
1157.08
899.851
740.088
732.299
797.599
1111.13
1630.51
1821.54
309.343
236.198
236.616
234.564
242.859
714.814
770.846
815.738
945.779
1281.53
1170.31
914.296
664.92
643.791
653.356
704.926
916.303
1497.84
1808.47
247.038
234.136
233.928
234.333
232.273
563.34
665.22
710.182
794.591
1301.95
1016.74
634.708
628.787
629.521
629.849
639.31
660.439
1136.75
1840.88
235.949
234.047
233.902
234.219
221.93
418.548
550.344
603.68
500.579
1125.69
692.748
625.705
627.963
629.239
628.827
639.106
649.051
756.259
1827.41
232.08
234.218
234.036
221.981
177.847
262.334
407.383
532.573
67.5106
785.497
624.127
624.109
627.209
629.04
626.044
631.877
628.89
703.658
1692.77
235.114
234.17
226.183
170.413
108.141
57.0491
151.024
566.019
-91.4843
593.522
612.491
622.657
626.706
624.238
814.487
601.358
438.91
914.876
1544.03
227.464
230.256
181.066
113.455
48.7054
42.1756
40.3125
589.54
161.117
522.885
606.56
618.812
601.152
670.679
1201.39
504.481
331.271
741.185
1283.01
222.267
191.421
136.103
53.9379
43.3028
42.2396
49.0162
522.404
371.651
486.626
589.182
552.649
512.963
610.328
1175.48
362.77
289.108
495.197
984.42
21.4768
13.7833
12.3384
12.004
20.7199
44.9111
73.415
103.982
135.836
165.891
194.581
221.128
245.196
267.294
287.947
308.03
328.502
350.498
373.667
394.072
404.309
398.174
378.056
4.93564
4.70634
4.57269
4.68175
4.70829
4.64712
5.03157
9.58284
23.4304
45.9051
74.2391
101.6
125.217
146.139
165.44
184.583
205.023
229.036
258.854
289.645
307.195
288.152
219.617
4.56895
4.384
4.3191
4.45304
4.52099
4.54464
4.58338
4.60909
4.66338
4.66275
5.80958
12.6131
23.1413
35.237
47.9526
60.9482
77.5472
100.861
139.895
188.562
228.467
201.079
40.8788
4.2233
4.17185
4.14715
4.28952
4.3642
4.39332
4.4211
4.46149
4.47652
4.50818
4.53672
4.58541
4.62788
4.71029
4.98857
5.31622
5.48684
7.58856
28.8399
77.9851
154.284
130.894
28.4597
4.1128
4.09814
4.11112
4.17126
4.20855
4.22904
4.25085
4.27751
4.30774
4.34213
4.37793
4.42741
4.49289
4.62695
4.81606
5.01091
5.2129
5.42252
5.55731
4.14174
45.9148
55.6817
18.9742
3.96262
3.96085
3.97916
4.01329
4.03556
4.05309
4.07189
4.09586
4.12673
4.16333
4.20778
4.26978
4.35616
4.4785
4.64149
4.81976
5.00974
5.18707
5.31256
5.32154
7.51814
9.34163
11.2708
3.78259
3.78985
3.80842
3.82925
3.84703
3.86408
3.88305
3.90607
3.93578
3.97288
4.01948
4.0811
4.16369
4.27399
4.4152
4.57912
4.74059
4.87003
5.11982
5.32594
5.56794
9.25425
11.1021
3.58172
3.59036
3.60825
3.62715
3.64522
3.66335
3.6831
3.7059
3.73344
3.76697
3.80843
3.86141
3.93074
4.02211
4.13936
4.27974
4.42661
4.58636
4.85732
5.20451
4.12636
10.0718
10.3943
3.37317
3.38071
3.39605
3.41415
3.43295
3.45228
3.47278
3.49511
3.51988
3.54771
3.57993
3.61894
3.66846
3.7345
3.82407
3.94199
4.09058
4.30517
4.54891
4.91451
3.81743
8.23143
8.80886
3.15599
3.16226
3.1757
3.19297
3.2122
3.23246
3.25351
3.27523
3.29712
3.31854
3.33956
3.36117
3.38575
3.41917
3.47088
3.55161
3.67397
3.87103
4.06351
4.0688
3.44369
7.16955
7.3053
2.9291
2.93449
2.94686
2.96373
2.98342
3.00461
3.02649
3.04825
3.06818
3.08391
3.09366
3.0963
3.09189
3.08437
3.08238
3.09626
3.14409
3.24833
3.3441
3.27044
2.36397
8.45647
7.7491
2.69163
2.69661
2.70867
2.72578
2.74634
2.76893
2.79254
2.8158
2.83576
2.84823
2.84896
2.83364
2.79852
2.74331
2.67195
2.58939
2.51178
2.49309
2.5156
2.3777
1.37233
14.1524
10.4546
2.4428
2.44789
2.46024
2.47811
2.50007
2.52489
2.55158
2.57833
2.60131
2.61488
2.61181
2.58318
2.51929
2.41351
2.26761
2.05976
1.88825
1.86038
1.86312
1.7717
1.55827
5.5143
6.02543
2.18198
2.18771
2.20069
2.2196
2.24331
2.27107
2.30212
2.33448
2.36428
2.3851
2.38679
2.35471
2.26818
2.11088
1.87363
1.60038
1.4506
1.39302
1.4109
1.46507
1.5269
0.687252
2.17682
1.90893
1.91571
1.92936
1.94919
1.97458
2.0054
2.04132
2.08088
2.12116
2.15615
2.17416
2.15542
2.06323
1.85719
1.52526
1.15336
0.873744
0.724015
0.836039
1.20236
1.48633
1.50819
-0.561711
1.62388
1.63179
1.64581
1.666
1.69234
1.72537
1.76535
1.81194
1.86423
1.91827
1.96432
1.98256
1.92462
1.71129
1.29685
0.641332
-0.0353492
-0.315523
-0.0498727
0.929823
1.43094
1.17773
2.02372
1.32772
1.33626
1.34991
1.36941
1.39521
1.42838
1.46974
1.52019
1.58115
1.65207
1.72979
1.80751
1.85256
1.74628
1.20991
0.41561
-2.24292
-4.34171
-2.1834
-0.211961
1.29218
-3.43129
-2.7035
1.02173
1.02985
1.04206
1.05936
1.08244
1.11253
1.1506
1.19811
1.25756
1.33031
1.41896
1.53799
1.7238
1.98733
0.707733
-2.22767
-3.97504
-5.82006
-3.97547
-4.63566
-6.1729
-4.73547
-5.0297
0.707167
0.713873
0.723468
0.736847
0.754586
0.777625
0.806403
0.841576
0.88402
0.931111
0.974432
0.997605
0.92453
0.630735
-3.12302
-8.12964
-5.41435
-5.21328
-4.58901
-5.96593
-6.14703
-6.72208
-6.5261
0.385601
0.390311
0.396246
0.40405
0.413883
0.425938
0.439468
0.45309
0.463718
0.460875
0.418255
0.279768
-0.15583
-0.845629
-4.33326
-5.4899
-6.79093
-6.53011
-6.01732
-6.84788
-7.05039
-7.44061
-7.39184
0.0594308
0.0618342
0.0633374
0.0642895
0.0642112
0.0622546
0.0560858
0.0415107
0.0108219
-0.0538432
-0.190307
-0.46501
-1.1045
-1.78205
-4.82219
-6.77018
-7.29589
-7.39607
-7.07411
-7.13388
-7.26256
-7.7716
-7.73763
-0.268385
-0.268474
-0.271815
-0.278376
-0.289373
-0.306804
-0.334662
-0.380104
-0.455697
-0.587346
-0.829972
-1.30743
-2.51575
-5.29049
-7.1717
-6.56435
-6.8536
-7.18418
-7.33517
-7.31056
-7.44424
-7.65241
-7.48139
-0.595023
-0.597608
-0.605782
-0.619783
-0.641507
-0.674004
-0.722595
-0.796782
-0.913066
-1.10336
-1.43631
-2.07796
-3.47118
-6.6444
-9.60322
-7.73173
-6.90146
-6.96324
-7.20545
-7.28978
-7.3234
-7.23339
-6.95691
-0.917971
-0.922784
-0.935374
-0.956058
-0.987189
-1.0326
-1.09828
-1.19458
-1.3391
-1.5623
-1.92201
-2.53157
-3.61353
-5.55537
-7.35059
-7.38904
-6.88214
-6.77813
-6.84934
-6.84919
-6.77004
-6.64023
-6.47601
-1.23535
-1.24177
-1.25799
-1.28409
-1.32254
-1.37754
-1.45506
-1.56473
-1.72208
-1.95125
-2.29021
-2.79687
-3.54131
-4.53967
-5.52027
-5.99896
-6.09499
-6.15449
-6.21744
-6.24856
-6.23597
-6.19387
-6.12777
-1.54547
-1.55299
-1.57184
-1.60179
-1.64514
-1.70598
-1.78983
-1.90463
-2.06234
-2.28
-2.57967
-2.98692
-3.51933
-4.15262
-4.76803
-5.20782
-5.4614
-5.62334
-5.73881
-5.81384
-5.85248
-5.86305
-5.85298
-1.8471
-1.8553
-1.87576
-1.90801
-1.95397
-2.01721
-2.10251
-2.21607
-2.36617
-2.56365
-2.82056
-3.14671
-3.54237
-3.9852
-4.42032
-4.78318
-5.05138
-5.24561
-5.38833
-5.49097
-5.56132
-5.60633
-5.632
-2.13962
-2.14837
-2.16939
-2.20248
-2.24908
-2.31202
-2.39507
-2.50292
-2.64109
-2.8158
-3.03304
-3.29588
-3.60016
-3.93014
-4.25743
-4.55084
-4.79338
-4.98613
-5.13715
-5.2539
-5.3425
-5.4083
-5.45592
-2.42289
-2.43211
-2.45292
-2.48558
-2.53124
-2.59193
-2.67035
-2.76985
-2.89405
-3.04639
-3.22936
-3.44312
-3.68325
-3.93917
-4.19486
-4.43332
-4.64301
-4.82036
-4.96701
-5.08649
-5.18263
-5.25907
-5.31929
-2.69728
-2.70683
-2.72691
-2.7582
-2.80166
-2.85871
-2.93115
-3.02115
-3.13098
-3.26248
-3.41645
-3.59189
-3.78501
-3.98875
-4.19343
-4.3889
-4.56736
-4.72478
-4.86043
-4.97542
-5.07184
-5.15198
-5.21814
-2.96362
-2.97321
-2.99216
-3.02144
-3.06181
-3.11426
-3.17995
-3.2602
-3.35626
-3.469
-3.59845
-3.74336
-3.90068
-4.06561
-4.23197
-4.39332
-4.54431
-4.6815
-4.80343
-4.91007
-5.00227
-5.08127
-5.14849
-3.22298
-3.23209
-3.24955
-3.27641
-3.31318
-3.36047
-3.41906
-3.48968
-3.57294
-3.66912
-3.77787
-3.89798
-4.02715
-4.162
-4.29844
-4.43221
-4.55956
-4.6778
-4.78535
-4.88168
-4.96689
-5.04153
-5.10637
-3.47621
-3.48427
-3.49997
-3.52416
-3.55708
-3.59903
-3.65047
-3.71182
-3.78332
-3.86491
-3.95609
-4.05578
-4.16224
-4.27306
-4.38546
-4.49649
-4.60353
-4.70449
-4.79794
-4.88312
-4.95979
-5.02807
-5.08833
-3.7236
-3.73043
-3.74427
-3.76567
-3.79463
-3.83126
-3.8758
-3.92842
-3.98916
-4.05785
-4.13393
-4.21652
-4.30424
-4.39538
-4.48797
-4.57995
-4.66942
-4.75479
-4.83484
-4.90882
-4.97631
-5.0372
-5.09159
-3.96521
-3.97115
-3.98321
-4.0018
-4.02683
-4.05828
-4.09626
-4.14078
-4.19178
-4.24901
-4.31198
-4.37996
-4.45191
-4.52656
-4.60249
-4.67823
-4.7524
-4.82378
-4.8914
-4.95457
-5.01284
-5.06593
-5.11378
-4.20129
-4.20696
-4.21742
-4.2333
-4.25451
-4.28101
-4.31281
-4.34987
-4.39204
-4.4391
-4.4906
-4.54595
-4.60438
-4.66495
-4.72662
-4.78834
-4.84908
-4.90795
-4.96418
-5.01717
-5.06649
-5.11179
-5.15286
-4.43261
-4.43847
-4.44755
-4.4609
-4.4785
-4.50031
-4.52634
-4.55652
-4.5907
-4.62866
-4.67004
-4.71437
-4.76106
-4.80942
-4.85872
-4.90818
-4.95707
-5.00471
-5.05053
-5.09405
-5.13488
-5.17269
-5.20713
-4.66041
-4.66632
-4.67428
-4.68526
-4.69947
-4.71691
-4.73758
-4.76144
-4.78836
-4.81815
-4.85053
-4.88513
-4.9215
-4.95916
-4.99758
-5.03621
-5.07453
-5.11205
-5.14837
-5.18314
-5.21608
-5.24685
-5.27505
-4.88607
-4.89156
-4.89838
-4.9071
-4.91811
-4.93147
-4.9472
-4.96526
-4.98558
-5.008
-5.03229
-5.05821
-5.08542
-5.11359
-5.14235
-5.17131
-5.20011
-5.22846
-5.25607
-5.28275
-5.30832
-5.33253
-5.35499
-5.11072
-5.11533
-5.12073
-5.12719
-5.13515
-5.14467
-5.15581
-5.16855
-5.18283
-5.19854
-5.21554
-5.23364
-5.25264
-5.27229
-5.29237
-5.31261
-5.33281
-5.35276
-5.37231
-5.3914
-5.41
-5.42808
-5.44536
-5.33504
-5.33845
-5.3421
-5.34625
-5.35123
-5.35713
-5.36398
-5.37179
-5.38052
-5.3901
-5.40045
-5.41146
-5.42301
-5.43496
-5.44717
-5.4595
-5.47181
-5.484
-5.49602
-5.50789
-5.51978
-5.53196
-5.54449
-5.55928
-5.5615
-5.56311
-5.56487
-5.56695
-5.56941
-5.57224
-5.57546
-5.57906
-5.58299
-5.58724
-5.59176
-5.5965
-5.6014
-5.60641
-5.61146
-5.61651
-5.62152
-5.62649
-5.63145
-5.63663
-5.64271
-5.65057
353.447
322.265
289.803
247.439
170.895
139.229
119.577
107.008
33.0265
34.8017
34.7157
35.1301
28.6627
29.2265
29.6275
30.1455
21.5045
22.1228
22.3605
22.5829
14.4164
15.85
16.8559
18.0469
11.772
12.0346
12.2435
12.2021
10.0844
9.93788
9.73335
9.01439
8.51366
8.24919
7.86808
7.16522
7.02762
6.6222
5.93781
4.88974
7.75914
6.32943
4.21848
1.72852
9.2645
2.63473
2.77248
1.42168
2.04348
0.0552214
0.717246
1.26762
1.35399
0.955469
1.25669
0.0859907
2.39586
3.03712
2.80817
-0.37998
2.34447
2.99033
3.84416
2.18608
-4.52533
-1.85276
-2.3375
-5.00046
-4.94555
-4.79074
-5.51305
-6.04162
-6.07716
-5.88874
-5.75224
-5.77095
-6.97639
-6.62869
-6.33729
-6.15546
-7.33325
-6.98736
-6.67897
-6.4509
-7.13079
-6.87078
-6.64479
-6.47052
-6.72717
-6.5769
-6.44763
-6.34124
-6.3716
-6.29496
-6.22524
-6.16334
-6.08117
-6.04465
-6.00937
-5.97645
-5.83963
-5.82776
-5.81474
-5.8015
-5.63965
-5.64353
-5.64548
-5.64609
-5.47674
-5.49083
-5.5028
-5.51299
-5.34826
-5.36875
-5.38701
-5.40331
-5.25153
-5.27551
-5.29726
-5.31702
-5.18338
-5.20864
-5.23187
-5.25324
-5.14066
-5.16567
-5.18895
-5.21056
-5.12065
-5.14439
-5.16664
-5.18745
-5.12108
-5.14283
-5.16329
-5.18254
-5.1399
-5.15918
-5.17738
-5.19454
-5.17533
-5.19192
-5.20755
-5.22227
-5.22598
-5.23982
-5.25278
-5.26487
-5.29045
-5.30169
-5.31212
-5.32168
-5.36733
-5.3763
-5.38454
-5.39194
-5.45507
-5.46218
-5.46872
-5.47454
-5.55197
-5.55761
-5.56293
-5.56774
-5.65604
-5.66048
-5.66494
-5.66928
178.296
128.844
64.7177
43.1742
43.2726
41.5067
87.7844
449.744
398.271
454.706
474.673
332.039
168.631
316.115
571.814
286.197
268.004
491.739
674.311
62.177
42.1404
42.0148
42.5419
43.1915
44.0723
167.449
389.125
375.53
347.644
285.54
226.763
210.811
222.97
226.83
246.429
230.606
55.0704
174.03
40.1959
41.6879
41.8293
42.1882
34.9306
48.2661
308.831
491.947
353.47
223.791
216.829
212.837
213.062
217.936
212.692
165.332
149.333
180.973
201.31
33.7029
57.7265
6.70939
36.9417
132.631
312.388
551.126
523.582
274.505
209.512
212.019
210.732
211.326
213.103
201.802
146.509
196.754
211.673
216.626
23.8106
72.4721
59.2305
149.401
276.506
425.57
417.376
238.229
207.339
208.761
211.325
211.282
211.02
208.463
202.037
196.953
209.235
211.85
212.303
15.9955
49.9063
57.9166
132.631
175.82
187.452
204.785
205.458
207.123
209.611
212.195
211.985
211.269
211.077
218.089
211.444
211.331
211.871
211.639
7.21029
-15.8957
-54.347
144.8
192.833
195.161
203.809
206.526
208.774
210.909
212.23
212.124
211.596
209.263
212.522
212.623
212.849
211.69
210.255
6.1629
-49.5696
-96.6489
104.007
195.961
195.089
207.863
208.278
209.98
211.246
212.078
211.217
194.362
195.416
193.552
205.145
199.669
186.406
181.87
4.12912
2.62674
-40.9058
22.4315
115.808
183.576
205.697
207.265
209.494
206.867
188.647
168.004
144.467
132.079
131.518
129.276
113.873
144.577
119.054
2.32478
-20.0252
28.3251
-1.10979
-2.58703
60.9853
146.863
171.011
170.552
150.308
124.388
93.4056
66.8022
56.9625
59.5828
54.8472
2.70894
13.3859
1.7779
-7.52185
-10.181
-4.1155
-5.25394
-5.79063
-5.57976
-4.4607
9.13234
58.8893
50.6062
34.0874
7.44004
2.6926
11.5192
15.9041
10.0207
-0.0673616
1.19307
8.46518
-4.99276
-5.8932
-4.83387
-5.91577
-6.66293
-5.96392
-4.77137
-3.85666
-2.83093
-1.36388
-2.43517
-3.45838
-3.17772
-2.45902
-0.126858
2.11506
0.476264
1.37564
-27.9721
-3.9733
-7.09638
-6.96939
-6.71365
-7.02971
-6.18405
-4.97525
-4.32907
-3.44564
-1.2864
-1.84938
-3.65302
-3.6361
-3.06205
-2.96958
-3.38922
-2.93895
-3.04414
23.5523
-0.408146
-8.75789
-8.02541
-6.61988
-6.40116
-6.01428
-5.44273
-4.75958
-3.505
-1.38735
-2.10825
-3.26251
-3.48561
-3.35231
-3.24345
-3.32927
-3.3687
-3.61273
1.29236
-5.01404
-6.74039
-6.87297
-6.65908
-6.21938
-6.28893
-6.23232
-5.48078
-4.03514
-2.8039
-2.73902
-3.60741
-3.86725
-3.69399
-3.49403
-3.27837
-3.18183
-3.31542
-0.772746
-3.19065
-6.86737
-7.09625
-7.31643
-7.28257
-6.91065
-6.37378
-5.5258
-3.90011
-3.26312
-3.35446
-4.17472
-4.14181
-3.93351
-3.74563
-3.52342
-3.40597
-3.45358
-3.09273
-6.39534
-6.75897
-7.1235
-7.87107
-9.8613
-7.18845
-6.33762
-4.96802
-4.0944
-3.39095
-3.40913
-3.90517
-4.0275
-4.0286
-3.95229
-3.76414
-3.63595
-3.60357
-3.46414
-6.07242
-6.44977
-6.77643
-7.58456
-8.52281
-7.09019
-6.38939
-5.45363
-4.66038
-3.94907
-3.72429
-4.08567
-4.09768
-4.09553
-4.07694
-3.95706
-3.82235
-3.71058
-3.60131
-5.92646
-6.20896
-6.47782
-6.82986
-7.155
-6.73188
-6.1445
-5.73053
-5.45981
-4.98662
-4.73598
-4.47194
-4.21838
-4.1513
-4.17072
-4.13661
-3.99395
-3.75732
-3.66552
-6.06
-6.18751
-6.34914
-6.49898
-6.55398
-6.35231
-5.97189
-5.70311
-5.55097
-5.37807
-5.20287
-4.54524
-4.23811
-4.19986
-4.2718
-4.32393
-4.18635
-3.84392
-3.69493
-6.2281
-6.20559
-6.24932
-6.28439
-6.259
-6.12541
-5.89711
-5.66905
-5.53052
-5.37475
-5.0391
-4.19316
-4.0768
-4.19545
-4.27314
-4.34307
-4.2422
-3.63245
-3.24575
-6.2554
-6.16985
-6.14617
-6.12662
-6.07476
-5.97033
-5.82324
-5.65649
-5.51584
-5.34734
-5.07865
-4.5238
-4.06907
-4.1689
-4.15922
-4.10933
-3.94789
-3.39554
-3.01848
-6.18241
-6.08954
-6.03954
-5.99685
-5.93884
-5.85478
-5.75005
-5.64167
-5.52968
-5.31416
-5.04787
-4.80514
-4.4151
-4.22661
-4.09299
-3.88132
-3.67786
-3.31548
-2.89241
-6.05952
-5.9822
-5.92989
-5.88312
-5.82882
-5.76062
-5.68237
-5.59909
-5.47348
-5.30505
-5.12049
-4.95546
-4.74618
-4.42539
-4.12089
-3.79294
-3.46773
-3.38451
-3.34719
-5.91666
-5.86392
-5.82217
-5.78217
-5.7365
-5.68048
-5.6116
-5.51828
-5.41129
-5.28591
-5.17186
-5.05002
-4.98394
-4.69575
-4.19324
-3.77805
-3.55276
-3.40888
-3.22948
-5.77476
-5.7469
-5.72085
-5.69261
-5.65836
-5.61499
-5.55999
-5.4892
-5.40112
-5.30898
-5.21436
-5.13723
-5.13773
-5.1399
-4.27602
-3.66388
-3.65692
-3.48005
-3.42822
-5.64397
-5.63782
-5.628
-5.61302
-5.59146
-5.56192
-5.52319
-5.47471
-5.41751
-5.34607
-5.24234
-5.17978
-5.15358
-5.18259
-4.40218
-3.84043
-3.76552
-3.69438
-3.5739
-5.52864
-5.53982
-5.54449
-5.5424
-5.53359
-5.51806
-5.49585
-5.46767
-5.43493
-5.37322
-5.23857
-5.08028
-5.00708
-4.96709
-4.33892
-3.17433
-4.08463
-4.04115
-3.93094
-5.43087
-5.45474
-5.47115
-5.48047
-5.48341
-5.48081
-5.47387
-5.46341
-5.44486
-5.39807
-5.26532
-5.08552
-4.97976
-4.87459
-4.58141
-3.63241
-4.34458
-4.27321
-4.02591
-5.3518
-5.38406
-5.40902
-5.42749
-5.44044
-5.44917
-5.45592
-5.45888
-5.46589
-5.46369
-5.38295
-5.21527
-5.10645
-5.24191
-5.0147
-5.1731
-4.69539
-4.64064
-4.24539
-5.29166
-5.32868
-5.35915
-5.38422
-5.4051
-5.42348
-5.44237
-5.46431
-5.5114
-5.59364
-5.63981
-5.52461
-5.30942
-5.38448
-5.98511
-5.49001
-4.93155
-4.79774
-4.18482
-5.24993
-5.28893
-5.32232
-5.35162
-5.37841
-5.4041
-5.43197
-5.47432
-5.57155
-5.76407
-5.98283
-5.95993
-5.65588
-5.38307
-6.66976
-6.39627
-4.92255
-4.84416
-4.26735
-5.22579
-5.26464
-5.29892
-5.3304
-5.36158
-5.39222
-5.42565
-5.47751
-5.59707
-5.86036
-6.26825
-6.34804
-5.93903
-5.37552
-5.35788
-5.6882
-4.9172
-4.89225
-4.4216
-5.21839
-5.25548
-5.28913
-5.32166
-5.35715
-5.39155
-5.42362
-5.45698
-5.52819
-5.75369
-6.3192
-6.81107
-6.13467
-4.84479
-4.70493
-5.14935
-4.97791
-4.94926
-4.16043
-5.22674
-5.26071
-5.29257
-5.32544
-5.36282
-5.40125
-5.43424
-5.43625
-5.42654
-5.54544
-5.92639
-6.29779
-5.49203
-4.08344
-4.21426
-5.04531
-5.06872
-5.05225
-5.03425
-5.2498
-5.27877
-5.30652
-5.33578
-5.37316
-5.42465
-5.48142
-5.48174
-5.45173
-5.52587
-5.75869
-6.04463
-5.64803
-4.42836
-4.85746
-5.20313
-5.20347
-5.20855
-5.0568
-5.28697
-5.30909
-5.3298
-5.35207
-5.39024
-5.46518
-5.5643
-5.56918
-5.55182
-5.62432
-5.83466
-6.03851
-5.76667
-5.40226
-5.37838
-5.35184
-5.33981
-5.32114
-5.0862
-5.33843
-5.35336
-5.36523
-5.37822
-5.41179
-5.50918
-5.60925
-5.61123
-5.59654
-5.65722
-5.80814
-5.94723
-5.69175
-5.58393
-5.51178
-5.4772
-5.46551
-5.48347
-5.33708
-5.4042
-5.41269
-5.41495
-5.41422
-5.42791
-5.5242
-5.60276
-5.59797
-5.57243
-5.62826
-5.75827
-5.76774
-5.71781
-5.6616
-5.61737
-5.58907
-5.57776
-5.59136
-5.61141
-5.48363
-5.48749
-5.48164
-5.46506
-5.45017
-5.49858
-5.58987
-5.59708
-5.55193
-5.62877
-5.73787
-5.77692
-5.76382
-5.73659
-5.71094
-5.69182
-5.68171
-5.68063
-5.68498
-5.57529
-5.5776
-5.56853
-5.54269
-5.50311
-5.49525
-5.69804
-5.74163
-5.68397
-5.74625
-5.79866
-5.82327
-5.82383
-5.81262
-5.79944
-5.78794
-5.7824
-5.78129
-5.783
-5.67687
-5.68112
-5.67546
-5.65192
-5.60009
-5.54069
-6.17623
-6.0957
-5.92737
-5.88806
-5.88772
-5.89359
-5.89518
-5.89201
-5.88674
-5.88244
-5.88109
-5.88199
-5.88296
497.277
465.814
466.444
471.64
488.236
512.204
535.471
560.088
585.994
612.027
637.497
662.17
686.107
709.476
731.976
752.406
762.853
776.029
797.13
790.158
791.625
821.666
886.146
438.124
405.752
406.218
409.388
426.005
452.553
476.131
500.698
526.67
552.909
578.558
603.327
627.255
650.407
672.661
693.513
704.722
713.37
743.596
747.404
714.038
749.433
808.892
377.577
345.226
344.956
341.972
356.693
392.13
416.877
441.18
467.185
493.646
519.541
544.502
568.501
591.557
613.526
633.73
647.969
661.253
689.805
697.924
664.286
693.282
736.921
316.651
284.16
282.625
270.067
282.336
331.917
358.068
381.602
407.568
434.304
460.536
485.774
509.907
532.926
554.74
574.884
591.752
608.124
630.711
641.723
628.485
645.581
672.24
256.125
222.557
219.705
203.046
217.56
273.449
299.106
321.715
347.818
374.942
401.608
427.207
451.53
474.558
496.299
516.557
534.798
552.774
573.179
587.548
588.616
598.047
611.062
196.787
161.358
156.896
142.965
161.341
208.383
237.552
261.06
287.856
315.598
342.818
368.865
393.419
416.476
438.17
458.569
477.716
496.79
516.809
533.227
541.139
546.93
551.766
138.385
101.849
93.1
85.4935
107.411
137.171
172.73
199.56
227.631
256.306
284.218
310.809
335.618
358.692
380.305
400.777
420.498
440.429
461.013
479.298
490.729
494.725
493.126
79.7639
39.6935
38.1201
27.9228
49.0027
74.1043
108.047
137.592
167.201
197.101
225.83
253.102
278.185
301.229
322.671
343.082
363.113
383.766
405.465
425.955
440.078
443.09
435.028
413.789
279.465
247.08
245.701
239.488
482.742
833.536
830.008
918.957
1106.74
1295.76
1120.21
942.704
723.049
690.463
716.388
852.342
1324.96
1716.58
374.448
240.182
233.976
234.055
235.073
306.498
716.1
734.172
806.246
1046.57
1336.4
889.987
634.959
629.893
631.271
636.2
662.313
958.635
1690.62
326.459
235.703
233.872
234.009
235.087
298.887
579.52
637.776
644.764
894.747
1236.47
646.485
627.405
629.055
629.365
631.756
647.389
677.383
1592.63
291.884
233.928
234.046
233.987
217.784
247.087
424.544
561.515
387.762
574.907
867.978
623.891
626.226
628.67
628.95
629.834
646.191
653.339
1080.77
263.267
234.475
234.316
224.361
166.485
141.486
188.741
556.08
128.142
264.779
629.312
620.583
625.319
628.18
626.489
714.169
550.386
621.266
1114.32
238.92
234.293
225.965
176.647
107.338
49.2341
42.495
583.25
153.513
279.233
595.086
618.112
624.218
616.676
786.798
965.162
379.48
454.744
1525.91
234.751
231.641
185.809
123.259
51.2449
42.9617
40.4539
485.006
346.094
402.36
565.849
610.918
578.612
561.855
939.09
887.998
308.285
370.285
1549.72
233.914
187.188
137.78
65.6306
43.1899
43.0621
41.4741
411.085
416.31
418.199
536.623
527.568
420.576
388.406
844.399
659.034
271.701
337.117
1302.67
21.1948
5.12611
4.71695
4.74042
4.94502
5.87264
15.1953
30.1817
55.5467
88.9462
119.317
147.904
173.113
195.828
216.676
236.581
256.624
278.284
303.032
329.458
349.928
351.763
323.42
5.04118
4.67468
4.46291
4.51216
4.58937
4.61047
4.63512
4.65384
4.76742
7.86253
17.5233
35.7967
56.9591
76.7274
95.51
112.745
131.675
152.823
181.894
219.697
254.692
262.523
195.766
4.63063
4.37468
4.18752
4.27134
4.4115
4.45898
4.49009
4.50925
4.55271
4.59945
4.64899
4.69576
4.65887
6.06458
10.6171
15.3457
21.5257
29.3479
50.6217
111.977
170.725
203.596
56.7159
4.33168
4.17441
4.12686
4.18147
4.26905
4.30103
4.32429
4.35173
4.38301
4.41517
4.42991
4.44848
4.4925
4.58481
4.76941
5.0262
5.21606
5.36146
6.00534
24.0117
54.3163
120.103
54.832
4.14224
4.04146
4.03942
4.07389
4.11315
4.1337
4.15187
4.1742
4.20238
4.23479
4.27216
4.32135
4.39023
4.49292
4.64932
4.85004
5.04588
5.22097
5.4497
5.53843
5.0171
28.8355
10.4028
3.9476
3.87826
3.88608
3.91142
3.93416
3.95158
3.96914
3.98974
4.01644
4.05052
4.092
4.14594
4.21981
4.32117
4.4579
4.62263
4.80032
4.9608
5.15709
5.24106
5.73835
5.03749
9.42956
3.77328
3.68673
3.70084
3.72058
3.73895
3.75628
3.77446
3.7953
3.8209
3.85298
3.89273
3.94342
4.01017
4.09857
4.21385
4.35523
4.51301
4.64692
4.83949
5.10865
5.5229
3.289
9.69728
3.57861
3.48123
3.49437
3.51243
3.531
3.5495
3.56883
3.59008
3.61435
3.64274
3.67649
3.71792
3.7706
3.83961
3.93095
4.04853
4.18913
4.34729
4.57564
4.8509
5.02284
3.48968
10.0104
3.37165
3.26805
3.27923
3.29551
3.31397
3.33339
3.35366
3.37502
3.39767
3.42159
3.44711
3.47553
3.50913
3.55235
3.61282
3.69918
3.81901
3.98998
4.25251
4.47125
4.15655
5.71354
8.0354
3.15516
3.0457
3.0554
3.07052
3.08889
3.10905
3.13015
3.15172
3.17308
3.19279
3.20965
3.22333
3.23431
3.24559
3.2647
3.30265
3.37212
3.49225
3.6676
3.66991
3.42168
6.52865
7.58968
2.92864
2.81335
2.82228
2.83697
2.85564
2.87671
2.89901
2.92165
2.94299
2.96006
2.96962
2.969
2.95581
2.92997
2.89601
2.86053
2.83905
2.85553
2.92311
2.92234
2.78689
6.268
9.39691
2.69142
2.57026
2.57902
2.59396
2.61345
2.63599
2.66041
2.68556
2.709
2.72637
2.73228
2.72069
2.68497
2.61986
2.52545
2.40169
2.23735
2.13969
2.13204
2.11445
1.67572
3.04577
14.2105
2.44272
2.31574
2.32483
2.34047
2.36121
2.38583
2.41346
2.44284
2.47107
2.4931
2.50155
2.48622
2.43399
2.33004
2.17378
1.94526
1.7271
1.64363
1.63661
1.63517
1.55994
1.45667
5.54573
2.18189
2.04935
2.05908
2.07554
2.09763
2.12463
2.15617
2.19116
2.22699
2.25891
2.27833
2.27118
2.21531
2.07834
1.84572
1.52269
1.27354
1.1295
1.09055
1.23412
1.43097
1.58684
0.764814
1.90865
1.77095
1.7814
1.79844
1.8215
1.85052
1.88571
1.92659
1.97175
2.018
2.05736
2.0746
2.03937
1.89559
1.59714
1.1622
0.693817
0.384753
0.243593
0.761632
1.34928
1.51669
1.14617
1.62326
1.4808
1.49166
1.50863
1.53172
1.56148
1.59873
1.64381
1.69715
1.75817
1.82228
1.8797
1.90311
1.82265
1.49287
0.787413
-0.258146
-0.894675
-1.72973
-0.0315003
1.18322
1.22684
-5.06449
1.32669
1.17965
1.19019
1.206
1.22756
1.25584
1.29198
1.33697
1.39269
1.46098
1.54208
1.63844
1.75312
1.88044
1.69548
0.548471
-2.76204
-4.78999
-4.29756
-2.51776
-2.32664
-4.17723
-0.512909
1.02039
0.868717
0.87789
0.891167
0.909206
0.932986
0.963545
1.0017
1.04928
1.10778
1.17639
1.25791
1.36858
1.55741
1.30423
-2.91398
-5.22212
-5.35255
-4.60312
-4.64598
-6.58468
-6.37443
-5.99544
0.705866
0.549643
0.55644
0.565764
0.578131
0.594128
0.614094
0.637739
0.664821
0.692351
0.708948
0.686822
0.544906
0.0674874
-1.53284
-6.8897
-6.05659
-6.10289
-5.35015
-5.43542
-6.66633
-6.66345
-7.09708
0.384701
0.224623
0.228292
0.232455
0.237268
0.242568
0.247566
0.2501
0.246591
0.228276
0.173458
0.0373551
-0.299654
-0.884911
-1.84361
-5.69754
-6.81664
-7.28534
-6.99747
-6.97745
-7.13804
-7.41878
-7.84798
0.0590816
-0.103615
-0.103507
-0.105289
-0.10928
-0.11658
-0.129318
-0.151874
-0.191644
-0.263375
-0.398611
-0.660463
-1.21358
-2.12934
-4.47959
-6.89572
-6.77693
-7.21505
-7.29197
-7.21134
-7.25101
-7.52537
-7.7868
-0.268183
-0.432125
-0.435708
-0.443684
-0.456827
-0.477213
-0.508253
-0.556364
-0.632613
-0.757576
-0.974663
-1.38386
-2.25082
-4.79572
-8.30198
-8.58716
-6.8093
-6.92061
-7.21713
-7.33524
-7.39167
-7.49191
-7.40218
-0.5943
-0.758113
-0.765196
-0.779059
-0.800769
-0.833218
-0.880812
-0.951159
-1.05758
-1.22364
-1.49438
-1.96706
-2.86591
-4.77639
-7.50279
-8.49567
-7.29102
-6.89988
-6.98349
-7.11801
-7.11502
-7.01879
-6.82055
-0.916714
-1.07919
-1.08927
-1.10823
-1.13714
-1.17941
-1.23995
-1.32652
-1.45232
-1.63877
-1.92202
-2.36542
-3.07522
-4.20109
-5.69104
-6.60308
-6.58465
-6.48432
-6.50629
-6.53495
-6.50816
-6.44118
-6.34662
-1.2332
-1.39361
-1.40591
-1.4288
-1.46307
-1.51226
-1.58126
-1.67715
-1.811
-1.99986
-2.26826
-2.6506
-3.18786
-3.90068
-4.70579
-5.3432
-5.65979
-5.80857
-5.91588
-5.99155
-6.02649
-6.02736
-6.00266
-1.54205
-1.69978
-1.71372
-1.73921
-1.77691
-1.83003
-1.90306
-2.00201
-2.13527
-2.31475
-2.55579
-2.87528
-3.28636
-3.78325
-4.31488
-4.78114
-5.11312
-5.334
-5.48977
-5.60014
-5.67262
-5.71458
-5.73358
-1.84298
-1.99694
-2.01193
-2.03873
-2.07807
-2.13255
-2.2059
-2.30299
-2.42987
-2.59411
-2.80443
-3.06855
-3.38881
-3.75528
-4.13872
-4.49408
-4.7863
-5.01118
-5.18218
-5.31131
-5.40666
-5.47491
-5.52178
-2.13524
-2.28492
-2.30036
-2.32735
-2.36676
-2.42058
-2.49161
-2.5835
-2.70053
-2.84731
-3.02832
-3.24651
-3.50071
-3.7824
-4.0742
-4.35293
-4.59908
-4.80493
-4.97229
-5.10627
-5.21207
-5.29438
-5.35741
-2.41874
-2.56396
-2.57929
-2.60561
-2.64381
-2.69542
-2.76239
-2.84722
-2.95277
-3.08184
-3.23652
-3.41745
-3.62243
-3.84511
-4.07479
-4.29824
-4.50374
-4.68457
-4.83902
-4.96849
-5.07554
-5.16319
-5.23428
-2.69374
-2.83454
-2.84935
-2.87435
-2.91041
-2.95866
-3.02044
-3.09735
-3.19113
-3.30336
-3.43492
-3.58546
-3.75276
-3.93217
-4.11685
-4.29865
-4.47014
-4.62615
-4.76427
-4.88419
-4.98694
-5.07412
-5.14751
-2.96065
-3.09727
-3.1113
-3.13455
-3.16785
-3.21199
-3.26791
-3.33657
-3.41894
-3.51577
-3.62728
-3.7528
-3.89039
-4.03669
-4.18712
-4.33645
-4.47971
-4.61311
-4.73436
-4.84253
-4.93776
-5.0207
-5.0923
-3.22006
-3.35304
-3.36598
-3.38719
-3.41737
-3.45704
-3.50678
-3.56718
-3.63874
-3.72171
-3.81594
-3.92066
-4.0343
-4.15441
-4.27786
-4.40113
-4.52082
-4.63417
-4.73921
-4.83487
-4.9208
-4.9971
-5.0642
-3.47276
-3.60275
-3.61422
-3.63321
-3.66009
-3.69516
-3.73873
-3.79113
-3.85258
-3.92309
-4.00233
-4.08956
-4.18351
-4.28238
-4.38397
-4.48585
-4.58563
-4.68128
-4.77121
-4.85437
-4.93022
-4.9986
-5.0596
-3.71959
-3.84709
-3.85681
-3.87346
-3.89698
-3.92746
-3.96506
-4.0099
-4.06204
-4.12135
-4.18748
-4.25976
-4.33719
-4.41842
-4.50188
-4.58583
-4.66858
-4.7486
-4.82466
-4.89584
-4.96156
-5.02151
-5.07558
-3.96126
-4.08631
-4.09437
-4.10872
-4.1289
-4.15492
-4.18681
-4.22459
-4.26821
-4.31749
-4.37208
-4.43143
-4.49475
-4.56103
-4.62913
-4.6978
-4.7658
-4.83202
-4.89549
-4.95545
-5.01136
-5.06286
-5.10968
-4.1983
-4.32048
-4.32742
-4.33964
-4.35664
-4.37839
-4.40488
-4.4361
-4.47194
-4.51221
-4.5566
-4.60465
-4.65576
-4.70917
-4.76405
-4.81949
-4.87461
-4.92858
-4.98066
-5.03025
-5.07688
-5.12018
-5.15982
-4.43112
-4.55013
-4.55657
-4.56689
-4.58091
-4.59865
-4.6201
-4.64523
-4.67395
-4.7061
-4.74142
-4.77951
-4.81992
-4.86211
-4.90545
-4.94933
-4.99307
-5.03609
-5.07786
-5.11791
-5.15588
-5.19144
-5.22425
-4.6603
-4.77647
-4.78261
-4.79118
-4.8024
-4.81637
-4.83313
-4.85267
-4.8749
-4.8997
-4.92687
-4.95609
-4.98704
-5.01932
-5.05249
-5.08611
-5.11971
-5.15289
-5.18527
-5.21657
-5.24653
-5.27488
-5.30129
-4.88679
-5.001
-5.00651
-5.01329
-5.02182
-5.03225
-5.04465
-5.05903
-5.07533
-5.09346
-5.11326
-5.13452
-5.15701
-5.18045
-5.20454
-5.22897
-5.25346
-5.27771
-5.30152
-5.32471
-5.34716
-5.36875
-5.38926
-5.11183
-5.22486
-5.22917
-5.23401
-5.23989
-5.24695
-5.25528
-5.26487
-5.27572
-5.28775
-5.30086
-5.31491
-5.32976
-5.34524
-5.36114
-5.37729
-5.39349
-5.40959
-5.42546
-5.44103
-5.45636
-5.47153
-5.48656
-5.33632
-5.44866
-5.4513
-5.45404
-5.45728
-5.46112
-5.4656
-5.47074
-5.47654
-5.48296
-5.48993
-5.49741
-5.5053
-5.51352
-5.52197
-5.53056
-5.53918
-5.54775
-5.55624
-5.56463
-5.57306
-5.58185
-5.59156
-5.56056
-5.67313
-5.67349
-5.67406
-5.67471
-5.67546
-5.67632
-5.6773
-5.67839
-5.67958
-5.68088
-5.68226
-5.68372
-5.68523
-5.68679
-5.68838
-5.68999
-5.6916
-5.69323
-5.69489
-5.69663
-5.69863
-5.70257
283.558
256.749
230.893
204.919
81.2984
47.9555
37.489
50.6301
30.2779
31.3042
32.2388
33.4993
25.5323
25.7484
25.9148
25.6178
15.6675
17.9867
19.1373
19.9136
12.7567
13.4293
14.0318
14.8734
10.6223
10.7755
10.7465
10.5607
9.49866
9.26255
9.02086
8.59151
7.71787
7.48282
7.12983
6.56222
7.21976
6.67752
5.62033
4.22631
9.96099
6.2195
3.99584
2.49611
5.04563
0.429764
4.10256
1.04525
4.0846
0.913776
0.412041
-0.67824
1.1548
1.49573
1.36381
1.31903
1.82928
3.54792
3.26018
2.20175
-1.38862
0.952161
1.7731
1.32099
-3.21099
-3.23959
-3.25529
-5.53738
-5.93459
-5.62594
-5.71936
-5.64347
-6.66164
-6.39391
-6.12921
-5.97594
-7.42193
-7.05929
-6.71043
-6.43761
-7.44062
-7.1218
-6.82782
-6.58409
-7.05311
-6.82459
-6.63711
-6.4796
-6.59977
-6.48349
-6.38268
-6.29421
-6.24728
-6.19249
-6.14001
-6.09166
-5.96603
-5.94344
-5.92046
-5.89771
-5.73584
-5.73345
-5.72944
-5.72405
-5.54836
-5.55875
-5.56726
-5.57388
-5.39887
-5.41743
-5.43408
-5.4486
-5.2842
-5.30764
-5.3291
-5.34835
-5.20103
-5.22675
-5.25055
-5.27224
-5.14578
-5.17188
-5.19626
-5.21875
-5.1152
-5.14039
-5.16409
-5.18617
-5.10659
-5.13001
-5.15215
-5.17291
-5.11764
-5.13872
-5.15871
-5.17751
-5.14632
-5.16472
-5.18218
-5.19862
-5.19093
-5.20654
-5.22131
-5.23516
-5.25004
-5.26293
-5.27503
-5.28626
-5.32215
-5.33255
-5.34223
-5.35109
-5.40574
-5.41401
-5.42168
-5.42863
-5.4992
-5.50571
-5.51184
-5.51742
-5.60071
-5.60576
-5.61072
-5.61543
-5.70818
-5.71185
-5.71584
-5.72
161.693
104.998
52.8811
42.4132
43.0108
42.8822
43.5281
349.174
393.392
388.849
433.811
315.052
220.941
212.284
243.167
345.958
289.22
215.202
253.731
52.3517
42.4782
41.6796
42.1493
42.5934
42.8242
118.146
375.458
394.266
326.064
267.403
222.56
214.139
218.115
220.026
208.053
187.415
155.219
144.017
35.5903
35.7008
20.0211
25.204
15.6458
85.77
246.498
558.512
451.488
227.706
212.716
212.736
211.148
214.114
214.904
210.696
130.532
190.495
210.521
26.1044
43.9042
46.6518
22.5026
150.373
358.99
523.329
495.465
278.428
208.39
210.136
211.123
210.653
211.411
201.252
198.895
197.087
211.052
212.324
20.0668
62.1694
71.5963
102.095
175.371
280.633
302.168
210.814
206.049
207.947
210.639
212.11
211.404
211.201
200.216
206.54
209.313
211.334
210.943
13.41
17.6783
16.2968
55.5698
163.613
191.923
199.667
204.715
206.623
209.055
211.586
212.353
211.709
211.433
215.365
212.608
212.964
211.87
211.547
8.77996
-6.30739
-80.2634
-1.74384
187.017
196.275
198.532
207.042
208.497
210.434
211.769
212.294
211.82
199.055
205.115
211.892
212.466
210.175
209.208
7.13441
2.23738
-151.897
-12.4481
112.028
193.015
200.939
207.756
208.899
210.767
211.404
204.018
182.986
169.243
162.196
168.423
175.329
178.297
176.615
5.13951
0.354365
-44.6341
16.8868
21.3373
84.9363
174.089
203.372
202.196
192.342
174.389
147.906
119.154
99.2141
94.6868
81.2358
52.5513
26.2285
110.597
0.574264
-7.14842
-4.0761
-3.25286
-5.19181
-6.65468
24.0648
90.224
118.589
121.006
92.5464
64.5955
36.529
14.8677
39.6077
29.3243
1.73024
1.46305
-1.48524
-0.918076
-4.6256
-6.9457
-4.69486
-5.95365
-6.14573
-5.09741
-4.33266
-2.07982
1.55511
7.51825
0.886792
1.53116
-2.07737
-0.225136
9.14277
-0.0474642
1.22999
0.961676
-0.113639
-6.45087
-7.06302
-5.06265
-6.74551
-6.75282
-5.46859
-4.39343
-3.82268
-2.03742
-1.56256
-2.76914
-3.74892
-3.10961
-2.41965
-1.46448
-2.02286
-0.139977
-10.6249
6.18218
-1.50138
-7.28087
-7.08299
-6.82354
-6.5135
-5.62638
-4.79503
-4.19181
-1.92045
-1.36026
-2.76075
-3.67351
-3.40801
-3.12167
-3.2887
-3.44404
-3.65433
-0.315208
-2.37963
-5.74604
-6.70038
-6.64722
-6.35709
-6.00737
-6.04363
-5.53965
-4.51864
-2.85718
-1.70339
-2.91172
-3.4735
-3.56658
-3.43883
-3.31941
-3.11034
-3.54234
-2.58875
-1.38228
-6.03684
-6.97195
-7.00899
-6.70666
-6.36249
-6.63798
-6.31604
-4.80258
-3.56125
-2.97687
-3.59166
-4.21083
-3.96583
-3.73348
-3.51112
-3.33462
-3.48048
-3.80048
-1.80828
-6.62955
-6.96286
-7.35574
-8.09313
-8.02404
-6.82073
-5.73205
-4.35764
-3.53413
-3.24955
-3.69405
-4.10544
-4.0072
-3.94815
-3.748
-3.58885
-3.61469
-3.71668
-6.13694
-6.4807
-6.81576
-7.38504
-8.55067
-8.13267
-6.92579
-5.82698
-4.75432
-4.0792
-3.43865
-3.75268
-4.04412
-4.05351
-4.06407
-3.94776
-3.80169
-3.72582
-3.71182
-5.82709
-6.11746
-6.44575
-6.78665
-7.49625
-7.30475
-6.58314
-5.95888
-5.36355
-4.86574
-4.18596
-4.21132
-4.23461
-4.13227
-4.12002
-4.10059
-3.97649
-3.82469
-3.74918
-5.91483
-6.06828
-6.29863
-6.52562
-6.75211
-6.72015
-6.27334
-5.85651
-5.62203
-5.43266
-5.12213
-4.76448
-4.42227
-4.18746
-4.19482
-4.2543
-4.17787
-4.02234
-3.75231
-6.21502
-6.16427
-6.24928
-6.34594
-6.39977
-6.32807
-6.08686
-5.7927
-5.60313
-5.47308
-5.30476
-4.83967
-4.17984
-4.19019
-4.24039
-4.34762
-4.33851
-4.00001
-3.64298
-6.36136
-6.2112
-6.19332
-6.20239
-6.18757
-6.10921
-5.95702
-5.75913
-5.5795
-5.46679
-5.22796
-4.78646
-4.04755
-4.11255
-4.1967
-4.23508
-4.23907
-3.86254
-3.29241
-6.32198
-6.16929
-6.11077
-6.07759
-6.0351
-5.96051
-5.85014
-5.71837
-5.58115
-5.45114
-5.17515
-4.89226
-4.32374
-4.16541
-4.16339
-4.0411
-3.77593
-3.59513
-3.30779
-6.19458
-6.07488
-6.00937
-5.96194
-5.91186
-5.84598
-5.76219
-5.67447
-5.5705
-5.42317
-5.20172
-4.98247
-4.76641
-4.48486
-4.2243
-3.9502
-3.58678
-3.5046
-3.44537
-6.03344
-5.95291
-5.89833
-5.85351
-5.80715
-5.75125
-5.68274
-5.60306
-5.49538
-5.36685
-5.21626
-5.07145
-4.9535
-4.80572
-4.35349
-3.93566
-3.55942
-3.46748
-3.42055
-5.86878
-5.82353
-5.78732
-5.75367
-5.71698
-5.67231
-5.61667
-5.54638
-5.4527
-5.34594
-5.24486
-5.14157
-5.07193
-4.99155
-4.56602
-3.9532
-3.52652
-3.53107
-3.48997
-5.71588
-5.69937
-5.68255
-5.6631
-5.6386
-5.60656
-5.565
-5.51171
-5.44565
-5.36859
-5.2833
-5.18543
-5.15481
-5.2439
-4.90519
-4.04473
-3.78555
-3.58288
-3.62245
-5.58061
-5.58639
-5.5869
-5.58163
-5.56994
-5.55123
-5.52485
-5.49054
-5.44993
-5.40019
-5.30322
-5.18359
-5.1192
-5.09216
-4.84263
-3.94974
-3.16732
-3.98239
-3.85918
-5.46546
-5.48743
-5.50193
-5.50928
-5.50976
-5.5039
-5.49214
-5.47533
-5.45339
-5.42046
-5.32344
-5.15781
-5.02103
-4.91505
-4.68585
-3.99704
-3.63736
-4.21032
-4.0814
-5.37146
-5.40424
-5.42897
-5.44654
-5.4576
-5.46319
-5.4646
-5.4631
-5.4546
-5.44548
-5.37979
-5.22012
-5.06271
-5.03236
-4.95249
-4.69309
-4.34912
-4.47532
-4.3599
-5.29872
-5.33786
-5.36926
-5.39422
-5.41371
-5.42892
-5.44213
-5.45474
-5.47043
-5.50493
-5.51966
-5.43626
-5.27124
-5.25058
-5.47017
-5.05856
-4.90325
-4.79559
-5.01712
-5.24651
-5.28856
-5.32364
-5.35331
-5.37892
-5.40183
-5.42455
-5.45065
-5.49765
-5.60386
-5.75379
-5.81848
-5.61357
-5.31416
-5.7532
-7.41045
-5.0639
-4.93043
-4.9587
-5.21363
-5.25602
-5.29244
-5.32454
-5.35416
-5.3828
-5.41171
-5.44893
-5.524
-5.6993
-5.9885
-6.21527
-5.98989
-5.5581
-5.62516
-6.46463
-5.09742
-5.00101
-5.08289
-5.1989
-5.23973
-5.27567
-5.30839
-5.34097
-5.37445
-5.40665
-5.44377
-5.50961
-5.67812
-6.05952
-6.56978
-6.40682
-5.64489
-4.97051
-5.07151
-5.07497
-5.0305
-5.13016
-5.2012
-5.23896
-5.27313
-5.30527
-5.34032
-5.37715
-5.41158
-5.43675
-5.44828
-5.51753
-5.8642
-6.46843
-6.47825
-5.0521
-4.25551
-4.99078
-5.04593
-5.06971
-5.09412
-5.21938
-5.25266
-5.2835
-5.3136
-5.34839
-5.38845
-5.43316
-5.45821
-5.43305
-5.44031
-5.61528
-5.94814
-5.91224
-4.64665
-3.82649
-4.95704
-5.13843
-5.18848
-5.21398
-5.25251
-5.27975
-5.3047
-5.32924
-5.35943
-5.40853
-5.48494
-5.53888
-5.50811
-5.52436
-5.66739
-5.96662
-6.07331
-5.22872
-5.09403
-5.31565
-5.2883
-5.32926
-5.26361
-5.30006
-5.32053
-5.33777
-5.35399
-5.37835
-5.43549
-5.55017
-5.60728
-5.5876
-5.60535
-5.72925
-5.92782
-5.90546
-5.5838
-5.48414
-5.43344
-5.40858
-5.41402
-5.44935
-5.36169
-5.37597
-5.38516
-5.39089
-5.40336
-5.45561
-5.58403
-5.61852
-5.59332
-5.60635
-5.70812
-5.85135
-5.74925
-5.65785
-5.59129
-5.54924
-5.52804
-5.53129
-5.59476
-5.43671
-5.44614
-5.44809
-5.44218
-5.43319
-5.46582
-5.55854
-5.59942
-5.56307
-5.57449
-5.67472
-5.76046
-5.75852
-5.71928
-5.68123
-5.65274
-5.63691
-5.63139
-5.63443
-5.52386
-5.53049
-5.5282
-5.5131
-5.48431
-5.46787
-5.54168
-5.65815
-5.5966
-5.63004
-5.72655
-5.78544
-5.79677
-5.78402
-5.76462
-5.74805
-5.73752
-5.73274
-5.73233
-5.62112
-5.6275
-5.62549
-5.60897
-5.57114
-5.53259
-5.68675
-5.90881
-5.84162
-5.8033
-5.82907
-5.85129
-5.85943
-5.8561
-5.84772
-5.83961
-5.83411
-5.83249
-5.83284
-5.72558
-5.73399
-5.73735
-5.73042
-5.70946
-5.71494
-6.35116
-6.36856
-6.16258
-5.99128
-5.93729
-5.92681
-5.92861
-5.92989
-5.92858
-5.92686
-5.92695
-5.92987
-5.9336
466.682
465.723
468.101
478.201
500.239
523.806
547.552
572.96
599.05
624.857
649.933
674.222
697.848
720.936
742.527
759.718
765.919
790.646
792.367
794.973
794.032
862.881
885.541
406.404
405.777
407.054
415.49
439.514
464.441
488.191
513.577
539.823
565.838
591.053
615.391
638.924
661.683
683.29
701.81
705.462
729.261
750.341
731.132
720.377
784.803
816.701
345.573
345.239
343.626
345.05
375.077
405.293
428.797
454.035
480.44
506.701
532.143
556.62
580.147
602.709
623.917
642.184
652.586
674.736
700.354
681.289
669.398
718.706
745.511
284.444
284.178
277.638
268.922
308.442
347.101
369.494
394.374
420.941
447.528
473.29
497.98
521.555
544.003
565.072
583.875
599.218
618.894
639.985
635.247
632.191
661.42
677.89
223.372
222.317
212.639
201.898
247.356
288.848
309.796
334.504
361.37
388.385
414.56
439.532
463.202
485.597
506.638
525.95
543.497
562.868
582.103
588.857
591.699
605.885
614.21
164.151
159.943
150.056
145.538
185.113
225.962
248.735
274.212
301.725
329.326
356.015
381.335
405.125
427.487
448.531
468.277
487.114
506.811
525.951
538.117
543.97
550.266
553.046
107.317
97.6698
86.6639
92.4516
119.852
157.902
186.102
213.412
242.009
270.394
297.716
323.444
347.355
369.663
390.663
410.692
430.356
450.734
470.758
486.035
493.597
495.072
492.193
49.1159
38.7273
29.6208
38.4092
57.7844
92.4255
123.019
152.234
182.279
211.608
239.709
265.927
289.935
312.119
332.964
353.092
373.293
394.546
416.137
434.168
443.156
440.595
432.494
352.162
255.163
250.027
240.153
267.562
779.019
823.904
863.371
993.629
1243.21
1164.01
1088.31
798.508
695.284
697.387
757.706
1041.75
1583.32
1802.78
257.995
234.562
233.955
234.403
239.293
640.487
718.48
764.231
881.653
1305.34
1137.66
700.597
629.837
630.533
632.29
646.185
719.022
1354.06
1819.97
245.297
234.01
233.909
234.26
230.779
488.841
609.45
655.418
672.186
1246.31
834.927
627.786
628.306
629.412
629.476
639.128
651.192
907.334
1852.71
232.655
234.142
233.932
232.563
204.886
346.985
486.107
560.195
283.407
954.019
637.83
624.788
627.571
629.129
628.585
636.712
646.318
687.448
1767.39
234.259
234.227
233.812
198.367
144.595
153.052
293.089
531.511
-70.7582
666.865
616.718
623.41
626.969
628.853
677.815
623.563
558.333
774.017
1619.93
227.837
234.04
204.937
142.397
71.8523
43.24
51.8743
582.702
3.774
553.5
609.478
621.791
622.581
649.456
990.371
579.65
343.191
908.674
1442
228.665
219.046
158.42
82.4419
43.3524
42.1617
42.508
568.711
308.317
503.763
601.088
599.435
565.21
668.881
1255.35
439.758
309.317
586.368
1125.77
203.546
167.756
104.507
43.326
43.3381
42.1403
61.3727
481.578
389.902
474.644
556.32
477.285
394.451
463.692
967.376
320.222
276.434
502.805
867.181
5.27993
4.9205
4.61756
4.90268
4.80617
10.2594
21.3212
41.2707
72.3913
104.265
134.044
160.883
184.742
206.443
226.66
246.516
267.131
290.25
316.352
341.148
354.044
341.819
300.872
4.76304
4.54378
4.46166
4.56158
4.60225
4.61992
4.6527
4.61712
5.74808
11.569
26.0074
46.3624
67.0129
86.2873
104.145
121.917
141.725
166.072
200.191
238.481
264.775
241.108
122.677
4.37907
4.24774
4.19659
4.3549
4.4405
4.47608
4.49864
4.52997
4.57719
4.61657
4.66579
4.70639
4.82583
8.04474
13.0241
18.2104
25.1457
34.9311
78.408
141.226
195.573
155.832
31.1825
4.15716
4.13927
4.13917
4.23422
4.28818
4.31251
4.3371
4.36801
4.39735
4.42825
4.43375
4.47138
4.52803
4.66545
4.89635
5.12852
5.31609
5.2612
10.3617
21.8244
94.0662
93.5984
26.7319
4.04572
4.036
4.05289
4.09664
4.12426
4.14262
4.16223
4.18779
4.21789
4.25293
4.2943
4.35313
4.43552
4.56392
4.74677
4.94821
5.13893
5.32707
5.56871
4.84856
12.1984
24.7088
10.8172
3.87555
3.87929
3.89791
3.92388
3.94306
3.96013
3.97892
4.00212
4.03262
4.07017
4.11693
4.17995
4.26649
4.38495
4.5382
4.71059
4.88423
5.04832
5.24242
5.29162
6.26223
1.59488
11.8136
3.68353
3.69225
3.7108
3.72998
3.74764
3.76513
3.78444
3.80734
3.83608
3.87175
3.9164
3.97446
4.05126
4.15268
4.2817
4.43331
4.58571
4.72041
4.97895
5.31833
4.88819
11.6787
10.6434
3.47837
3.48655
3.50316
3.52173
3.54021
3.55898
3.57915
3.60176
3.62798
3.65883
3.69605
3.74258
3.80268
3.88216
3.98643
4.11649
4.2651
4.45002
4.69883
5.07209
4.18792
8.8023
9.75134
3.26575
3.27261
3.2869
3.30456
3.32358
3.34341
3.36419
3.38618
3.40947
3.43409
3.46084
3.49148
3.52912
3.57988
3.65228
3.7544
3.89523
4.11457
4.35256
4.60652
3.61747
7.51319
7.87537
3.04381
3.04959
3.06239
3.07939
3.09881
3.11952
3.1409
3.1625
3.18324
3.20162
3.21688
3.22907
3.23955
3.25351
3.28058
3.33259
3.42393
3.57893
3.70605
3.59905
2.6124
7.71758
7.3398
2.81174
2.81686
2.82899
2.84589
2.86596
2.88777
2.91036
2.93264
2.95228
2.96595
2.97074
2.96408
2.94431
2.91357
2.87803
2.8459
2.8408
2.88487
2.94444
2.85913
1.56551
10.97
8.97632
2.56868
2.57365
2.5858
2.60323
2.62443
2.64802
2.673
2.69773
2.71877
2.73112
2.72908
2.70625
2.65628
2.57577
2.46956
2.32119
2.17206
2.13263
2.13446
1.98368
1.74835
10.2416
8.89349
2.31392
2.31926
2.3319
2.35028
2.37309
2.39932
2.42806
2.45737
2.48326
2.49959
2.49762
2.46563
2.38919
2.25816
2.06736
1.82693
1.66871
1.63522
1.64256
1.6078
1.49716
2.84234
5.67834
2.04699
2.0532
2.06653
2.08594
2.11054
2.13987
2.17336
2.2092
2.24385
2.27093
2.27921
2.25123
2.15857
1.97549
1.68861
1.37988
1.19111
1.09037
1.14404
1.33547
1.5042
1.67866
0.773434
1.76786
1.77523
1.78913
1.80924
1.83524
1.86735
1.90551
1.94876
1.9951
2.0393
2.07009
2.06655
1.98485
1.76668
1.39258
0.92061
0.517489
0.264705
0.457904
1.07585
1.50524
1.43172
-0.0153903
1.47711
1.48544
1.4994
1.5194
1.54571
1.57914
1.62028
1.66942
1.72687
1.79031
1.85276
1.89899
1.88209
1.70113
1.19353
0.28422
-0.719445
-1.33615
-0.909997
0.549679
2.16305
-2.42848
-3.00007
1.17587
1.18435
1.19743
1.21603
1.24078
1.27288
1.31328
1.36333
1.42523
1.4999
1.58798
1.69401
1.81552
1.87601
1.3168
-0.422111
-3.70858
-5.90918
-3.26414
-2.23664
-3.30507
-2.95343
0.557858
0.865441
0.872952
0.883997
0.899556
0.920301
0.947378
0.981588
1.02417
1.07718
1.14084
1.21492
1.30856
1.44157
1.62183
-1.23314
-4.90775
-4.67307
-5.12124
-4.30732
-5.80753
-6.63673
-5.92305
-6.51486
0.547135
0.552885
0.560767
0.571549
0.585631
0.603636
0.625467
0.650895
0.678988
0.703236
0.705381
0.642489
0.351826
-0.362903
-3.93018
-7.03447
-6.19965
-5.76759
-5.03142
-6.21495
-6.49386
-6.99227
-6.88023
0.222919
0.2265
0.230295
0.234799
0.239874
0.245214
0.249316
0.249443
0.240248
0.207531
0.119048
-0.0853511
-0.618169
-1.09695
-4.36136
-6.10303
-7.25134
-7.25255
-6.83493
-7.08705
-7.21013
-7.73075
-7.67538
-0.104451
-0.103284
-0.104176
-0.106942
-0.112429
-0.122053
-0.138999
-0.168954
-0.222061
-0.320134
-0.508162
-0.870263
-1.74551
-3.14809
-5.78606
-6.63249
-7.04107
-7.28952
-7.25251
-7.21182
-7.35073
-7.73737
-7.65911
-0.432018
-0.433373
-0.43916
-0.449496
-0.465953
-0.491088
-0.529616
-0.59002
-0.687069
-0.850342
-1.14461
-1.73652
-3.11188
-6.57675
-9.19591
-7.32435
-6.8313
-7.06471
-7.31549
-7.3503
-7.44769
-7.48923
-7.23306
-0.757089
-0.760845
-0.771301
-0.788778
-0.815431
-0.854747
-0.91246
-0.998736
-1.13103
-1.3416
-1.69595
-2.33897
-3.61019
-6.18146
-8.45778
-7.8534
-7.01594
-6.90608
-7.06855
-7.12792
-7.08034
-6.93042
-6.69709
-1.07744
-1.08316
-1.09768
-1.12126
-1.15634
-1.20701
-1.27931
-1.38341
-1.53618
-1.76518
-2.11829
-2.67841
-3.57506
-4.94068
-6.2866
-6.65835
-6.51364
-6.48695
-6.52562
-6.52869
-6.47823
-6.39721
-6.2902
-1.39137
-1.39845
-1.4161
-1.44433
-1.48553
-1.54391
-1.62527
-1.73842
-1.89721
-2.12222
-2.44266
-2.89757
-3.52355
-4.30473
-5.06318
-5.53628
-5.74311
-5.86561
-5.95836
-6.014
-6.03051
-6.0178
-5.98292
-1.69741
-1.70529
-1.72508
-1.75637
-1.80129
-1.86372
-1.94884
-2.0637
-2.21834
-2.42652
-2.70471
-3.06904
-3.52591
-4.05026
-4.56264
-4.9642
-5.23403
-5.41826
-5.55009
-5.64068
-5.6969
-5.72655
-5.73642
-1.99451
-2.003
-2.02386
-2.0567
-2.10321
-2.16658
-2.25113
-2.36228
-2.50679
-2.69296
-2.92942
-3.2219
-3.5676
-3.94754
-4.32273
-4.64906
-4.90643
-5.10254
-5.25141
-5.36277
-5.4438
-5.5007
-5.53876
-2.2824
-2.2914
-2.31239
-2.3454
-2.39172
-2.45373
-2.53469
-2.63858
-2.76991
-2.9333
-3.1327
-3.36944
-3.63899
-3.92844
-4.21663
-4.48086
-4.70707
-4.89312
-5.04311
-5.16239
-5.25589
-5.32805
-5.38293
-2.56115
-2.57056
-2.59106
-2.62314
-2.66783
-2.72685
-2.8024
-2.89722
-3.01421
-3.1559
-3.32376
-3.51722
-3.73214
-3.95988
-4.18812
-4.40378
-4.59745
-4.76505
-4.90673
-5.02463
-5.12162
-5.20062
-5.26453
-2.8314
-2.84101
-2.86058
-2.89093
-2.93293
-2.98776
-3.0569
-3.14203
-3.24486
-3.3667
-3.5079
-3.66724
-3.84134
-4.02435
-4.20861
-4.38608
-4.5503
-4.69751
-4.82646
-4.93762
-5.03236
-5.11242
-5.17963
-3.09411
-3.10354
-3.12178
-3.14989
-3.18851
-3.23842
-3.30058
-3.37599
-3.46552
-3.56971
-3.68838
-3.82026
-3.96271
-4.11171
-4.26225
-4.40911
-4.54782
-4.67534
-4.79009
-4.89173
-4.98071
-5.05785
-5.12422
-3.35033
-3.35898
-3.37557
-3.40113
-3.43599
-3.48061
-3.53561
-3.60154
-3.6788
-3.76745
-3.86707
-3.9765
-4.09373
-4.21593
-4.33974
-4.46161
-4.57844
-4.68782
-4.78825
-4.87905
-4.96013
-5.03177
-5.09453
-3.60063
-3.60807
-3.62284
-3.64564
-3.67658
-3.71586
-3.76381
-3.82072
-3.88671
-3.96166
-4.04502
-4.1358
-4.23246
-4.33299
-4.43503
-4.53614
-4.63408
-4.72703
-4.81368
-4.89323
-4.96534
-5.03001
-5.08745
-3.84512
-3.85144
-3.86436
-3.88435
-3.91134
-3.94536
-3.98657
-4.03506
-4.09081
-4.1536
-4.2229
-4.29791
-4.37743
-4.45998
-4.5439
-4.62745
-4.70901
-4.78719
-4.86091
-4.92941
-4.99226
-5.04928
-5.10045
-4.08391
-4.08963
-4.10086
-4.11808
-4.14118
-4.17013
-4.20496
-4.24568
-4.29216
-4.34415
-4.4012
-4.46265
-4.52759
-4.59493
-4.66347
-4.73195
-4.7992
-4.86415
-4.92594
-4.98394
-5.03768
-5.08686
-5.13132
-4.31748
-4.32322
-4.33296
-4.34755
-4.36693
-4.39105
-4.41991
-4.45345
-4.49153
-4.53391
-4.5802
-4.62987
-4.68223
-4.73648
-4.79176
-4.84715
-4.90179
-4.9549
-5.0058
-5.05396
-5.09897
-5.14048
-5.17819
-4.54686
-4.55279
-4.5613
-4.57344
-4.58931
-4.60891
-4.63221
-4.65915
-4.68962
-4.72339
-4.76014
-4.79946
-4.84083
-4.88367
-4.92737
-4.97125
-5.01471
-5.05716
-5.09813
-5.13718
-5.17397
-5.20822
-5.23949
-4.77343
-4.77919
-4.7866
-4.79645
-4.80904
-4.8244
-4.84256
-4.86345
-4.88699
-4.91301
-4.94124
-4.97138
-5.00304
-5.03582
-5.06927
-5.10294
-5.13638
-5.1692
-5.20108
-5.23173
-5.26093
-5.28836
-5.31362
-4.99847
-5.00357
-5.00972
-5.01732
-5.02679
-5.0382
-5.05159
-5.06694
-5.08417
-5.10316
-5.12372
-5.14563
-5.16863
-5.19243
-5.21673
-5.24123
-5.26563
-5.28968
-5.3132
-5.33603
-5.35807
-5.37917
-5.39897
-5.22291
-5.22693
-5.23149
-5.23681
-5.24327
-5.25096
-5.25992
-5.27015
-5.28159
-5.29418
-5.30777
-5.32225
-5.33743
-5.35315
-5.3692
-5.3854
-5.40157
-5.41756
-5.43328
-5.44872
-5.46395
-5.47907
-5.49394
-5.44728
-5.44996
-5.45263
-5.45559
-5.45912
-5.46328
-5.46809
-5.47356
-5.47968
-5.48638
-5.49361
-5.50131
-5.50937
-5.51772
-5.52626
-5.53487
-5.54347
-5.55201
-5.56044
-5.56883
-5.57737
-5.58657
-5.59678
-5.67309
-5.67318
-5.67378
-5.67437
-5.67507
-5.67588
-5.6768
-5.67783
-5.67897
-5.68022
-5.68156
-5.68298
-5.68447
-5.68601
-5.68759
-5.68918
-5.69079
-5.69241
-5.69405
-5.69574
-5.69757
-5.70022
-5.70557
270.544
243.511
218.431
190.208
60.3444
40.1864
50.4841
46.6969
30.9972
31.5979
33.0282
34.1351
25.6771
25.8662
25.8001
25.6372
16.9963
18.6419
19.5146
20.3251
13.0301
13.7394
14.3723
15.0404
10.744
10.7699
10.7018
10.0726
9.39392
9.14983
8.85119
8.15025
7.61318
7.33159
6.87586
6.12435
7.03826
6.18066
4.98679
3.10023
10.1021
4.6897
3.38642
1.39535
2.23594
0.655751
1.41128
0.958191
3.0284
0.36613
-0.268747
1.99345
1.35391
1.56593
1.70522
-0.235487
2.63274
3.42972
2.94426
1.03787
-0.17897
2.06613
1.59019
0.474467
-4.10641
-2.73103
-4.15145
-6.13415
-5.68446
-5.85356
-5.59072
-5.71939
-6.53094
-6.2565
-6.03602
-5.93964
-7.24326
-6.87855
-6.56169
-6.3384
-7.27918
-6.97106
-6.69732
-6.48926
-6.93166
-6.72789
-6.55363
-6.4158
-6.53909
-6.43167
-6.33676
-6.2553
-6.21983
-6.16578
-6.11529
-6.06931
-5.95479
-5.932
-5.90898
-5.8868
-5.73481
-5.73167
-5.72685
-5.72114
-5.55374
-5.56328
-5.57077
-5.57665
-5.40834
-5.42605
-5.44157
-5.4552
-5.29612
-5.31867
-5.33897
-5.35728
-5.21409
-5.23894
-5.26163
-5.2824
-5.15902
-5.18432
-5.20772
-5.22936
-5.12796
-5.15245
-5.17532
-5.19664
-5.11845
-5.14126
-5.1627
-5.1828
-5.12831
-5.14887
-5.16825
-5.18651
-5.15563
-5.17358
-5.19052
-5.2065
-5.19883
-5.21404
-5.22834
-5.24176
-5.25658
-5.26909
-5.28075
-5.29154
-5.32743
-5.33749
-5.34677
-5.35518
-5.40995
-5.41793
-5.42526
-5.43179
-5.50249
-5.50883
-5.51471
-5.51995
-5.60323
-5.60826
-5.61311
-5.61763
-5.70997
-5.71381
-5.71791
-5.7221
128.601
64.614
42.735
42.7388
43.1292
42.4923
110.087
411.005
383.216
417.582
383.727
211.94
198.251
237.863
304.037
266.41
260.51
186.432
353.564
42.0261
42.145
41.9556
42.381
42.9499
43.3882
250.815
415.526
368.385
280.492
230.051
217.493
214.808
221.221
217.042
208.684
179.935
125.058
187.607
37.8382
25.765
22.5301
24.4387
46.3204
137.325
421.549
556.379
321.556
213.137
213.978
211.315
212.211
215.478
211.093
143.176
171.536
205.029
214.567
27.2184
61.0784
19.7453
81.4646
243.418
467.83
529.749
403.701
211.342
208.628
211.134
210.762
210.902
209.255
198.135
183.552
206.401
212.035
214.284
20.6953
82.0985
73.0527
142.7
214.844
308.812
223.019
206.426
206.995
209.054
211.861
211.769
211.118
211.584
209.072
206.907
210.413
211.578
211.716
12.3192
20.6846
17.5785
123.282
185.937
194.932
202.993
205.652
207.836
210.336
212.304
212.047
211.486
211.54
216.022
212.785
212.477
211.99
212.089
6.25415
-41.0946
-106.716
143.433
194.008
195.668
205.51
207.605
209.52
211.184
212.165
212.161
210.699
210.055
204.11
212.029
212.221
206.582
200.778
4.93948
-39.9339
-80.4058
43.3532
177.668
195.808
207.399
208.117
209.813
211.333
209.908
191.973
176.639
165.431
167.18
173.32
176.697
178.041
159.51
3.13612
-5.50788
-4.20941
23.2909
44.213
137.409
197.91
202.032
199.133
184.031
162.005
132.875
107.264
96.6948
89.9838
79.9627
19.6032
85.281
55.2197
-1.25213
-23.0228
-2.26081
-4.47703
-6.45096
2.69711
62.2482
106.781
128.655
105.533
80.8545
48.6333
22.6152
23.8853
54.8521
13.923
1.05982
1.82726
-4.04332
-6.51005
-7.26085
-4.05577
-5.46279
-6.23519
-5.6882
-4.72694
-3.33254
-1.73402
7.74514
3.68346
2.772
0.875825
-2.08991
5.20243
4.77165
0.1833
2.17945
-0.534668
-4.27102
-6.76287
-4.33406
-6.33733
-6.97024
-6.16608
-4.84436
-4.08256
-3.19536
-1.35544
-2.06582
-3.60946
-3.42447
-2.78373
-2.156
-0.99646
-1.5631
-1.78331
-12.5798
1.9441
-5.56033
-8.34483
-6.74634
-6.80753
-6.07673
-5.16106
-4.51872
-3.40087
-1.30311
-1.92488
-3.46099
-3.57728
-3.21943
-3.15713
-3.50808
-3.43487
-3.34918
4.22625
-2.79766
-8.14601
-5.88372
-6.55582
-6.08193
-6.12747
-5.82897
-5.15646
-3.72716
-1.97257
-2.39645
-3.27117
-3.56468
-3.51319
-3.3582
-3.22788
-3.16633
-3.40319
-0.138107
-5.63002
-5.73643
-7.02525
-6.94947
-6.66961
-6.50058
-6.4054
-5.72471
-4.13336
-3.17627
-3.16467
-4.10432
-4.10936
-3.83915
-3.62252
-3.39485
-3.28795
-3.36432
-2.16478
-4.99039
-6.81956
-7.13372
-7.66902
-8.60641
-7.1422
-6.20253
-5.03798
-3.87595
-3.31455
-3.36628
-4.00471
-4.05934
-3.98933
-3.85769
-3.64876
-3.51557
-3.53916
-3.35074
-6.28998
-6.63346
-7.05409
-7.84181
-9.84218
-7.25576
-6.51196
-5.28806
-4.38304
-3.60839
-3.52834
-3.95153
-4.04939
-4.06656
-4.02457
-3.86621
-3.73507
-3.66631
-3.55884
-5.95579
-6.2958
-6.58556
-7.10839
-7.65401
-6.93231
-6.2785
-5.61427
-5.05964
-4.4732
-4.16111
-4.29312
-4.16247
-4.12066
-4.12099
-4.04405
-3.90315
-3.73927
-3.62832
-5.96784
-6.18422
-6.4091
-6.64888
-6.79431
-6.52436
-6.03916
-5.72189
-5.52969
-5.28312
-4.9481
-4.56944
-4.24686
-4.18127
-4.22519
-4.23588
-4.10691
-3.74256
-3.70988
-6.15732
-6.20102
-6.29964
-6.38217
-6.38533
-6.22595
-5.93195
-5.68313
-5.54514
-5.3928
-5.3937
-4.43092
-4.17891
-4.20686
-4.29314
-4.36786
-4.31695
-3.75859
-3.51846
-6.259
-6.1946
-6.19807
-6.2006
-6.15827
-6.04117
-5.86034
-5.66139
-5.52201
-5.36488
-5.06301
-4.12787
-4.01311
-4.17199
-4.21965
-4.24964
-4.14471
-3.54466
-3.14997
-6.22733
-6.13407
-6.09341
-6.0593
-6.00261
-5.90899
-5.78607
-5.64961
-5.52088
-5.32372
-5.03449
-4.58011
-4.2658
-4.1833
-4.11338
-3.97244
-3.72767
-3.34442
-2.89011
-6.12518
-6.03822
-5.98482
-5.93828
-5.88132
-5.80593
-5.7166
-5.62864
-5.50848
-5.3161
-5.08834
-4.93314
-4.67246
-4.31111
-4.09814
-3.82379
-3.63596
-3.36748
-2.97323
-5.98899
-5.92353
-5.87545
-5.83113
-5.78068
-5.71861
-5.64533
-5.55049
-5.43838
-5.28558
-5.14713
-4.99695
-4.84997
-4.57983
-4.15514
-3.77619
-3.44804
-3.38933
-3.28618
-5.84475
-5.80472
-5.77053
-5.73606
-5.69586
-5.64605
-5.58379
-5.50076
-5.40001
-5.29481
-5.19338
-5.09882
-5.06992
-4.90146
-4.21215
-3.71819
-3.61254
-3.44288
-3.29619
-5.70763
-5.69112
-5.6733
-5.65165
-5.62367
-5.58708
-5.53999
-5.48013
-5.40698
-5.32749
-5.23262
-5.16174
-5.17105
-5.22316
-4.36364
-3.76576
-3.70933
-3.55033
-3.44142
-5.58421
-5.58731
-5.58503
-5.57662
-5.5615
-5.53905
-5.50867
-5.47071
-5.42782
-5.36159
-5.24191
-5.14687
-5.08893
-5.08959
-4.36574
-3.40589
-3.8987
-3.88314
-3.77953
-5.47746
-5.49557
-5.50649
-5.51035
-5.50759
-5.49872
-5.48437
-5.46568
-5.43999
-5.38285
-5.24399
-5.06731
-4.96025
-4.85719
-4.40917
-3.13824
-4.21894
-4.15841
-4.02037
-5.38896
-5.41753
-5.43862
-5.45283
-5.46102
-5.46427
-5.46431
-5.45992
-5.45224
-5.42377
-5.30939
-5.13092
-5.02994
-5.04643
-4.78336
-4.5159
-4.48731
-4.43928
-4.22783
-5.31939
-5.35442
-5.38249
-5.40458
-5.42176
-5.43555
-5.44869
-5.46086
-5.48541
-5.52055
-5.49291
-5.34794
-5.19428
-5.36339
-5.42023
-5.15616
-4.86072
-4.74899
-4.5267
-5.26855
-5.30685
-5.33907
-5.36653
-5.39062
-5.41298
-5.43678
-5.46901
-5.5415
-5.67819
-5.80994
-5.73737
-5.46491
-5.37828
-6.49952
-6.03397
-4.94627
-4.82028
-4.22336
-5.23571
-5.27487
-5.30893
-5.33954
-5.36856
-5.39702
-5.42821
-5.47816
-5.5935
-5.83256
-6.13894
-6.14997
-5.80644
-5.415
-5.99876
-6.15921
-4.91252
-4.86887
-4.35176
-5.22005
-5.2582
-5.29233
-5.32439
-5.35789
-5.39037
-5.42406
-5.47023
-5.57457
-5.83156
-6.34631
-6.63246
-6.07502
-5.21523
-4.96226
-5.34329
-4.94038
-4.91989
-4.38728
-5.22066
-5.25638
-5.2893
-5.32209
-5.35898
-5.39508
-5.426
-5.44256
-5.47122
-5.64401
-6.16405
-6.65463
-5.87235
-4.43854
-4.44584
-5.06611
-5.01522
-4.98767
-4.14944
-5.23649
-5.26823
-5.29845
-5.33038
-5.36762
-5.41089
-5.45179
-5.44836
-5.42059
-5.50527
-5.77074
-6.04501
-5.43937
-4.0069
-4.26924
-5.1149
-5.13402
-5.13959
-5.14672
-5.26663
-5.29232
-5.31684
-5.34288
-5.38054
-5.44301
-5.52227
-5.52367
-5.50262
-5.578
-5.80465
-6.08107
-5.81913
-5.00103
-5.22061
-5.2793
-5.26895
-5.27057
-5.01064
-5.31089
-5.32937
-5.3458
-5.36392
-5.40111
-5.48833
-5.59622
-5.59933
-5.58464
-5.65189
-5.83275
-5.99541
-5.629
-5.54388
-5.45082
-5.41652
-5.40336
-5.39844
-5.21465
-5.36955
-5.38112
-5.3882
-5.39481
-5.4216
-5.52162
-5.61366
-5.60823
-5.59043
-5.64599
-5.78249
-5.82295
-5.70017
-5.62238
-5.56674
-5.53434
-5.52422
-5.55685
-5.60225
-5.44227
-5.44813
-5.44596
-5.43658
-5.43688
-5.51606
-5.59035
-5.58732
-5.55439
-5.61846
-5.7331
-5.7712
-5.73895
-5.69946
-5.66516
-5.64149
-5.62986
-5.63131
-5.63887
-5.52806
-5.5307
-5.52248
-5.5001
-5.47032
-5.48636
-5.61437
-5.64418
-5.58776
-5.68239
-5.76242
-5.79576
-5.79207
-5.77424
-5.75546
-5.74027
-5.73252
-5.73113
-5.73411
-5.62504
-5.6279
-5.61967
-5.59281
-5.54904
-5.53536
-5.85675
-5.88516
-5.80143
-5.81636
-5.84157
-5.85723
-5.85884
-5.85217
-5.84338
-5.83563
-5.83208
-5.83167
-5.83283
-5.73015
-5.7366
-5.73556
-5.72152
-5.69763
-5.68857
-6.5804
-6.33197
-6.05988
-5.95537
-5.92928
-5.92742
-5.92961
-5.92952
-5.92759
-5.92645
-5.92772
-5.93099
-5.93201
)
;

boundaryField
{
    leftWall
    {
        type            calculated;
        value           nonuniform List<scalar> 
100
(
497.277
438.124
377.577
316.651
256.125
196.787
138.385
79.7639
21.1948
5.04118
4.63063
4.33168
4.14224
3.9476
3.77328
3.57861
3.37165
3.15516
2.92864
2.69142
2.44272
2.18189
1.90865
1.62326
1.32669
1.02039
0.705866
0.384701
0.0590816
-0.268183
-0.5943
-0.916714
-1.2332
-1.54205
-1.84298
-2.13524
-2.41874
-2.69374
-2.96065
-3.22006
-3.47276
-3.71959
-3.96126
-4.1983
-4.43112
-4.6603
-4.88679
-5.11183
-5.33632
-5.56056
467.942
407.951
347.112
286.286
226.304
167.518
109.144
50.2815
6.31424
4.82899
4.45886
4.23419
4.04319
3.86074
3.6785
3.47624
3.26464
3.04319
2.81142
2.56855
2.31385
2.04681
1.76743
1.47628
1.17465
0.864057
0.545987
0.222273
-0.104532
-0.431561
-0.756118
-1.07584
-1.38858
-1.69357
-1.99021
-2.27808
-2.55728
-2.82817
-3.09125
-3.3472
-3.59686
-3.84103
-4.08033
-4.31521
-4.54612
-4.77381
-4.99942
-5.22412
-5.44858
-5.67392
)
;
    }
    rightWall
    {
        type            calculated;
        value           nonuniform List<scalar> 
100
(
1802.78
1819.97
1852.71
1767.39
1619.93
1442
1125.77
867.181
353.564
187.607
214.567
214.284
211.716
212.089
200.778
159.51
55.2197
-4.04332
-0.534668
-12.5798
4.22625
-0.138107
-2.16478
-3.35074
-3.55884
-3.62832
-3.70988
-3.51846
-3.14997
-2.89011
-2.97323
-3.28618
-3.29619
-3.44142
-3.77953
-4.02037
-4.22783
-4.5267
-4.22336
-4.35176
-4.38728
-4.14944
-5.14672
-5.01064
-5.21465
-5.60225
-5.63887
-5.73411
-5.83283
-5.93201
1821.54
1808.47
1840.88
1827.41
1692.77
1544.03
1283.01
984.42
674.311
174.03
201.31
216.626
212.303
211.639
210.255
181.87
119.054
1.7779
8.46518
-27.9721
23.5523
1.29236
-0.772746
-3.09273
-3.46414
-3.60131
-3.66552
-3.69493
-3.24575
-3.01848
-2.89241
-3.34719
-3.22948
-3.42822
-3.5739
-3.93094
-4.02591
-4.24539
-4.18482
-4.26735
-4.4216
-4.16043
-5.03425
-5.0568
-5.0862
-5.33708
-5.61141
-5.68498
-5.783
-5.88296
)
;
    }
    lowerWall
    {
        type            calculated;
        value           nonuniform List<scalar> 
124
(
511.031
510.162
512.673
523.07
544.701
568.078
591.816
617.201
643.246
669.012
694.067
718.346
741.918
764.837
786.475
800.01
810.82
837.24
836.932
841.461
850.44
913.911
931.711
885.541
816.701
745.511
677.89
614.21
553.046
492.193
432.494
384.745
353.563
321.101
278.737
413.789
374.448
326.459
291.884
263.267
238.92
234.751
233.914
396.069
304.28
294.808
295.688
330.276
843.466
879.15
915.507
1046.01
1272.49
1215.79
1170.87
914.237
754.474
746.684
811.881
1125.2
1643.9
1834.94
511.992
510.299
510.862
516.435
532.947
556.515
579.738
604.345
630.215
656.2
681.639
706.3
730.215
753.471
775.875
795.241
804.372
822.924
843.338
833.361
845.218
875.313
935.143
400.42
368.643
338.09
301.753
427.536
340.35
286.481
304.314
280.274
568.584
892.412
881.489
972.411
1151.08
1330.86
1179.66
1058.67
809.465
739.037
768.166
916.044
1412.71
1753.51
916.996
851.921
780.899
711.13
645.637
583.481
522.52
462.559
393.571
349.986
307.127
277.366
250.467
236.406
234.751
218.504
)
;
    }
    atmosphere
    {
        type            calculated;
        value           nonuniform List<scalar> 
92
(
-5.72904
-5.72904
-5.72904
-5.72904
-5.72904
-5.72904
-5.72904
-5.72904
-5.72904
-5.72904
-5.72904
-5.72904
-5.72904
-5.72904
-5.72904
-5.72904
-5.72904
-5.72904
-5.72904
-5.72904
-5.72904
-5.72967
-5.73358
-5.73736
-5.74087
-5.74475
-5.74887
-5.75725
-5.76521
-5.76741
-5.75848
-5.7372
-5.88437
-6.98981
-6.32789
-6.13177
-5.98282
-5.94459
-5.94103
-5.94443
-5.946
-5.94572
-5.94608
-5.94884
-5.95402
-5.95502
-5.72904
-5.72904
-5.72904
-5.72904
-5.72904
-5.72904
-5.72904
-5.72904
-5.72904
-5.72904
-5.72904
-5.72904
-5.72904
-5.72904
-5.72904
-5.72904
-5.72904
-5.72904
-5.72904
-5.72904
-5.72904
-5.72904
-5.73123
-5.73578
-5.73906
-5.74277
-5.74679
-5.75239
-5.76167
-5.76731
-5.76468
-5.74868
-5.7292
-7.16523
-5.91205
-6.25864
-6.03375
-5.95672
-5.94045
-5.94272
-5.94552
-5.94589
-5.94574
-5.94746
-5.95242
-5.95856
)
;
    }
    defaultFaces
    {
        type            empty;
    }
}


// ************************************************************************* //
