/*--------------------------------*- C++ -*----------------------------------*\
| =========                 |                                                 |
| \\      /  F ield         | OpenFOAM: The Open Source CFD Toolbox           |
|  \\    /   O peration     | Version:  v1912                                 |
|   \\  /    A nd           | Website:  www.openfoam.com                      |
|    \\/     M anipulation  |                                                 |
\*---------------------------------------------------------------------------*/
FoamFile
{
    version     2.0;
    format      ascii;
    class       volScalarField;
    location    "0.7";
    object      p_rgh;
}
// * * * * * * * * * * * * * * * * * * * * * * * * * * * * * * * * * * * * * //

dimensions      [1 -1 -2 0 0 0 0];


internalField   nonuniform List<scalar> 
9072
(
512.086
510.299
510.862
516.435
532.947
556.515
579.738
604.345
630.215
656.2
681.639
706.3
730.215
753.471
775.875
795.241
804.372
822.924
843.338
833.361
845.218
875.313
935.143
510.954
509.426
510.033
514.517
531.159
556.021
579.392
603.99
629.928
656.066
681.615
706.322
730.242
753.477
775.926
796.841
803.088
817.099
842.607
841.223
819.682
849.877
921.414
508.974
507.978
508.15
508.945
525.019
554.897
578.896
603.378
629.38
655.724
681.486
706.34
730.295
753.392
775.478
795.908
808.362
818.628
850.153
856.665
797.85
831.861
904.137
507.006
506.063
505.21
497.324
510.346
553.043
578.703
602.695
628.681
655.271
681.324
706.412
730.471
753.501
775.379
795.522
811.319
826.435
851.557
860.947
809.956
860.252
895.264
505.883
503.549
501.323
485.731
498.551
552.964
578.877
601.877
627.864
654.772
681.208
706.616
730.837
753.857
775.628
795.816
813.445
830.705
851.865
864.571
859.48
872.423
891.481
505.956
500.798
497.309
481.461
497.996
551.367
577.828
600.512
626.877
654.275
681.202
707.013
731.446
754.489
776.207
796.539
815.283
833.847
853.91
869.447
874.659
881.799
890.283
506.441
499.324
493.242
481.603
495.561
537.762
573.225
598.256
625.643
653.813
681.361
707.663
732.342
755.412
777.075
797.523
816.992
836.512
856.729
874.045
883.925
888.711
890.251
490.618
499.428
480.623
409.862
435.547
532.073
566.845
595.319
624.171
653.439
681.742
708.637
733.571
756.643
778.189
798.648
818.555
838.865
859.955
879.29
892.089
895.528
890.769
434.809
340.35
286.481
304.314
280.274
568.584
892.412
881.489
972.411
1151.08
1330.86
1179.66
1058.67
809.465
739.037
768.166
916.044
1412.71
1753.51
445.581
251.654
249.101
238.485
235.526
435.84
850.295
855.393
940.868
1156.25
1381.39
1114.41
822.368
703.126
707.637
736.21
845.041
1258.51
1755.66
456.515
238.715
234.047
234.179
234.993
429.52
781.885
817.938
866.005
1120.74
1457.34
819.762
628.882
629.504
629.804
632.563
648.178
777.415
1814.47
481.077
239.18
234.143
234.185
314.764
470.924
696.367
785.472
717.928
943.871
1262.7
630.31
627.191
629.241
629.401
631.449
649.498
659.114
1545.67
418.255
234.552
234.43
250.898
442.794
449.294
575.382
796.937
478.624
648.717
915.279
622.396
626.32
629.012
630.284
803.952
822.03
664.734
1199.86
287.739
235.096
242.895
510.122
444.448
378.862
167.977
885.457
405.861
535.007
681.576
620.244
625.659
660.731
981.025
1115.89
724.345
833.92
1613.81
245.04
234.838
574.362
515.864
441.38
43.9941
41.4989
910.384
618.408
715.165
583.09
617.019
839.527
954.724
1238.26
1023.95
344.635
427.69
1957.1
597.591
635.883
588.572
519.829
62.7409
43.7318
42.8509
866.919
731.559
430.686
558.154
962.845
936.934
906.113
1002.71
1054.19
291.658
353.759
1884.86
25.7483
203.404
152.194
113.043
173.309
422.838
544.405
590.736
622.05
653.284
682.567
710.356
735.604
758.634
779.919
800.172
820.308
841.438
864.245
886.8
903.14
905.503
890.739
5.53203
5.46487
5.23218
5.25169
5.33194
5.31592
5.29519
47.1794
223.325
505.668
657.899
715.861
741.148
763.306
783.324
802.276
821.931
843.724
870.614
902.237
928.586
931.555
885.552
5.2782
5.27002
5.06519
5.13425
5.25238
5.28331
5.32815
5.35419
5.39236
5.42348
7.30567
102.766
315.929
522.2
665.722
755.921
818.658
839.995
871.291
916.607
964.554
981.998
642.554
5.17519
5.27267
5.01344
5.09395
5.21674
5.2576
5.28482
5.35241
5.34897
5.36924
5.40339
5.44305
5.48549
5.52825
5.6984
6.06413
6.17225
47.2398
200.951
716.564
993.559
785.593
92.94
5.10932
5.13954
5.10421
5.14097
5.19754
5.22212
5.24231
5.26656
5.29553
5.32803
5.3608
5.40768
5.46797
5.56682
5.71798
5.92196
6.10813
6.30769
6.68211
5.63943
325.269
249.866
216.296
5.05148
5.09189
5.09823
5.1247
5.15405
5.17258
5.19023
5.21112
5.23873
5.27255
5.31362
5.36519
5.43777
5.53991
5.68435
5.85737
6.04552
6.22651
6.38837
6.463
7.37064
99.1913
171.755
4.99444
5.03898
5.0512
5.07252
5.09176
5.10882
5.12654
5.14721
5.17348
5.20673
5.24825
5.30137
5.37279
5.46833
5.59432
5.74835
5.91782
6.0573
6.78432
6.69871
7.53657
129.172
25.4802
4.91736
4.9633
4.97734
4.99632
5.0148
5.0327
5.05146
5.07254
5.09752
5.12791
5.16505
5.21173
5.27223
5.35186
5.45597
5.58573
5.73332
5.87903
6.68293
6.70683
7.78867
142.755
12.4375
4.83096
4.87947
4.8916
4.9087
4.92723
4.94624
4.96607
4.9874
5.01088
5.03708
5.06686
5.10212
5.14579
5.20269
5.27967
5.38308
5.51575
5.68934
5.94866
6.2602
9.2236
122.162
10.8849
4.7347
4.78699
4.79734
4.81295
4.83134
4.85114
4.87181
4.89322
4.91512
4.93682
4.95797
4.97911
5.00174
5.02973
5.07099
5.13586
5.23527
5.38901
5.62173
5.85573
52.7316
96.3312
9.5691
4.62813
4.68493
4.69417
4.70897
4.72743
4.748
4.76962
4.79157
4.8127
4.83082
4.84372
4.85003
4.84896
4.84218
4.83615
4.84064
4.86861
4.9426
5.06714
5.14332
19.0365
130.206
10.2171
4.51046
4.5725
4.58128
4.59601
4.61503
4.63676
4.65998
4.68366
4.70575
4.72251
4.72963
4.72288
4.69799
4.65259
4.58848
4.51207
4.58613
4.57242
4.53487
4.57295
6.99435
150.078
16.1209
4.38095
4.44896
4.45784
4.47309
4.49317
4.51668
4.54258
4.56964
4.59511
4.61419
4.62044
4.6058
4.56074
4.47597
4.35855
4.53224
4.32329
3.87306
3.87321
3.89996
4.18208
133.24
183.692
4.23911
4.31374
4.32313
4.33918
4.36061
4.38642
4.41596
4.44803
4.47973
4.50604
4.51883
4.50578
4.44954
4.32792
4.37232
4.24477
3.63839
3.5434
3.52236
3.57901
3.77689
16.9088
201.421
4.08492
4.16654
4.17664
4.19344
4.2161
4.24421
4.27767
4.31568
4.35609
4.39478
4.42316
4.42601
4.37654
4.23072
4.02696
3.61491
3.25068
3.03979
2.98143
3.28963
3.66139
4.32515
93.1124
3.91897
4.00739
4.01812
4.03523
4.05847
4.08807
4.12459
4.16793
4.21759
4.27158
4.32326
4.35907
4.34772
4.2237
3.90774
3.38585
2.62814
2.23462
1.90457
2.86033
3.62932
3.9789
5.60809
3.74253
3.83681
3.84764
3.86419
3.88674
3.91609
3.95328
3.99902
4.05459
4.12081
4.19562
4.27491
4.34295
4.34459
4.01623
3.49313
46.9286
45.6238
-0.740039
1.54775
30.6444
211.544
212.907
3.55713
3.65579
3.66579
3.68051
3.70058
3.72701
3.76099
3.80351
3.85668
3.92272
4.00268
4.10345
4.24967
4.56636
13.8358
63.9662
60.4664
43.4239
-1.14599
1.94466
13.787
1.29289
17.9518
3.36426
3.46574
3.47385
3.48532
3.50078
3.52107
3.54695
3.57878
3.6176
3.66305
3.70966
3.746
3.74392
3.72312
16.4911
61.2273
59.8182
-1.24617
-0.0506706
3.03052
9.84868
-3.57671
-2.35358
3.16574
3.26858
3.27389
3.28077
3.28956
3.30052
3.31347
3.32725
3.34003
3.34598
3.3281
3.24788
2.9997
2.44696
1.74802
31.5088
0.0151021
-3.3172
11.3061
11.0811
2.39937
-4.23301
-4.6686
2.96412
3.06677
3.0687
3.06997
3.07047
3.06963
3.06598
3.05626
3.03501
2.99056
2.89659
2.70181
2.27031
1.76604
23.9547
18.9788
-3.89117
-4.21103
10.6057
-4.08202
-4.13814
-4.38356
-4.73766
2.76229
2.86323
2.8615
2.85661
2.84803
2.83415
2.81218
2.77667
2.71827
2.61925
2.44178
2.1042
1.39322
5.98017
21.5926
20.8241
-3.45506
-3.80282
-4.12769
-4.17554
-4.21669
-4.40473
-4.50232
2.56292
2.66084
2.65547
2.64448
2.62693
2.60029
2.56063
2.50077
2.40827
2.26039
2.01132
1.55597
0.618974
-1.33337
11.1604
18.5857
-1.14995
-3.35747
-3.74895
-3.98872
-4.05606
-4.04541
-3.85757
2.3684
2.46224
2.45359
2.43705
2.41153
2.37383
2.31924
2.23993
2.12232
1.94347
1.66193
1.19652
0.38756
-1.09562
-3.15429
-4.14025
-3.68279
-3.38973
-3.41874
-3.47461
-3.43359
-3.32898
-3.17975
2.18085
2.26956
2.25822
2.23713
2.2053
2.15918
2.09383
2.00176
1.87066
1.68111
1.40295
0.988725
0.371303
-0.507799
-1.55812
-2.32469
-2.55758
-2.61544
-2.681
-2.73189
-2.73986
-2.7114
-2.65654
2.00106
2.08422
2.07105
2.04669
2.01047
1.95897
1.88742
1.7893
1.65485
1.46963
1.21401
0.86374
0.394678
-0.196078
-0.841763
-1.38321
-1.71981
-1.91735
-2.05417
-2.1493
-2.20519
-2.22874
-2.22813
1.82961
1.90772
1.89318
1.86688
1.82814
1.77407
1.70047
1.60192
1.47129
1.29899
1.07327
0.782609
0.420703
-0.0033446
-0.450947
-0.856374
-1.1711
-1.3988
-1.5653
-1.68694
-1.77252
-1.82936
-1.86402
1.66694
1.74035
1.72505
1.69804
1.65849
1.60412
1.53167
1.43686
1.31458
1.15895
0.963618
0.723628
0.43891
0.118967
-0.2138
-0.527499
-0.796293
-1.01308
-1.18393
-1.31697
-1.41895
-1.49554
-1.55169
1.51294
1.58208
1.56664
1.53989
1.50094
1.44805
1.37889
1.29038
1.17898
1.0411
0.873656
0.675078
0.447219
0.197478
-0.0605439
-0.309549
-0.534531
-0.728082
-0.889703
-1.02229
-1.12963
-1.21548
-1.28338
1.36724
1.43254
1.41743
1.3917
1.35448
1.30443
1.23993
1.159
1.05936
0.938869
0.796143
0.63116
0.446203
0.246698
0.0411749
-0.160081
-0.347785
-0.515997
-0.66248
-0.787578
-0.892974
-0.980988
-1.05384
1.22936
1.29117
1.27672
1.25255
1.21782
1.17155
1.11264
1.03983
0.951822
0.847491
0.726324
0.588889
0.437277
0.275449
0.108977
-0.0556455
-0.212366
-0.356757
-0.486399
-0.600611
-0.699911
-0.785332
-0.85825
1.0986
1.15723
1.1437
1.12145
1.08967
1.04774
0.994899
0.930382
0.8535
0.76378
0.661227
0.546576
0.421579
0.289099
0.152911
0.017287
-0.113676
-0.23674
-0.349766
-0.45172
-0.542447
-0.622297
-0.69191
0.974133
1.0298
1.01755
0.997427
0.968878
0.931502
0.884863
0.828508
0.762101
0.685526
0.599046
0.503431
0.400093
0.291129
0.179149
0.0670758
-0.0422623
-0.146481
-0.243819
-0.333187
-0.414121
-0.486569
-0.550762
0.855159
0.908027
0.897415
0.879587
0.854388
0.821618
0.781061
0.732501
0.675812
0.611055
0.538581
0.459105
0.373757
0.284092
0.191965
0.099426
0.00848191
-0.0791134
-0.161947
-0.23903
-0.309792
-0.373986
-0.431586
0.741048
0.791447
0.782598
0.767109
0.745271
0.717041
0.682336
0.641086
0.593308
0.53915
0.478971
0.413381
0.343271
0.269806
0.194331
0.11831
0.043193
-0.0297198
-0.0993271
-0.164791
-0.22555
-0.281255
-0.331716
0.631359
0.679967
0.672549
0.659297
0.640724
0.61687
0.587723
0.553285
0.513646
0.46899
0.419649
0.366133
0.309132
0.249515
0.188263
0.126435
0.0650821
0.00516739
-0.0524658
-0.107137
-0.158337
-0.205688
-0.248884
0.525644
0.573357
0.566727
0.555483
0.539997
0.520289
0.496363
0.46825
0.43605
0.399942
0.360217
0.317294
0.271704
0.224092
0.175167
0.125693
0.076431
0.0280846
-0.0187141
-0.0634353
-0.105653
-0.145017
-0.181178
0.423152
0.470749
0.464446
0.455002
0.442404
0.426582
0.40752
0.385244
0.359838
0.331451
0.300322
0.266785
0.23124
0.194158
0.156048
0.117455
0.0789215
0.0409469
0.0039791
-0.0316047
-0.0654941
-0.0973929
-0.126935
0.322732
0.370682
0.364793
0.357101
0.347239
0.335061
0.320517
0.303613
0.284409
0.26302
0.239632
0.214489
0.187882
0.160146
0.131637
0.102734
0.0738091
0.0451967
0.0171884
-0.00998282
-0.0361324
-0.0610584
-0.0844522
0.223233
0.271787
0.266811
0.260975
0.253774
0.245046
0.234716
0.222773
0.209252
0.194239
0.177865
0.16029
0.141713
0.122358
0.102461
0.0822701
0.0620218
0.0419282
0.0221635
0.00283912
-0.0160082
-0.0343628
-0.0520926
0.123965
0.173224
0.16969
0.165877
0.161318
0.155887
0.149514
0.142181
0.133904
0.124738
0.114761
0.104067
0.092771
0.0810029
0.0689033
0.056619
0.0442866
0.0320226
0.0199146
0.0079794
-0.00387425
-0.0158721
-0.028254
0.0238255
0.0745745
0.0728256
0.0711962
0.0692742
0.0670109
0.0643682
0.0613405
0.0579307
0.0541598
0.0500611
0.0456727
0.0410392
0.0362116
0.0312484
0.0262101
0.0211529
0.0161182
0.0111339
0.00618258
0.00115463
-0.00432602
-0.011285
871.288
839.509
808.954
772.614
816.852
781.173
754.41
739.733
99.3766
57.0906
41.4031
36.3629
29.3977
30.1436
30.7919
31.7622
22
23.2179
23.8905
24.9696
15.2852
16.7595
18.1626
20.6951
13.1784
13.611
14.1331
17.1163
11.8687
11.752
11.7568
12.1066
10.5295
10.2726
10.0047
10.1027
9.21044
8.92432
8.31955
8.04088
10.0106
9.52009
7.45915
5.80633
81.2216
129.772
5.41446
4.83351
47.4589
173.48
177.989
39.9463
142.207
78.4382
193.723
193.121
207.744
82.5306
76.1298
113.623
211.069
173.512
80.7615
162.528
213.929
64.8127
230.719
234.279
-1.01163
4.27893
6.64831
-3.25158
-3.43082
-2.84575
-3.04872
-2.99383
-4.12108
-3.88089
-3.53634
-3.35223
-4.38331
-4.11969
-3.81886
-3.54797
-4.14559
-3.86456
-3.62147
-3.41913
-3.56043
-3.39188
-3.2534
-3.13483
-3.03021
-2.95087
-2.87753
-2.81159
-2.59269
-2.55598
-2.51995
-2.48571
-2.21315
-2.20182
-2.18932
-2.17605
-1.87989
-1.8846
-1.8875
-1.88868
-1.58666
-1.6016
-1.61465
-1.62567
-1.32977
-1.35113
-1.37054
-1.38776
-1.10609
-1.13095
-1.15385
-1.17455
-0.91212
-0.938228
-0.962504
-0.984764
-0.744389
-0.770157
-0.794333
-0.816749
-0.599905
-0.624293
-0.647312
-0.66882
-0.476198
-0.498505
-0.51963
-0.539473
-0.371104
-0.390875
-0.409629
-0.427292
-0.282747
-0.29976
-0.315883
-0.331048
-0.209594
-0.223832
-0.237248
-0.24977
-0.150196
-0.161804
-0.172651
-0.182648
-0.103053
-0.11234
-0.120961
-0.128794
-0.0665889
-0.0739363
-0.0807814
-0.0869793
-0.0391168
-0.0448694
-0.0503695
-0.0554584
-0.0187214
-0.0231002
-0.0275735
-0.0319957
706.244
660.544
593.83
143.715
43.8123
43.5949
103.276
871.098
418.414
424.049
717.738
911.111
709.704
587.022
640.246
836.481
275.694
352.227
1297.82
704.658
368.113
42.0729
42.9972
43.6722
44.4777
354.427
871.174
394.332
533.402
938.396
661.166
213.471
219.058
225.03
695.789
313.807
318.967
152.948
38.6448
44.2784
44.3907
42.9352
43.1529
667.9
858.484
1177.84
982.757
940.692
347.402
216.495
213.082
217.495
219.281
693.236
434.838
184.438
215.177
37.5099
532.21
853.92
846.356
918.709
1057.23
1276.08
1251.07
927.447
319.14
212.242
212.658
211.882
216.6
215.786
237.952
306.944
221.286
213.081
30.3948
159.454
73.6004
271.218
504.463
586.753
739.415
751.083
293.809
209.189
211.301
213.17
212.516
221.544
226.568
202.743
243.017
212.476
215.395
54.6475
105.033
59.0241
103.442
170.398
466.816
413.414
205.953
207.276
210.431
213.292
214.061
212.836
212.651
992.035
212.965
212.777
212.888
212.744
37.4208
13.7358
-12.5765
125.495
185.908
196.588
201.054
207.001
210.055
212.318
213.346
213.812
213.624
299.927
1377.64
214.317
214.794
214.945
213.797
13.3335
40.7319
176.8
1059.17
908.889
200.844
276.561
209.452
210.671
212.373
213.802
216.217
511.038
1546.05
1446.96
365.978
543.455
1156.21
1072.7
12.1098
189.997
1090.62
1159.74
1191.06
1257.3
282.347
209.452
211.295
230.294
765.339
1531.9
1635.92
1615.79
1502.55
1603.01
1594.86
1543.68
1653.76
10.3826
425.903
1206.44
2.63548
0.0335783
1073.96
1379.52
1355.31
1513.37
1763.45
1740.4
1711.96
1683.46
1658.23
1650.14
1575.89
340.741
8.50559
1374.76
4.91846
619.518
217.192
-2.52632
-3.71783
-3.91693
-2.6847
324.218
916.81
1564.23
1760.43
1667.63
1495.95
1086.77
371.358
27.4325
5.19473
3.70353
319.619
4.88399
3.88766
139.537
0.626902
-4.37925
-4.46636
-3.17241
-2.19667
-1.29908
0.22114
-0.347723
-1.18438
-1.54874
-0.854334
0.55558
55.8128
52.7055
4.3666
508.867
15.9182
18.477
187.861
124.791
-4.82772
-4.44593
-3.13261
-2.31471
-1.63188
1.66972
0.810838
-0.62819
-1.69752
-1.1878
-0.683452
0.54196
11.0946
-0.711421
59.9688
188.269
109.698
215.519
36.89
-4.32323
-3.90775
-3.35547
-2.66375
5.8359
9.88639
1.12443
-0.477519
-1.16065
0.0138152
0.0945928
-1.16187
-1.05324
-1.48387
4.71533
105.499
224.977
174.319
-4.41611
-3.98529
15.506
-2.59498
6.2392
8.16377
9.4497
7.00704
1.33214
0.344968
-0.137288
-1.33911
-1.14212
-0.926929
-0.71948
1.80716
238.447
197.919
-4.50054
-4.68259
7.69295
25.6664
25.0865
3.69318
8.90286
3.34025
0.662822
-0.584579
-1.85063
-1.62844
-1.47349
-1.24618
-1.08649
-0.492211
-1.29793
54.3139
-3.95584
-4.24013
-4.73973
11.5408
25.2009
2.21118
7.92054
2.77908
1.08522
-0.397963
-0.1346
-0.96146
-1.27748
-1.51273
-1.35042
-1.19679
-1.16784
-1.18624
-3.33613
-1.54615
-1.00773
-1.57363
-4.71212
-1.75774
-4.12336
16.255
22.1019
23.4563
10.1068
-0.673855
1.39839
-1.36196
-1.46209
-1.39595
-1.25493
-1.1235
-1.09649
-3.06521
-3.30936
-3.58893
-3.88059
-4.27954
-4.27052
-3.66289
-3.14854
-2.83163
8.78097
24.2746
-0.675956
2.55672
-1.3108
-1.39891
-1.42066
-1.3096
-0.83576
-0.987355
-3.18641
-3.23129
-3.3877
-3.54636
-3.66832
-3.60685
-3.28424
-2.92685
-2.73904
-2.57708
20.549
16.6887
3.0146
-1.25188
-1.31236
-1.43731
-1.39467
39.4195
-0.328731
-3.31081
-3.19445
-3.21914
-3.26505
-3.27691
-3.20037
-3.01344
-2.75194
-2.57377
-2.46012
-2.25961
26.2381
4.54704
0.0504524
-1.1594
-1.28792
-1.32922
41.587
3.82444
-3.22681
-3.0676
-3.02358
-3.00718
-2.97526
-2.89794
-2.76956
-2.60126
-2.4437
-1.04535
-1.89245
4.37628
20.1286
0.0273754
-0.459448
-0.994808
-0.762617
43.4342
5.70761
-3.00857
-2.87053
-2.8055
-2.76245
-2.71432
-2.64371
-2.54411
-2.43709
-1.24842
0.354388
0.582251
-1.65135
22.5763
1.9394
-0.570112
-0.719138
24.4928
3.17009
67.0622
-2.73435
-2.6343
-2.57276
-2.52509
-2.47586
-2.41484
-2.34
-2.14209
0.479533
-0.224037
-1.80592
-1.62894
-1.47715
9.8872
-0.850018
-0.446823
27.117
0.0362146
0.0251937
-2.44344
-2.38132
-2.3355
-2.2956
-2.25359
-2.20308
-2.1408
-2.06311
-0.588828
-1.73505
-1.15093
-1.58122
-1.48693
6.49063
-0.630735
0.504883
26.8972
0.450693
3.02135
-2.15834
-2.12828
-2.10189
-2.0752
-2.04444
-2.00593
-1.95661
-1.8941
-1.81551
-0.767284
-0.968056
-1.51706
-1.45453
-1.24033
5.17589
-0.127068
17.3208
0.221987
2.58714
-1.88862
-1.88404
-1.87625
-1.86402
-1.84593
-1.82055
-1.78649
-1.7426
-1.69012
-0.619306
-1.42987
-1.42463
5.89033
-1.34345
0.432264
-0.231046
19.1166
1.49858
0.987012
-1.63802
-1.65261
-1.66058
-1.66187
-1.65641
-1.64426
-1.62533
-1.59991
-1.15679
-0.485956
-1.41474
-1.26723
6.6041
-0.970955
-0.779541
0.0987887
25.0588
-0.204818
0.322775
-1.40817
-1.43616
-1.45625
-1.46905
-1.47507
-1.47514
-1.47017
-1.46142
-0.42476
-0.896199
-1.32544
-1.15224
5.64641
0.807201
0.462306
2.82233
17.1381
-0.304912
9.18884
-1.19965
-1.2361
-1.26459
-1.28621
-1.30178
-1.3124
-1.31988
-1.32537
-1.19921
-1.33203
-1.29842
-1.12462
0.403353
1.45274
1.9904
4.48645
32.5718
-0.51797
11.6731
-1.01211
-1.05308
-1.08665
-1.11427
-1.1371
-1.15639
-1.17477
-1.19201
-1.21
-1.28796
-0.932852
-0.880404
-1.13918
0.679618
-0.341708
24.2135
11.6089
-0.621483
13.0496
-0.844525
-0.887025
-0.923038
-0.954173
-0.982045
-1.00804
-1.03284
-1.03356
-1.10159
-1.27273
-1.03237
-1.52888
-1.40735
5.38178
0.937866
5.89823
7.61763
-0.591114
33.8759
-0.695671
-0.73749
-0.773861
-0.806471
-0.837506
-0.86845
-0.866057
-0.913875
-1.01596
-0.79323
-1.54493
-0.803389
-0.815881
8.69929
-0.647083
16.6214
7.02882
-0.509599
25.2245
-0.564403
-0.603867
-0.639068
-0.671559
-0.611287
-0.510402
-0.774021
-0.805558
-0.847113
-0.543097
-1.36583
-0.837864
8.05981
9.21622
0.0535887
20.2258
-0.407866
-0.410791
2.17673
-0.449579
-0.4853
-0.518071
-0.537234
-0.259457
-0.555031
-0.66054
-0.682339
-0.670134
-0.424266
-0.945358
-1.40665
-1.02787
0.691977
4.8038
8.64542
-0.318383
-0.360981
0.560834
-0.350144
-0.38058
-0.408805
-0.140551
-0.316651
-0.513145
-0.570795
-0.607776
-0.0815113
-0.570266
-0.734986
-1.03994
-0.967726
26.4824
28.3708
14.4255
-0.327909
-0.382189
0.382237
-0.265332
-0.28918
-0.310398
-0.33103
-0.358625
-0.412662
-0.510259
-0.492865
0.446238
-0.564468
-0.700898
-0.94853
12.8208
25.8527
-0.378437
-0.36522
-0.338769
-0.363167
-0.0405693
-0.194781
-0.212021
-0.225207
-0.236443
-0.255974
-0.313127
-0.436188
1.08036
-0.26225
-0.48076
-0.59027
-0.435321
18.564
-0.495265
-0.406809
-0.358653
-0.334914
-0.339095
1.31449
-0.138029
-0.149674
-0.155009
-0.154764
-0.157107
0.125992
1.96389
0.569848
-0.32
-0.327345
-0.235842
8.94665
-0.490587
-0.428709
-0.378036
-0.342774
-0.324085
-0.32205
-0.347641
-0.0941318
-0.101855
-0.101173
-0.0898175
-0.0700746
0.797305
2.17657
-0.220328
0.0377256
1.31496
2.86906
-0.381688
-0.388901
-0.366324
-0.338523
-0.316325
-0.303391
-0.297525
-0.297158
-0.0614176
-0.0676039
-0.0648648
-0.0479366
-0.0135185
0.128536
1.79179
0.665564
1.0558
-0.200456
-0.265219
-0.30476
-0.315806
-0.309056
-0.295971
-0.28407
-0.275922
-0.272684
-0.2725
-0.037579
-0.0447173
-0.0447807
-0.0314112
0.00528743
0.172541
1.58354
-0.441108
-0.362447
-0.262864
-0.250617
-0.255723
-0.259908
-0.258871
-0.254109
-0.249377
-0.246583
-0.246846
-0.248251
511.031
510.162
512.673
523.07
544.701
568.078
591.816
617.201
643.246
669.012
694.067
718.346
741.918
764.837
786.475
800.01
810.82
837.24
836.932
841.461
850.44
913.911
931.711
510.222
509.409
511.388
520.877
543.702
567.716
591.466
616.865
643.034
668.941
694.073
718.374
741.936
764.853
786.63
802.333
805.204
832.432
842.77
835.042
817.898
896.633
925.495
508.466
508
508.139
513.958
540.384
567.217
590.913
616.256
642.582
668.711
694.028
718.426
741.949
764.598
785.958
804.145
810.686
834.217
860.267
826.616
804.105
882.379
913.331
506.331
506.081
502.101
497.962
532.654
567.356
590.437
615.511
641.992
668.405
693.996
718.571
742.115
764.609
785.73
804.269
817.659
838.532
861.454
840.137
816.24
880.589
902.42
503.995
503.504
494.918
483.914
527.436
568.353
589.902
614.628
641.314
668.099
694.055
718.878
742.496
764.912
785.958
805.015
821.63
841.035
860.812
862.455
862.987
883.8
895.786
502.415
500.17
490.182
481.81
526.261
567.293
588.494
613.43
640.566
667.851
694.269
719.407
743.135
765.514
786.557
806.104
824.372
843.843
862.915
872.96
877.523
887.071
892.489
503.5
496.683
486.33
486.932
513.183
559.896
585.419
611.734
639.744
667.712
694.699
720.213
744.065
766.408
787.44
807.348
826.64
846.646
866.125
879.951
886.737
890.44
890.387
505.809
494.763
453.747
387.38
515.787
551.347
581.22
609.586
638.884
667.731
695.411
721.357
745.318
767.584
788.523
808.624
828.59
849.39
870.127
886.774
895.038
894.475
889.284
396.069
304.28
294.808
295.688
330.276
843.466
879.15
915.507
1046.01
1272.49
1215.79
1170.87
914.237
754.474
746.684
811.881
1125.2
1643.9
1834.94
357.113
242.974
249.638
234.699
249.037
788.225
844.277
889.168
1019.21
1354.95
1240.56
985.979
728.619
700.731
716.954
774.15
987.864
1568.45
1855.59
323.524
234.275
234.067
234.472
274.298
695.484
797.395
842.357
926.766
1434.13
1148.23
649.199
629.031
629.766
630.114
639.697
662.097
1248
1972.6
342.916
234.263
234.103
234.497
410.344
609.46
741.263
794.596
691.498
1316.61
825.011
626.158
628.405
629.593
629.343
639.815
651.059
784.915
2017.67
301.894
234.518
234.325
407.983
426.79
511.904
657.045
782.236
317.174
1035.06
624.9
624.707
627.844
629.541
697.098
844.535
754.863
725.698
1941.55
314.909
234.587
433.166
477.666
414.966
222.45
412.845
874.422
216.908
885.154
613.257
623.396
627.522
815.471
1105.63
884.949
718.47
1120.92
1850.86
232.633
407.036
547.548
479.608
195.735
42.9523
175.212
956.641
527.727
668.609
607.704
677.106
957.967
1026.9
1417.22
513.493
337.292
914.416
1647.75
424.517
617.362
561.572
348.705
43.8778
42.9321
239.145
947.264
463.288
493.368
634.817
966.547
927.038
987.402
1255.41
460.421
294.49
658.108
1406.86
259.833
157.969
138.609
120.412
289.556
498.319
575.584
606.15
638.005
668.06
696.75
723.296
747.365
769.463
790.115
810.199
830.67
852.666
875.836
896.24
906.478
900.343
880.225
5.57875
5.334
5.2001
5.30911
5.33566
5.27453
13.3645
111.871
370.43
593.995
700.582
728.963
752.581
773.502
792.804
811.946
832.386
856.399
886.217
917.008
934.558
915.514
846.931
5.35613
5.13656
5.07166
5.2056
5.27355
5.30166
5.34474
5.36207
5.41595
5.41541
37.1356
198.763
425.803
603.462
714.361
794.63
829.852
853.417
892.452
941.12
981.023
947.191
232.455
5.22772
5.06002
5.02491
5.16727
5.24195
5.27108
5.31444
5.36851
5.3543
5.38863
5.4146
5.4633
5.5058
5.58822
5.8664
6.19507
15.86
89.9252
418.955
923.348
1031.03
235.023
44.7243
5.18966
5.10998
5.11515
5.17421
5.2115
5.23199
5.2538
5.28047
5.31086
5.34543
5.38119
5.43947
5.50693
5.63961
5.81908
6.01392
6.21599
6.42722
6.60153
71.0701
413.803
217.322
149.303
5.0908
5.09012
5.10908
5.14143
5.16371
5.18123
5.20004
5.22402
5.25491
5.29246
5.33735
5.39794
5.48435
5.60666
5.77024
5.94912
6.13862
6.31582
6.44359
6.52586
10.4251
224.186
12.7653
5.03593
5.04319
5.06176
5.08259
5.10037
5.11742
5.13639
5.15947
5.18925
5.22626
5.27304
5.33446
5.41711
5.52733
5.66854
5.83253
5.99436
6.35821
6.92062
6.91032
13.2491
224.206
12.7161
4.96024
4.96888
4.98678
5.00568
5.02374
5.04188
5.06163
5.08442
5.11197
5.1455
5.18695
5.23995
5.30927
5.40063
5.51789
5.65827
5.80548
6.3077
6.80011
7.08612
44.1636
79.289
12.1432
4.87689
4.88443
4.89977
4.91787
4.93667
4.956
4.9765
4.99883
5.0236
5.05143
5.08365
5.12267
5.17218
5.23822
5.32779
5.44571
5.59445
5.81033
6.06692
6.72417
64.6433
26.589
10.7145
4.78491
4.79117
4.80462
4.82189
4.84111
4.86138
4.88243
4.90415
4.92604
4.94745
4.96847
4.99008
5.01466
5.04808
5.09979
5.18053
5.30289
5.50017
5.71013
6.91811
91.8162
19.0363
9.36649
4.68321
4.6886
4.70097
4.71784
4.73753
4.75873
4.7806
4.80236
4.82229
4.83802
4.84777
4.85042
4.846
4.83848
4.8365
4.85037
4.8982
5.00253
5.10679
5.49048
100.604
28.7427
9.96865
4.57094
4.57592
4.58798
4.60508
4.62564
4.64824
4.67185
4.69511
4.71507
4.72753
4.72826
4.71294
4.67782
4.62262
4.55125
4.47359
4.61081
4.5022
4.58598
4.6702
84.0687
145.911
14.2689
4.4473
4.45239
4.46474
4.48261
4.50457
4.52939
4.55608
4.58283
4.60581
4.61938
4.61631
4.58768
4.52379
4.41809
4.50094
4.42423
4.06743
3.86698
3.88765
3.92388
13.6254
183.768
30.4034
4.31168
4.31741
4.33038
4.34929
4.37301
4.40077
4.43181
4.46418
4.49398
4.5148
4.51648
4.48441
4.39789
4.24484
4.38523
4.05075
3.5805
3.52302
3.54253
3.64985
4.22327
155.575
201.742
4.16382
4.1706
4.18425
4.20408
4.22947
4.26029
4.29621
4.33577
4.37605
4.41104
4.42905
4.41031
4.31815
4.13017
3.86532
3.40841
3.12872
2.97901
3.09818
3.47474
3.87218
7.23533
210.735
4.00396
4.01188
4.0259
4.04609
4.07243
4.10545
4.14544
4.19202
4.24432
4.29836
4.34441
4.36265
4.30513
4.09153
3.67712
3.02151
2.34482
2.06465
2.33042
3.3118
3.84216
3.92186
100.39
3.833
3.84154
3.85519
3.87469
3.90049
3.93366
3.97502
4.02548
4.08644
4.15735
4.23508
4.31279
4.35788
4.25159
3.71519
11.3965
54.9636
9.88069
0.334584
2.67095
192.343
211.547
214.211
3.6522
3.66033
3.67254
3.68984
3.71292
3.74301
3.78108
3.82859
3.88803
3.96079
4.04944
4.16865
4.36292
4.88997
58.404
62.0066
59.3237
-0.57727
-0.491156
13.8225
0.554796
9.30049
20.2614
3.46284
3.46955
3.47914
3.49252
3.51026
3.5333
3.56208
3.59725
3.63969
3.68678
3.73011
3.75384
3.70586
4.05855
56.0257
59.3654
19.7798
-0.549105
0.173238
10.6087
7.99587
-2.8132
-3.73779
3.26647
3.27118
3.27711
3.28492
3.29475
3.30681
3.32034
3.33396
3.34459
3.34174
3.29913
3.16085
2.73299
2.19891
14.7977
27.0035
-3.64946
1.78266
11.4305
10.5692
-3.9849
-4.53987
-4.41596
3.06549
3.0679
3.0694
3.07035
3.07027
3.06832
3.06215
3.04757
3.01689
2.95222
2.81576
2.54117
1.9135
11.9198
21.8353
1.8794
-4.17777
1.31144
3.72535
-4.1157
-4.19749
-4.66059
-4.61744
2.86286
2.86277
2.85943
2.85287
2.84188
2.82444
2.79659
2.75115
2.67555
2.5439
2.30128
1.82401
0.631859
22.7542
20.8729
9.99657
-3.62211
-3.45535
-4.19816
-4.16898
-4.29145
-4.52037
-4.35012
2.66142
2.65884
2.65066
2.63666
2.61494
2.58244
2.53385
2.45966
2.34338
2.15309
1.82013
1.17859
-0.188899
-0.965388
17.7879
9.26759
-3.35142
-3.54918
-3.90466
-4.03275
-4.06688
-3.97692
-3.70031
2.46367
2.45886
2.44627
2.42558
2.39445
2.34904
2.28336
2.18706
2.04254
1.81934
1.45963
0.850072
-0.231818
-2.14516
-3.88217
-3.97206
-3.4669
-3.38539
-3.45997
-3.46475
-3.38822
-3.25859
-3.09437
2.27148
2.26507
2.24884
2.22274
2.1843
2.12929
2.05177
1.94211
1.78475
1.55558
1.21662
0.709966
-0.0344677
-1.03185
-2.01102
-2.49075
-2.58765
-2.64764
-2.7106
-2.74172
-2.72914
-2.68704
-2.62094
2.08656
2.07904
2.06019
2.03024
1.98689
1.92605
1.8422
1.7274
1.56969
1.35203
1.05236
0.645114
0.1127
-0.520569
-1.13595
-1.57576
-1.82937
-1.99131
-2.10678
-2.18181
-2.22045
-2.23102
-2.22095
1.91013
1.90192
1.88146
1.84921
1.80326
1.74001
1.65471
1.54116
1.39105
1.19358
0.936662
0.610518
0.214851
-0.227973
-0.663093
-1.02596
-1.29416
-1.48838
-1.63111
-1.73375
-1.80409
-1.8491
-1.87478
1.7428
1.73405
1.71303
1.67995
1.63334
1.5704
1.48735
1.3795
1.24133
1.06662
0.849382
0.586541
0.282262
-0.0477238
-0.375012
-0.668416
-0.910958
-1.10371
-1.25473
-1.37148
-1.46008
-1.52588
-1.5735
1.58473
1.5755
1.55469
1.52203
1.47637
1.41568
1.33727
1.23777
1.11356
0.961221
0.778254
0.564497
0.324369
0.068448
-0.187249
-0.425704
-0.635393
-0.812741
-0.959393
-1.07887
-1.17502
-1.25145
-1.31167
1.43553
1.42598
1.4059
1.37461
1.33115
1.2741
1.20166
1.11166
1.00183
0.870329
0.716356
0.540921
0.347799
0.144059
-0.0606241
-0.256088
-0.434544
-0.591973
-0.727615
-0.84261
-0.939031
-1.01916
-1.08533
1.29438
1.2848
1.26584
1.23656
1.19619
1.14375
1.07805
0.997808
0.901748
0.789005
0.659554
0.51465
0.357325
0.192392
0.0260322
-0.135319
-0.2863
-0.423498
-0.545423
-0.652064
-0.744267
-0.823267
-0.890487
1.16022
1.15111
1.13365
1.10679
1.07002
1.02273
0.964146
0.893523
0.81026
0.714081
0.605334
0.485218
0.356056
0.221204
0.0847603
-0.0490046
-0.176359
-0.294597
-0.402153
-0.498474
-0.583694
-0.658333
-0.72317
1.03219
1.02412
1.00843
0.984235
0.951321
0.909371
0.857925
0.796575
0.725078
0.643488
0.552309
0.452612
0.346161
0.235336
0.122941
0.0119034
-0.0951381
-0.196094
-0.289542
-0.37472
-0.451395
-0.519672
-0.579932
0.90999
0.903158
0.889321
0.867926
0.838964
0.802328
0.757793
0.705175
0.644428
0.575746
0.499659
0.417076
0.329354
0.23821
0.145619
0.0536377
-0.0358322
-0.121197
-0.201252
-0.275225
-0.342716
-0.403604
-0.457995
0.793578
0.787634
0.775582
0.756988
0.731961
0.700505
0.662532
0.618008
0.56701
0.509781
0.446804
0.378823
0.306877
0.232228
0.156297
0.080553
0.00638552
-0.0649948
-0.132618
-0.195787
-0.25405
-0.307148
-0.354995
0.68268
0.677009
0.666556
0.650673
0.629458
0.602961
0.571163
0.534107
0.491928
0.444877
0.393376
0.338018
0.279591
0.219026
0.157354
0.0956365
0.0348883
-0.0239803
-0.0802067
-0.133198
-0.182513
-0.227821
-0.268886
0.576556
0.570701
0.561613
0.548272
0.53067
0.508853
0.482826
0.452651
0.41847
0.380509
0.339125
0.294795
0.248108
0.199747
0.150451
0.10099
0.0521011
0.00445594
-0.0413633
-0.0848809
-0.125709
-0.163522
-0.197965
0.473956
0.468043
0.460084
0.449106
0.434897
0.417455
0.396779
0.372926
0.346006
0.31621
0.283831
0.249235
0.212861
0.175199
0.136778
0.0981479
0.0598341
0.0223116
-0.0140069
-0.0487796
-0.0817134
-0.112487
-0.140683
0.373487
0.367993
0.361176
0.352456
0.341444
0.328085
0.312357
0.294294
0.273979
0.251562
0.227263
0.201348
0.174133
0.145964
0.117211
0.0882523
0.0594431
0.0311011
0.0034857
-0.0231965
-0.0487644
-0.0729732
-0.095434
0.274028
0.269426
0.264026
0.25756
0.249608
0.240084
0.228946
0.216205
0.201924
0.186213
0.169216
0.151112
0.132117
0.112461
0.0923868
0.0721387
0.0519429
0.0319959
0.0124434
-0.00664338
-0.0252489
-0.0433251
-0.0606026
0.174906
0.171494
0.167848
0.1637
0.158718
0.15282
0.145968
0.138158
0.129427
0.119845
0.109497
0.0984873
0.0869374
0.0749847
0.062775
0.0504507
0.0381397
0.0259466
0.0139291
0.00205434
-0.00983609
-0.0220128
-0.0345376
0.0758676
0.073646
0.0720322
0.0702731
0.0681894
0.0657371
0.0629017
0.0596826
0.0560882
0.0521486
0.0479004
0.0433843
0.0386463
0.0337432
0.0287349
0.023681
0.0186305
0.0136196
0.00865803
0.00369154
-0.00148223
-0.00756444
-0.0154272
855.613
824.428
791.964
749.596
798.16
766.48
746.806
731.5
70.0477
48.236
36.155
36.5671
29.8107
30.4573
31.3432
33.2091
22.8161
23.5316
24.2853
26.6796
15.9108
17.4625
19.0243
24.5859
13.4054
13.8127
14.7103
28.9377
11.8327
11.7132
11.7845
12.586
10.4177
10.1241
9.976
10.6691
9.09729
8.63884
8.07343
8.65101
9.97999
8.54233
6.55155
5.34972
153.016
20.9332
5.34331
4.44308
112.892
178.594
154.827
15.4749
66.7063
169.35
194.331
190.913
203.399
75.7115
78.3359
120.533
208.069
79.8022
83.0934
236.004
210.63
153.568
231.099
236.361
-1.02673
18.5486
-1.36668
-3.3962
-2.99789
-3.12882
-2.99615
-3.01526
-3.96235
-3.68203
-3.44818
-3.27437
-4.24245
-3.97728
-3.67291
-3.44483
-3.99953
-3.73953
-3.51354
-3.33927
-3.47071
-3.32046
-3.19119
-3.0848
-2.98996
-2.91332
-2.8436
-2.7817
-2.57434
-2.53782
-2.50254
-2.46962
-2.2076
-2.19573
-2.18271
-2.16947
-1.88243
-1.88631
-1.88826
-1.88887
-1.59432
-1.60841
-1.62038
-1.63057
-1.34064
-1.36113
-1.37939
-1.39569
-1.11872
-1.14269
-1.16445
-1.18421
-0.925373
-0.950634
-0.973863
-0.995238
-0.757455
-0.782474
-0.805746
-0.827359
-0.612257
-0.635996
-0.658245
-0.679052
-0.487489
-0.509233
-0.529703
-0.548951
-0.381112
-0.400393
-0.41859
-0.435752
-0.291358
-0.307943
-0.323579
-0.3383
-0.21681
-0.230653
-0.243617
-0.255706
-0.156089
-0.167331
-0.177757
-0.187313
-0.107774
-0.116744
-0.124982
-0.132382
-0.070317
-0.0774297
-0.0839691
-0.0897835
-0.0420168
-0.0476609
-0.0529767
-0.0577904
-0.0208915
-0.0253339
-0.0298012
-0.0341328
680.438
630.601
442.228
43.8096
43.9334
42.694
481.04
730.834
406.003
466.39
955.613
817.22
652.21
334.147
914.14
601.476
273.592
911.561
1149.01
591.6
57.4943
42.7716
43.3001
44.0081
90.804
699.737
509.36
382.741
935.5
874.68
266.641
212.318
224.338
528.424
673.235
239.34
455.625
691.17
42.2559
45.5001
42.7372
43.1133
240.711
752.615
1032.28
1127.01
1012.84
779.434
221.741
213.906
214.601
219.564
286.673
675.477
164.31
206.974
697.362
78.1199
851.674
816
880.105
978.149
1157.86
1395.42
1060.3
712.796
210.697
213.226
211.934
212.818
215.938
212.217
412.357
198.618
223.352
792.498
87.1972
101.599
82.5633
424.99
539.226
668.661
849.29
509.929
208.407
209.838
212.66
212.912
212.182
297.092
203.734
200.867
210.431
213.053
228.156
100.426
61.5031
69.5134
145.326
226.881
580.297
211.193
206.666
208.781
211.791
214.321
213.268
212.565
261.409
796.944
212.86
212.658
213.211
213.245
26.3414
-2.09873
17.4411
176.773
195.591
197.194
205.214
208.052
211.218
213.274
213.784
213.62
214.287
1227.87
772.907
214.383
214.527
214.785
392.91
31.7311
-25.3764
875.867
1167.4
213.753
222.366
225.938
209.857
211.593
213.121
214.612
246.826
1002.31
1546.95
691.06
423.215
681.708
1287
1552.24
15.41
953.426
1125.82
1175.48
1219.3
722.225
215.854
209.463
213.301
380.871
1234.05
1648.45
1624.97
1557.68
1604.82
1602.34
1568.17
1635.03
1613.87
16.7856
1162.58
681.65
1.2684
470.343
1312.61
1423.77
1406.3
1665.05
1752.18
1727.75
1696.7
1670.12
1652.9
1653.12
1119.37
18.1252
92.3073
1620.67
40.8948
879.128
-2.20669
-3.38482
-3.94139
-3.7261
7.30407
585.446
1284.9
1724.94
1754.23
1532.59
1398.6
740.762
85.1348
17.4195
2.9201
4.14541
1737.42
12.8327
22.1395
167.489
-3.9411
-4.68182
-3.83257
-2.6717
-1.74341
-0.676879
0.670776
31.4857
-1.43349
-1.15079
-0.402596
21.3868
55.1317
20.6537
6.62672
1818.22
26.5018
59.6854
189.386
-4.60869
-4.92337
-3.80375
-2.56759
-2.0561
1.23623
0.877198
0.310306
-1.49333
-1.4751
-0.810026
-0.958015
18.1407
-0.799455
-0.843844
863.267
152.21
119.478
214.888
-4.38349
-4.16139
-3.63118
-3.01669
-1.73195
8.65485
7.99188
0.441208
-0.966749
-1.06297
0.058738
-1.09981
-1.19535
-1.10091
-1.37126
17.7408
103.657
229.507
-4.46924
-4.2889
-1.94979
15.8556
-3.60946
7.37811
8.83456
10.0678
2.08526
0.58382
-0.0167421
-1.03542
-1.22306
-1.01679
-0.775109
-0.461722
52.7878
235.802
-4.32624
-4.56327
-4.75764
25.2208
25.5815
7.64899
7.53116
8.39949
0.765274
-0.245055
-0.972998
-1.75379
-1.55329
-1.36551
-1.13093
-1.02576
-1.02049
39.2215
-2.80363
-4.0843
-4.45728
-5.16629
24.3518
2.45277
12.7095
3.30774
2.01248
-0.289263
-0.503313
-0.0886564
-1.48775
-1.35361
-1.44698
-1.25882
-1.13044
-1.09428
54.7034
-3.0345
-0.847636
-1.20391
-4.281
-0.999378
-4.41494
-3.31899
21.2705
22.948
23.7935
-0.564129
0.00400096
-0.508406
-1.46241
-1.44642
-1.32648
-1.18728
-1.07533
57.3729
-3.17078
-3.45329
-3.72215
-4.07419
-4.39899
-3.97605
-3.38868
-2.97455
-0.832537
24.0964
14.9375
-0.413998
1.25386
-1.39318
-1.41403
-1.38056
-0.880706
-0.964276
56.1362
-3.17895
-3.30662
-3.46827
-3.61811
-3.67095
-3.4711
-3.09097
-2.81713
-2.66873
-2.49439
25.1036
1.63935
1.23086
-1.29074
-1.37077
-1.44245
-0.245766
17.3844
57.3435
-3.22184
-3.19951
-3.24326
-3.27833
-3.25293
-3.11934
-2.8742
-2.64529
-2.52155
-2.35812
15.4023
22.5133
2.15935
-1.12286
-1.17944
-1.33602
41.0664
41.883
60.3652
-3.12415
-3.0386
-3.01492
-2.99537
-2.94351
-2.83908
-2.68726
-2.52112
-2.18533
-1.47163
-1.81534
25.989
2.09462
-0.559927
-0.738464
-0.974904
41.7997
43.8649
28.5344
-2.92596
-2.83309
-2.7831
-2.7404
-2.6824
-2.59833
-2.49014
-2.3816
0.271937
0.482019
-1.46583
-1.53044
19.9622
-0.632383
-0.613289
-0.618925
40.5708
2.93023
67.3922
-2.67788
-2.60056
-2.54825
-2.50148
-2.44718
-2.37892
-2.30069
0.412305
0.551185
-1.88521
-1.71963
-1.5549
15.4125
-0.791759
-0.704115
-0.400717
3.13568
0.129253
69.6195
-2.40982
-2.35709
-2.31533
-2.27534
-2.22967
-2.17357
-2.10472
-1.07753
-1.87005
-1.06308
-1.58018
-1.52321
-1.4541
2.40781
0.290136
-0.226968
23.7512
0.228871
71.9638
-2.14273
-2.11487
-2.08882
-2.06058
-2.02633
-1.98296
-1.92694
-1.85702
-1.76891
-0.7179
-1.54524
-1.48558
-1.47252
4.79397
0.54334
0.189867
2.73832
0.286095
17.2191
-1.88675
-1.8806
-1.87078
-1.8558
-1.83424
-1.80469
-1.76516
-1.71741
-0.843269
-0.584814
-1.4714
1.98335
0.178891
-1.12791
-0.0133912
6.12523
19.1702
0.16669
61.5273
-1.64621
-1.6574
-1.66207
-1.65998
-1.65117
-1.63564
-1.61343
-1.58525
-0.512092
-1.02504
-1.34297
4.54434
4.35628
-1.00395
-0.373325
9.81351
4.49392
-0.0828475
63.3304
-1.42325
-1.44713
-1.46354
-1.47285
-1.4758
-1.47318
-1.46625
-1.367
-0.400744
-1.37883
-1.24508
-1.06437
6.96608
0.213047
-0.473053
33.2327
0.284895
-0.247249
59.3242
-1.21899
-1.25125
-1.27621
-1.29468
-1.30763
-1.31635
-1.32311
-1.27348
-1.32833
-1.32571
-1.1139
-1.06805
7.14948
0.0813932
0.391019
32.7722
4.37047
-0.466829
40.723
-1.03366
-1.07068
-1.10114
-1.12621
-1.14707
-1.16547
-1.18434
-1.19771
-1.24848
-1.33059
-0.907356
-1.1313
6.88368
-0.29645
14.9974
18.6873
-0.143645
-0.539688
400.709
-0.866726
-0.905726
-0.939121
-0.968421
-0.995195
-1.02088
-1.01905
-1.05816
-1.18783
-0.949546
-1.18848
-1.55092
1.51366
-0.162988
13.6831
27.5561
-0.514306
-0.460916
412.68
-0.717389
-0.756247
-0.790522
-0.822003
-0.853029
-0.867081
-0.883606
-0.969019
-1.08854
-1.12248
-1.75634
-0.82555
7.24928
0.857103
-0.797561
28.5436
-0.406991
-0.383794
424.346
-0.584794
-0.621889
-0.655542
-0.687997
-0.457484
-0.71156
-0.789959
-0.823321
-0.891808
-1.1199
-1.68412
7.15511
8.55627
4.52103
-0.0289458
3.89207
-0.344012
-0.315599
434.417
-0.467954
-0.501928
-0.533786
-0.240943
-0.278327
-0.642322
-0.675387
-0.677394
-0.212782
-0.786602
-1.16737
-1.45412
-0.23814
1.40015
16.0491
0.781473
-0.30979
-0.293401
44.9962
-0.36583
-0.394793
-0.422551
-0.124887
-0.489134
-0.540645
-0.597404
-0.597114
-0.00242965
-0.641847
-0.874436
-1.14592
9.79943
28.1984
27.158
0.427814
-0.319496
-0.324512
17.688
-0.277804
-0.299913
-0.32063
-0.342897
-0.381071
-0.455982
-0.554758
0.420496
-0.20387
-0.615107
-0.825276
-1.00317
28.9044
10.2429
-0.369209
-0.342668
-0.330637
-0.311901
140.285
-0.204062
-0.218985
-0.230798
-0.243804
-0.277416
-0.372977
0.100951
1.08016
-0.462129
-0.522803
-0.673008
10.4488
-0.557185
-0.449567
-0.377413
-0.342835
-0.331145
-0.349109
49.5084
-0.144641
-0.153133
-0.155333
-0.154658
-0.168307
1.74134
1.92703
-0.238185
-0.312797
-0.368225
3.05683
7.921
-0.458248
-0.401989
-0.357815
-0.329512
-0.318197
-0.331805
-0.351851
-0.0988805
-0.102733
-0.0968905
-0.0803048
-0.0651495
2.23501
0.207023
-0.209061
0.571904
2.92755
1.66447
-0.392164
-0.379067
-0.351809
-0.326185
-0.307067
-0.296958
-0.295877
-0.300227
-0.0653464
-0.0676558
-0.0585841
-0.0327452
0.0069043
1.59518
-0.0307725
1.26917
0.00115502
-0.236303
-0.28871
-0.313324
-0.313885
-0.302673
-0.289489
-0.277995
-0.272453
-0.271344
-0.273055
-0.0417292
-0.0459748
-0.0403168
-0.0167748
0.0350496
1.73105
0.271058
-0.460557
-0.292223
-0.252916
-0.252576
-0.25845
-0.260035
-0.256864
-0.251594
-0.247301
-0.24595
-0.24685
-0.247814
511.992
509.958
510.588
515.784
532.38
556.348
579.616
604.232
630.138
656.171
681.641
706.314
730.251
753.62
776.12
795.93
804.13
820.173
841.134
833.879
835.721
865.435
930.29
511.698
508.755
509.22
512.391
529.007
555.555
579.134
603.7
629.672
655.912
681.561
706.33
730.257
753.41
775.663
796.516
805.488
815.465
846.599
850.402
801.837
836.459
911.893
510.009
507.088
506.817
503.833
518.555
553.992
578.739
603.041
629.047
655.508
681.403
706.364
730.363
753.419
775.387
795.591
809.831
823.115
851.666
859.432
800.802
844.941
898.768
507.942
504.88
503.346
490.787
503.056
552.637
578.788
602.322
628.288
655.024
681.256
706.494
730.627
753.646
775.46
795.604
812.472
828.844
851.431
862.439
845.508
866.301
892.96
506.275
502.136
499.284
482.625
497.14
553.028
578.685
601.294
627.397
654.521
681.188
706.786
731.109
754.137
775.878
796.136
814.377
832.353
852.758
867.127
868.195
877.626
890.641
505.795
499.795
495.334
481.403
499.776
546.745
575.99
599.498
626.293
654.036
681.256
707.302
731.856
754.913
776.608
797.007
816.154
835.228
855.247
871.664
879.576
885.368
890.204
506.252
499.146
490.397
482.788
441.865
534.097
570.026
596.857
624.928
653.602
681.515
708.105
732.915
755.989
777.602
798.074
817.794
837.726
858.31
876.595
888.025
892.022
890.423
506.49
449.277
307.324
284.639
460.212
530.259
564.203
593.747
623.356
653.256
681.985
709.257
734.341
757.384
778.826
799.237
819.269
839.921
861.62
882.11
896.233
899.245
891.183
427.536
308.602
284.136
274.666
253.5
519.541
877.594
874.066
962.976
1150.04
1339.55
1162.59
985.85
766.207
733.62
759.516
895.374
1367.9
1750.39
443.157
240.57
234.084
234.163
235.185
388.358
818.9
836.974
909.049
1149.37
1436.9
990.147
659.375
635.447
643.367
659.986
710.735
1049.88
1790.2
448.726
240.038
234.042
234.179
235.395
460.231
741.066
799.323
806.31
1056.29
1397.93
669.024
627.704
629.353
629.665
632.08
647.989
679.402
1753.62
468.433
235.901
234.296
234.266
408.887
467.295
644.834
781.806
608.053
795.198
1076.05
624.458
626.782
629.235
629.416
646.372
674.357
657.869
1285.56
494.14
234.854
234.651
418.747
444.088
419.716
455.244
835.113
407.177
543.796
827.925
621.251
625.987
628.889
748.104
970.751
804.214
757.591
1308.45
285.756
234.754
442.002
513.509
443.854
177.821
43.4335
915.992
491.274
616.258
596.146
618.951
631.932
895.63
1111.85
1234.07
477.837
700.528
1857.43
287.637
420.811
581.935
519.06
273.956
43.6063
41.2927
880.892
742.029
624.646
568.848
704.456
963.972
947.281
1224.09
956.59
314.784
376.787
1939.82
245.398
642.89
593.097
429.952
43.7902
43.6768
48.9166
864.021
467.394
428.813
544.548
968.293
863.019
830.564
927.106
969.993
276.809
344.508
1750.3
225.311
5.75443
5.28337
5.3131
5.50984
30.4992
207.349
426.199
590.123
653.712
684.082
712.67
737.879
760.594
781.441
801.347
821.389
843.05
867.798
894.223
914.694
916.528
888.185
5.72867
5.36497
5.15288
5.20212
5.27933
5.30043
5.32514
5.34428
7.54481
78.7867
292.34
584.571
712.925
766.688
785.47
802.705
821.635
842.783
871.854
909.657
944.652
952.481
885.425
5.38845
5.24501
5.00267
5.0865
5.22666
5.27414
5.31793
5.35605
5.36787
5.41462
5.46425
5.51104
5.47417
52.3181
163.261
274.573
421.426
548.467
748.684
907.434
985.59
1013.26
118.91
5.21122
5.24975
5.06721
5.12182
5.2094
5.24138
5.26464
5.29995
5.32589
5.35667
5.37211
5.39347
5.43377
5.52577
5.70985
5.96661
6.15653
6.30477
7.05122
669.127
985.295
344.405
229.357
5.14573
5.10713
5.10891
5.13949
5.1787
5.19925
5.21742
5.23975
5.26794
5.30038
5.33883
5.38789
5.45947
5.56234
5.71557
5.9157
6.11249
6.28704
6.51713
6.64814
6.98726
136.718
213.326
5.07589
5.069
5.0773
5.10217
5.1249
5.14232
5.15989
5.18048
5.2073
5.24134
5.28425
5.33696
5.41059
5.51198
5.64864
5.81396
5.99212
6.15444
6.46612
6.52731
7.29347
109.63
83.5971
5.02662
5.00266
5.01677
5.03652
5.05488
5.07221
5.09039
5.11123
5.13687
5.16891
5.20867
5.25936
5.32614
5.4145
5.52978
5.67117
5.82897
5.96482
6.605
6.94632
7.90157
144.341
11.3914
4.95713
4.92236
4.93549
4.95356
4.97213
4.99062
5.00995
5.0312
5.05548
5.08387
5.11761
5.15905
5.21173
5.28074
5.37208
5.48965
5.63027
5.79987
6.1525
6.44869
7.69066
131.516
11.8382
4.87537
4.83437
4.84555
4.86183
4.88029
4.89971
4.91998
4.94134
4.96399
4.98791
5.01343
5.04185
5.07545
5.11867
5.17914
5.2655
5.38533
5.55634
5.82067
6.12726
22.244
111.385
10.0175
4.78408
4.73721
4.74692
4.76203
4.78041
4.80057
4.82166
4.84324
4.86459
4.88431
4.90117
4.91485
4.92582
4.9371
4.95621
4.99417
5.06364
5.18378
5.36055
5.45754
35.3675
108.193
9.73001
4.68275
4.63006
4.63899
4.65368
4.67234
4.69342
4.71572
4.73836
4.7597
4.77677
4.78633
4.78571
4.77252
4.74668
4.71271
4.67724
4.65576
4.67225
4.75061
4.83068
11.9075
142.147
11.6957
4.57073
4.51216
4.52093
4.53586
4.55536
4.5779
4.60231
4.62747
4.65091
4.66828
4.67418
4.66259
4.62687
4.56176
4.46736
4.54321
4.51947
4.26283
4.16435
4.20325
4.66907
159.781
87.9809
4.44723
4.38284
4.39193
4.40757
4.42831
4.45293
4.48056
4.50994
4.53817
4.5602
4.56865
4.55331
4.50109
4.39721
4.35684
4.38472
4.02423
3.71115
3.70558
3.71901
3.88999
66.4291
198.224
4.31159
4.24165
4.25138
4.26783
4.28992
4.31693
4.34846
4.38345
4.41928
4.4512
4.47063
4.46348
4.40761
4.27084
4.23858
4.04544
3.466
3.3219
3.28315
3.45841
3.71616
5.04385
206.196
4.16354
4.08844
4.09889
4.11593
4.13899
4.16801
4.2032
4.24408
4.28924
4.33549
4.37485
4.39209
4.35687
4.21629
3.9155
3.47985
3.01139
2.70233
2.56122
3.08127
3.68107
4.02193
6.26689
4.00335
3.92348
3.93435
3.95132
3.97441
4.00417
4.04141
4.08649
4.13984
4.20085
4.26497
4.32238
4.3458
4.26539
3.93566
3.23026
2.18463
3.04398
0.909276
2.41351
3.62912
119.005
199.873
3.83197
3.74753
3.75807
3.77388
3.79544
3.82372
3.85986
3.90485
3.96057
4.02886
4.10996
4.20632
4.32104
4.44962
4.307
50.6239
59.0513
54.4542
-1.2006
0.738304
71.7592
99.648
192.83
3.65087
3.56179
3.57097
3.58424
3.60228
3.62606
3.65662
3.69477
3.74236
3.80085
3.86946
3.95105
4.06605
4.42669
35.3017
63.1866
60.4823
4.99205
-0.669734
-0.0218012
0.0707073
-0.872341
16.715
3.46154
3.36791
3.37471
3.38403
3.3964
3.4124
3.43236
3.45601
3.48309
3.51062
3.52722
3.50514
3.3658
2.96926
2.48071
53.0682
29.7966
-2.13409
3.49382
11.6032
10.2848
-3.82193
-4.24815
3.26557
3.16809
3.17176
3.17592
3.18073
3.18603
3.19103
3.19357
3.19006
3.17174
3.11692
2.98084
2.64482
2.1091
21.7525
14.4585
-3.60706
-4.014
10.652
1.35259
-4.11634
-4.45533
-4.88343
3.06515
2.96504
2.96515
2.96337
2.95938
2.95208
2.93934
2.91678
2.87701
2.80528
2.67005
2.4082
1.8568
5.04889
23.0045
19.4335
-3.59389
-4.01207
1.82253
-4.13704
-4.16686
-4.32999
-4.65471
2.86307
2.76172
2.75814
2.75016
2.73702
2.71663
2.68559
2.63748
2.56123
2.43627
2.21918
1.81
0.947458
1.891
20.3033
20.0002
-2.24926
-3.63814
-4.01434
-4.13647
-4.19441
-4.29115
-4.20825
2.66214
2.56093
2.55385
2.53998
2.51827
2.48582
2.43823
2.36788
2.26146
2.0954
1.82466
1.35199
0.453151
-1.45078
-3.37293
-1.90421
-3.2442
-3.355
-3.56623
-3.75478
-3.79563
-3.69973
-3.50151
2.46493
2.36505
2.35497
2.336
2.3071
2.26482
2.20429
2.11771
1.99192
1.80546
1.52222
1.07882
0.36902
-0.756483
-2.23376
-3.14739
-3.13284
-3.03968
-3.06203
-3.09071
-3.06392
-2.99694
-2.90238
2.27363
2.17582
2.16353
2.14064
2.10636
2.05718
1.98817
1.89229
1.75843
1.56958
1.30118
0.918835
0.381576
-0.331236
-1.13603
-1.77345
-2.09029
-2.23912
-2.34644
-2.42212
-2.45706
-2.45793
-2.43323
2.08998
1.99484
1.98091
1.95542
1.91771
1.8646
1.79157
1.69262
1.55936
1.37987
1.13884
0.819348
0.408272
-0.0886186
-0.620249
-1.08651
-1.41849
-1.63938
-1.79514
-1.90551
-1.97799
-2.01995
-2.03896
1.91425
1.82289
1.80789
1.7811
1.74175
1.68728
1.61392
1.51683
1.38995
1.22571
1.01539
0.751269
0.431017
0.0645393
-0.318897
-0.674252
-0.966478
-1.19136
-1.36236
-1.49148
-1.58684
-1.65509
-1.70195
1.74718
1.6601
1.64466
1.61766
1.57826
1.52443
1.45341
1.36152
1.24449
1.09771
0.916699
0.698504
0.444308
0.162619
-0.129184
-0.40791
-0.654067
-0.859909
-1.02727
-1.16125
-1.26705
-1.34936
-1.41239
1.58888
1.50625
1.49093
1.4646
1.4264
1.37479
1.30782
1.223
1.11744
0.988371
0.833689
0.652765
0.447786
0.225099
-0.00457697
-0.228026
-0.433527
-0.614355
-0.768811
-0.898273
-1.00533
-1.09297
-1.16407
1.43907
1.36087
1.34606
1.32106
1.285
1.23675
1.17496
1.09805
1.00428
0.892052
0.760492
0.609948
0.442649
0.263234
0.0785619
-0.103245
-0.274733
-0.430747
-0.568863
-0.688782
-0.79153
-0.878709
-0.952102
1.29736
1.22333
1.2093
1.18605
1.15275
1.10861
1.0527
0.984035
0.901664
0.804831
0.693319
0.567804
0.430212
0.283917
0.133483
-0.0158444
-0.159105
-0.29251
-0.413756
-0.521931
-0.617158
-0.700095
-0.771697
1.16314
1.09276
1.07982
1.05861
1.02842
0.988755
0.939018
0.878616
0.807061
0.724086
0.629856
0.525135
0.411497
0.291389
0.167941
0.0446707
-0.0750249
-0.188372
-0.293416
-0.389072
-0.474996
-0.5513
-0.618403
1.03563
0.968243
0.956777
0.937788
0.910907
0.875836
0.832261
0.779859
0.718412
0.647904
0.56866
0.48143
0.38748
0.288614
0.187023
0.0851476
-0.0146358
-0.110284
-0.200213
-0.283373
-0.359226
-0.427607
-0.488604
0.914003
0.849098
0.83938
0.822725
0.799211
0.768727
0.73113
0.686286
0.634153
0.574841
0.508711
0.436428
0.358998
0.277767
0.19431
0.110358
0.0276136
-0.0524139
-0.128474
-0.199651
-0.265368
-0.325319
-0.379386
0.797523
0.735069
0.727011
0.712663
0.692475
0.666459
0.634574
0.59679
0.553173
0.503894
0.449301
0.389952
0.326633
0.260349
0.192252
0.123584
0.0555801
-0.010639
-0.0741077
-0.134069
-0.189984
-0.241479
-0.2883
0.685672
0.62609
0.619146
0.606931
0.589925
0.568177
0.541685
0.51047
0.474633
0.434364
0.389969
0.341915
0.29081
0.237401
0.182523
0.127077
0.0719577
0.0179901
-0.0340912
-0.0836836
-0.130314
-0.173611
-0.213246
0.578047
0.521638
0.515198
0.504871
0.490852
0.473119
0.45167
0.426536
0.397812
0.365662
0.330349
0.292255
0.251841
0.209659
0.166311
0.12244
0.0786956
0.035672
-0.00609403
-0.0461485
-0.0841161
-0.119679
-0.15248
0.474058
0.420494
0.414353
0.405779
0.394563
0.380591
0.363828
0.344294
0.32206
0.297257
0.270094
0.240867
0.209917
0.177641
0.144467
0.110853
0.0772509
0.0440733
0.0116856
-0.019611
-0.0495662
-0.0779229
-0.104327
0.372766
0.321154
0.315648
0.308865
0.300339
0.289907
0.277505
0.263129
0.246826
0.228697
0.208899
0.187634
0.165144
0.141708
0.117618
0.0931818
0.0686998
0.0444423
0.0206354
-0.00255026
-0.0250012
-0.0465979
-0.0671067
0.272922
0.222492
0.218185
0.213339
0.207459
0.200397
0.192075
0.182478
0.171628
0.1596
0.146496
0.132439
0.117588
0.102115
0.0862081
0.0700622
0.0538576
0.0377577
0.0218915
0.00631625
-0.00900623
-0.0241743
-0.0392098
0.173629
0.123889
0.121249
0.118505
0.115263
0.11143
0.106947
0.101803
0.0960036
0.0895874
0.0826121
0.0751394
0.0672479
0.0590257
0.0505719
0.0419881
0.0333703
0.0247918
0.0163091
0.00791342
-0.00050989
-0.00930228
-0.0190161
0.0745867
0.0246159
0.024256
0.0236835
0.0230358
0.0222835
0.0214174
0.0204413
0.019353
0.0181563
0.0168616
0.0154808
0.0140258
0.0125083
0.0109464
0.00935667
0.00775267
0.00613804
0.00451201
0.00285291
0.0011071
-0.000888703
-0.00482642
848.32
821.509
795.65
769.672
644.596
535.533
482.858
435.04
31.344
32.4046
33.8575
35.057
26.762
26.9958
27.4237
28.4833
17.061
19.4151
20.7842
22.5215
14.3189
15.0513
15.9683
18.7293
12.2976
12.4647
12.647
14.8309
11.3239
11.0848
10.9154
11.0415
9.7048
9.45772
9.06697
9.12942
9.36015
8.82177
7.71491
6.8721
24.4166
15.9467
6.40148
5.12016
84.837
162.372
48.1889
4.16686
59.1231
130.872
187.765
184.54
206.586
84.0162
95.1694
197.755
208.412
79.9352
77.8302
79.4024
211.194
212.087
212.735
236.652
44.5062
7.19442
112.498
68.0277
-3.11381
4.88713
-3.00192
-2.94817
-3.82656
-3.57025
-3.31051
-3.15758
-4.32994
-3.96881
-3.64771
-3.49411
-4.37195
-4.05314
-3.75916
-3.51543
-3.85924
-3.63074
-3.44326
-3.28576
-3.28073
-3.16445
-3.06364
-2.97517
-2.80304
-2.74825
-2.69578
-2.64742
-2.39659
-2.37401
-2.35103
-2.32828
-2.04122
-2.03882
-2.03481
-2.02943
-1.72854
-1.73892
-1.74744
-1.75405
-1.45385
-1.47241
-1.48906
-1.50358
-1.21399
-1.23742
-1.25889
-1.27814
-1.00562
-1.03134
-1.05515
-1.07683
-0.825176
-0.851274
-0.875655
-0.898145
-0.669405
-0.694587
-0.718295
-0.74037
-0.535595
-0.559014
-0.58116
-0.601914
-0.42145
-0.442532
-0.462518
-0.481321
-0.324937
-0.343343
-0.360801
-0.377245
-0.244356
-0.259973
-0.274741
-0.288588
-0.17827
-0.191164
-0.203263
-0.21449
-0.125188
-0.13559
-0.145272
-0.154129
-0.0835874
-0.0918564
-0.0995294
-0.106475
-0.0518466
-0.0583601
-0.0644856
-0.0700679
-0.0281601
-0.0332107
-0.0381693
-0.042882
-0.0104397
-0.0141123
-0.0180964
-0.0222582
726.428
667.912
274.497
43.0957
43.7255
43.7935
228.435
864.125
399.883
400.853
971.561
856.488
599.697
234.308
390.587
730.955
295.349
393.347
439.9
278.136
43.3534
42.5111
42.9817
43.4566
58.5993
691.422
981.328
433.642
957.02
842.324
249.015
215.226
219.611
221.53
677.069
444.602
196.114
178.582
38.3902
173.219
564.608
452.703
661.24
870.991
1030.94
1342.13
1157.36
655.161
214.165
213.892
212.287
215.764
217.536
587.282
379.681
201.319
221.841
36.2224
287.1
136.967
600.778
1053.67
968.651
964.053
906.314
643.195
209.399
211.228
212.406
212.075
222.233
208.889
200.486
275.204
221.813
213.472
33.3072
171.261
82.5496
113.528
190.825
646.234
679.819
392.812
207.186
209.094
212.597
214.043
212.599
212.435
594.147
207.964
222.968
212.599
213.183
58.7219
30.7864
28.5371
68.9868
171.912
198.98
201.002
205.994
208.791
211.371
213.885
213.751
213.076
213.989
1239.96
214.197
214.5
213.383
213.279
15.6056
4.52734
-42.9992
895.277
220.301
199.171
209.833
208.529
210.079
212.547
213.502
214.06
216.561
1005.39
1441.68
214.509
216.13
303.325
259.706
12.7651
118.95
750.65
1105.71
1219.67
355.801
286.717
209.426
210.586
212.8
218.015
537.692
1451.22
1586.83
1415.39
1393.9
1471.73
1601.62
1609.22
11.4093
271.687
1163.86
622.239
884.043
1218.36
1062.75
364.487
458.831
988.629
1684.05
1689.64
1661.29
1640.42
1608.04
1615.63
1430.81
578.971
1667.4
7.78864
690.28
1045.67
-1.41217
-3.37087
-4.42173
1031.81
1580.74
1725.28
1775.04
1755.97
1728.34
1699.53
1672.5
1555.06
544.956
5.06985
4.31002
561.262
4.25332
245.4
26.2921
-2.74531
-4.03853
-4.22627
-3.1433
-2.3036
0.00245974
243.14
1048.67
630.579
297.529
13.2634
2.06971
24.7323
48.0066
4.2169
420.321
3.67078
-0.0871307
180.261
113.99
-4.70505
-4.39329
-3.10906
-2.21004
-1.6207
0.0636716
0.529689
-0.676894
-1.65657
-1.0136
-0.26116
49.4324
51.9399
2.21063
296.682
173.778
128.231
177.618
111.307
-4.65294
-4.33542
-3.28065
-2.43576
-0.668724
9.88009
0.87088
-0.533615
-1.44523
-0.815447
-0.602758
-1.21755
-1.37254
-1.53477
1.95373
136.776
107.977
222.985
-4.34284
-4.05271
-2.75776
-3.49359
-1.54006
7.99379
9.66027
4.56081
-0.00408828
-0.673644
0.0178264
-0.598586
-1.12276
-0.846062
-1.21309
8.94431
119.03
232.439
-4.50064
-4.53852
-2.81426
25.3025
12.9011
6.63422
8.41309
9.6111
6.57833
-0.00378744
-1.30844
-1.48256
-1.41586
-1.18332
-1.01701
-0.388006
-0.831334
238.616
1.38808
-4.36341
-4.75614
14.7335
25.3342
25.012
3.87764
4.63315
-0.566372
-0.426749
-1.09537
-1.64477
-1.51605
-1.5054
-1.30529
-1.14608
-1.06681
-1.26689
-3.50368
-3.46619
-3.40657
-4.19624
0.397313
19.3058
-4.33403
17.5335
17.9551
21.5289
-0.267052
-0.250201
0.255815
-1.21413
-1.49528
-1.37985
-1.23321
-1.15263
-1.14042
-3.13401
-1.51573
-2.95418
-3.82165
-4.80307
-4.61118
-3.88992
-3.2655
17.6544
23.405
24.2364
-0.844125
2.33817
-1.42427
-1.42658
-1.40743
-1.27545
-1.04496
-1.05123
-3.09653
-3.24996
-3.48035
-3.70735
-3.93147
-3.89927
-3.45501
-3.03805
-2.80241
-2.61305
24.5455
2.7088
2.80342
-1.26001
-1.37381
-1.43481
-1.35899
13.7261
-0.895773
-3.2712
-3.22068
-3.30581
-3.40247
-3.4563
-3.3846
-3.1434
-2.8319
-2.65528
-2.52693
-1.02922
25.3319
3.53052
-0.961774
-1.23788
-1.39605
-1.39408
40.5463
2.10634
-3.2927
-3.14254
-3.12466
-3.13374
-3.1189
-3.04055
-2.88822
-2.67241
-2.50512
-2.36497
-2.11512
25.3729
9.18047
0.155776
-0.97301
-1.14052
-1.13381
42.5784
4.46274
-3.12813
-2.97544
-2.91692
-2.88374
-2.84125
-2.76666
-2.65437
-2.52176
-2.38155
0.233618
-0.153601
-1.67014
22.6105
0.108365
-0.123322
-0.841414
7.45645
40.7418
31.8194
-2.87553
-2.75584
-2.69033
-2.6429
-2.59282
-2.52694
-2.44046
-2.35526
0.34264
0.489974
-1.21277
-1.64482
6.3352
7.87744
-0.872198
-0.622225
26.5116
-0.0542061
41.6549
-2.5892
-2.50867
-2.45409
-2.40927
-2.36292
-2.30692
-2.23846
-1.47736
0.627297
-1.78537
-1.74014
-1.60763
-1.48999
8.76446
-0.791971
0.0462671
27.202
0.154126
0.624791
-2.29934
-2.2541
-2.21789
-2.18424
-2.14754
-2.10288
-2.04721
-1.97683
-1.88311
-1.19172
-0.749936
-1.55133
-1.47867
1.20137
3.38898
-0.154261
26.8197
0.173293
3.21916
-2.02125
-2.00474
-1.98792
-1.96847
-1.94398
-1.91193
-1.86957
-1.81605
-1.75086
-0.686659
-1.40881
-1.47731
-0.662234
-1.44616
4.32904
-0.16205
4.49431
0.938571
1.49742
-1.76079
-1.76656
-1.76707
-1.76181
-1.75012
-1.73141
-1.70503
-1.67072
-1.63005
-0.55451
-1.4552
-1.3508
6.34164
-1.19264
-0.943222
-0.050875
23.91
0.911542
0.50691
-1.52044
-1.54241
-1.55691
-1.56426
-1.56474
-1.55888
-1.54712
-1.53031
-0.67125
-0.418245
-1.36558
-1.19947
6.77377
-0.312294
-0.65815
0.700507
25.6751
-0.247238
3.95313
-1.30125
-1.33402
-1.35876
-1.37632
-1.38739
-1.39297
-1.39438
-1.39288
-0.438495
-1.30511
-1.30125
-1.13708
2.47093
1.37117
2.15094
5.4164
17.9724
-0.403082
11.7787
-1.10331
-1.14245
-1.17385
-1.19881
-1.2183
-1.2335
-1.24671
-1.25067
-1.2702
-1.30478
-1.24059
-0.842726
-0.73185
1.36936
1.1566
25.2389
29.2138
-0.600139
10.285
-0.925902
-0.967955
-1.00304
-1.0327
-1.05831
-1.08121
-1.10393
-1.10636
-1.14481
-1.27932
-0.960563
-1.0171
-1.26751
-0.151326
1.25152
9.62575
3.18938
-0.609786
25.8937
-0.767829
-0.810226
-0.846645
-0.878744
-0.908358
-0.936964
-0.936457
-0.969705
-1.07806
-1.03746
-1.30745
-1.74528
-1.51799
8.52446
-0.116418
6.69667
13.4947
-0.555153
35.4189
-0.62791
-0.668734
-0.704678
-0.737397
-0.76968
-0.793858
-0.802088
-0.872706
-0.938545
-0.68507
-1.4871
0.141859
7.89998
8.8567
-0.246138
19.8815
0.695257
-0.459416
10.0697
-0.505006
-0.542773
-0.576942
-0.609078
-0.322712
-0.359634
-0.715292
-0.740489
-0.752012
-0.389475
-1.1679
-1.75674
5.25063
2.6824
1.17979
20.3769
-0.341848
-0.373451
-0.397855
-0.397996
-0.43128
-0.462117
-0.246446
-0.19702
-0.56693
-0.61173
-0.636767
-0.557069
-0.576792
-0.793853
-1.12621
-1.05212
1.93077
10.8143
20.9823
-0.314931
-0.367033
0.763545
-0.305939
-0.333179
-0.358135
-0.31753
-0.41286
-0.46195
-0.538338
-0.591948
0.417233
-0.577743
-0.720752
-1.01745
3.78572
29.0709
24.6701
-0.369076
-0.341735
-0.3826
-0.316764
-0.228294
-0.248754
-0.265993
-0.282204
-0.306583
-0.363718
-0.477909
0.418103
0.260618
-0.533539
-0.657425
-0.853424
20.9115
-0.511961
-0.412375
-0.361673
-0.336811
-0.34225
0.623033
-0.164726
-0.179005
-0.188164
-0.193857
-0.206393
-0.238077
0.3508
1.16195
-0.396284
-0.409341
-0.510691
5.27177
5.13629
-0.460885
-0.39431
-0.352276
-0.331079
-0.334325
0.733943
-0.114558
-0.12398
-0.125933
-0.12002
-0.111038
0.691911
2.08515
-0.274284
-0.240667
-0.176718
2.58106
4.79055
-0.436367
-0.397125
-0.359051
-0.330583
-0.314759
-0.309231
-0.312277
-0.0765127
-0.0831421
-0.0808511
-0.0657487
-0.0369615
0.2895
1.70268
-0.200115
1.51477
1.22989
0.15211
-0.338093
-0.349417
-0.336672
-0.31727
-0.300695
-0.290167
-0.285389
-0.284978
-0.0485719
-0.0549532
-0.0529447
-0.0364205
0.0014051
0.162394
1.77872
0.942884
-0.269069
-0.230749
-0.25652
-0.278741
-0.286888
-0.283556
-0.275172
-0.267064
-0.261565
-0.259948
-0.260293
-0.0278416
-0.0362497
-0.0396088
-0.0326782
-0.0117226
-0.0171941
0.774928
-0.624527
-0.464836
-0.293544
-0.239552
-0.229073
-0.230867
-0.232154
-0.230839
-0.229122
-0.229212
-0.232133
-0.235859
510.826
509.867
512.245
522.345
544.383
567.951
591.696
617.104
643.194
669.001
694.077
718.366
741.992
765.08
786.671
801.002
808.549
834.79
836.087
838.947
838.04
906.914
929.685
509.407
508.779
510.057
518.492
542.516
567.444
591.193
616.58
642.826
668.841
694.056
718.394
741.927
764.685
786.293
804.574
805.851
832.263
853.343
831.254
807.273
887.805
919.703
507.435
507.101
505.488
506.911
536.938
567.154
590.659
615.897
642.301
668.562
694.005
718.482
742.008
764.57
785.779
804.045
814.448
836.597
862.215
825.252
805.914
879.795
907.372
505.165
504.898
498.358
489.642
529.162
567.821
590.214
615.094
641.661
668.248
694.01
718.7
742.275
764.723
785.792
804.595
819.939
839.614
860.705
855.694
852.911
882.141
898.61
502.951
501.896
492.218
481.477
526.935
568.427
589.375
614.083
640.95
667.964
694.139
719.111
742.781
765.176
786.217
805.529
823.076
842.447
861.682
868.437
871.278
885.465
893.789
502.589
498.38
488.494
483.975
523.549
564.361
587.173
612.649
640.163
667.763
694.453
719.773
743.563
765.925
786.969
806.715
825.552
845.249
864.388
876.554
882.408
888.704
891.483
504.614
494.966
483.961
461.909
489.261
555.199
583.399
610.709
639.306
667.691
695.013
720.741
744.652
766.96
787.959
807.988
827.653
848.03
868.055
883.332
890.893
892.369
889.489
480.83
411.082
199.196
395.893
510.127
548.581
579.174
608.389
638.434
667.763
695.864
722.082
746.09
768.275
789.12
809.247
829.449
850.702
872.292
890.323
899.311
896.75
888.649
392.793
280.326
289.112
257.124
292.502
821.372
867.962
907.429
1037.35
1287.01
1206.13
1131.36
841.659
738.442
740.538
800.785
1084.74
1624.15
1836.59
304.644
234.724
234.063
234.511
240.756
743.255
821.282
867.033
984.455
1408.13
1237.98
783.946
638.109
637.094
649.346
679.856
788.898
1453.18
1890.63
354.174
234.185
234.078
234.435
346.739
650.374
770.997
816.965
833.733
1407.86
974.766
628.178
628.604
629.71
629.782
639.521
652.124
960.597
2013.7
305.552
234.4
234.168
267.07
424.85
567.261
706.397
780.486
503.698
1174.3
690.472
625.317
628.194
629.546
629.266
675.096
653.14
713.506
1986.91
327.286
234.598
246.548
476.026
422.313
430.068
572.099
810.546
208.277
945.47
617.42
624.078
627.642
634.931
937.488
877.828
811.605
855.397
1897.86
255.816
234.497
541.592
479.086
402.733
44.3184
269.298
920.447
341.447
852.17
610.362
622.618
721.01
976.623
1313.19
756.467
476.747
1148.07
1777.79
237.309
615.018
554.383
477.565
46.2836
42.9617
189.921
965.126
671.266
508.621
602.461
942.524
950.729
1054.21
1329.27
449.733
314.872
716.913
1519.58
659.612
623.272
558.789
98.2806
43.9457
42.8389
318.234
882.133
398.566
485.717
923.62
918.881
837.083
638.619
1213.54
518.37
281.914
751.238
1307.55
7.58915
5.4918
5.91196
5.46744
5.37145
116.397
315.001
516.968
637.157
669.031
698.81
725.649
749.508
771.208
791.426
811.282
831.896
855.016
881.117
905.914
918.81
906.584
865.636
5.45836
5.23376
5.15162
5.25154
5.29221
5.30988
5.34311
5.30757
31.4716
161.328
450.197
663.295
748.73
776.248
794.105
811.877
831.685
856.032
890.151
928.441
954.736
931.042
760.924
5.31186
5.0629
5.01175
5.17006
5.25565
5.29125
5.34542
5.36184
5.39235
5.43175
5.48107
5.52168
14.8339
101.5
220.395
340.756
493.555
632.485
841.519
953.42
1010.67
640.504
32.4
5.23321
5.09203
5.07952
5.17457
5.22853
5.25286
5.27801
5.31928
5.33776
5.37149
5.37472
5.41646
5.46873
5.60605
5.83676
6.06894
6.25694
6.21918
158.237
902.438
859.358
221.169
116.285
5.11172
5.10531
5.12145
5.16219
5.18981
5.20817
5.22778
5.25334
5.28348
5.31868
5.36114
5.42035
5.50514
5.63252
5.81239
6.01452
6.20497
6.3933
6.64287
6.12206
23.1834
227.632
44.992
5.06629
5.07003
5.08874
5.11462
5.1338
5.15087
5.16966
5.19291
5.22347
5.26149
5.30916
5.37071
5.45731
5.5757
5.72898
5.9025
6.07573
6.30349
6.55014
6.62733
9.53201
224.387
13.3831
4.99946
5.00819
5.02674
5.04591
5.06357
5.08106
5.10038
5.12329
5.15205
5.18769
5.23234
5.29042
5.36721
5.46862
5.59763
5.74924
5.9019
6.16636
6.8692
7.22764
30.8463
148.946
12.3179
4.91949
4.92768
4.94428
4.96285
4.98133
5.00011
5.02027
5.04289
5.0691
5.09995
5.13717
5.18371
5.24381
5.32328
5.42756
5.55761
5.70638
5.97952
6.25514
6.84486
51.2534
38.7066
11.5788
4.83206
4.83893
4.85322
4.87087
4.8899
4.90972
4.93051
4.9525
4.97579
5.00041
5.02716
5.0578
5.09544
5.1462
5.2186
5.32072
5.46156
5.68118
5.93214
6.70699
85.8517
22.7725
9.85845
4.73533
4.7411
4.75391
4.7709
4.79033
4.81103
4.83242
4.85402
4.87475
4.89313
4.90839
4.92058
4.93107
4.94503
4.97209
5.0241
5.11545
5.27059
5.41029
5.90478
98.1343
20.513
9.48009
4.62845
4.63357
4.6457
4.6626
4.68267
4.70448
4.72706
4.74935
4.76899
4.78266
4.78745
4.78079
4.76101
4.73028
4.69474
4.66261
4.65751
4.70176
4.79006
5.07512
99.3395
66.6595
11.2754
4.51058
4.51556
4.5277
4.54514
4.56633
4.58993
4.6149
4.63963
4.66068
4.67302
4.67099
4.64815
4.59819
4.51767
4.41307
4.61074
4.44519
4.12914
4.19794
4.20213
38.4453
180.458
19.8398
4.38102
4.38636
4.399
4.41738
4.44019
4.46642
4.49516
4.52447
4.55035
4.56669
4.56472
4.53273
4.4563
4.32594
4.50682
4.26638
3.73699
3.703
3.71514
3.741
4.82776
191.602
150.157
4.23928
4.24549
4.25882
4.27823
4.30283
4.33216
4.36565
4.40149
4.43615
4.46323
4.4715
4.44352
4.35089
4.17025
4.27481
3.57379
3.3835
3.28282
3.33959
3.57955
3.96145
62.6798
206.204
4.08535
4.09272
4.10662
4.12673
4.15273
4.18484
4.223
4.26625
4.31258
4.35679
4.38758
4.38404
4.30238
4.09051
3.71038
3.23819
2.83506
2.58229
2.77784
3.39887
3.87737
4.47258
66.8384
3.9198
3.92813
3.94208
3.96209
3.98839
4.02182
4.06296
4.1121
4.16956
4.233
4.29544
4.34167
4.32482
4.1439
3.63638
2.72699
1.72333
4.25529
1.53345
2.99536
6.34793
184.767
209.583
3.74376
3.75223
3.76531
3.78391
3.80866
3.84076
3.88116
3.93121
3.99311
4.06778
4.15586
4.2619
4.38364
4.45131
8.43363
62.0334
57.1783
21.891
-0.467641
4.02913
121.004
141.178
133.787
3.55852
3.56603
3.57707
3.59263
3.61338
3.64045
3.67466
3.71724
3.77026
3.83392
3.908
4.00221
4.16434
5.22388
64.8675
61.1929
54.8967
-0.733526
-0.0102959
1.73989
-0.653976
10.5932
1.16674
3.36541
3.37116
3.37904
3.38982
3.4039
3.42191
3.44374
3.46917
3.49726
3.52151
3.52366
3.46114
3.18502
2.85382
11.8339
60.7579
-2.79256
-1.42009
11.944
10.7649
5.55446
-4.14917
-4.03947
3.16638
3.16997
3.17376
3.17827
3.18334
3.18868
3.19278
3.19291
3.18371
3.151
3.06251
2.85825
2.33299
3.6119
21.5693
5.96862
-4.16041
3.41873
10.992
-3.68163
-4.24668
-4.7673
-4.59586
2.96421
2.96537
2.96448
2.96171
2.95623
2.9466
2.92966
2.8997
2.8466
2.74852
2.56049
2.19851
1.3465
24.2747
21.6367
-2.25532
-3.86924
-1.56277
-3.4375
-4.13453
-4.1578
-4.5465
-4.59041
2.76183
2.76047
2.75469
2.74435
2.72789
2.70276
2.66423
2.60383
2.50678
2.3435
2.04923
1.45771
0.144562
17.5123
19.4186
20.9133
-3.53748
-3.8233
-4.11653
-4.15378
-4.24577
-4.29294
-4.03917
2.56195
2.5582
2.54774
2.53026
2.50361
2.46429
2.40658
2.32031
2.18801
1.97745
1.62309
0.980075
-0.290848
-2.73232
-2.25776
-3.22979
-3.32633
-3.44757
-3.67296
-3.79711
-3.7612
-3.61137
-3.37804
2.36679
2.36108
2.34655
2.32298
2.2879
2.23722
2.16493
2.06083
1.90806
1.67906
1.32595
0.765825
-0.130806
-1.49085
-2.82726
-3.20517
-3.06712
-3.04261
-3.08137
-3.08445
-3.03399
-2.95298
-2.84597
2.17807
2.17098
2.15333
2.1251
2.08391
2.02552
1.94416
1.83102
1.67222
1.44721
1.12677
0.671867
0.0458863
-0.735142
-1.4934
-1.96667
-2.17365
-2.29617
-2.38893
-2.44457
-2.46108
-2.44837
-2.41349
1.99722
1.98934
1.96955
1.93826
1.89334
1.83091
1.74578
1.63092
1.47629
1.26811
0.989914
0.625591
0.16872
-0.355625
-0.868003
-1.26957
-1.53941
-1.72363
-1.85547
-1.94605
-2.00227
-2.03193
-2.04179
1.82531
1.81682
1.79596
1.76312
1.71662
1.65324
1.56869
1.45755
1.31303
1.12686
0.890398
0.597923
0.252223
-0.127715
-0.502906
-0.829235
-1.0866
-1.28272
-1.43159
-1.54295
-1.62397
-1.68087
-1.71894
1.66262
1.65362
1.63263
1.59962
1.5533
1.49128
1.41033
1.30643
1.17511
1.01172
0.812321
0.575577
0.306026
0.0165736
-0.271615
-0.535845
-0.762056
-0.948099
-1.0981
-1.21737
-1.31087
-1.38303
-1.43791
1.50906
1.49965
1.47915
1.44708
1.40238
1.34336
1.26782
1.17299
1.056
0.914316
0.746454
0.552997
0.338076
0.11033
-0.117903
-0.333572
-0.527233
-0.694835
-0.836519
-0.954421
-1.05141
-1.13041
-1.19431
1.36401
1.3544
1.33483
1.30448
1.26248
1.20764
1.13851
1.05338
0.950549
0.828705
0.687506
0.528164
0.354072
0.171054
-0.0132044
-0.190669
-0.354887
-0.502101
-0.631054
-0.742208
-0.836956
-0.917015
-0.984226
1.22649
1.21707
1.19882
1.17071
1.13209
1.08219
1.02002
0.944616
0.855086
0.75089
0.632228
0.50034
0.357894
0.208891
0.0583546
-0.0885042
-0.227221
-0.354738
-0.469488
-0.571131
-0.660104
-0.737249
-0.80362
1.09547
1.08682
1.07022
1.04467
1.00981
0.965184
0.910186
0.844258
0.767002
0.678345
0.578729
0.469299
0.352069
0.229867
0.106062
-0.0158139
-0.132637
-0.242018
-0.342454
-0.433253
-0.514331
-0.585967
-0.648728
0.970362
0.962925
0.948158
0.925357
0.894414
0.855133
0.807181
0.750274
0.68428
0.609337
0.525979
0.435194
0.338533
0.238008
0.135968
0.0348558
-0.0630876
-0.15604
-0.242683
-0.322231
-0.39435
-0.459015
-0.516454
0.851068
0.84475
0.831824
0.811835
0.784849
0.750826
0.70962
0.661128
0.605379
0.542593
0.473285
0.398279
0.318764
0.23621
0.152287
0.0687353
-0.0128257
-0.0910051
-0.164716
-0.233218
-0.296074
-0.353088
-0.404264
0.737471
0.731746
0.720519
0.703299
0.680198
0.651253
0.616416
0.575704
0.529224
0.477231
0.420178
0.35873
0.293792
0.226449
0.157912
0.0894257
0.0221821
-0.0427691
-0.104565
-0.16256
-0.216302
-0.265485
-0.309944
0.629091
0.623349
0.613612
0.599024
0.579645
0.555524
0.526664
0.493119
0.455037
0.412656
0.366367
0.3167
0.264343
0.210089
0.154814
0.0994231
0.0447808
-0.00832663
-0.0592306
-0.107395
-0.152399
-0.193906
-0.231622
0.524906
0.518975
0.510468
0.498329
0.48245
0.462858
0.439559
0.412615
0.38215
0.348378
0.311624
0.272306
0.230934
0.188091
0.1444
0.100513
0.0570587
0.0146013
-0.0263599
-0.065415
-0.102207
-0.136454
-0.16772
0.423535
0.417766
0.410357
0.400514
0.387924
0.372559
0.354405
0.333509
0.309968
0.283954
0.255719
0.225583
0.193919
0.161137
0.127687
0.0940241
0.0605844
0.0277606
-0.00411547
-0.0347711
-0.0639676
-0.0913981
-0.116655
0.323683
0.318585
0.312433
0.304835
0.295366
0.283954
0.270562
0.255213
0.237982
0.218995
0.198436
0.176525
0.153526
0.129726
0.105424
0.080929
0.056527
0.0324708
0.00895708
-0.013874
-0.0359166
-0.057014
-0.0768165
0.224442
0.220418
0.215858
0.21054
0.204083
0.196395
0.187435
0.177206
0.165756
0.153174
0.139577
0.125103
0.109918
0.0942031
0.0781541
0.0619555
0.0457856
0.0297899
0.0140678
-0.00137116
-0.0166036
-0.0317194
-0.0465862
0.125267
0.122584
0.119915
0.116952
0.113427
0.109271
0.104457
0.0989837
0.0928689
0.0861663
0.0789338
0.0712409
0.0631717
0.0548213
0.04629
0.0376788
0.0290715
0.0205376
0.0121038
0.00371912
-0.00482531
-0.014023
-0.0242315
0.0246531
0.0245584
0.0239631
0.0233691
0.0226735
0.0218652
0.0209438
0.0199109
0.0187679
0.0175206
0.0161814
0.0147618
0.0132734
0.0117316
0.0101541
0.00855634
0.00694639
0.0053269
0.00368882
0.00199641
0.000167059
-0.00247693
-0.00782462
835.305
808.27
783.186
754.958
579.881
502.081
475.034
385.645
32.0767
32.8578
34.7222
35.927
26.9052
27.1907
27.7286
30.7782
18.3963
20.1469
21.5654
24.6407
14.6103
15.4795
16.727
26.5949
12.426
12.5361
12.9346
17.1653
11.2216
10.9691
10.9354
11.6411
9.60243
9.27676
8.97247
9.73222
9.18012
8.31509
7.24337
6.80174
28.601
7.87679
5.85873
4.62787
157.459
167.432
4.94205
4.32038
59.5038
185.129
186.524
177.883
185.357
74.1842
199.811
195.074
194.206
78.2214
78.1618
81.8449
212.407
170.943
232.983
236.139
22.3947
33.343
148.535
14.4615
-2.20923
4.36295
-2.88512
-3.02624
-3.70338
-3.43519
-3.21766
-3.12131
-4.15123
-3.79314
-3.58599
-3.39492
-4.21052
-3.90241
-3.62866
-3.4206
-3.73781
-3.53404
-3.35978
-3.22196
-3.22005
-3.11263
-3.01772
-2.93625
-2.77559
-2.72155
-2.67106
-2.62507
-2.38536
-2.36256
-2.33955
-2.31737
-2.04019
-2.03705
-2.03222
-2.02651
-1.73392
-1.74346
-1.75095
-1.75683
-1.46332
-1.48103
-1.49655
-1.51019
-1.22591
-1.24845
-1.26876
-1.28707
-1.01868
-1.04353
-1.06623
-1.08699
-0.838417
-0.863715
-0.887117
-0.908761
-0.682166
-0.70665
-0.729524
-0.750845
-0.547452
-0.570266
-0.591702
-0.611809
-0.432121
-0.452677
-0.47206
-0.490317
-0.334253
-0.352202
-0.369142
-0.385121
-0.252264
-0.267473
-0.281774
-0.295188
-0.184812
-0.197323
-0.208985
-0.219774
-0.130471
-0.14053
-0.149807
-0.158223
-0.0877896
-0.0957768
-0.1031
-0.109631
-0.0551436
-0.0614804
-0.0673552
-0.0725974
-0.0306886
-0.0357104
-0.0405671
-0.0450885
-0.0122297
-0.0160735
-0.0201642
-0.0243567
693.257
535.619
43.4193
43.4234
43.8752
45.1917
601.317
524.836
390.605
808.116
923.331
677.253
364.708
239.688
688.891
651.153
266.638
630.182
886.658
69.4853
42.9765
42.7871
43.2171
44.0388
285.169
892.529
645.843
535.065
924.175
477.842
218.69
216.119
222.725
304.842
677.395
192.869
229.084
668.848
40.8884
452.161
536.87
455.329
818.194
922.388
1205.53
1338.1
949.206
283.93
215.288
212.432
213.844
217.389
271.894
689.58
174.372
236.518
753.117
124.936
242.733
162.985
950.048
1090.37
941.616
950.428
905.779
328.951
209.671
212.332
212.081
212.283
238.358
199.932
185.35
207.68
213.226
567.104
103.159
111.959
84.0191
155.751
308.543
683.632
535.349
224.235
208.129
210.628
213.847
213.411
212.313
300.75
446.833
211.04
211.666
212.856
213.641
72.2138
33.3588
31.8359
134.586
197.046
196.69
204.298
206.993
210.158
212.646
213.935
213.418
213.016
527.54
864.478
214.378
213.878
213.53
214.485
14.6703
-26.903
404.181
739.801
197.117
202.252
210.023
209.095
211.557
213.076
213.85
214.398
264.102
1496.44
653.126
215.083
217.422
366.727
1228.22
14.9753
384.17
1036.21
1158.15
984.689
253.553
225.919
209.79
211.57
214.376
296.7
1002.8
1595.46
1577.05
1392.92
1399.17
1502.14
1610.06
1592.09
15.7007
1106.86
1186.53
433.585
1187.14
1302.93
475.002
396.108
649.033
1424.41
1703.71
1674.81
1649.34
1582.91
1625.06
1610.24
914.516
1021.43
1612.24
34.1739
1166.43
95.7551
-2.6571
-4.51303
527.515
1367.88
1669.52
1764.31
1767.91
1745.2
1711.67
1684.77
1658.01
1218.54
106.142
4.06492
4.76501
1671
80.0684
183.469
-0.772241
-3.5208
-4.31862
-3.75643
-2.73387
-1.28384
0.463766
658.721
1124.5
342.362
175.03
0.0163881
8.22936
42.1231
7.03239
5.18741
1784.9
0.410206
33.6597
184.754
-4.29801
-4.83426
-3.80655
-2.61671
-1.8953
-0.977832
0.737183
0.0264199
-1.51722
-1.33149
-0.674046
24.516
53.7861
16.4591
0.991577
1866.42
156.517
64.9802
201.079
-4.57558
-4.63651
-3.83889
-2.79175
-2.14184
8.33003
1.20332
0.30264
-1.2337
-1.34565
0.0211227
-1.08598
-1.43695
-1.35681
-1.20533
7.36335
103.636
220.35
133.329
-4.25359
-3.74783
-2.66254
-3.33162
6.03509
8.78759
10.5425
2.08259
-0.618184
-0.0709046
0.0400935
-1.09314
-1.03102
-0.774396
-1.03153
51.7698
230.17
185.309
-4.55752
-4.4925
16.5116
25.1599
-2.73218
7.46232
9.0806
9.9776
0.0761842
0.161995
-1.78254
-1.52151
-1.30494
-1.06524
-0.970342
-0.255645
51.786
150.547
-4.22015
-4.53433
-4.95018
24.8015
25.8291
16.8122
4.04808
-0.131276
-0.493462
-0.209622
-1.53464
-1.60484
-1.51069
-1.41497
-1.20338
-1.07275
-1.09001
53.3622
-3.36712
-3.19964
-3.59712
-4.83556
24.413
-4.62267
0.667202
18.9076
19.1759
13.2462
-0.536989
0.476747
-1.18452
-1.34815
-1.45666
-1.29829
-1.16619
-1.09491
56.0379
-2.48028
-1.77164
-3.7309
-4.22442
-4.96056
-4.19932
-3.58525
8.25715
21.8548
24.0218
1.74377
-0.361834
0.394167
-1.42659
-1.42783
-1.3508
-1.12341
-1.035
58.5733
-3.14954
-3.36591
-3.59082
-3.83055
-3.97343
-3.70583
-3.22077
-2.90282
-2.71007
7.96896
24.549
-0.174628
1.39299
-1.35829
-1.39675
-1.41708
-0.867022
-0.525505
52.298
-3.2135
-3.25755
-3.35617
-3.43871
-3.44187
-3.28249
-2.98044
-2.72255
-2.60003
-2.4447
25.2436
10.6243
1.21087
-1.21969
-1.31944
-1.42371
18.4112
40.8091
58.8542
-3.19034
-3.12593
-3.12941
-3.13194
-3.08961
-2.97252
-2.77559
-2.58186
-2.4481
-2.26575
-1.91454
26.0581
0.747722
-0.885852
-0.944253
-1.17914
42.0715
42.9191
57.4221
-3.03348
-2.94022
-2.89956
-2.86546
-2.80877
-2.71514
-2.58945
-2.45292
-0.360936
0.346041
-1.64809
15.3504
11.6562
-0.158931
-0.579547
-0.774121
42.1883
39.2959
64.8524
-2.80614
-2.71917
-2.66578
-2.61924
-2.56228
-2.48689
-2.39751
-1.78436
0.404659
0.272315
-1.71636
-1.59552
19.1075
-0.85384
-0.757321
-0.493876
9.54311
0.0812462
68.702
-2.54476
-2.4793
-2.43121
-2.38689
-2.33644
-2.27429
-2.20105
0.505585
-0.130379
-1.76531
-1.67831
-1.53344
0.463766
1.68659
-0.526519
-0.316027
14.5163
0.187181
70.9121
-2.27532
-2.23528
-2.20109
-2.16662
-2.12643
-2.07662
-2.01405
-1.9312
-1.83043
-0.785495
-1.50063
-1.50709
-1.47537
4.85161
0.302694
0.765409
11.4542
0.258361
60.1155
-2.013
-1.99649
-1.97867
-1.95702
-1.92904
-1.89245
-1.84433
-1.78535
-1.28113
-0.656734
-1.52208
-1.43304
-1.32797
0.820238
0.245256
7.13387
3.71208
0.27433
50.9022
-1.76439
-1.76749
-1.76521
-1.7568
-1.74168
-1.71922
-1.68885
-1.65089
-0.601971
-0.801311
-1.40898
6.19856
2.18286
-1.19024
-0.424627
7.40857
21.1084
0.020009
62.4391
-1.53245
-1.55055
-1.56147
-1.56533
-1.56257
-1.55369
-1.53935
-1.52066
-0.457363
-1.24494
-1.28558
-0.560099
6.799
-0.830284
-0.381473
30.2392
0.815128
-0.165378
64.1719
-1.31875
-1.34732
-1.36841
-1.38261
-1.39081
-1.39406
-1.39409
-1.18151
-0.572165
-1.34796
-1.22813
-1.04705
7.10249
0.577961
-0.271884
32.9411
2.71622
-0.294161
11.6097
-1.12398
-1.15901
-1.18708
-1.20917
-1.22634
-1.24014
-1.25306
-1.26003
-1.28528
-1.32041
-0.832655
-1.12913
7.0928
-0.332604
3.1011
25.5275
2.67986
-0.553539
332.804
-0.947943
-0.986249
-1.01847
-1.04593
-1.06999
-1.09237
-1.11341
-1.11597
-1.21301
-1.17706
-1.01062
-1.27583
6.49831
-0.233212
14.4175
27.3671
-0.608948
-0.499627
406.769
-0.789909
-0.82907
-0.863126
-0.893746
-0.922742
-0.951108
-0.949114
-1.00191
-1.14746
-0.963191
-1.68789
-1.68024
0.93296
-0.0590309
0.704857
28.1042
-0.465683
-0.423028
418.55
-0.649056
-0.687207
-0.721332
-0.75339
-0.772512
-0.774176
-0.839128
-0.899168
-1.00349
-1.25882
-1.7723
7.66311
8.42965
7.16855
-0.349498
20.0555
-0.368487
-0.34882
429.844
-0.524473
-0.560191
-0.593107
-0.541565
-0.34142
-0.679528
-0.729743
-0.746306
-0.734463
-0.947765
-1.46666
0.543802
6.53608
1.02757
10.9494
4.66729
-0.318706
-0.291416
398.785
-0.415111
-0.446854
-0.477075
-0.182635
-0.373421
-0.589465
-0.630356
-0.626877
-0.0413471
-0.683839
-0.949262
-1.22049
-0.227836
4.35145
27.4681
2.8811
-0.312572
-0.318139
0.814212
-0.320056
-0.345747
-0.367386
-0.329663
-0.433971
-0.496419
-0.575622
-0.367131
-0.0778849
-0.631387
-0.857775
-1.11178
28.4805
29.2986
7.39768
-0.332732
-0.322378
-0.323917
138.354
-0.239129
-0.257589
-0.274021
-0.292135
-0.329347
-0.41635
-0.507478
0.98097
-0.512824
-0.58008
-0.760736
1.02349
20.744
-0.472115
-0.379054
-0.344754
-0.331593
-0.326495
141.973
-0.172588
-0.184161
-0.19117
-0.197811
-0.224459
-0.117353
1.10377
0.646965
-0.393396
-0.448946
-0.493635
12.7954
-0.503212
-0.425399
-0.36978
-0.337379
-0.327263
-0.35989
-0.405291
-0.120119
-0.125974
-0.123802
-0.114428
-0.114571
2.12446
1.28828
-0.263832
-0.231617
0.392737
5.59538
-0.448894
-0.416791
-0.377255
-0.343004
-0.319331
-0.307701
-0.309159
-0.316713
-0.080713
-0.0833541
-0.0751338
-0.052745
-0.0228144
2.33389
-0.131641
0.466573
1.53704
0.240786
-0.315068
-0.348409
-0.344719
-0.326887
-0.308114
-0.292916
-0.285164
-0.283775
-0.28676
-0.0524973
-0.0553548
-0.0471281
-0.020268
0.0235612
1.73727
0.0448792
0.88287
-0.228885
-0.243809
-0.269022
-0.284685
-0.286291
-0.279623
-0.270832
-0.263086
-0.259531
-0.259126
-0.260287
-0.0324108
-0.0388551
-0.0378229
-0.0237834
0.000115433
0.163652
0.371222
-0.634229
-0.362136
-0.257626
-0.231539
-0.229676
-0.231864
-0.231782
-0.229846
-0.228708
-0.22998
-0.233245
-0.234266
)
;

boundaryField
{
    leftWall
    {
        type            fixedFluxPressure;
        gradient        uniform 0;
        value           nonuniform List<scalar> 
100
(
511.992
511.698
510.009
507.942
506.275
505.795
506.252
506.49
225.311
5.72867
5.38845
5.21122
5.14573
5.07589
5.02662
4.95713
4.87537
4.78408
4.68275
4.57073
4.44723
4.31159
4.16354
4.00335
3.83197
3.65087
3.46154
3.26557
3.06515
2.86307
2.66214
2.46493
2.27363
2.08998
1.91425
1.74718
1.58888
1.43907
1.29736
1.16314
1.03563
0.914003
0.797523
0.685672
0.578047
0.474058
0.372766
0.272922
0.173629
0.0745867
512.086
510.954
508.974
507.006
505.883
505.956
506.441
490.618
25.7483
5.53203
5.2782
5.17519
5.10932
5.05148
4.99444
4.91736
4.83096
4.7347
4.62813
4.51046
4.38095
4.23911
4.08492
3.91897
3.74253
3.55713
3.36426
3.16574
2.96412
2.76229
2.56292
2.3684
2.18085
2.00106
1.82961
1.66694
1.51294
1.36724
1.22936
1.0986
0.974133
0.855159
0.741048
0.631359
0.525644
0.423152
0.322732
0.223233
0.123965
0.0238255
)
;
    }
    rightWall
    {
        type            fixedFluxPressure;
        gradient        uniform 0;
        value           nonuniform List<scalar> 
100
(
1836.59
1890.63
2013.7
1986.91
1897.86
1777.79
1519.58
1307.55
886.658
668.848
753.117
567.104
213.641
214.485
1228.22
1592.09
1612.24
1671
1784.9
1866.42
7.36335
51.7698
51.786
53.3622
56.0379
58.5733
52.298
58.8542
57.4221
64.8524
68.702
70.9121
60.1155
50.9022
62.4391
64.1719
11.6097
332.804
406.769
418.55
429.844
398.785
0.814212
138.354
141.973
-0.405291
-0.316713
-0.28676
-0.260287
-0.234266
1834.94
1855.59
1972.6
2017.67
1941.55
1850.86
1647.75
1406.86
1149.01
691.17
697.362
792.498
228.156
213.245
392.91
1552.24
1613.87
1620.67
1737.42
1818.22
863.267
17.7408
52.7878
39.2215
54.7034
57.3729
56.1362
57.3435
60.3652
28.5344
67.3922
69.6195
71.9638
17.2191
61.5273
63.3304
59.3242
40.723
400.709
412.68
424.346
434.417
44.9962
17.688
140.285
49.5084
-0.351851
-0.300227
-0.273055
-0.247814
)
;
    }
    lowerWall
    {
        type            fixedFluxPressure;
        gradient        uniform 0;
        value           nonuniform List<scalar> 
124
(
511.031
510.162
512.673
523.07
544.701
568.078
591.816
617.201
643.246
669.012
694.067
718.346
741.918
764.837
786.475
800.01
810.82
837.24
836.932
841.461
850.44
913.911
931.711
929.685
919.703
907.372
898.61
893.789
891.483
889.489
888.649
855.613
824.428
791.964
749.596
427.536
443.157
448.726
468.433
494.14
285.756
287.637
245.398
396.069
304.28
294.808
295.688
330.276
843.466
879.15
915.507
1046.01
1272.49
1215.79
1170.87
914.237
754.474
746.684
811.881
1125.2
1643.9
1834.94
511.992
510.299
510.862
516.435
532.947
556.515
579.738
604.345
630.215
656.2
681.639
706.3
730.215
753.471
775.875
795.241
804.372
822.924
843.338
833.361
845.218
875.313
935.143
871.288
839.509
808.954
772.614
427.536
340.35
286.481
304.314
280.274
568.584
892.412
881.489
972.411
1151.08
1330.86
1179.66
1058.67
809.465
739.037
768.166
916.044
1412.71
1753.51
931.711
925.495
913.331
902.42
895.786
892.489
890.387
889.284
434.809
445.581
456.515
481.077
418.255
287.739
245.04
597.591
)
;
    }
    atmosphere
    {
        type            totalPressure;
        rho             rho;
        psi             none;
        gamma           1;
        p0              uniform 0;
        value           nonuniform List<scalar> 
92
(
0
0
0
0
0
0
0
0
0
0
0
0
0
0
0
0
0
0
0
0
0
-0.000630122
-0.0045361
-0.00832265
-0.0118258
-0.0157054
-0.0198282
-0.0282111
-0.0361653
-0.038366
-0.0294406
-0.00816262
0
0
-0.598846
-0.402727
-0.253785
-0.215551
-0.211992
-0.215387
-0.21696
-0.21668
-0.217039
-0.219802
-0.224979
-0.225978
0
0
0
0
0
0
0
0
0
0
0
0
0
0
0
0
0
0
0
0
0
-4.97943e-06
-0.00218513
-0.00674282
-0.0100197
-0.0137263
-0.017746
-0.0233517
-0.0326315
-0.0382686
-0.0356404
-0.0196363
-0.000162727
0
-0.183007
-0.529602
-0.304714
-0.227679
-0.211414
-0.213677
-0.216482
-0.216853
-0.216704
-0.218416
-0.223384
-0.229518
)
;
    }
    defaultFaces
    {
        type            empty;
    }
}


// ************************************************************************* //
