/*--------------------------------*- C++ -*----------------------------------*\
| =========                 |                                                 |
| \\      /  F ield         | OpenFOAM: The Open Source CFD Toolbox           |
|  \\    /   O peration     | Version:  v1912                                 |
|   \\  /    A nd           | Website:  www.openfoam.com                      |
|    \\/     M anipulation  |                                                 |
\*---------------------------------------------------------------------------*/
FoamFile
{
    version     2.0;
    format      ascii;
    class       volScalarField;
    location    "0.1";
    object      p;
}
// * * * * * * * * * * * * * * * * * * * * * * * * * * * * * * * * * * * * * //

dimensions      [1 -1 -2 0 0 0 0];


internalField   nonuniform List<scalar> 
9072
(
1915.05
1939.28
1924.21
1900.44
1867.4
1824.48
1770.94
1705.83
1627.99
1536.04
1428.41
1303.32
1159
994.37
810.548
610.844
409.84
242.798
120.812
49.7958
13.5659
6.41843
5.99778
1856.33
1880.49
1865.42
1841.64
1808.58
1765.64
1712.05
1646.87
1568.91
1476.78
1368.88
1243.36
1098.36
932.537
747.037
544.952
342.109
175.545
64.3315
11.973
6.79785
5.03315
5.66103
1797.73
1821.79
1806.73
1782.93
1749.83
1706.83
1653.13
1587.78
1509.56
1417.02
1308.49
1181.99
1035.37
866.94
677.535
468.869
259.361
93.9101
15.8355
3.82515
2.20481
3.00672
4.54064
1739.26
1763.2
1748.15
1724.32
1691.17
1648.07
1594.22
1528.61
1449.99
1356.85
1247.4
1119.4
970.237
797.759
601.736
380.322
154.992
19.0463
2.81087
1.7812
1.68203
1.90573
3.4968
1680.97
1704.75
1689.71
1665.84
1632.63
1589.43
1535.38
1469.45
1390.34
1296.45
1185.8
1055.81
903.336
725.441
519.371
275.39
46.6471
3.13512
1.4779
1.38281
1.51921
1.78017
2.70843
1622.89
1646.49
1631.45
1607.55
1574.28
1530.96
1476.69
1410.41
1330.74
1235.98
1123.9
991.564
835.111
650.502
430.898
152.918
8.73761
1.50109
1.14271
1.2476
1.39996
1.63843
2.1307
1565.07
1588.46
1573.42
1549.51
1516.17
1472.73
1418.24
1351.57
1271.33
1175.62
1061.95
927.047
766.169
573.996
337.125
50.2842
2.63938
0.937471
0.970848
1.10857
1.24785
1.43222
1.64643
1507.51
1530.71
1515.67
1491.72
1458.33
1414.77
1360.08
1293.06
1212.24
1115.57
1000.27
862.695
697.178
497.715
237.09
14.0907
1.07147
0.71579
0.833135
0.966484
1.08733
1.199
1.2072
0.583927
0.61615
0.615043
0.608749
0.598761
0.586845
0.574181
0.561497
0.549276
0.537806
0.527272
0.517782
0.509402
0.502167
0.496091
0.491178
0.487432
0.484852
0.483432
0.523625
0.557206
0.556495
0.550196
0.540111
0.528087
0.515328
0.502587
0.490328
0.478832
0.468284
0.458786
0.450401
0.443163
0.437085
0.432172
0.428427
0.425848
0.424434
0.461762
0.49814
0.498527
0.492184
0.481812
0.4695
0.4565
0.443589
0.431216
0.419652
0.409064
0.399544
0.391147
0.383901
0.37782
0.372909
0.369167
0.366593
0.365182
0.39788
0.439161
0.441264
0.434724
0.42386
0.411061
0.397673
0.384486
0.371934
0.36026
0.349606
0.340051
0.331636
0.324383
0.318299
0.313391
0.309655
0.307083
0.305667
0.330553
0.38011
0.384872
0.37785
0.366226
0.35274
0.338819
0.32526
0.312468
0.300647
0.289906
0.280303
0.271866
0.264604
0.258522
0.25362
0.249889
0.24732
0.245916
0.254369
0.321212
0.329412
0.321514
0.308848
0.294484
0.279902
0.265885
0.2528
0.240802
0.229958
0.220298
0.211835
0.204565
0.198487
0.193594
0.189869
0.187304
0.185884
0.171935
0.260259
0.274713
0.26566
0.251646
0.236222
0.220867
0.206327
0.192909
0.180711
0.169752
0.160032
0.151542
0.144266
0.138194
0.133309
0.129595
0.127039
0.125643
0.0862158
0.202077
0.220069
0.210161
0.194489
0.177858
0.161656
0.146551
0.132774
0.120359
0.109277
0.0994963
0.0909822
0.0837045
0.0776404
0.0727682
0.0690684
0.0665244
0.0651133
1402.33
1457.04
1441.99
1418.01
1384.54
1340.84
1285.91
1218.47
1136.92
1039
921.62
780.599
609.198
401.945
111.644
3.12593
0.493559
0.554953
0.669409
0.780354
0.870016
0.90556
0.705143
1283.12
1336.54
1321.55
1297.59
1264.13
1220.38
1165.26
1097.41
1015.02
915.576
795.592
650.236
471.964
249.261
12.4088
0.33657
0.219539
0.315703
0.409817
0.493294
0.549373
0.547507
0.425842
1166.57
1218.45
1203.61
1179.85
1146.64
1103.15
1048.28
980.583
898.135
798.331
677.52
530.557
351.854
112.144
1.2183
-0.110282
-0.00227596
0.0850709
0.165968
0.232909
0.277524
0.286799
0.243391
1053.24
1103.37
1088.82
1065.47
1032.8
990.003
935.957
869.195
787.803
689.232
569.984
424.911
252.438
21.9825
-0.196782
-0.304504
-0.216952
-0.137421
-0.0671799
-0.00992068
0.028995
0.0430004
0.0276319
943.644
991.861
977.727
955.032
923.27
881.662
829.128
764.25
685.2
589.627
474.455
334.725
170.037
2.62262
-0.572397
-0.493663
-0.423207
-0.352628
-0.290295
-0.238972
-0.202079
-0.18277
-0.183332
838.192
884.402
870.846
849.086
818.636
778.76
728.464
666.439
591.018
500.134
391.315
260.379
102.711
-0.0658817
-0.787521
-0.69569
-0.626417
-0.561973
-0.504908
-0.457099
-0.421246
-0.398622
-0.390614
737.147
781.336
768.518
747.969
719.23
681.623
634.26
575.984
505.349
420.605
319.881
200.351
52.0726
-0.981474
-0.957988
-0.895233
-0.827246
-0.766104
-0.712315
-0.666697
-0.631088
-0.60602
-0.592488
640.644
682.858
670.934
651.842
625.177
590.343
546.561
492.837
427.96
350.495
259.059
152.259
17.6508
-1.1424
-1.1549
-1.0886
-1.0238
-0.965144
-0.91349
-0.869244
-0.833236
-0.806237
-0.788893
548.653
589.018
578.13
560.731
536.475
504.842
465.177
416.664
358.306
288.954
207.637
114.583
1.74324
-1.40014
-1.34986
-1.27656
-1.21594
-1.15952
-1.10924
-1.06561
-1.02899
-1.00035
-0.980097
461.036
499.708
489.979
474.465
452.869
424.772
389.636
346.82
295.537
234.856
164.044
84.3963
-1.10822
-1.70823
-1.55675
-1.46677
-1.40527
-1.34971
-1.29993
-1.25652
-1.21926
-1.1891
-1.16633
377.507
414.698
406.216
392.713
373.973
349.665
319.371
282.601
238.753
187.076
126.853
59.3669
-1.40925
-1.84813
-1.72808
-1.65165
-1.59012
-1.53528
-1.4859
-1.44245
-1.40459
-1.37298
-1.34796
297.689
333.643
326.473
315.085
299.318
278.951
253.682
223.152
186.939
144.455
94.9285
39.0694
-1.94851
-1.96344
-1.89206
-1.82773
-1.76974
-1.71652
-1.66784
-1.62393
-1.58531
-1.55244
-1.5255
221.083
256.108
250.245
241.003
228.261
211.875
191.679
167.464
138.975
105.778
67.0595
22.7162
-2.08955
-2.09025
-2.04864
-1.99728
-1.94587
-1.89499
-1.84637
-1.80165
-1.76193
-1.72776
-1.69908
147.089
181.353
176.816
169.676
159.909
147.45
132.249
114.258
93.3889
69.4193
41.6785
8.2571
-2.28543
-2.23538
-2.20134
-2.1659
-2.12124
-2.0721
-2.02255
-1.97611
-1.93486
-1.89904
-1.86864
74.1453
109.255
105.986
100.864
93.9309
85.1923
74.7038
62.5596
48.8713
33.7229
17.0883
-0.379574
-2.37086
-2.33576
-2.36071
-2.34489
-2.30225
-2.24984
-2.19707
-2.14778
-2.10408
-2.0663
-2.0343
15.4579
38.5328
36.5737
33.6625
29.9085
25.4817
20.5619
15.6239
11.1237
6.59143
1.83199
-1.0296
-1.93586
-2.44008
-2.56695
-2.54993
-2.49356
-2.43017
-2.36988
-2.3161
-2.26943
-2.22963
-2.19621
-3.57225
0.718585
0.258813
-0.421813
-1.21826
-2.07039
-2.87102
-3.47032
-3.83792
-4.02291
-4.32944
-4.38755
-3.20281
-3.10425
-2.91434
-2.79529
-2.69421
-2.60988
-2.53929
-2.48001
-2.43037
-2.38887
-2.35426
-3.62222
-3.58745
-3.5908
-3.61029
-3.63241
-3.66332
-3.70528
-3.76929
-3.87294
-4.03977
-4.31183
-4.63436
-4.57491
-4.04616
-3.32572
-3.04475
-2.88778
-2.78158
-2.70144
-2.63782
-2.58607
-2.54345
-2.50813
-3.69122
-3.65549
-3.65968
-3.67228
-3.68956
-3.7123
-3.74332
-3.79009
-3.86879
-4.01724
-4.33946
-4.89886
-5.18377
-4.18713
-3.53475
-3.22338
-3.04923
-2.93569
-2.85265
-2.78768
-2.73557
-2.69294
-2.65772
-3.74895
-3.71793
-3.72
-3.7274
-3.73747
-3.75173
-3.76944
-3.79425
-3.83827
-3.92247
-4.11107
-4.44406
-4.4484
-3.89105
-3.53259
-3.31564
-3.17156
-3.06943
-2.99111
-2.92899
-2.87877
-2.8374
-2.80316
-3.80509
-3.7747
-3.7757
-3.78055
-3.78522
-3.78832
-3.79293
-3.79834
-3.80736
-3.82623
-3.85776
-3.90292
-3.83151
-3.66332
-3.50851
-3.37585
-3.27134
-3.1878
-3.11927
-3.06289
-3.01627
-2.97727
-2.94472
-3.8649
-3.83432
-3.83417
-3.83513
-3.8333
-3.8291
-3.82265
-3.81262
-3.80123
-3.78921
-3.77302
-3.75046
-3.69888
-3.61861
-3.5273
-3.4413
-3.3657
-3.29908
-3.24091
-3.19132
-3.14912
-3.11313
-3.08283
-3.93076
-3.89683
-3.89523
-3.89252
-3.88692
-3.87663
-3.86182
-3.84285
-3.82077
-3.79663
-3.76784
-3.73435
-3.69167
-3.6391
-3.57906
-3.51932
-3.46198
-3.40818
-3.35927
-3.31613
-3.27839
-3.2459
-3.21814
-3.99954
-3.96405
-3.96146
-3.95615
-3.94755
-3.93307
-3.91282
-3.88943
-3.86505
-3.83804
-3.8073
-3.77422
-3.73815
-3.69677
-3.65231
-3.60673
-3.56152
-3.51759
-3.47629
-3.43872
-3.4054
-3.37656
-3.35118
-4.07387
-4.0355
-4.03237
-4.02519
-4.01329
-3.99615
-3.97467
-3.95147
-3.92695
-3.89966
-3.87077
-3.84107
-3.80861
-3.77381
-3.7382
-3.70201
-3.66527
-3.62845
-3.59302
-3.56024
-3.53124
-3.50566
-3.4823
-4.15163
-4.11094
-4.10687
-4.09818
-4.08448
-4.06691
-4.04668
-4.02448
-4.00034
-3.97522
-3.94975
-3.92261
-3.89346
-3.8639
-3.83433
-3.80391
-3.77225
-3.74041
-3.70977
-3.68168
-3.6565
-3.63339
-3.61185
-4.23277
-4.19026
-4.18527
-4.17594
-4.16197
-4.14439
-4.12485
-4.10426
-4.08317
-4.06168
-4.03866
-4.01356
-3.98773
-3.96208
-3.93594
-3.90867
-3.88078
-3.85339
-3.82755
-3.8036
-3.78111
-3.75986
-3.74033
-4.31649
-4.27211
-4.26658
-4.25676
-4.24282
-4.22621
-4.20855
-4.19071
-4.1725
-4.15285
-4.13129
-4.10878
-4.08633
-4.06368
-4.04003
-4.0157
-3.99164
-3.9685
-3.9465
-3.92531
-3.90487
-3.88565
-3.86829
-4.40277
-4.3565
-4.34961
-4.3396
-4.32725
-4.31357
-4.29906
-4.28356
-4.26656
-4.24801
-4.22864
-4.20917
-4.1895
-4.16893
-4.14741
-4.12583
-4.10494
-4.08481
-4.06531
-4.04642
-4.02834
-4.01143
-3.99582
-4.49
-4.44304
-4.43597
-4.42655
-4.41604
-4.4048
-4.39251
-4.37876
-4.36358
-4.34749
-4.3309
-4.31372
-4.2955
-4.2762
-4.25654
-4.23733
-4.21891
-4.20118
-4.18409
-4.16773
-4.15211
-4.13709
-4.12255
-4.57752
-4.53111
-4.52533
-4.5175
-4.50837
-4.49831
-4.4873
-4.47533
-4.46248
-4.44877
-4.43405
-4.41809
-4.40101
-4.38348
-4.36623
-4.34965
-4.33378
-4.31852
-4.3038
-4.28958
-4.27569
-4.26191
-4.24829
-4.66716
-4.62037
-4.61683
-4.61141
-4.60437
-4.59597
-4.58642
-4.57588
-4.56431
-4.55163
-4.53779
-4.523
-4.50779
-4.49275
-4.47817
-4.46409
-4.45042
-4.43707
-4.42397
-4.4111
-4.39836
-4.38575
-4.37348
-4.76094
-4.71272
-4.71087
-4.70766
-4.7029
-4.69649
-4.68851
-4.67907
-4.66832
-4.65646
-4.64378
-4.63072
-4.61767
-4.60484
-4.59228
-4.57991
-4.56767
-4.55555
-4.5436
-4.53188
-4.52041
-4.50931
-4.49875
-4.8587
-4.80888
-4.80756
-4.80518
-4.80149
-4.7963
-4.78956
-4.78138
-4.772
-4.76172
-4.75088
-4.7398
-4.72865
-4.71752
-4.70642
-4.69535
-4.68434
-4.67349
-4.66289
-4.65263
-4.64274
-4.6333
-4.62443
-4.95925
-4.90801
-4.90647
-4.90395
-4.90039
-4.89571
-4.88991
-4.88306
-4.87532
-4.86689
-4.85797
-4.84874
-4.8393
-4.82972
-4.82009
-4.81047
-4.80099
-4.79172
-4.78274
-4.77409
-4.76578
-4.75786
-4.75042
-5.06249
-5.00975
-5.00804
-5.00543
-5.00196
-4.99768
-4.99261
-4.98684
-4.98044
-4.97352
-4.96618
-4.95851
-4.95062
-4.94257
-4.93449
-4.92647
-4.9186
-4.91094
-4.90351
-4.89632
-4.8894
-4.88278
-4.87653
-5.16857
-5.11449
-5.11291
-5.1105
-5.10735
-5.10352
-5.0991
-5.09414
-5.08872
-5.0829
-5.07675
-5.07036
-5.06378
-5.05712
-5.05046
-5.04388
-5.03743
-5.03114
-5.02502
-5.01908
-5.01336
-5.00788
-5.00268
-5.2768
-5.22189
-5.22054
-5.21846
-5.21573
-5.21242
-5.20859
-5.20432
-5.19968
-5.19473
-5.18954
-5.18418
-5.17872
-5.17323
-5.16777
-5.16239
-5.15712
-5.15199
-5.147
-5.14216
-5.1375
-5.13306
-5.12883
-5.38631
-5.33095
-5.32982
-5.32808
-5.32578
-5.32297
-5.31972
-5.3161
-5.31217
-5.30802
-5.30369
-5.29926
-5.29478
-5.2903
-5.28587
-5.28153
-5.2773
-5.27321
-5.26925
-5.26543
-5.26177
-5.25831
-5.25502
-5.4965
-5.44096
-5.44004
-5.4386
-5.43669
-5.43437
-5.43168
-5.4287
-5.42548
-5.42209
-5.41858
-5.41501
-5.41143
-5.40789
-5.40441
-5.40104
-5.39779
-5.39467
-5.3917
-5.38887
-5.38618
-5.38364
-5.38125
-5.60736
-5.55154
-5.55081
-5.54967
-5.54814
-5.54629
-5.54416
-5.5418
-5.53927
-5.53661
-5.53389
-5.53116
-5.52844
-5.52579
-5.52324
-5.5208
-5.5185
-5.51634
-5.51433
-5.51245
-5.51071
-5.5091
-5.50759
-5.71808
-5.66291
-5.6624
-5.66152
-5.66034
-5.65891
-5.65727
-5.65547
-5.65356
-5.65159
-5.6496
-5.64765
-5.64576
-5.64396
-5.6423
-5.64077
-5.63939
-5.63817
-5.63711
-5.63619
-5.63539
-5.6347
-5.63406
-0.679064
-0.511366
-0.423509
-0.235505
0.167943
-0.0413429
-0.0881225
-0.0609899
0.157088
0.107436
0.0690266
0.0395531
-0.00683327
-0.0303158
-0.0546581
-0.0785186
-0.198952
-0.21081
-0.224818
-0.240722
-0.394895
-0.400207
-0.407795
-0.41752
-0.589616
-0.590628
-0.593791
-0.59883
-0.781015
-0.778896
-0.778727
-0.780324
-0.96845
-0.963975
-0.961349
-0.960361
-1.15179
-1.14567
-1.1412
-1.13803
-1.33123
-1.32387
-1.31781
-1.31274
-1.50686
-1.49835
-1.49089
-1.48428
-1.67865
-1.66906
-1.66043
-1.65261
-1.84665
-1.83614
-1.82652
-1.81771
-2.01097
-1.99967
-1.98921
-1.97956
-2.17173
-2.15972
-2.14855
-2.1382
-2.32886
-2.31635
-2.30465
-2.29377
-2.48229
-2.46953
-2.4575
-2.44622
-2.63203
-2.61924
-2.60705
-2.59556
-2.77811
-2.7655
-2.75337
-2.74191
-2.9207
-2.90847
-2.89665
-2.88547
-3.06014
-3.04843
-3.03714
-3.02648
-3.19682
-3.18573
-3.17519
-3.16521
-3.33114
-3.32078
-3.31116
-3.3019
-3.46359
-3.45411
-3.44538
-3.43668
-3.59474
-3.58614
-3.57797
-3.56954
-3.725
-3.71701
-3.70896
-3.70066
-3.85438
-3.84657
-3.8385
-3.83052
-3.98266
-3.97488
-3.96709
-3.95985
-4.10986
-4.10242
-4.09544
-4.08921
-4.23647
-4.22989
-4.22398
-4.21873
-4.36312
-4.35762
-4.35271
-4.34822
-4.49006
-4.48554
-4.4814
-4.4775
-4.6172
-4.61343
-4.60989
-4.60649
-4.74436
-4.74118
-4.73815
-4.7352
-4.87144
-4.86876
-4.86618
-4.86366
-4.99844
-4.99622
-4.99407
-4.99196
-5.1254
-5.1236
-5.12186
-5.12016
-5.25234
-5.25096
-5.24961
-5.24829
-5.37931
-5.37832
-5.37736
-5.37642
-5.50636
-5.50575
-5.50515
-5.50457
-5.63353
-5.63328
-5.63304
-5.6328
-0.0106622
0.131337
0.151556
0.139331
0.121243
0.10275
0.0854032
0.069561
0.0553145
0.0426175
0.0313822
0.0215287
0.0129918
0.00572061
-0.000324417
-0.00517351
-0.00884968
-0.0113726
-0.0127447
0.0125177
0.0612241
0.0460969
0.0217315
-0.00186488
-0.0234303
-0.0426208
-0.0595941
-0.0745306
-0.0876172
-0.0990428
-0.108963
-0.117492
-0.124716
-0.130697
-0.135482
-0.139102
-0.141582
-0.142937
0.00785236
-0.0317735
-0.0682086
-0.100964
-0.128809
-0.152632
-0.173109
-0.190843
-0.206202
-0.219477
-0.230942
-0.240816
-0.249253
-0.256367
-0.26224
-0.266926
-0.270464
-0.272885
-0.274207
-0.110009
-0.157592
-0.197747
-0.232337
-0.26135
-0.28579
-0.306617
-0.324529
-0.339913
-0.353094
-0.364396
-0.374077
-0.382315
-0.389241
-0.394944
-0.399486
-0.402909
-0.40525
-0.406528
-0.2642
-0.304233
-0.340296
-0.372346
-0.39982
-0.423235
-0.443398
-0.460823
-0.475769
-0.488526
-0.499431
-0.508753
-0.516671
-0.523316
-0.528781
-0.533129
-0.536404
-0.53864
-0.539861
-0.433071
-0.462816
-0.492061
-0.519389
-0.543564
-0.56472
-0.583367
-0.599686
-0.613735
-0.625737
-0.63601
-0.644802
-0.652272
-0.658542
-0.663702
-0.667806
-0.670896
-0.673007
-0.674158
-0.607868
-0.627913
-0.64979
-0.671507
-0.691488
-0.709662
-0.726192
-0.740899
-0.753655
-0.764614
-0.774043
-0.782144
-0.789048
-0.794856
-0.799643
-0.803454
-0.806325
-0.808286
-0.809356
-0.784456
-0.796141
-0.810954
-0.826916
-0.842456
-0.857346
-0.871387
-0.884113
-0.895276
-0.904964
-0.913377
-0.920658
-0.926897
-0.932165
-0.936518
-0.939989
-0.942608
-0.944399
-0.945375
-0.960625
-0.965305
-0.973742
-0.984275
-0.99552
-1.00707
-1.01842
-1.02895
-1.03832
-1.04659
-1.05386
-1.06022
-1.06572
-1.07038
-1.07425
-1.07735
-1.07969
-1.08129
-1.08217
-1.13506
-1.13397
-1.13693
-1.1426
-1.14985
-1.15813
-1.16674
-1.17496
-1.18247
-1.18923
-1.1953
-1.20067
-1.20536
-1.20938
-1.21274
-1.21543
-1.21747
-1.21887
-1.21964
-1.30712
-1.30137
-1.29973
-1.30114
-1.30474
-1.3099
-1.31581
-1.32176
-1.3274
-1.33265
-1.33748
-1.34184
-1.3457
-1.34904
-1.35186
-1.35413
-1.35586
-1.35706
-1.35771
-1.47658
-1.46707
-1.46155
-1.45926
-1.45958
-1.46185
-1.4652
-1.46898
-1.47282
-1.4766
-1.48021
-1.48356
-1.48658
-1.48923
-1.4915
-1.49335
-1.49477
-1.49575
-1.49629
-1.64327
-1.63067
-1.62191
-1.61647
-1.6139
-1.61354
-1.61456
-1.61633
-1.6185
-1.62087
-1.6233
-1.62566
-1.62785
-1.62984
-1.63156
-1.63298
-1.63409
-1.63485
-1.63527
-1.80704
-1.79191
-1.78048
-1.77241
-1.76734
-1.76465
-1.76358
-1.76355
-1.76419
-1.76526
-1.76657
-1.76799
-1.7694
-1.77073
-1.77192
-1.77294
-1.77373
-1.77429
-1.77459
-1.96779
-1.95062
-1.93706
-1.92683
-1.91964
-1.91493
-1.91205
-1.91044
-1.90971
-1.90959
-1.90988
-1.91042
-1.91108
-1.9118
-1.91249
-1.91311
-1.9136
-1.91396
-1.91415
-2.12553
-2.10675
-2.09154
-2.07957
-2.07062
-2.06422
-2.0598
-2.05683
-2.05489
-2.05371
-2.05308
-2.05281
-2.0528
-2.05294
-2.05316
-2.05341
-2.05362
-2.05379
-2.05388
-2.28036
-2.26035
-2.24387
-2.23054
-2.22016
-2.21238
-2.2067
-2.20259
-2.19962
-2.19751
-2.19605
-2.19507
-2.19444
-2.19405
-2.19385
-2.19375
-2.19371
-2.1937
-2.1937
-2.4323
-2.41149
-2.39409
-2.37968
-2.36819
-2.35935
-2.35267
-2.34761
-2.34378
-2.34087
-2.3387
-2.33709
-2.33591
-2.33506
-2.33447
-2.33406
-2.33379
-2.33362
-2.33353
-2.58142
-2.56023
-2.54221
-2.527
-2.51469
-2.50507
-2.49763
-2.49184
-2.48729
-2.48373
-2.48095
-2.4788
-2.47715
-2.4759
-2.47496
-2.47428
-2.4738
-2.47349
-2.47332
-2.72785
-2.70662
-2.68822
-2.6725
-2.65967
-2.64955
-2.64158
-2.63522
-2.63012
-2.62602
-2.62275
-2.62015
-2.61809
-2.61649
-2.61526
-2.61434
-2.61368
-2.61325
-2.61302
-2.87175
-2.85071
-2.83215
-2.81621
-2.80318
-2.7928
-2.78449
-2.77774
-2.77222
-2.76771
-2.76404
-2.76107
-2.75868
-2.75679
-2.75532
-2.7542
-2.75339
-2.75285
-2.75256
-3.01326
-2.99255
-2.97406
-2.95822
-2.94527
-2.93486
-2.92639
-2.91939
-2.91357
-2.90875
-2.90478
-2.90153
-2.89889
-2.89677
-2.89509
-2.89381
-2.89287
-2.89224
-2.8919
-3.15254
-3.13228
-3.11412
-3.09869
-3.08609
-3.07582
-3.06731
-3.06018
-3.05418
-3.04917
-3.04499
-3.04153
-3.03869
-3.0364
-3.03457
-3.03315
-3.03211
-3.03141
-3.03103
-3.2897
-3.27001
-3.25252
-3.2378
-3.22572
-3.21572
-3.20729
-3.20014
-3.19407
-3.18894
-3.18463
-3.18104
-3.17807
-3.17565
-3.17371
-3.1722
-3.17108
-3.17033
-3.16992
-3.42484
-3.40598
-3.38949
-3.37572
-3.36427
-3.35463
-3.34638
-3.3393
-3.33325
-3.32809
-3.32372
-3.32006
-3.31701
-3.31451
-3.3125
-3.31093
-3.30977
-3.30897
-3.30854
-3.55814
-3.5405
-3.52533
-3.51261
-3.50185
-3.49262
-3.48463
-3.47771
-3.47174
-3.46663
-3.46228
-3.4586
-3.45552
-3.45299
-3.45094
-3.44934
-3.44814
-3.44733
-3.44689
-3.68999
-3.67397
-3.66027
-3.64861
-3.63855
-3.62977
-3.6221
-3.61541
-3.6096
-3.6046
-3.60031
-3.59667
-3.59361
-3.59107
-3.58902
-3.58741
-3.58621
-3.58539
-3.58494
-3.82097
-3.80677
-3.7945
-3.78382
-3.77444
-3.76616
-3.75886
-3.75245
-3.74686
-3.74202
-3.73784
-3.73428
-3.73128
-3.72878
-3.72675
-3.72516
-3.72396
-3.72315
-3.72271
-3.9516
-3.93912
-3.92811
-3.91833
-3.90961
-3.90185
-3.89496
-3.88889
-3.88356
-3.87892
-3.87491
-3.87147
-3.86855
-3.86612
-3.86415
-3.86259
-3.86142
-3.86062
-3.86019
-4.08216
-4.0711
-4.06116
-4.0522
-4.04414
-4.03692
-4.03048
-4.02478
-4.01975
-4.01535
-4.01153
-4.00824
-4.00545
-4.00312
-4.00121
-3.9997
-3.99857
-3.9978
-3.99738
-4.21261
-4.20271
-4.19369
-4.1855
-4.1781
-4.17143
-4.16547
-4.16016
-4.15546
-4.15134
-4.14774
-4.14463
-4.14199
-4.13977
-4.13796
-4.13652
-4.13544
-4.13471
-4.13431
-4.34282
-4.33391
-4.32575
-4.3183
-4.31155
-4.30545
-4.29998
-4.29509
-4.29075
-4.28692
-4.28357
-4.28067
-4.2782
-4.27612
-4.27442
-4.27306
-4.27205
-4.27135
-4.27097
-4.47271
-4.46471
-4.45737
-4.45067
-4.44457
-4.43904
-4.43407
-4.42961
-4.42564
-4.42214
-4.41906
-4.41639
-4.41411
-4.41218
-4.4106
-4.40935
-4.4084
-4.40775
-4.4074
-4.60225
-4.59515
-4.58862
-4.58265
-4.5772
-4.57226
-4.56779
-4.56378
-4.5602
-4.55703
-4.55424
-4.55181
-4.54973
-4.54798
-4.54654
-4.54539
-4.54452
-4.54393
-4.54361
-4.73149
-4.72528
-4.71955
-4.7143
-4.70951
-4.70514
-4.70119
-4.69764
-4.69446
-4.69163
-4.68914
-4.68697
-4.68511
-4.68354
-4.68224
-4.68121
-4.68043
-4.6799
-4.67961
-4.86048
-4.85514
-4.8502
-4.84567
-4.84152
-4.83774
-4.83431
-4.83122
-4.82844
-4.82597
-4.82379
-4.82189
-4.82026
-4.81888
-4.81774
-4.81683
-4.81614
-4.81567
-4.81541
-4.9893
-4.98481
-4.98065
-4.97683
-4.97332
-4.97012
-4.96721
-4.96458
-4.96222
-4.96011
-4.95825
-4.95663
-4.95523
-4.95404
-4.95306
-4.95228
-4.95169
-4.95128
-4.95106
-5.11799
-5.11433
-5.11094
-5.10781
-5.10494
-5.10232
-5.09993
-5.09776
-5.09581
-5.09407
-5.09253
-5.09119
-5.09003
-5.08905
-5.08823
-5.08758
-5.08709
-5.08675
-5.08657
-5.2466
-5.24376
-5.24111
-5.23867
-5.23643
-5.23437
-5.23249
-5.23079
-5.22926
-5.22789
-5.22668
-5.22562
-5.2247
-5.22392
-5.22328
-5.22276
-5.22237
-5.2221
-5.22196
-5.37519
-5.37313
-5.37122
-5.36945
-5.36782
-5.36633
-5.36496
-5.36372
-5.3626
-5.3616
-5.36072
-5.35994
-5.35927
-5.3587
-5.35822
-5.35784
-5.35756
-5.35736
-5.35725
-5.5038
-5.50251
-5.50131
-5.50019
-5.49917
-5.49823
-5.49737
-5.49658
-5.49588
-5.49524
-5.49468
-5.49419
-5.49376
-5.4934
-5.4931
-5.49286
-5.49267
-5.49255
-5.49248
-5.63247
-5.63192
-5.63142
-5.63094
-5.63051
-5.63011
-5.62975
-5.62941
-5.62911
-5.62884
-5.62861
-5.6284
-5.62821
-5.62806
-5.62793
-5.62782
-5.62775
-5.62769
-5.62766
1943.34
1932.8
1913.45
1885.11
1847.22
1799.09
1739.9
1668.59
1583.87
1484.3
1368.16
1233.66
1079.24
904.671
712.344
508.489
320.14
177.422
75.8274
29.2817
7.92452
6.08314
5.95462
1884.57
1874
1854.66
1826.31
1788.39
1740.23
1680.98
1609.57
1524.71
1424.91
1308.44
1173.4
1018.06
842.071
647.715
441.451
252.301
112.909
28.3431
11.6539
5.0936
5.48096
5.69756
1825.92
1815.31
1795.97
1767.58
1729.62
1681.37
1621.98
1550.36
1465.17
1364.87
1247.62
1111.33
953.895
774.763
575.274
361.604
168.492
41.63
6.39917
2.56066
2.09509
3.98162
4.76563
1767.38
1756.73
1737.37
1708.94
1670.91
1622.55
1562.96
1491.02
1405.34
1304.3
1185.87
1047.64
886.932
702.8
493.996
264.65
66.8457
5.50668
2.01496
1.69113
1.66627
2.80829
3.73777
1708.98
1698.29
1678.92
1650.44
1612.33
1563.82
1503.98
1431.64
1345.35
1243.37
1123.4
982.612
817.652
626.385
402.587
145.027
10.0053
1.86711
1.35635
1.46133
1.56532
2.26965
2.89654
1650.76
1640.02
1620.64
1592.13
1553.93
1505.25
1445.13
1372.34
1285.37
1182.27
1060.47
916.641
746.534
546.115
299.268
41.8426
2.71901
1.19094
1.17608
1.32783
1.47875
1.90954
2.22955
1592.77
1582
1562.61
1534.06
1495.77
1446.93
1386.51
1313.25
1225.55
1121.22
997.402
850.211
674.318
463.623
185.517
9.86705
1.21603
0.929415
1.0353
1.17987
1.32369
1.56425
1.64563
1535.05
1524.25
1504.84
1476.25
1437.88
1388.89
1328.19
1254.49
1166.05
1060.45
934.551
783.868
601.998
380.562
78.782
3.09799
0.721417
0.769317
0.90113
1.02817
1.14379
1.23335
1.04415
0.61517
0.616233
0.612486
0.604093
0.592959
0.580557
0.567805
0.555307
0.543434
0.532414
0.522391
0.51345
0.50564
0.498984
0.49349
0.48916
0.485996
0.483999
0.483149
0.555826
0.557572
0.553958
0.545495
0.534252
0.521744
0.508921
0.496377
0.484471
0.473432
0.463399
0.454452
0.446637
0.439978
0.434482
0.430154
0.426992
0.424996
0.424159
0.495776
0.499282
0.496028
0.48735
0.475802
0.463028
0.449999
0.437315
0.425321
0.414228
0.404166
0.395203
0.387379
0.380715
0.375218
0.370892
0.367734
0.365741
0.364911
0.434838
0.441606
0.438742
0.429654
0.417599
0.404382
0.391021
0.378113
0.365977
0.3548
0.344688
0.3357
0.327864
0.321194
0.315698
0.311377
0.308224
0.306233
0.305386
0.371678
0.384782
0.382182
0.372405
0.359604
0.345774
0.331962
0.318752
0.306428
0.295137
0.28496
0.275938
0.268088
0.261415
0.255924
0.251609
0.24846
0.24647
0.24565
0.304619
0.329104
0.326324
0.315543
0.301756
0.287159
0.272792
0.259213
0.24666
0.235233
0.224978
0.215917
0.208051
0.201378
0.195894
0.191587
0.188442
0.186453
0.185597
0.228801
0.2741
0.271093
0.258998
0.244005
0.228476
0.213469
0.199469
0.186656
0.175076
0.164737
0.155634
0.147753
0.14108
0.135604
0.131307
0.128173
0.126193
0.12538
0.162937
0.218824
0.216256
0.20265
0.186191
0.169647
0.153945
0.139491
0.126398
0.114654
0.104226
0.0950832
0.0871904
0.080522
0.0750566
0.0707729
0.067653
0.0656809
0.0648239
1461.36
1450.58
1431.15
1402.5
1364.03
1314.85
1253.84
1179.58
1090.18
982.975
854.404
699.171
510.624
270.345
17.1089
0.800834
0.499887
0.611018
0.726545
0.829084
0.898933
0.855066
0.129243
1340.88
1330.11
1310.72
1282.09
1243.6
1194.32
1133.03
1058.17
967.616
858.416
726.509
565.454
370.339
99.2465
1.79402
0.174851
0.271676
0.362791
0.453936
0.526067
0.557947
0.503405
0.326634
1222.78
1212.1
1192.88
1164.47
1126.24
1077.22
1016.14
941.348
850.597
740.817
607.849
444.589
247.47
11.4429
0.0236648
-0.0536808
0.0407972
0.127042
0.201581
0.258677
0.287457
0.273732
0.199173
1107.64
1097.15
1078.27
1050.34
1012.73
964.468
904.273
830.473
740.856
632.416
501.325
341.365
140.475
1.44729
-0.356923
-0.255776
-0.17654
-0.100791
-0.0366977
0.0122517
0.0395238
0.0390314
0.00962499
996.005
985.829
967.476
940.326
903.756
856.841
798.337
726.634
639.66
534.644
408.264
256.786
58.6566
-0.359295
-0.539633
-0.460508
-0.387124
-0.320182
-0.263089
-0.218489
-0.190052
-0.18053
-0.190984
888.367
878.621
861.016
834.987
799.932
754.989
699.014
630.528
547.675
448.046
328.83
189.628
11.0426
-0.696416
-0.72648
-0.661195
-0.593398
-0.532435
-0.479642
-0.437581
-0.408199
-0.392755
-0.391999
785.064
775.87
759.233
734.661
701.585
659.226
606.569
542.32
464.895
372.287
262.026
135.942
0.815942
-1.05716
-0.929993
-0.860267
-0.795624
-0.738331
-0.688338
-0.64761
-0.617156
-0.597809
-0.589944
686.297
677.772
662.305
639.489
608.825
569.627
521.013
461.884
390.945
306.602
206.533
91.9841
-0.459105
-1.24787
-1.12495
-1.05588
-0.9934
-0.938501
-0.890365
-0.850182
-0.818531
-0.796396
-0.783621
592.119
584.371
570.261
549.489
521.619
486.06
442.086
388.791
325.136
249.942
161.218
58.0866
-1.29435
-1.34218
-1.30602
-1.24656
-1.18684
-1.13363
-1.08655
-1.04636
-1.01363
-0.989218
-0.972769
502.44
495.548
482.962
464.451
439.663
408.12
369.233
322.298
266.494
200.966
124.15
32.8537
-1.66026
-1.55238
-1.49628
-1.43539
-1.37675
-1.32403
-1.27746
-1.23709
-1.20322
-1.17685
-1.15738
417.032
411.069
400.104
384.016
362.541
335.296
301.832
261.61
214.009
158.394
93.503
14.5843
-1.80356
-1.75628
-1.68621
-1.61992
-1.56202
-1.50988
-1.46344
-1.42282
-1.38795
-1.35968
-1.33775
335.574
330.567
321.318
307.763
289.727
266.951
239.097
205.79
166.583
121.005
68.1975
3.13638
-2.12498
-1.9389
-1.86057
-1.79826
-1.74251
-1.69164
-1.64525
-1.6039
-1.56816
-1.53823
-1.51419
257.646
253.578
246.055
235.082
220.538
202.272
180.098
153.792
123.068
87.5749
47.0298
-1.48919
-2.1497
-2.08335
-2.02419
-1.97162
-1.92032
-1.87022
-1.82348
-1.78112
-1.74413
-1.71275
-1.68677
182.415
179.408
173.575
165.13
154.026
140.2
123.611
104.193
81.8339
56.3211
27.9049
-2.206
-2.2692
-2.21587
-2.18456
-2.14454
-2.09697
-2.04713
-1.99872
-1.95483
-1.91626
-1.88316
-1.85545
109.947
107.801
103.624
97.5947
89.7507
80.1195
68.7847
55.8469
41.4206
25.5947
9.05849
-2.39952
-2.30553
-2.35035
-2.35602
-2.32588
-2.27641
-2.22325
-2.17181
-2.12516
-2.08447
-2.04959
-2.02034
38.8405
37.597
35.2642
31.8849
27.7777
23.0576
18.0573
13.2999
9.00648
3.8499
-0.0936373
-2.28027
-2.19613
-2.5306
-2.56562
-2.52375
-2.46191
-2.39931
-2.3421
-2.29189
-2.24869
-2.21218
-2.18159
0.751523
0.554693
-0.016446
-0.785101
-1.62008
-2.45816
-3.19069
-3.70726
-3.9243
-4.21444
-4.39887
-4.18751
-3.00197
-2.99837
-2.85241
-2.74245
-2.65013
-2.57305
-2.50834
-2.45409
-2.40868
-2.37079
-2.33912
-3.59133
-3.58202
-3.60074
-3.62056
-3.6465
-3.68237
-3.73298
-3.81523
-3.94508
-4.1598
-4.47294
-4.66085
-4.75672
-3.57157
-3.16235
-2.95704
-2.83048
-2.73902
-2.66792
-2.61066
-2.56374
-2.52498
-2.49273
-3.65476
-3.65637
-3.66547
-3.68054
-3.70019
-3.72644
-3.76409
-3.82376
-3.93101
-4.14565
-4.61703
-5.05866
-4.91136
-3.79996
-3.35305
-3.12581
-2.98735
-2.8914
-2.81831
-2.76025
-2.71323
-2.6745
-2.64243
-3.71809
-3.71792
-3.72304
-3.73202
-3.74385
-3.76039
-3.78017
-3.81322
-3.87323
-3.99599
-4.27351
-4.54375
-4.18505
-3.69178
-3.41279
-3.23675
-3.1167
-3.0279
-2.95833
-2.90262
-2.85711
-2.81946
-2.78828
-3.77548
-3.77495
-3.77773
-3.78323
-3.787
-3.79022
-3.79586
-3.80176
-3.81559
-3.83976
-3.88277
-3.88987
-3.74728
-3.5856
-3.43878
-3.32054
-3.22734
-3.15192
-3.08969
-3.03852
-2.9959
-2.96025
-2.93051
-3.83493
-3.83363
-3.8351
-3.8344
-3.83142
-3.82637
-3.8178
-3.80705
-3.79539
-3.78161
-3.7637
-3.72857
-3.66081
-3.57316
-3.48329
-3.40218
-3.33141
-3.26888
-3.21509
-3.1694
-3.13037
-3.09732
-3.06946
-3.89715
-3.89616
-3.894
-3.89042
-3.88221
-3.86987
-3.85276
-3.83207
-3.80921
-3.78271
-3.75204
-3.71432
-3.66673
-3.60948
-3.54889
-3.49031
-3.43453
-3.38301
-3.33704
-3.29657
-3.26152
-3.23149
-3.20565
-3.96435
-3.96321
-3.95908
-3.9524
-3.94123
-3.92334
-3.90151
-3.8773
-3.85203
-3.82307
-3.79098
-3.75673
-3.718
-3.67473
-3.62953
-3.58405
-3.53929
-3.49658
-3.45697
-3.42149
-3.39049
-3.36348
-3.33949
-4.03601
-4.03435
-4.02937
-4.01982
-4.00534
-3.9859
-3.96309
-3.93952
-3.91361
-3.88528
-3.85613
-3.82523
-3.79139
-3.75609
-3.72023
-3.6837
-3.6468
-3.61046
-3.5762
-3.54528
-3.5181
-3.49372
-3.47138
-4.11183
-4.10938
-4.10317
-4.09192
-4.07611
-4.05706
-4.03581
-4.01263
-3.98784
-3.96262
-3.9365
-3.90821
-3.87868
-3.84917
-3.81926
-3.78816
-3.75626
-3.72484
-3.69539
-3.66876
-3.64474
-3.62238
-3.60183
-4.19149
-4.18823
-4.1812
-4.16951
-4.15351
-4.13475
-4.11467
-4.09373
-4.07253
-4.05043
-4.02628
-4.00063
-3.97488
-3.94911
-3.9224
-3.89475
-3.86696
-3.84026
-3.81535
-3.79218
-3.77032
-3.74983
-3.73138
-4.2735
-4.26986
-4.26221
-4.25022
-4.23474
-4.21746
-4.19964
-4.18172
-4.1629
-4.14225
-4.12008
-4.09754
-4.07509
-4.052
-4.0279
-4.00361
-3.97993
-3.95736
-3.93581
-3.91498
-3.89507
-3.87671
-3.86029
-4.35851
-4.35346
-4.34496
-4.33367
-4.32054
-4.30641
-4.29146
-4.27527
-4.25745
-4.2384
-4.21892
-4.19942
-4.17937
-4.15825
-4.13656
-4.11527
-4.09477
-4.07498
-4.05579
-4.03726
-4.01974
-4.00346
-3.98841
-4.44523
-4.4399
-4.43146
-4.42139
-4.41052
-4.3988
-4.38581
-4.37132
-4.35562
-4.33924
-4.32239
-4.30475
-4.28593
-4.26634
-4.24683
-4.22802
-4.20997
-4.19256
-4.17583
-4.15983
-4.14454
-4.12974
-4.11546
-4.53286
-4.52853
-4.52162
-4.51306
-4.50345
-4.49293
-4.48143
-4.46901
-4.45573
-4.44154
-4.42622
-4.40964
-4.39224
-4.37479
-4.35786
-4.34165
-4.32609
-4.3111
-4.29663
-4.2826
-4.2688
-4.25504
-4.24165
-4.62138
-4.61885
-4.61434
-4.60808
-4.60033
-4.59134
-4.58128
-4.57023
-4.55812
-4.54486
-4.53049
-4.51542
-4.50024
-4.4854
-4.47108
-4.45721
-4.44371
-4.43048
-4.41751
-4.40471
-4.39204
-4.37953
-4.36759
-4.71323
-4.71196
-4.70945
-4.70548
-4.6999
-4.69269
-4.68396
-4.67385
-4.66251
-4.65019
-4.63727
-4.62418
-4.61122
-4.59852
-4.58607
-4.57377
-4.56159
-4.54954
-4.53771
-4.52611
-4.51482
-4.50393
-4.49375
-4.80923
-4.80834
-4.80652
-4.80352
-4.79909
-4.79311
-4.78563
-4.77682
-4.76695
-4.75635
-4.74535
-4.73422
-4.72308
-4.71196
-4.70088
-4.68983
-4.67889
-4.66815
-4.65772
-4.64763
-4.63796
-4.62877
-4.62025
-4.90845
-4.90736
-4.90534
-4.90231
-4.8982
-4.89295
-4.88661
-4.87929
-4.87118
-4.86248
-4.85339
-4.84404
-4.83452
-4.82491
-4.81527
-4.80571
-4.79632
-4.78719
-4.77838
-4.76988
-4.76177
-4.75406
-4.7469
-5.01025
-5.00901
-5.00684
-5.0038
-4.99991
-4.99524
-4.98981
-4.98371
-4.97704
-4.96989
-4.96238
-4.95459
-4.94661
-4.93853
-4.93047
-4.92252
-4.91474
-4.90719
-4.89988
-4.89282
-4.88605
-4.8796
-4.87357
-5.11495
-5.11381
-5.1118
-5.10901
-5.10551
-5.10138
-5.09668
-5.09148
-5.08585
-5.07986
-5.07358
-5.06709
-5.06046
-5.05379
-5.04716
-5.04064
-5.03427
-5.02806
-5.02203
-5.01619
-5.01059
-5.00524
-5.00021
-5.22228
-5.22131
-5.21959
-5.21718
-5.21415
-5.21056
-5.20651
-5.20204
-5.19724
-5.19216
-5.18688
-5.18146
-5.17598
-5.17049
-5.16507
-5.15974
-5.15454
-5.14947
-5.14456
-5.1398
-5.13525
-5.13091
-5.12682
-5.33128
-5.33047
-5.32903
-5.327
-5.32443
-5.32139
-5.31795
-5.31417
-5.31012
-5.30587
-5.30148
-5.29702
-5.29253
-5.28807
-5.28369
-5.2794
-5.27524
-5.27121
-5.26732
-5.26358
-5.26002
-5.25664
-5.25344
-5.44123
-5.44057
-5.43938
-5.4377
-5.43558
-5.43306
-5.43022
-5.42712
-5.4238
-5.42034
-5.4168
-5.41322
-5.40965
-5.40614
-5.40271
-5.3994
-5.39621
-5.39317
-5.39026
-5.3875
-5.38489
-5.38243
-5.38011
-5.55174
-5.55123
-5.55029
-5.54895
-5.54726
-5.54526
-5.54301
-5.54055
-5.53795
-5.53526
-5.53253
-5.5298
-5.52711
-5.5245
-5.522
-5.51963
-5.5174
-5.51531
-5.51337
-5.51156
-5.50989
-5.50833
-5.50686
-5.66303
-5.6627
-5.662
-5.66096
-5.65965
-5.65811
-5.65639
-5.65453
-5.65258
-5.65059
-5.64862
-5.64669
-5.64485
-5.64311
-5.64151
-5.64006
-5.63876
-5.63762
-5.63663
-5.63578
-5.63504
-5.63437
-5.63374
-0.598363
-0.485864
-0.336294
-0.141265
0.0446947
-0.080218
-0.0784463
-0.0335992
0.130633
0.087088
0.0532741
0.027105
-0.018225
-0.0425604
-0.0666094
-0.0903447
-0.204561
-0.217582
-0.232534
-0.24931
-0.397254
-0.403727
-0.412398
-0.423085
-0.589847
-0.591958
-0.596089
-0.601958
-0.779713
-0.778577
-0.779328
-0.781652
-0.965999
-0.962432
-0.960687
-0.960288
-1.14853
-1.14324
-1.13949
-1.13677
-1.32737
-1.32069
-1.31517
-1.3105
-1.50246
-1.4945
-1.48748
-1.48126
-1.67372
-1.66464
-1.65642
-1.64898
-1.84127
-1.83123
-1.82202
-1.81359
-2.00521
-1.99434
-1.98428
-1.97504
-2.16562
-2.15403
-2.14327
-2.13334
-2.3225
-2.3104
-2.29911
-2.28862
-2.47581
-2.46342
-2.45177
-2.44087
-2.62555
-2.61307
-2.60121
-2.59012
-2.77174
-2.75937
-2.74755
-2.7365
-2.91454
-2.9025
-2.89097
-2.88019
-3.05424
-3.04272
-3.03173
-3.0214
-3.19122
-3.18038
-3.17014
-3.16038
-3.32587
-3.31589
-3.30652
-3.29728
-3.45874
-3.44968
-3.44107
-3.4322
-3.59035
-3.58204
-3.57382
-3.5652
-3.72098
-3.71301
-3.70484
-3.69654
-3.85051
-3.84255
-3.83447
-3.82678
-3.9788
-3.97095
-3.96338
-3.9566
-4.10612
-4.09885
-4.09223
-4.08644
-4.23311
-4.22684
-4.22128
-4.21635
-4.36029
-4.3551
-4.35043
-4.34614
-4.48775
-4.48343
-4.47943
-4.47566
-4.61528
-4.61164
-4.60818
-4.60487
-4.74275
-4.73965
-4.73666
-4.73378
-4.87008
-4.86746
-4.86491
-4.86244
-4.99732
-4.99514
-4.99301
-4.99094
-5.12449
-5.12272
-5.12101
-5.11933
-5.25164
-5.25028
-5.24895
-5.24765
-5.37882
-5.37784
-5.37689
-5.37595
-5.50606
-5.50545
-5.50486
-5.50429
-5.63341
-5.63316
-5.63292
-5.63268
0.0803707
0.150535
0.146624
0.130532
0.111887
0.093903
0.0772838
0.0622393
0.0487782
0.0368227
0.026287
0.0170994
0.00920066
0.00254673
-0.002897
-0.00715703
-0.0102545
-0.0122042
-0.0130018
0.0509992
0.0567179
0.0338468
0.00977517
-0.0129527
-0.0333144
-0.0513735
-0.0673057
-0.0812925
-0.0935271
-0.104183
-0.113395
-0.121263
-0.127859
-0.133237
-0.137435
-0.140483
-0.142399
-0.1432
-0.0131544
-0.0501551
-0.0852621
-0.115423
-0.141187
-0.163244
-0.182293
-0.198801
-0.213081
-0.22542
-0.236067
-0.245206
-0.25297
-0.259455
-0.264729
-0.268836
-0.271812
-0.273683
-0.274463
-0.135208
-0.178286
-0.215794
-0.247477
-0.27408
-0.296602
-0.31591
-0.332517
-0.346758
-0.358962
-0.369428
-0.378367
-0.385935
-0.392241
-0.397358
-0.401335
-0.404213
-0.406021
-0.406777
-0.284793
-0.32269
-0.356893
-0.386639
-0.411982
-0.433681
-0.452435
-0.46859
-0.482399
-0.49419
-0.504278
-0.512878
-0.520146
-0.526192
-0.531092
-0.534898
-0.53765
-0.539377
-0.540097
-0.447946
-0.477558
-0.506079
-0.531885
-0.554483
-0.574337
-0.591817
-0.606985
-0.619971
-0.631072
-0.64058
-0.648694
-0.655551
-0.661257
-0.665884
-0.669476
-0.672073
-0.673702
-0.674381
-0.617571
-0.638719
-0.660809
-0.681741
-0.700782
-0.71814
-0.733788
-0.747517
-0.759342
-0.769505
-0.778251
-0.785738
-0.792082
-0.797374
-0.801669
-0.805005
-0.807418
-0.808933
-0.809562
-0.789834
-0.803251
-0.81893
-0.834769
-0.849986
-0.864501
-0.877939
-0.88989
-0.900291
-0.90932
-0.917154
-0.923903
-0.929649
-0.934454
-0.938362
-0.941404
-0.943607
-0.944989
-0.945563
-0.962447
-0.969128
-0.978868
-0.989843
-1.00128
-1.01282
-1.02382
-1.03378
-1.04259
-1.05034
-1.05715
-1.06308
-1.06815
-1.07242
-1.0759
-1.07861
-1.08058
-1.08182
-1.08233
-1.13398
-1.135
-1.13952
-1.14606
-1.1539
-1.16244
-1.17093
-1.17881
-1.18594
-1.19235
-1.19807
-1.2031
-1.20746
-1.21114
-1.21417
-1.21653
-1.21825
-1.21934
-1.21979
-1.3037
-1.30009
-1.30012
-1.3027
-1.30717
-1.31281
-1.31881
-1.32462
-1.33007
-1.33512
-1.33972
-1.34383
-1.34743
-1.35051
-1.35306
-1.35507
-1.35653
-1.35745
-1.35784
-1.47129
-1.46385
-1.46004
-1.45913
-1.46053
-1.46344
-1.46707
-1.4709
-1.47473
-1.47843
-1.48192
-1.48511
-1.48795
-1.49042
-1.49248
-1.49411
-1.49531
-1.49607
-1.49639
-1.63646
-1.62585
-1.6188
-1.61486
-1.6135
-1.61392
-1.61538
-1.61738
-1.61967
-1.62209
-1.62449
-1.62678
-1.62887
-1.63073
-1.63231
-1.63358
-1.63451
-1.63511
-1.63535
-1.79898
-1.78576
-1.77604
-1.76953
-1.76574
-1.76395
-1.76346
-1.7638
-1.76468
-1.7659
-1.76728
-1.7687
-1.77008
-1.77135
-1.77245
-1.77336
-1.77404
-1.77447
-1.77465
-1.95873
-1.94341
-1.93154
-1.92288
-1.91701
-1.9133
-1.91111
-1.90998
-1.90959
-1.90969
-1.91013
-1.91074
-1.91144
-1.91215
-1.91281
-1.91337
-1.9138
-1.91408
-1.91419
-2.11568
-2.09873
-2.08516
-2.07474
-2.06713
-2.0618
-2.05816
-2.05575
-2.05422
-2.05334
-2.05291
-2.05278
-2.05285
-2.05304
-2.05329
-2.05352
-2.05371
-2.05385
-2.0539
-2.26988
-2.2517
-2.23682
-2.225
-2.21597
-2.20931
-2.20448
-2.20098
-2.19847
-2.19671
-2.19551
-2.19472
-2.19422
-2.19393
-2.19379
-2.19372
-2.1937
-2.1937
-2.19369
-2.42143
-2.4024
-2.38652
-2.37358
-2.36346
-2.35577
-2.34997
-2.34556
-2.34222
-2.33971
-2.33784
-2.33645
-2.33545
-2.33474
-2.33424
-2.33391
-2.33369
-2.33357
-2.33351
-2.57038
-2.55086
-2.53425
-2.52049
-2.50957
-2.50112
-2.49456
-2.48943
-2.4854
-2.48226
-2.47981
-2.47792
-2.47648
-2.47539
-2.47459
-2.47402
-2.47363
-2.47339
-2.47329
-2.71684
-2.6971
-2.68001
-2.66572
-2.6543
-2.64533
-2.63823
-2.63253
-2.62795
-2.62429
-2.62137
-2.61905
-2.61723
-2.61583
-2.61477
-2.61398
-2.61344
-2.61311
-2.61297
-2.8609
-2.84113
-2.82383
-2.80933
-2.79769
-2.78842
-2.78095
-2.77485
-2.76985
-2.76578
-2.76247
-2.75981
-2.75768
-2.75601
-2.75472
-2.75376
-2.75309
-2.75267
-2.7525
-3.00264
-2.98302
-2.96578
-2.95139
-2.93979
-2.93042
-2.92272
-2.91634
-2.91105
-2.90667
-2.90307
-2.90014
-2.89777
-2.89588
-2.89441
-2.8933
-2.89252
-2.89203
-2.89182
-3.14219
-3.1229
-3.10604
-3.09206
-3.0807
-3.07137
-3.06359
-3.05705
-3.05156
-3.04698
-3.04317
-3.04004
-3.03748
-3.03543
-3.03381
-3.03259
-3.03172
-3.03118
-3.03095
-3.27965
-3.26094
-3.2448
-3.23146
-3.22049
-3.21133
-3.20357
-3.19698
-3.19139
-3.18669
-3.18275
-3.17948
-3.17679
-3.17462
-3.1729
-3.1716
-3.17066
-3.17008
-3.16983
-3.41519
-3.3974
-3.38228
-3.36974
-3.35926
-3.35034
-3.34271
-3.33616
-3.33056
-3.32581
-3.32181
-3.31847
-3.3157
-3.31345
-3.31166
-3.3103
-3.30932
-3.30871
-3.30845
-3.54906
-3.53259
-3.51869
-3.50702
-3.49707
-3.48848
-3.48104
-3.47461
-3.46909
-3.46437
-3.46036
-3.45699
-3.45419
-3.4519
-3.45008
-3.44869
-3.44769
-3.44706
-3.44679
-3.68171
-3.66684
-3.65421
-3.6434
-3.63401
-3.62581
-3.61864
-3.6124
-3.607
-3.60237
-3.59841
-3.59507
-3.59228
-3.58999
-3.58816
-3.58676
-3.58575
-3.58512
-3.58485
-3.81363
-3.80041
-3.78898
-3.77898
-3.77017
-3.76239
-3.75555
-3.74956
-3.74435
-3.73985
-3.73599
-3.73272
-3.72997
-3.72771
-3.7259
-3.72451
-3.72351
-3.72289
-3.72262
-3.94518
-3.93345
-3.92308
-3.91385
-3.90562
-3.8983
-3.89183
-3.88614
-3.88116
-3.87684
-3.87312
-3.86995
-3.86728
-3.86508
-3.86332
-3.86195
-3.86097
-3.86036
-3.8601
-4.0765
-4.066
-4.05656
-4.04806
-4.04043
-4.03361
-4.02754
-4.02218
-4.01747
-4.01337
-4.00982
-4.00678
-4.00423
-4.00211
-4.00041
-3.99909
-3.99814
-3.99755
-3.9973
-4.20756
-4.19809
-4.1895
-4.1817
-4.17467
-4.16836
-4.16273
-4.15774
-4.15333
-4.14947
-4.14613
-4.14326
-4.14083
-4.13882
-4.1372
-4.13594
-4.13503
-4.13447
-4.13423
-4.33828
-4.32973
-4.32194
-4.31484
-4.30842
-4.30264
-4.29746
-4.29285
-4.28877
-4.28519
-4.28207
-4.27939
-4.27711
-4.27522
-4.2737
-4.27251
-4.27166
-4.27112
-4.2709
-4.46864
-4.46096
-4.45394
-4.44754
-4.44173
-4.43649
-4.43178
-4.42757
-4.42383
-4.42054
-4.41767
-4.4152
-4.4131
-4.41135
-4.40994
-4.40884
-4.40804
-4.40754
-4.40734
-4.59865
-4.59182
-4.58557
-4.57986
-4.57467
-4.56997
-4.56573
-4.56194
-4.55856
-4.55559
-4.55298
-4.55073
-4.54882
-4.54722
-4.54593
-4.54492
-4.54419
-4.54374
-4.54355
-4.72834
-4.72236
-4.71687
-4.71185
-4.70727
-4.70312
-4.69937
-4.696
-4.693
-4.69034
-4.68802
-4.686
-4.68429
-4.68286
-4.68169
-4.68079
-4.68013
-4.67972
-4.67955
-4.85778
-4.85262
-4.84789
-4.84355
-4.83959
-4.83598
-4.83272
-4.82979
-4.82717
-4.82484
-4.82281
-4.82104
-4.81954
-4.81828
-4.81725
-4.81645
-4.81588
-4.81551
-4.81536
-4.98702
-4.98269
-4.9787
-4.97504
-4.97168
-4.96863
-4.96586
-4.96337
-4.96113
-4.95915
-4.95741
-4.9559
-4.95461
-4.95353
-4.95265
-4.95196
-4.95146
-4.95115
-4.95102
-5.11614
-5.1126
-5.10934
-5.10634
-5.1036
-5.10109
-5.09882
-5.09676
-5.09492
-5.09328
-5.09184
-5.09059
-5.08951
-5.08862
-5.08789
-5.08731
-5.0869
-5.08664
-5.08654
-5.24516
-5.24241
-5.23986
-5.23753
-5.23538
-5.23341
-5.23162
-5.23001
-5.22856
-5.22727
-5.22613
-5.22514
-5.22429
-5.22358
-5.223
-5.22255
-5.22222
-5.22201
-5.22193
-5.37415
-5.37216
-5.37032
-5.36862
-5.36706
-5.36563
-5.36433
-5.36315
-5.36209
-5.36115
-5.36032
-5.35959
-5.35897
-5.35845
-5.35802
-5.35769
-5.35745
-5.35729
-5.35724
-5.50315
-5.5019
-5.50074
-5.49967
-5.49869
-5.49779
-5.49697
-5.49622
-5.49555
-5.49496
-5.49443
-5.49397
-5.49357
-5.49324
-5.49297
-5.49276
-5.4926
-5.49251
-5.49247
-5.63219
-5.63166
-5.63117
-5.63072
-5.63031
-5.62992
-5.62958
-5.62926
-5.62897
-5.62872
-5.6285
-5.6283
-5.62813
-5.62799
-5.62787
-5.62778
-5.62772
-5.62768
-5.62766
1944.46
1909.87
1894.8
1871.03
1837.98
1795.06
1741.5
1676.37
1598.49
1506.48
1398.76
1273.52
1128.98
963.956
779.551
579.097
377.542
210.654
92.0691
34.2434
11.0152
6.11374
5.93682
1885.68
1851.12
1836.07
1812.28
1779.2
1736.23
1682.59
1617.34
1539.26
1446.95
1338.78
1212.84
1067.15
900.19
713.049
508.283
302.766
137.256
37.5928
5.65639
4.04195
3.98006
5.13025
1827.01
1792.48
1777.43
1753.61
1720.49
1677.44
1623.67
1558.2
1479.79
1386.98
1278.02
1150.83
1003.05
832.788
640.457
426.35
210.399
50.6488
5.65599
2.47313
1.84807
2.1576
3.99563
1768.48
1733.96
1718.91
1695.06
1661.88
1618.73
1564.79
1499.02
1420.17
1326.67
1216.65
1087.71
936.98
761.949
561.36
330.25
96.0611
6.5351
1.90784
1.49008
1.58328
1.83884
3.06713
1710.09
1675.6
1660.55
1636.67
1603.43
1560.17
1506.02
1439.91
1360.53
1266.21
1154.87
1023.75
869.357
688.263
475.833
215.517
19.2169
2.05324
1.26646
1.31386
1.46345
1.71774
2.40243
1651.9
1617.44
1602.4
1578.49
1545.19
1501.8
1447.43
1380.95
1301
1205.77
1092.91
959.306
800.681
612.345
384.701
94.7243
4.63399
1.14561
1.05036
1.17885
1.32621
1.54107
1.88095
1593.95
1559.56
1544.52
1520.59
1487.23
1443.72
1389.13
1322.28
1241.75
1145.56
1031.08
894.851
731.671
535.687
287.997
25.7237
1.6128
0.807282
0.899439
1.03802
1.16887
1.3169
1.42254
1536.25
1501.9
1486.86
1462.9
1429.48
1385.87
1331.07
1263.88
1182.77
1085.61
969.475
830.53
662.651
460.168
186.104
7.3868
0.744785
0.645385
0.769578
0.893941
1.00254
1.08175
1.00681
0.613697
0.586685
0.585706
0.579413
0.569396
0.557432
0.54475
0.532051
0.519821
0.508344
0.497806
0.488314
0.479932
0.472696
0.46662
0.461707
0.45796
0.455381
0.453962
0.55393
0.527687
0.527433
0.521118
0.510917
0.498777
0.485911
0.4731
0.460792
0.449267
0.438703
0.429197
0.420805
0.413565
0.407485
0.402573
0.39883
0.396253
0.394842
0.492912
0.468641
0.469795
0.463387
0.452795
0.440264
0.42709
0.414052
0.401598
0.389984
0.379366
0.369829
0.361424
0.354174
0.348091
0.343181
0.339441
0.336869
0.335455
0.430119
0.409626
0.412954
0.406211
0.395005
0.381888
0.368249
0.354889
0.342224
0.33048
0.319786
0.310209
0.301783
0.294526
0.288443
0.283537
0.279805
0.277234
0.275825
0.36495
0.350718
0.357025
0.349622
0.337512
0.323609
0.309374
0.295594
0.282661
0.270756
0.259964
0.250333
0.241884
0.234617
0.228537
0.22364
0.21991
0.217343
0.215929
0.293904
0.291032
0.302003
0.29353
0.28023
0.265358
0.250401
0.23613
0.222883
0.210786
0.199887
0.190198
0.181721
0.174449
0.168374
0.163485
0.159766
0.157203
0.155796
0.211683
0.230493
0.247421
0.237878
0.223073
0.20706
0.19129
0.176469
0.162874
0.15057
0.139549
0.129798
0.121296
0.114018
0.107949
0.103071
0.0993623
0.0968118
0.0954076
0.134168
0.173497
0.192883
0.182491
0.16587
0.148599
0.131956
0.116563
0.102603
0.0900774
0.0789351
0.0691251
0.0606007
0.0533248
0.0472669
0.0424022
0.038712
0.0361757
0.0347773
1462.74
1396.54
1381.5
1357.51
1324.03
1280.27
1225.2
1157.51
1075.46
976.676
857.831
714.381
538.944
324.896
40.2169
0.977158
0.341761
0.435364
0.536177
0.632617
0.701948
0.70331
0.493064
1342.43
1277.16
1262.22
1238.34
1204.97
1161.3
1106.25
1038.39
955.846
856.046
735.378
588.813
409.422
176.836
4.14342
0.0597969
0.108605
0.199161
0.286812
0.360619
0.409548
0.415183
0.350199
1224.48
1160.5
1145.79
1122.21
1089.22
1046.02
991.483
924.142
842.068
742.664
622.317
475.841
299.484
58.6105
0.222284
-0.21192
-0.110941
-0.0271566
0.0479955
0.109536
0.150784
0.161917
0.133369
1109.47
1047.14
1032.78
1009.72
977.457
935.187
881.806
815.864
735.478
638.185
520.669
377.862
209.863
6.68245
-0.404321
-0.395531
-0.32076
-0.245801
-0.179839
-0.125984
-0.0883132
-0.0712932
-0.0778017
997.948
937.599
923.734
901.47
870.312
829.501
777.998
714.428
637.039
543.611
431.355
295.591
134.314
1.07283
-0.700339
-0.594946
-0.525105
-0.457966
-0.398598
-0.349235
-0.312936
-0.291868
-0.287687
890.381
832.305
819.099
797.912
768.271
729.464
680.549
620.292
547.13
459.154
354.202
228.783
75.8525
-0.738803
-0.868411
-0.79604
-0.727193
-0.664635
-0.609431
-0.562864
-0.527206
-0.503284
-0.492224
787.105
731.517
719.127
699.276
671.53
635.25
589.6
533.508
465.644
384.417
288.209
174.899
32.462
-1.07119
-1.05571
-0.993142
-0.92611
-0.866251
-0.81364
-0.76879
-0.733031
-0.706959
-0.691366
688.327
635.361
623.937
605.664
580.166
546.885
505.104
453.915
392.215
318.721
232.264
132.252
7.43311
-1.25145
-1.24729
-1.18274
-1.12024
-1.06285
-1.01202
-0.968145
-0.931843
-0.90401
-0.885123
594.089
543.808
533.488
517.012
494.059
464.158
426.712
380.994
326.117
261.046
184.963
98.8132
-0.522651
-1.56129
-1.45702
-1.37158
-1.31098
-1.25515
-1.2052
-1.1617
-1.12478
-1.09536
-1.07381
504.315
456.684
447.568
433.046
412.858
386.627
353.881
314.054
266.456
210.247
144.721
71.2326
-1.24689
-1.80562
-1.64508
-1.56074
-1.49835
-1.4431
-1.39349
-1.35006
-1.31253
-1.28163
-1.25768
418.779
373.702
365.87
353.415
336.15
313.801
286.006
252.338
212.286
165.184
110.293
48.6662
-1.66806
-1.89537
-1.80981
-1.74049
-1.68047
-1.62633
-1.57734
-1.5337
-1.4955
-1.46325
-1.43722
337.156
294.459
287.954
277.642
263.388
245.015
222.287
194.919
162.575
124.745
80.6164
30.5062
-2.04374
-2.03187
-1.97254
-1.91328
-1.85816
-1.80603
-1.75746
-1.71323
-1.6741
-1.6406
-1.61279
259.071
218.466
213.24
205.057
193.807
179.389
161.697
140.602
115.925
87.3293
54.0266
15.3255
-2.14048
-2.15992
-2.12399
-2.08098
-2.03329
-1.98362
-1.9347
-1.88925
-1.84885
-1.8139
-1.78436
183.635
145.006
141.129
135.032
126.736
116.215
103.471
88.525
71.3873
51.9887
29.9498
2.6207
-2.44321
-2.29673
-2.27951
-2.25343
-2.21068
-2.16069
-2.10999
-2.06232
-2.01994
-1.98316
-1.95195
111.106
72.8254
70.2029
65.9945
60.4078
53.4801
45.3369
36.2158
26.3792
15.767
4.39899
-2.36427
-2.13738
-2.37225
-2.4521
-2.44278
-2.39647
-2.33975
-2.28374
-2.23241
-2.18726
-2.14846
-2.11572
39.216
14.9147
13.9142
12.7953
11.3856
9.86169
8.24956
6.85131
5.84275
4.79764
2.09587
-3.55449
-2.26921
-2.64294
-2.71906
-2.66814
-2.5933
-2.52047
-2.45522
-2.3987
-2.35049
-2.3098
-2.27574
1.01934
-3.55563
-3.54606
-3.57181
-3.59536
-3.6278
-3.67423
-3.74667
-3.85979
-4.02906
-4.306
-4.47617
-4.1293
-3.67601
-3.12953
-2.92433
-2.79353
-2.69737
-2.62151
-2.55981
-2.50894
-2.46678
-2.43173
-3.59784
-3.61563
-3.62756
-3.64266
-3.66228
-3.68944
-3.72593
-3.78128
-3.87393
-4.03819
-4.34147
-4.82561
-5.16585
-4.20127
-3.46589
-3.14632
-2.97364
-2.86125
-2.77862
-2.71382
-2.66162
-2.61884
-2.58346
-3.6547
-3.68931
-3.69112
-3.70056
-3.7143
-3.73276
-3.75758
-3.79386
-3.8565
-3.97819
-4.25884
-4.7786
-4.86793
-4.06699
-3.54731
-3.27742
-3.11465
-3.00491
-2.92338
-2.85939
-2.80793
-2.76578
-2.73095
-3.7213
-3.74655
-3.74791
-3.75381
-3.76125
-3.77014
-3.7807
-3.79545
-3.82044
-3.86749
-3.96173
-4.11769
-4.0665
-3.74688
-3.51572
-3.34652
-3.22289
-3.12999
-3.05627
-2.99674
-2.94817
-2.90788
-2.87441
-3.77663
-3.8039
-3.80448
-3.80764
-3.80897
-3.80787
-3.80691
-3.80369
-3.80104
-3.80112
-3.80108
-3.79733
-3.73328
-3.62772
-3.51292
-3.40695
-3.31858
-3.24394
-3.18064
-3.12767
-3.08321
-3.04565
-3.01417
-3.83451
-3.86509
-3.86435
-3.86317
-3.85915
-3.85181
-3.84061
-3.82563
-3.80783
-3.78806
-3.76301
-3.73271
-3.68579
-3.62324
-3.54978
-3.47898
-3.41343
-3.35367
-3.3004
-3.25408
-3.2141
-3.17984
-3.15081
-3.89724
-3.9299
-3.92756
-3.92353
-3.91637
-3.90395
-3.88603
-3.86409
-3.84014
-3.81389
-3.78363
-3.74939
-3.71066
-3.66452
-3.61376
-3.56195
-3.51125
-3.46281
-3.41784
-3.3776
-3.34211
-3.31145
-3.28492
-3.9646
-3.99922
-3.99647
-3.99021
-3.97995
-3.96362
-3.9424
-3.91876
-3.89425
-3.86701
-3.83673
-3.80543
-3.77125
-3.73347
-3.69382
-3.65341
-3.61294
-3.57278
-3.53466
-3.49956
-3.46842
-3.44129
-3.41695
-4.03617
-4.07278
-4.06914
-4.06108
-4.048
-4.03061
-4.00957
-3.98693
-3.96238
-3.93575
-3.90861
-3.88032
-3.84949
-3.81746
-3.78522
-3.75241
-3.71845
-3.68434
-3.65136
-3.62091
-3.59394
-3.56969
-3.54724
-4.11223
-4.15014
-4.14558
-4.13649
-4.12264
-4.10504
-4.0852
-4.06361
-4.04076
-4.01755
-3.9935
-3.96733
-3.93985
-3.91238
-3.88476
-3.85604
-3.82633
-3.79671
-3.76847
-3.74261
-3.71891
-3.69675
-3.67619
-4.19193
-4.23089
-4.2257
-4.21615
-4.20204
-4.18468
-4.16585
-4.14657
-4.12716
-4.10686
-4.08455
-4.06067
-4.03654
-4.01247
-3.98762
-3.96181
-3.93586
-3.91068
-3.88696
-3.86454
-3.84307
-3.82279
-3.80436
-4.27418
-4.31399
-4.30779
-4.29777
-4.2845
-4.26922
-4.25311
-4.23656
-4.21903
-4.1998
-4.17922
-4.15825
-4.13734
-4.11587
-4.09335
-4.07045
-4.0481
-4.02662
-4.00597
-3.9859
-3.96659
-3.94853
-3.93213
-4.35943
-4.39946
-4.39234
-4.38252
-4.37116
-4.3589
-4.34568
-4.33107
-4.31483
-4.29738
-4.27941
-4.26124
-4.24243
-4.22252
-4.20191
-4.18151
-4.16188
-4.14296
-4.12463
-4.10699
-4.0902
-4.07432
-4.05931
-4.44621
-4.4869
-4.48036
-4.47161
-4.46179
-4.45117
-4.43954
-4.42669
-4.41275
-4.39798
-4.38249
-4.36601
-4.3483
-4.32976
-4.31123
-4.2933
-4.27615
-4.25967
-4.24382
-4.22863
-4.21398
-4.19964
-4.18553
-4.53364
-4.57547
-4.57082
-4.56412
-4.55591
-4.54658
-4.53626
-4.52506
-4.51299
-4.49993
-4.4857
-4.47026
-4.45404
-4.43772
-4.42184
-4.40659
-4.39192
-4.37771
-4.36391
-4.35043
-4.33715
-4.32392
-4.31091
-4.62189
-4.66609
-4.66349
-4.6593
-4.65349
-4.64613
-4.63739
-4.6274
-4.61622
-4.60387
-4.59052
-4.57653
-4.56242
-4.54855
-4.53508
-4.52196
-4.50908
-4.49638
-4.48388
-4.47155
-4.45941
-4.4475
-4.43607
-4.71355
-4.76038
-4.75893
-4.75631
-4.75225
-4.74657
-4.73925
-4.73042
-4.72028
-4.70912
-4.69731
-4.68524
-4.67318
-4.66124
-4.64944
-4.63773
-4.62608
-4.61455
-4.60323
-4.5922
-4.5815
-4.57123
-4.56154
-4.80942
-4.85814
-4.85673
-4.85433
-4.85076
-4.84587
-4.83963
-4.83213
-4.82358
-4.81424
-4.80439
-4.79426
-4.78399
-4.77364
-4.76325
-4.75288
-4.7426
-4.73251
-4.72271
-4.71325
-4.70417
-4.69552
-4.6874
-4.90868
-4.95852
-4.95687
-4.95426
-4.95072
-4.94623
-4.94082
-4.93455
-4.92753
-4.91991
-4.91183
-4.90342
-4.89477
-4.88598
-4.87712
-4.86831
-4.85964
-4.85119
-4.84301
-4.83512
-4.82753
-4.82029
-4.81347
-5.01052
-5.06176
-5.06007
-5.05753
-5.0542
-5.05014
-5.0454
-5.04006
-5.03418
-5.02785
-5.02115
-5.01416
-5.00695
-4.99963
-4.99228
-4.98501
-4.97788
-4.97094
-4.96419
-4.95765
-4.95135
-4.94532
-4.9396
-5.11522
-5.16792
-5.16645
-5.1642
-5.16125
-5.15768
-5.15356
-5.14895
-5.14393
-5.13857
-5.13292
-5.12707
-5.12107
-5.11502
-5.10898
-5.10303
-5.0972
-5.09151
-5.08597
-5.08059
-5.07541
-5.07046
-5.06576
-5.22249
-5.27627
-5.27503
-5.27313
-5.27061
-5.26755
-5.26402
-5.26007
-5.25579
-5.25125
-5.2465
-5.24161
-5.23665
-5.23168
-5.22675
-5.2219
-5.21717
-5.21256
-5.20809
-5.20377
-5.19962
-5.19567
-5.19192
-5.33144
-5.38587
-5.38485
-5.38326
-5.38115
-5.37859
-5.37562
-5.37232
-5.36875
-5.36498
-5.36107
-5.35707
-5.35305
-5.34904
-5.3451
-5.34125
-5.33751
-5.33391
-5.33045
-5.32713
-5.32396
-5.32096
-5.31813
-5.44135
-5.49617
-5.49534
-5.49405
-5.49234
-5.49026
-5.48785
-5.48519
-5.48232
-5.4793
-5.47619
-5.47304
-5.4699
-5.46681
-5.46379
-5.46089
-5.45812
-5.45548
-5.45299
-5.45064
-5.44843
-5.44635
-5.44441
-5.55181
-5.60718
-5.60656
-5.60555
-5.6042
-5.60256
-5.60068
-5.5986
-5.59637
-5.59406
-5.59171
-5.58937
-5.58707
-5.58485
-5.58274
-5.58076
-5.57892
-5.57723
-5.5757
-5.5743
-5.57303
-5.57188
-5.5708
-5.66296
-5.71828
-5.71787
-5.71712
-5.71613
-5.71494
-5.71358
-5.7121
-5.71054
-5.70895
-5.70736
-5.70583
-5.70438
-5.70304
-5.70183
-5.70077
-5.69987
-5.69913
-5.69855
-5.69811
-5.6978
-5.69757
-5.69735
-0.194523
-0.454246
-0.409875
-0.239602
0.219049
0.124233
0.0703616
0.0419078
0.0798124
0.0475572
0.017289
-0.0099464
-0.101562
-0.1185
-0.137113
-0.156797
-0.296871
-0.30504
-0.315499
-0.32811
-0.492595
-0.495564
-0.500761
-0.507972
-0.685784
-0.685124
-0.68651
-0.689689
-0.875245
-0.871859
-0.87036
-0.870587
-1.06062
-1.05525
-1.05165
-1.04953
-1.24199
-1.23522
-1.22993
-1.22577
-1.41952
-1.41158
-1.40479
-1.39891
-1.59324
-1.58417
-1.57609
-1.56884
-1.76312
-1.75304
-1.7439
-1.73557
-1.92927
-1.91835
-1.90829
-1.89905
-2.09179
-2.08012
-2.06928
-2.05928
-2.25075
-2.23847
-2.22701
-2.21637
-2.40604
-2.39337
-2.38149
-2.37039
-2.55762
-2.54482
-2.53269
-2.52127
-2.70552
-2.69279
-2.68061
-2.6691
-2.84982
-2.83738
-2.82538
-2.81403
-2.99079
-2.9788
-2.96722
-2.95628
-3.1288
-3.11739
-3.10644
-3.09611
-3.26424
-3.25351
-3.24341
-3.2338
-3.39756
-3.38763
-3.37848
-3.36952
-3.5293
-3.52028
-3.51188
-3.50334
-3.65998
-3.65173
-3.64367
-3.6353
-3.78982
-3.78196
-3.77389
-3.7657
-3.91867
-3.91086
-3.90287
-3.89521
-4.04637
-4.0387
-4.03126
-4.02451
-4.17319
-4.16613
-4.15968
-4.15396
-4.29977
-4.29372
-4.28834
-4.28349
-4.42656
-4.42157
-4.41707
-4.4129
-4.55362
-4.5495
-4.54568
-4.54203
-4.68079
-4.67733
-4.67405
-4.67088
-4.80791
-4.80499
-4.80219
-4.79945
-4.93495
-4.9325
-4.93014
-4.92783
-5.06192
-5.05992
-5.05797
-5.05607
-5.18887
-5.18728
-5.18574
-5.18423
-5.31582
-5.31463
-5.31348
-5.31235
-5.44283
-5.44203
-5.44125
-5.44049
-5.56993
-5.5695
-5.56908
-5.56868
-5.69718
-5.6971
-5.69702
-5.69695
-0.0365056
0.092621
0.0986084
0.0808226
0.0600175
0.0399657
0.0216575
0.00521974
-0.00939536
-0.0223061
-0.0336518
-0.0435495
-0.0520909
-0.0593454
-0.0653637
-0.0701842
-0.0738349
-0.0763382
-0.0777017
0.0319085
0.0197763
-0.00917776
-0.0386368
-0.0647111
-0.087584
-0.107518
-0.124933
-0.140123
-0.153334
-0.164802
-0.174715
-0.183211
-0.190388
-0.196322
-0.201063
-0.204645
-0.207098
-0.208439
-0.0439016
-0.0913548
-0.131113
-0.165513
-0.19433
-0.218681
-0.239462
-0.257366
-0.272793
-0.28606
-0.297473
-0.307269
-0.315621
-0.322652
-0.328449
-0.333069
-0.336553
-0.338937
-0.340239
-0.184403
-0.228963
-0.267639
-0.301344
-0.329869
-0.353981
-0.374595
-0.392347
-0.407572
-0.420583
-0.431717
-0.441239
-0.449333
-0.45613
-0.461724
-0.466175
-0.469528
-0.471819
-0.473071
-0.347501
-0.382433
-0.415249
-0.445112
-0.471097
-0.493505
-0.513001
-0.529945
-0.544496
-0.556915
-0.567533
-0.576611
-0.58432
-0.59079
-0.59611
-0.600343
-0.60353
-0.605706
-0.606894
-0.520056
-0.544798
-0.570353
-0.594932
-0.617078
-0.636802
-0.654449
-0.670018
-0.683465
-0.694978
-0.704852
-0.713318
-0.720518
-0.726567
-0.731549
-0.735514
-0.738498
-0.740537
-0.741649
-0.696104
-0.711797
-0.730069
-0.748892
-0.766656
-0.783207
-0.798525
-0.812278
-0.824269
-0.834617
-0.843557
-0.851262
-0.857844
-0.863391
-0.867968
-0.871615
-0.874363
-0.876242
-0.877266
-0.872694
-0.880718
-0.892233
-0.90542
-0.918784
-0.932
-0.944711
-0.956355
-0.966643
-0.975634
-0.983489
-0.990321
-0.996197
-1.00117
-1.00529
-1.00857
-1.01106
-1.01275
-1.01368
-1.04811
-1.04976
-1.05534
-1.06337
-1.07257
-1.08248
-1.09245
-1.10183
-1.11028
-1.1178
-1.12447
-1.13035
-1.13545
-1.13979
-1.14341
-1.14631
-1.1485
-1.15
-1.15082
-1.22141
-1.21786
-1.21842
-1.22188
-1.22727
-1.23396
-1.24121
-1.24828
-1.25485
-1.26086
-1.26631
-1.27118
-1.27545
-1.27913
-1.28222
-1.28471
-1.2866
-1.2879
-1.28861
-1.39219
-1.38446
-1.38079
-1.38029
-1.3822
-1.38588
-1.39049
-1.39533
-1.40006
-1.40457
-1.40879
-1.41264
-1.41608
-1.41908
-1.42162
-1.42368
-1.42526
-1.42634
-1.42694
-1.56028
-1.54915
-1.54194
-1.538
-1.53683
-1.53775
-1.53991
-1.54265
-1.54564
-1.54871
-1.55172
-1.55457
-1.55717
-1.55949
-1.56148
-1.56312
-1.56438
-1.56525
-1.56573
-1.72553
-1.7116
-1.70144
-1.69461
-1.69075
-1.68918
-1.68912
-1.68997
-1.69135
-1.69306
-1.69492
-1.6968
-1.6986
-1.70025
-1.70171
-1.70293
-1.70387
-1.70454
-1.7049
-1.88779
-1.87158
-1.85903
-1.84982
-1.84364
-1.8399
-1.83789
-1.83705
-1.83698
-1.83744
-1.83823
-1.8392
-1.84023
-1.84125
-1.84219
-1.843
-1.84364
-1.8441
-1.84435
-2.04704
-2.02901
-2.01457
-2.00342
-1.9953
-1.98971
-1.98602
-1.98371
-1.98235
-1.98169
-1.9815
-1.98163
-1.98194
-1.98236
-1.98282
-1.98325
-1.9836
-1.98386
-1.984
-2.20331
-2.18386
-2.16797
-2.15528
-2.14557
-2.13845
-2.13336
-2.12979
-2.12732
-2.12566
-2.1246
-2.12397
-2.12363
-2.1235
-2.12351
-2.12358
-2.12366
-2.12374
-2.12378
-2.35669
-2.33622
-2.31924
-2.30534
-2.29437
-2.28602
-2.27981
-2.2752
-2.27177
-2.26925
-2.26742
-2.26612
-2.2652
-2.26458
-2.26417
-2.26391
-2.26375
-2.26366
-2.26361
-2.5072
-2.48615
-2.46841
-2.45357
-2.44163
-2.43236
-2.42528
-2.41983
-2.41562
-2.41237
-2.40988
-2.40799
-2.40656
-2.40551
-2.40474
-2.40419
-2.40381
-2.40357
-2.40344
-2.65496
-2.63371
-2.61547
-2.59998
-2.58737
-2.57746
-2.56974
-2.56364
-2.55879
-2.55496
-2.55191
-2.54952
-2.54766
-2.54622
-2.54514
-2.54433
-2.54376
-2.54339
-2.54319
-2.80011
-2.77894
-2.76044
-2.74457
-2.73161
-2.72132
-2.71316
-2.70659
-2.70126
-2.69694
-2.69346
-2.69066
-2.68843
-2.68668
-2.68532
-2.6843
-2.68356
-2.68307
-2.68281
-2.94279
-2.9219
-2.90335
-2.88742
-2.8744
-2.86398
-2.85557
-2.84867
-2.84299
-2.83831
-2.83448
-2.83136
-2.82884
-2.82682
-2.82524
-2.82404
-2.82316
-2.82257
-2.82225
-3.08317
-3.06267
-3.04432
-3.02864
-3.01584
-3.00548
-2.99697
-2.98989
-2.98397
-2.97904
-2.97495
-2.97159
-2.96884
-2.96663
-2.96487
-2.96351
-2.96252
-2.96186
-2.96149
-3.22138
-3.20138
-3.18351
-3.16841
-3.15605
-3.1459
-3.13742
-3.13026
-3.12422
-3.11913
-3.11488
-3.11135
-3.10843
-3.10607
-3.10418
-3.10271
-3.10163
-3.1009
-3.1005
-3.35752
-3.3382
-3.32117
-3.3069
-3.29512
-3.28529
-3.27695
-3.26982
-3.26374
-3.25859
-3.25425
-3.25061
-3.2476
-3.24513
-3.24315
-3.24161
-3.24046
-3.23969
-3.23926
-3.49171
-3.47339
-3.45754
-3.44428
-3.43318
-3.42373
-3.4156
-3.4086
-3.40258
-3.39743
-3.39307
-3.38939
-3.38632
-3.3838
-3.38176
-3.38018
-3.37899
-3.37819
-3.37775
-3.62422
-3.60734
-3.5929
-3.58071
-3.5703
-3.5613
-3.55346
-3.54664
-3.54075
-3.53569
-3.53136
-3.52769
-3.52462
-3.52208
-3.52002
-3.51842
-3.51721
-3.5164
-3.51595
-3.75555
-3.74043
-3.72747
-3.71631
-3.70659
-3.69806
-3.69056
-3.68401
-3.6783
-3.67337
-3.66914
-3.66553
-3.66249
-3.65997
-3.65793
-3.65632
-3.65512
-3.65431
-3.65386
-3.8863
-3.87299
-3.86138
-3.85116
-3.84211
-3.83408
-3.82699
-3.82074
-3.81528
-3.81053
-3.80643
-3.80293
-3.79996
-3.7975
-3.79549
-3.79391
-3.79273
-3.79192
-3.79149
-4.01688
-4.00516
-3.9947
-3.98534
-3.97695
-3.96946
-3.96279
-3.9569
-3.95172
-3.94719
-3.94327
-3.9399
-3.93705
-3.93466
-3.93272
-3.93118
-3.93003
-3.92925
-3.92882
-4.1474
-4.13695
-4.12749
-4.11892
-4.11119
-4.10424
-4.09804
-4.09253
-4.08766
-4.08339
-4.07968
-4.07648
-4.07376
-4.07148
-4.06962
-4.06815
-4.06704
-4.06629
-4.06588
-4.27775
-4.26836
-4.25978
-4.25196
-4.24488
-4.2385
-4.23278
-4.22768
-4.22315
-4.21918
-4.2157
-4.2127
-4.21013
-4.20799
-4.20623
-4.20483
-4.20378
-4.20306
-4.20267
-4.40781
-4.39936
-4.39161
-4.38454
-4.37811
-4.3723
-4.36707
-4.3624
-4.35824
-4.35457
-4.35135
-4.34857
-4.34619
-4.34419
-4.34254
-4.34124
-4.34025
-4.33958
-4.33922
-4.53752
-4.52998
-4.52304
-4.5167
-4.51093
-4.50569
-4.50098
-4.49674
-4.49296
-4.48962
-4.48668
-4.48413
-4.48195
-4.48011
-4.4786
-4.4774
-4.47649
-4.47587
-4.47553
-4.66691
-4.66025
-4.65412
-4.64851
-4.64339
-4.63874
-4.63453
-4.63075
-4.62736
-4.62436
-4.62172
-4.61942
-4.61745
-4.61579
-4.61442
-4.61333
-4.6125
-4.61194
-4.61163
-4.79602
-4.79024
-4.78491
-4.78002
-4.77555
-4.77147
-4.76778
-4.76446
-4.76148
-4.75883
-4.75649
-4.75446
-4.75271
-4.75123
-4.75001
-4.74904
-4.74831
-4.74781
-4.74753
-4.92491
-4.92
-4.91545
-4.91127
-4.90745
-4.90396
-4.90079
-4.89792
-4.89536
-4.89306
-4.89104
-4.88928
-4.88776
-4.88648
-4.88542
-4.88457
-4.88393
-4.88349
-4.88325
-5.05365
-5.04958
-5.04581
-5.04234
-5.03915
-5.03624
-5.03359
-5.03119
-5.02904
-5.02711
-5.02541
-5.02393
-5.02265
-5.02156
-5.02066
-5.01995
-5.0194
-5.01903
-5.01883
-5.1823
-5.17905
-5.17603
-5.17325
-5.1707
-5.16836
-5.16623
-5.16429
-5.16255
-5.161
-5.15962
-5.15842
-5.15738
-5.1565
-5.15577
-5.15518
-5.15474
-5.15444
-5.15428
-5.3109
-5.30845
-5.30617
-5.30407
-5.30214
-5.30036
-5.29874
-5.29727
-5.29594
-5.29476
-5.29371
-5.29279
-5.292
-5.29132
-5.29076
-5.29031
-5.28997
-5.28974
-5.28961
-5.43949
-5.43782
-5.43626
-5.43482
-5.4335
-5.43228
-5.43117
-5.43016
-5.42925
-5.42843
-5.42771
-5.42707
-5.42652
-5.42605
-5.42566
-5.42536
-5.42512
-5.42496
-5.42487
-5.56813
-5.56721
-5.56636
-5.56557
-5.56484
-5.56417
-5.56356
-5.563
-5.5625
-5.56205
-5.56165
-5.5613
-5.56099
-5.56073
-5.56051
-5.56034
-5.56022
-5.56012
-5.56008
-5.69684
-5.69666
-5.69649
-5.69633
-5.69619
-5.69606
-5.69594
-5.69583
-5.69573
-5.69564
-5.69556
-5.69549
-5.69543
-5.69538
-5.69534
-5.6953
-5.69528
-5.69526
-5.69525
1913.94
1903.39
1884.05
1855.7
1817.8
1769.66
1710.45
1639.11
1554.34
1454.69
1338.45
1203.77
1049.05
873.989
680.983
476.395
287.791
146.932
50.6419
20.3166
7.04356
5.97781
5.8976
1855.23
1844.65
1825.3
1796.93
1759
1710.8
1651.49
1579.99
1494.98
1394.97
1278.16
1142.58
986.337
808.996
612.525
403.257
212.749
78.566
14.2116
3.93216
3.32935
4.6903
5.29092
1796.63
1786.01
1766.65
1738.25
1700.25
1651.95
1592.47
1520.7
1435.29
1334.64
1216.85
1079.68
920.745
739.368
535.829
315.684
118.643
15.8522
3.22578
1.94445
1.76336
3.3391
4.2341
1738.16
1727.49
1708.12
1679.67
1641.6
1593.17
1533.46
1461.32
1375.36
1273.87
1154.71
1015.27
852.542
665.117
449.64
207.432
27.3908
2.76821
1.54784
1.5458
1.60105
2.48353
3.29071
1679.84
1669.13
1649.75
1621.26
1583.1
1534.51
1474.53
1401.98
1315.35
1212.83
1091.98
949.718
782.293
586.659
352.544
85.6575
4.78009
1.43224
1.25456
1.39523
1.53161
2.08694
2.54708
1621.73
1610.98
1591.59
1563.06
1524.81
1476.05
1415.78
1342.76
1255.42
1151.72
1028.93
883.442
710.497
505.031
243.177
19.6667
1.72243
1.03847
1.10425
1.25512
1.40651
1.73522
1.93259
1563.88
1553.1
1533.7
1505.12
1466.8
1417.88
1357.32
1283.83
1195.76
1090.8
965.95
817.03
638.127
422.097
129.263
5.50673
0.911573
0.842284
0.968287
1.10456
1.23608
1.39597
1.35553
1506.26
1495.44
1476.03
1447.41
1409.01
1359.94
1299.11
1225.18
1136.36
1030.13
903.16
750.671
566.004
338.562
42.4258
1.64555
0.604267
0.705842
0.833388
0.950452
1.04775
1.07939
0.697097
0.585571
0.586858
0.583158
0.574743
0.563574
0.551135
0.538366
0.525857
0.513975
0.50295
0.492924
0.483982
0.47617
0.469512
0.464017
0.459687
0.456524
0.454528
0.453682
0.525896
0.52838
0.524913
0.516364
0.504995
0.492375
0.479465
0.466863
0.454919
0.443857
0.433814
0.424859
0.41704
0.41038
0.404882
0.400555
0.397396
0.3954
0.394573
0.465476
0.470341
0.467302
0.458448
0.446672
0.4337
0.42052
0.407732
0.395675
0.384544
0.374458
0.365484
0.357654
0.350986
0.34549
0.341165
0.33801
0.336019
0.335175
0.403631
0.413076
0.410367
0.400973
0.388579
0.375073
0.361501
0.348454
0.336227
0.324997
0.314855
0.30585
0.298008
0.291337
0.285843
0.281525
0.278375
0.276383
0.275554
0.338992
0.356795
0.35417
0.343934
0.330667
0.316473
0.302396
0.289007
0.276574
0.265217
0.255001
0.245961
0.238102
0.231428
0.225942
0.221629
0.218481
0.216493
0.215651
0.26757
0.30158
0.29864
0.287234
0.272861
0.257829
0.243151
0.229368
0.216687
0.205186
0.194891
0.185808
0.177935
0.171262
0.165782
0.16148
0.15834
0.156354
0.155523
0.192898
0.246564
0.243643
0.230809
0.215108
0.199086
0.183736
0.169511
0.156561
0.1449
0.134516
0.125393
0.117505
0.110833
0.105363
0.101071
0.0979432
0.0959667
0.0951306
0.131139
0.191288
0.188943
0.174506
0.157235
0.140143
0.124086
0.109402
0.0961641
0.0843364
0.0738662
0.0647049
0.0568087
0.0501451
0.0446866
0.0404119
0.0373008
0.0353356
0.0344986
1400.86
1390.08
1370.66
1342
1303.49
1254.23
1193.03
1118.41
1028.34
920.011
789.56
631.104
438.432
180.35
5.47777
0.393151
0.390773
0.483972
0.586571
0.672181
0.7157
0.632172
0.204707
1281.49
1270.76
1251.43
1222.88
1184.48
1135.28
1074.02
999.096
908.296
798.59
665.81
503.081
306.887
38.347
0.448825
0.0511135
0.153973
0.244308
0.325947
0.389118
0.418798
0.394307
0.292392
1164.8
1154.21
1135.14
1106.93
1068.96
1020.25
959.521
885.094
794.726
685.358
552.951
390.567
191.3
4.43668
-0.200806
-0.15245
-0.0689479
0.0119102
0.0807508
0.13328
0.160798
0.153126
0.104617
1051.35
1041.01
1022.36
994.783
957.634
909.968
850.512
777.618
689.131
582.144
453.082
296.903
96.6394
0.0645532
-0.454823
-0.358593
-0.282459
-0.211421
-0.151207
-0.104821
-0.0769911
-0.0715421
-0.0897916
941.661
931.684
913.676
887.043
851.171
805.163
747.822
677.593
592.503
489.951
366.876
221.143
29.389
-0.526842
-0.630911
-0.561403
-0.49074
-0.427164
-0.372486
-0.32929
-0.300376
-0.287626
-0.291806
836.159
826.674
809.527
784.188
750.067
706.341
651.929
585.442
505.154
408.856
293.948
161.609
3.099
-0.88587
-0.82706
-0.760821
-0.695013
-0.636124
-0.584877
-0.543607
-0.513718
-0.496121
-0.491451
735.105
726.233
710.156
686.425
654.504
613.657
562.936
501.147
426.849
338.241
232.927
112.715
0.0367309
-1.18889
-1.03035
-0.95879
-0.89511
-0.83912
-0.790109
-0.749755
-0.718713
-0.697867
-0.687341
638.637
630.487
615.675
593.849
564.539
527.109
480.751
424.463
357.081
277.224
182.701
73.7749
-0.9183
-1.27908
-1.21549
-1.1516
-1.09057
-1.03664
-0.989167
-0.949011
-0.9168
-0.893478
-0.87878
546.727
539.4
526.037
506.372
480.012
446.421
404.94
354.77
294.983
224.578
141.8
44.7075
-1.55745
-1.44247
-1.39944
-1.34124
-1.28228
-1.22941
-1.18264
-1.14238
-1.10907
-1.08366
-1.06564
459.221
452.784
440.996
423.68
400.525
371.099
334.891
291.281
239.547
178.955
108.092
22.7675
-1.7132
-1.65725
-1.5942
-1.52836
-1.47003
-1.41755
-1.37102
-1.33054
-1.29618
-1.26883
-1.24807
375.839
370.349
360.233
345.4
325.634
300.611
269.938
233.155
189.728
139.12
80.2433
8.05131
-1.94883
-1.84573
-1.77452
-1.70974
-1.65272
-1.60118
-1.55485
-1.5139
-1.4786
-1.44946
-1.42645
296.179
291.665
283.283
271.02
254.732
234.215
209.205
179.401
144.447
103.926
57.2231
0.0305504
-2.17446
-2.01968
-1.94391
-1.88546
-1.83169
-1.78123
-1.73478
-1.69297
-1.65664
-1.626
-1.60097
219.811
216.196
209.53
199.826
187.007
170.966
151.591
128.736
102.195
71.6724
37.2781
-1.9647
-2.18339
-2.1467
-2.10367
-2.05757
-2.00861
-1.95885
-1.9114
-1.86838
-1.83068
-1.79847
-1.77159
145.843
143.33
138.339
131.145
121.737
110.097
96.2462
80.1973
61.9494
41.4429
18.8811
-2.39619
-2.33131
-2.28493
-2.26796
-2.23366
-2.18602
-2.13521
-2.08555
-2.04043
-2.00086
-1.96686
-1.93835
73.2465
71.7033
68.2702
63.3705
57.0996
49.5441
40.8789
31.3963
21.2416
10.0613
-0.443021
-2.26264
-2.21892
-2.42109
-2.45312
-2.42219
-2.36843
-2.31133
-2.25737
-2.20903
-2.16708
-2.13136
-2.10142
15.1925
14.2718
13.4405
12.1126
10.637
9.0607
7.49614
6.2319
5.41826
4.04754
0.812065
-1.85717
-2.36722
-2.71322
-2.69903
-2.63119
-2.55614
-2.48677
-2.42587
-2.37361
-2.32924
-2.29201
-2.26084
-3.58592
-3.5346
-3.55937
-3.58367
-3.61048
-3.64836
-3.70668
-3.79661
-3.93419
-4.15996
-4.41758
-4.52612
-4.13647
-3.31021
-3.01373
-2.85296
-2.74234
-2.65738
-2.58914
-2.53317
-2.48688
-2.44846
-2.41642
-3.60637
-3.62195
-3.63501
-3.65187
-3.67518
-3.70678
-3.75036
-3.82253
-3.94474
-4.16773
-4.57628
-4.88484
-5.02227
-3.73959
-3.27806
-3.0492
-2.9125
-2.8172
-2.7444
-2.68637
-2.6392
-2.60032
-2.56807
-3.69046
-3.68858
-3.6949
-3.7069
-3.72246
-3.74399
-3.77343
-3.82007
-3.90592
-4.08595
-4.50479
-4.95234
-4.54406
-3.76847
-3.39354
-3.18705
-3.05515
-2.9615
-2.88957
-2.83232
-2.78585
-2.74753
-2.71582
-3.74703
-3.74646
-3.75027
-3.75739
-3.76553
-3.77518
-3.78734
-3.80602
-3.84034
-3.90541
-4.03991
-4.14261
-3.90843
-3.62489
-3.42488
-3.27996
-3.17346
-3.09117
-3.02492
-2.97128
-2.9271
-2.89035
-2.85983
-3.80457
-3.80381
-3.80615
-3.80881
-3.80864
-3.80739
-3.80565
-3.80201
-3.8008
-3.80114
-3.80171
-3.77577
-3.6817
-3.57093
-3.45804
-3.36073
-3.27978
-3.21094
-3.15294
-3.10452
-3.06362
-3.0292
-3.00036
-3.86537
-3.86453
-3.86414
-3.86155
-3.85576
-3.84684
-3.83347
-3.81704
-3.79834
-3.77607
-3.7493
-3.71119
-3.65657
-3.58676
-3.51378
-3.4455
-3.38285
-3.32611
-3.27642
-3.23335
-3.19627
-3.16472
-3.13788
-3.93041
-3.92901
-3.92564
-3.92055
-3.9109
-3.89565
-3.87546
-3.85215
-3.82759
-3.79925
-3.76693
-3.73087
-3.68847
-3.63946
-3.58778
-3.53646
-3.48663
-3.43979
-3.39715
-3.35922
-3.32621
-3.29772
-3.27284
-3.99947
-3.99831
-3.99379
-3.98571
-3.97266
-3.95337
-3.93069
-3.90674
-3.88108
-3.85207
-3.82127
-3.78883
-3.75272
-3.71377
-3.67368
-3.63316
-3.59269
-3.55344
-3.51664
-3.48346
-3.45443
-3.42881
-3.40565
-4.07356
-4.07138
-4.06577
-4.05512
-4.03975
-4.02044
-3.99841
-3.97498
-3.94919
-3.9222
-3.89472
-3.8652
-3.83352
-3.80136
-3.76896
-3.7355
-3.70138
-3.6676
-3.63573
-3.60701
-3.58156
-3.55824
-3.53675
-4.15118
-4.14836
-4.14164
-4.13011
-4.11422
-4.09538
-4.07463
-4.05228
-4.02919
-4.00573
-3.98071
-3.95366
-3.92607
-3.89868
-3.87055
-3.84127
-3.81142
-3.78233
-3.75524
-3.73052
-3.70767
-3.68621
-3.66669
-4.2322
-4.22878
-4.22154
-4.20963
-4.19366
-4.17533
-4.1562
-4.13688
-4.1172
-4.09599
-4.07273
-4.04855
-4.02455
-4.00018
-3.9748
-3.9488
-3.9231
-3.89863
-3.87561
-3.8537
-3.83275
-3.81329
-3.79591
-4.31567
-4.31139
-4.30324
-4.29148
-4.277
-4.26121
-4.2449
-4.22798
-4.20964
-4.18961
-4.16871
-4.1478
-4.12672
-4.10473
-4.08188
-4.05917
-4.03725
-4.0162
-3.99587
-3.97612
-3.95737
-3.94011
-3.92447
-4.40168
-4.3963
-4.38768
-4.37695
-4.36514
-4.35247
-4.3386
-4.32316
-4.30621
-4.28843
-4.27038
-4.25197
-4.23262
-4.21225
-4.19163
-4.1716
-4.15234
-4.13372
-4.11572
-4.09848
-4.08215
-4.0667
-4.05207
-4.48894
-4.48403
-4.47616
-4.46681
-4.45658
-4.44549
-4.43326
-4.41983
-4.40545
-4.39035
-4.37441
-4.3573
-4.33908
-4.32044
-4.30217
-4.28463
-4.26783
-4.25166
-4.23614
-4.22125
-4.20679
-4.19253
-4.17863
-4.57685
-4.57344
-4.5677
-4.56017
-4.55136
-4.54152
-4.53075
-4.51913
-4.50659
-4.49296
-4.47811
-4.4622
-4.44584
-4.4297
-4.41414
-4.39919
-4.38476
-4.37076
-4.35714
-4.34378
-4.33053
-4.31735
-4.30461
-4.6668
-4.66497
-4.66159
-4.6566
-4.65
-4.64193
-4.63256
-4.62197
-4.61019
-4.59731
-4.58357
-4.56946
-4.55544
-4.54177
-4.52848
-4.51549
-4.50271
-4.4901
-4.47769
-4.46546
-4.45342
-4.44169
-4.43062
-4.76076
-4.75977
-4.75779
-4.75449
-4.74963
-4.74312
-4.73503
-4.72551
-4.71482
-4.70328
-4.69129
-4.6792
-4.66719
-4.65532
-4.64357
-4.63189
-4.62029
-4.60886
-4.59768
-4.5868
-4.57631
-4.56628
-4.55697
-4.85853
-4.85755
-4.85567
-4.8527
-4.84848
-4.84291
-4.83603
-4.82797
-4.81899
-4.80936
-4.79936
-4.78914
-4.77882
-4.76845
-4.75806
-4.74772
-4.73752
-4.72756
-4.71794
-4.70866
-4.69979
-4.69137
-4.68357
-4.959
-4.95781
-4.95568
-4.9526
-4.94859
-4.94364
-4.93778
-4.93112
-4.92378
-4.91591
-4.90766
-4.89912
-4.89039
-4.88155
-4.8727
-4.86395
-4.85538
-4.84707
-4.83903
-4.83128
-4.82387
-4.81681
-4.81024
-5.06225
-5.06102
-5.0589
-5.05596
-5.05225
-5.04784
-5.0428
-5.03718
-5.03106
-5.02454
-5.01768
-5.01057
-5.00329
-4.99595
-4.98863
-4.98143
-4.97439
-4.96754
-4.96089
-4.95447
-4.9483
-4.94241
-4.93689
-5.16835
-5.16728
-5.16542
-5.16281
-5.15954
-5.15569
-5.15131
-5.14649
-5.14129
-5.13578
-5.13002
-5.12408
-5.11805
-5.112
-5.106
-5.1001
-5.09433
-5.08872
-5.08326
-5.07798
-5.07291
-5.06807
-5.06352
-5.27662
-5.27574
-5.27416
-5.27195
-5.26915
-5.26584
-5.26209
-5.25797
-5.25355
-5.24889
-5.24406
-5.23914
-5.23416
-5.2292
-5.22431
-5.21952
-5.21485
-5.21031
-5.20591
-5.20167
-5.19763
-5.19377
-5.19013
-5.38617
-5.38543
-5.38412
-5.38227
-5.37992
-5.37715
-5.37401
-5.37057
-5.36689
-5.36304
-5.35908
-5.35506
-5.35104
-5.34706
-5.34316
-5.33936
-5.3357
-5.33216
-5.32877
-5.32552
-5.32244
-5.31953
-5.31677
-5.4964
-5.49581
-5.49475
-5.49324
-5.49134
-5.48909
-5.48655
-5.48378
-5.48083
-5.47776
-5.47462
-5.47147
-5.46835
-5.46529
-5.46233
-5.45949
-5.45678
-5.45422
-5.4518
-5.44952
-5.44737
-5.44537
-5.44347
-5.60735
-5.60692
-5.6061
-5.60491
-5.60341
-5.60164
-5.59966
-5.5975
-5.59522
-5.59289
-5.59054
-5.58821
-5.58594
-5.58378
-5.58173
-5.57982
-5.57806
-5.57645
-5.57499
-5.57365
-5.57244
-5.57133
-5.57028
-5.71836
-5.71813
-5.71753
-5.71665
-5.71556
-5.71428
-5.71286
-5.71133
-5.70975
-5.70815
-5.70659
-5.70509
-5.70369
-5.70242
-5.70128
-5.70031
-5.69948
-5.69882
-5.69831
-5.69794
-5.69768
-5.69746
-5.69725
-0.365329
-0.464157
-0.327671
-0.156806
0.165999
0.0940738
0.0527126
0.0365622
0.0636669
0.0319703
0.00341638
-0.022893
-0.109727
-0.12768
-0.146796
-0.167015
-0.300648
-0.309999
-0.321535
-0.335133
-0.493796
-0.497896
-0.504127
-0.512234
-0.685194
-0.685577
-0.68789
-0.69185
-0.873327
-0.870867
-0.870288
-0.871185
-1.05772
-1.05323
-1.05044
-1.04885
-1.23841
-1.23241
-1.22774
-1.224
-1.41539
-1.40806
-1.40175
-1.39625
-1.58857
-1.58002
-1.57237
-1.5655
-1.75795
-1.74837
-1.73964
-1.73168
-1.92369
-1.91322
-1.90357
-1.89471
-2.08585
-2.0746
-2.06417
-2.05457
-2.24451
-2.23263
-2.22159
-2.21136
-2.3996
-2.38733
-2.37584
-2.36513
-2.55113
-2.53867
-2.52689
-2.51586
-2.69908
-2.68663
-2.67476
-2.66366
-2.84355
-2.83131
-2.81961
-2.80867
-2.98475
-2.97295
-2.96166
-2.95109
-3.12304
-3.11184
-3.10121
-3.09117
-3.2588
-3.24837
-3.23857
-3.22909
-3.39249
-3.38298
-3.37402
-3.36499
-3.52467
-3.51604
-3.50767
-3.49893
-3.65579
-3.64771
-3.63953
-3.63105
-3.7859
-3.77795
-3.76979
-3.76175
-3.91481
-3.90686
-3.89897
-3.8917
-4.04255
-4.03491
-4.02778
-4.0215
-4.16961
-4.16281
-4.15673
-4.15139
-4.29666
-4.29094
-4.28586
-4.28127
-4.424
-4.41927
-4.41496
-4.41094
-4.55152
-4.54756
-4.54384
-4.5403
-4.67903
-4.67567
-4.67246
-4.66936
-4.80643
-4.80358
-4.80081
-4.79814
-4.93371
-4.93131
-4.92898
-4.92671
-5.06091
-5.05894
-5.05702
-5.05515
-5.18807
-5.1865
-5.18498
-5.1835
-5.31522
-5.31405
-5.31292
-5.3118
-5.44243
-5.44164
-5.44087
-5.44011
-5.56971
-5.56929
-5.56888
-5.56847
-5.69714
-5.69706
-5.69699
-5.69691
0.0547911
0.102387
0.0903796
0.070503
0.0497889
0.0305792
0.0132062
-0.00230932
-0.0160548
-0.0281665
-0.0387754
-0.0479848
-0.0558757
-0.0625065
-0.0679216
-0.0721542
-0.0752291
-0.0771631
-0.0779633
0.0287858
0.00614079
-0.0243481
-0.0520575
-0.0765469
-0.0978882
-0.11652
-0.132791
-0.14696
-0.159273
-0.169943
-0.179133
-0.186959
-0.193507
-0.198839
-0.202996
-0.206011
-0.207907
-0.208699
-0.0693845
-0.111759
-0.149085
-0.180537
-0.207008
-0.229465
-0.248744
-0.265369
-0.279676
-0.291982
-0.302562
-0.311617
-0.319295
-0.325701
-0.330903
-0.334951
-0.337881
-0.339723
-0.340492
-0.207656
-0.24886
-0.285163
-0.316216
-0.342417
-0.364675
-0.383806
-0.400257
-0.414333
-0.426365
-0.436666
-0.445456
-0.452887
-0.459073
-0.464089
-0.467986
-0.470805
-0.472574
-0.473313
-0.365227
-0.399111
-0.430641
-0.458592
-0.482703
-0.503585
-0.521783
-0.537507
-0.55095
-0.56243
-0.572253
-0.580627
-0.587703
-0.593589
-0.59836
-0.602065
-0.604743
-0.606423
-0.607123
-0.532238
-0.557554
-0.582896
-0.606335
-0.627213
-0.645878
-0.662501
-0.676999
-0.689444
-0.700103
-0.709251
-0.717068
-0.72368
-0.729188
-0.733657
-0.737126
-0.739634
-0.741208
-0.741863
-0.70354
-0.720705
-0.739558
-0.757937
-0.775073
-0.791037
-0.805619
-0.818494
-0.829633
-0.83925
-0.847556
-0.854687
-0.860742
-0.865799
-0.869905
-0.873099
-0.87541
-0.876861
-0.877463
-0.876207
-0.886122
-0.898752
-0.912113
-0.925422
-0.938455
-0.950695
-0.961671
-0.97129
-0.979694
-0.987029
-0.993375
-0.998793
-1.00333
-1.00703
-1.00991
-1.012
-1.01331
-1.01386
-1.04841
-1.05212
-1.05916
-1.06786
-1.07747
-1.0875
-1.09725
-1.10618
-1.11415
-1.12124
-1.12751
-1.13299
-1.13771
-1.14169
-1.14495
-1.14749
-1.14934
-1.1505
-1.15098
-1.21909
-1.21768
-1.21987
-1.22437
-1.23049
-1.23757
-1.2448
-1.25164
-1.25793
-1.26365
-1.26882
-1.27339
-1.27737
-1.28075
-1.28354
-1.28573
-1.28732
-1.28833
-1.28874
-1.38778
-1.38217
-1.3802
-1.38097
-1.38387
-1.38812
-1.39291
-1.39772
-1.40235
-1.40672
-1.41077
-1.41441
-1.41763
-1.42041
-1.42271
-1.42453
-1.42586
-1.4267
-1.42705
-1.55419
-1.54509
-1.53959
-1.53711
-1.53708
-1.53872
-1.54123
-1.54413
-1.54717
-1.55023
-1.55317
-1.5559
-1.55837
-1.56053
-1.56235
-1.5638
-1.56487
-1.56554
-1.56582
-1.71806
-1.70608
-1.69763
-1.69234
-1.68973
-1.68901
-1.68946
-1.69061
-1.69218
-1.69398
-1.69587
-1.69772
-1.69945
-1.70101
-1.70235
-1.70343
-1.70424
-1.70475
-1.70496
-1.87921
-1.86487
-1.85402
-1.84638
-1.84151
-1.83872
-1.83735
-1.83694
-1.83716
-1.83781
-1.8387
-1.83971
-1.84074
-1.84173
-1.84261
-1.84334
-1.8439
-1.84425
-1.84439
-2.03755
-2.02136
-2.00859
-1.99901
-1.99223
-1.98766
-1.98472
-1.98293
-1.98195
-1.98155
-1.98153
-1.98177
-1.98215
-1.98259
-1.98304
-1.98343
-1.98374
-1.98395
-1.98403
-2.19312
-2.1755
-2.16124
-2.15007
-2.14172
-2.13568
-2.13142
-2.12844
-2.1264
-2.12507
-2.12424
-2.12377
-2.12355
-2.12349
-2.12354
-2.12362
-2.1237
-2.12377
-2.12379
-2.34598
-2.32733
-2.31191
-2.29949
-2.28989
-2.28268
-2.27733
-2.27336
-2.27041
-2.26826
-2.26671
-2.26561
-2.26486
-2.26435
-2.26402
-2.26382
-2.2637
-2.26363
-2.2636
-2.49622
-2.47691
-2.46063
-2.44724
-2.43669
-2.42858
-2.42238
-2.41759
-2.41389
-2.41104
-2.40887
-2.40722
-2.40599
-2.40509
-2.40444
-2.40398
-2.40367
-2.40349
-2.40341
-2.64392
-2.62425
-2.60737
-2.59331
-2.58211
-2.57336
-2.56651
-2.56108
-2.55675
-2.55334
-2.55065
-2.54853
-2.54689
-2.54564
-2.54471
-2.54402
-2.54355
-2.54327
-2.54315
-2.78917
-2.76939
-2.75216
-2.73773
-2.72616
-2.71702
-2.70971
-2.70379
-2.69899
-2.69511
-2.69198
-2.68948
-2.6875
-2.68596
-2.68477
-2.6839
-2.68329
-2.68291
-2.68276
-2.93205
-2.91234
-2.89502
-2.88055
-2.8689
-2.85955
-2.85195
-2.84569
-2.84053
-2.8363
-2.83284
-2.83003
-2.82777
-2.82598
-2.8246
-2.82356
-2.82283
-2.82238
-2.82219
-3.07268
-3.0532
-3.03611
-3.02189
-3.01039
-3.00102
-2.99327
-2.9868
-2.98139
-2.9769
-2.97319
-2.97015
-2.96767
-2.9657
-2.96415
-2.96297
-2.96215
-2.96164
-2.96141
-3.21117
-3.19214
-3.1756
-3.16191
-3.15073
-3.14147
-3.13369
-3.12711
-3.12156
-3.11691
-3.11303
-3.10982
-3.10719
-3.10507
-3.1034
-3.10213
-3.10123
-3.10066
-3.10042
-3.34764
-3.32935
-3.31369
-3.30073
-3.29
-3.28095
-3.27324
-3.26666
-3.26106
-3.25632
-3.25235
-3.24903
-3.2463
-3.24408
-3.24233
-3.24099
-3.24003
-3.23943
-3.23917
-3.4823
-3.46513
-3.4506
-3.43849
-3.42828
-3.41952
-3.41197
-3.40547
-3.3999
-3.39516
-3.39115
-3.38779
-3.385
-3.38272
-3.38092
-3.37954
-3.37854
-3.37792
-3.37765
-3.61551
-3.59982
-3.58655
-3.57531
-3.56564
-3.55724
-3.54993
-3.54359
-3.53812
-3.53344
-3.52945
-3.52609
-3.52329
-3.52099
-3.51917
-3.51777
-3.51676
-3.51613
-3.51586
-3.74773
-3.7337
-3.72169
-3.71129
-3.70218
-3.69419
-3.68717
-3.68106
-3.67575
-3.67117
-3.66726
-3.66394
-3.66117
-3.6589
-3.65707
-3.65568
-3.65467
-3.65404
-3.65377
-3.87944
-3.86699
-3.85611
-3.8465
-3.83798
-3.83043
-3.82376
-3.81792
-3.81282
-3.8084
-3.80461
-3.80138
-3.79867
-3.79644
-3.79465
-3.79327
-3.79228
-3.79166
-3.7914
-4.01087
-3.99978
-3.98989
-3.98103
-3.9731
-3.96602
-3.95975
-3.95422
-3.94937
-3.94516
-3.94152
-3.93841
-3.9358
-3.93364
-3.9319
-3.93056
-3.92959
-3.92899
-3.92874
-4.14207
-4.1321
-4.12309
-4.11495
-4.10762
-4.10105
-4.0952
-4.09002
-4.08546
-4.08147
-4.07802
-4.07506
-4.07257
-4.0705
-4.06884
-4.06755
-4.06662
-4.06604
-4.0658
-4.27297
-4.26397
-4.25578
-4.24833
-4.24161
-4.23556
-4.23015
-4.22534
-4.2211
-4.21738
-4.21414
-4.21136
-4.20901
-4.20706
-4.20548
-4.20426
-4.20338
-4.20283
-4.2026
-4.40351
-4.3954
-4.38799
-4.38125
-4.37513
-4.36962
-4.36467
-4.36026
-4.35635
-4.35291
-4.34991
-4.34733
-4.34514
-4.34332
-4.34185
-4.34071
-4.33988
-4.33936
-4.33915
-4.53369
-4.52643
-4.5198
-4.51374
-4.50825
-4.50327
-4.4988
-4.49479
-4.49124
-4.4881
-4.48536
-4.483
-4.48099
-4.47932
-4.47796
-4.47691
-4.47614
-4.47567
-4.47547
-4.66353
-4.65712
-4.65125
-4.64589
-4.64101
-4.63658
-4.63259
-4.62901
-4.62582
-4.623
-4.62053
-4.6184
-4.61658
-4.61507
-4.61384
-4.61288
-4.61219
-4.61175
-4.61158
-4.79309
-4.78752
-4.78241
-4.77773
-4.77346
-4.76958
-4.76608
-4.76293
-4.76011
-4.75762
-4.75544
-4.75355
-4.75194
-4.75059
-4.7495
-4.74864
-4.74803
-4.74764
-4.74748
-4.92242
-4.91768
-4.91332
-4.90932
-4.90566
-4.90234
-4.89932
-4.8966
-4.89418
-4.89202
-4.89013
-4.88849
-4.88709
-4.88592
-4.88497
-4.88423
-4.88369
-4.88335
-4.88321
-5.05159
-5.04766
-5.04404
-5.04071
-5.03766
-5.03488
-5.03236
-5.03008
-5.02805
-5.02623
-5.02464
-5.02326
-5.02208
-5.02109
-5.02028
-5.01965
-5.0192
-5.01891
-5.0188
-5.18066
-5.17751
-5.17461
-5.17195
-5.1695
-5.16727
-5.16523
-5.1634
-5.16175
-5.16029
-5.159
-5.15788
-5.15692
-5.15612
-5.15546
-5.15495
-5.15457
-5.15434
-5.15425
-5.30966
-5.30729
-5.3051
-5.30308
-5.30123
-5.29953
-5.29799
-5.29659
-5.29533
-5.29422
-5.29324
-5.29238
-5.29164
-5.29102
-5.29052
-5.29013
-5.28984
-5.28966
-5.2896
-5.43864
-5.43703
-5.43553
-5.43415
-5.43288
-5.43171
-5.43065
-5.42969
-5.42883
-5.42806
-5.42738
-5.42679
-5.42628
-5.42585
-5.4255
-5.42523
-5.42503
-5.42491
-5.42486
-5.56766
-5.56678
-5.56595
-5.5652
-5.5645
-5.56385
-5.56327
-5.56274
-5.56226
-5.56184
-5.56147
-5.56114
-5.56086
-5.56062
-5.56042
-5.56027
-5.56016
-5.5601
-5.56007
-5.69675
-5.69657
-5.69641
-5.69626
-5.69613
-5.696
-5.69588
-5.69578
-5.69568
-5.6956
-5.69553
-5.69546
-5.6954
-5.69536
-5.69532
-5.69529
-5.69527
-5.69525
-5.69525
)
;

boundaryField
{
    leftWall
    {
        type            calculated;
        value           nonuniform List<scalar> 
100
(
1944.46
1885.68
1827.01
1768.48
1710.09
1651.9
1593.95
1536.25
1462.74
1342.43
1224.48
1109.47
997.948
890.381
787.105
688.327
594.089
504.315
418.779
337.156
259.071
183.635
111.106
39.216
1.01934
-3.59784
-3.6547
-3.7213
-3.77663
-3.83451
-3.89724
-3.9646
-4.03617
-4.11223
-4.19193
-4.27418
-4.35943
-4.44621
-4.53364
-4.62189
-4.71355
-4.80942
-4.90868
-5.01052
-5.11522
-5.22249
-5.33144
-5.44135
-5.55181
-5.66296
1915.05
1856.33
1797.73
1739.26
1680.97
1622.89
1565.07
1507.51
1402.33
1283.12
1166.57
1053.24
943.644
838.192
737.147
640.644
548.653
461.036
377.507
297.689
221.083
147.089
74.1453
15.4579
-3.57225
-3.62222
-3.69122
-3.74895
-3.80509
-3.8649
-3.93076
-3.99954
-4.07387
-4.15163
-4.23277
-4.31649
-4.40277
-4.49
-4.57752
-4.66716
-4.76094
-4.8587
-4.95925
-5.06249
-5.16857
-5.2768
-5.38631
-5.4965
-5.60736
-5.71808
)
;
    }
    rightWall
    {
        type            calculated;
        value           nonuniform List<scalar> 
100
(
0.453682
0.394573
0.335175
0.275554
0.215651
0.155523
0.0951306
0.0344986
-0.0779633
-0.208699
-0.340492
-0.473313
-0.607123
-0.741863
-0.877463
-1.01386
-1.15098
-1.28874
-1.42705
-1.56582
-1.70496
-1.84439
-1.98403
-2.12379
-2.2636
-2.40341
-2.54315
-2.68276
-2.82219
-2.96141
-3.10042
-3.23917
-3.37765
-3.51586
-3.65377
-3.7914
-3.92874
-4.0658
-4.2026
-4.33915
-4.47547
-4.61158
-4.74748
-4.88321
-5.0188
-5.15425
-5.2896
-5.42486
-5.56007
-5.69525
0.483149
0.424159
0.364911
0.305386
0.24565
0.185597
0.12538
0.0648239
-0.0130018
-0.1432
-0.274463
-0.406777
-0.540097
-0.674381
-0.809562
-0.945563
-1.08233
-1.21979
-1.35784
-1.49639
-1.63535
-1.77465
-1.91419
-2.0539
-2.19369
-2.33351
-2.47329
-2.61297
-2.7525
-2.89182
-3.03095
-3.16983
-3.30845
-3.44679
-3.58485
-3.72262
-3.8601
-3.9973
-4.13423
-4.2709
-4.40734
-4.54355
-4.67955
-4.81536
-4.95102
-5.08654
-5.22193
-5.35724
-5.49247
-5.62766
)
;
    }
    lowerWall
    {
        type            calculated;
        value           nonuniform List<scalar> 
124
(
1958.05
1947.51
1928.17
1899.82
1861.93
1813.81
1754.61
1683.3
1598.59
1499.01
1382.88
1248.37
1093.95
919.386
727.058
523.204
334.84
192.077
89.3995
30.0804
7.97254
6.09859
5.96948
5.8976
5.29092
4.2341
3.29071
2.54708
1.93259
1.35553
0.697097
-0.567065
-0.454565
-0.304996
-0.109967
0.613697
0.55393
0.492912
0.430119
0.36495
0.293904
0.211683
0.134168
0.629885
0.630948
0.627201
0.618807
0.607673
0.595272
0.582519
0.570022
0.558148
0.547129
0.537105
0.528165
0.520355
0.513698
0.508204
0.503875
0.500711
0.498714
0.497863
1959.17
1953.99
1938.92
1915.15
1882.11
1839.2
1785.65
1720.55
1642.71
1550.76
1443.13
1318.03
1173.72
1009.08
825.263
625.559
424.555
257.461
135.413
57.2176
13.7266
6.43886
6.01263
-0.647765
-0.480067
-0.392211
-0.204207
0.628412
0.630864
0.629758
0.623463
0.613476
0.601559
0.588896
0.576212
0.563991
0.552521
0.541986
0.532497
0.524117
0.516881
0.510805
0.505893
0.502146
0.499567
0.498146
5.95462
5.69756
4.76563
3.73777
2.89654
2.22955
1.64563
1.04415
0.583927
0.523625
0.461762
0.39788
0.330553
0.254369
0.171935
0.0862158
)
;
    }
    atmosphere
    {
        type            calculated;
        value           nonuniform List<scalar> 
92
(
-5.74579
-5.74552
-5.74497
-5.74419
-5.74322
-5.7421
-5.74086
-5.73953
-5.73816
-5.73679
-5.73547
-5.73422
-5.73307
-5.73204
-5.73116
-5.73043
-5.72986
-5.72944
-5.72918
-5.72905
-5.72904
-5.72904
-5.72904
-5.72904
-5.72904
-5.72904
-5.72904
-5.72904
-5.72904
-5.72904
-5.72904
-5.72904
-5.72904
-5.72904
-5.72904
-5.72904
-5.72904
-5.72904
-5.72904
-5.72904
-5.72904
-5.72904
-5.72904
-5.72904
-5.72904
-5.72904
-5.74512
-5.74569
-5.74528
-5.74461
-5.74373
-5.74268
-5.7415
-5.74021
-5.73885
-5.73747
-5.73612
-5.73483
-5.73363
-5.73254
-5.73158
-5.73078
-5.73013
-5.72963
-5.72929
-5.7291
-5.72904
-5.72904
-5.72904
-5.72904
-5.72904
-5.72904
-5.72904
-5.72904
-5.72904
-5.72904
-5.72904
-5.72904
-5.72904
-5.72904
-5.72904
-5.72904
-5.72904
-5.72904
-5.72904
-5.72904
-5.72904
-5.72904
-5.72904
-5.72904
-5.72904
-5.72904
)
;
    }
    defaultFaces
    {
        type            empty;
    }
}


// ************************************************************************* //
