/*--------------------------------*- C++ -*----------------------------------*\
| =========                 |                                                 |
| \\      /  F ield         | OpenFOAM: The Open Source CFD Toolbox           |
|  \\    /   O peration     | Version:  v1912                                 |
|   \\  /    A nd           | Website:  www.openfoam.com                      |
|    \\/     M anipulation  |                                                 |
\*---------------------------------------------------------------------------*/
FoamFile
{
    version     2.0;
    format      ascii;
    class       volScalarField;
    location    "0.1";
    object      p_rgh;
}
// * * * * * * * * * * * * * * * * * * * * * * * * * * * * * * * * * * * * * //

dimensions      [1 -1 -2 0 0 0 0];


internalField   nonuniform List<scalar> 
9072
(
1959.2
1953.99
1938.92
1915.15
1882.11
1839.2
1785.65
1720.55
1642.71
1550.76
1443.13
1318.03
1173.72
1009.08
825.263
625.559
424.555
257.461
135.413
57.2176
13.7266
6.43886
6.01263
1959.33
1954.06
1939
1915.22
1882.16
1839.21
1785.62
1720.44
1642.49
1550.35
1442.45
1316.93
1171.93
1006.11
820.61
618.525
415.644
248.997
123.205
42.3541
14.2362
5.42097
5.7467
1959.59
1954.22
1939.17
1915.36
1882.27
1839.26
1785.56
1720.21
1641.99
1549.45
1440.92
1314.42
1167.8
999.372
809.966
601.283
391.461
219.922
76.0477
7.85389
6.66196
4.29701
4.68994
1959.98
1954.49
1939.44
1915.61
1882.46
1839.36
1785.51
1719.9
1641.28
1548.15
1438.69
1310.69
1161.53
989.049
793.025
571.507
341.83
96.9737
9.3654
3.87773
2.05465
2.42062
3.70516
1960.55
1954.9
1939.86
1915.99
1882.78
1839.58
1785.53
1719.6
1640.49
1546.6
1435.95
1305.96
1153.49
975.591
769.518
525.199
196.513
9.5754
3.22914
1.92004
1.8214
2.07404
2.96462
1961.33
1955.5
1940.46
1916.56
1883.29
1839.96
1785.7
1719.42
1639.75
1544.98
1432.91
1300.57
1144.12
959.511
739.906
447.776
28.0579
4.09041
1.83762
1.621
1.72212
1.95883
2.44049
1962.37
1956.33
1941.29
1917.37
1884.04
1840.59
1786.1
1719.44
1639.2
1543.49
1429.82
1294.91
1134.04
941.863
704.991
256.504
8.13408
2.06623
1.44244
1.49245
1.61905
1.80292
2.0145
1963.66
1957.43
1942.39
1918.45
1885.06
1841.5
1786.8
1719.79
1638.97
1542.3
1426.99
1289.42
1123.9
924.441
663.777
74.8725
3.46798
1.37325
1.28684
1.39722
1.51478
1.62628
1.63399
0.628071
0.630864
0.629758
0.623463
0.613476
0.601559
0.588896
0.576212
0.563991
0.552521
0.541986
0.532497
0.524117
0.516881
0.510805
0.505893
0.502146
0.499567
0.498146
0.626628
0.630779
0.630069
0.62377
0.613684
0.601661
0.588901
0.576161
0.563901
0.552405
0.541857
0.53236
0.523974
0.516736
0.510658
0.505745
0.502
0.499422
0.498007
0.623624
0.630572
0.630959
0.624616
0.614244
0.601932
0.588932
0.576021
0.563648
0.552084
0.541496
0.531976
0.523579
0.516334
0.510252
0.505341
0.501599
0.499025
0.497614
0.6186
0.630452
0.632555
0.626015
0.615151
0.602351
0.588963
0.575776
0.563225
0.551551
0.540897
0.531341
0.522927
0.515673
0.50959
0.504682
0.500945
0.498374
0.496958
0.610132
0.630259
0.635021
0.628
0.616376
0.602889
0.588969
0.575409
0.562618
0.550797
0.540056
0.530453
0.522016
0.514754
0.508672
0.50377
0.500039
0.49747
0.496065
0.592807
0.630221
0.638421
0.630522
0.617856
0.603493
0.58891
0.574893
0.561808
0.54981
0.538966
0.529307
0.520844
0.513574
0.507496
0.502602
0.498878
0.496312
0.494893
0.569232
0.628126
0.64258
0.633527
0.619513
0.604089
0.588735
0.574194
0.560777
0.548578
0.537619
0.527899
0.519409
0.512134
0.506061
0.501177
0.497463
0.494906
0.49351
0.542371
0.628803
0.646794
0.636887
0.621214
0.604583
0.588382
0.573277
0.5595
0.547085
0.536003
0.526222
0.517708
0.51043
0.504366
0.499494
0.495794
0.49325
0.491839
1967.09
1959.21
1944.16
1920.18
1886.71
1843.01
1788.07
1720.64
1639.09
1541.17
1423.79
1282.77
1111.37
904.113
582.775
12.2206
1.53656
1.09912
1.17502
1.28282
1.37223
1.40777
1.20732
1973.08
1963.91
1948.91
1924.95
1891.49
1847.74
1792.63
1724.78
1642.38
1542.94
1422.96
1277.6
1099.33
876.625
180.185
2.54833
0.921359
0.947223
1.03748
1.12068
1.17674
1.17487
1.05321
1981.73
1971.01
1956.17
1932.41
1899.19
1855.71
1800.84
1733.14
1650.69
1550.89
1430.08
1283.11
1104.41
864.648
10.0991
0.880948
0.758809
0.838024
0.918551
0.985469
1.03008
1.03936
0.995949
1993.59
1981.12
1966.57
1943.22
1910.55
1867.75
1813.71
1746.95
1665.55
1566.98
1447.74
1302.66
1130.19
597.441
2.51023
0.604562
0.661641
0.740364
0.810574
0.867831
0.906747
0.920752
0.905384
2009.19
1994.81
1980.68
1957.98
1926.22
1884.61
1832.08
1767.2
1688.15
1592.58
1477.4
1337.67
1172.98
216.28
0.805676
0.512933
0.579815
0.650323
0.712654
0.763976
0.80087
0.820179
0.819616
2028.94
2012.55
1998.99
1977.23
1946.78
1906.91
1856.61
1794.58
1719.16
1628.28
1519.46
1388.52
1230.86
36.4684
0.39393
0.432849
0.501734
0.566173
0.623237
0.671046
0.706899
0.729523
0.737531
2053.08
2034.68
2021.86
2001.31
1972.57
1934.96
1887.6
1829.32
1758.69
1673.95
1573.22
1453.69
1302.73
3.04273
0.299608
0.35814
0.426095
0.487237
0.541025
0.586643
0.622253
0.64732
0.660853
2081.77
2061.38
2049.46
2030.37
2003.7
1968.87
1925.09
1871.36
1806.49
1729.02
1637.59
1530.78
1138.06
0.948944
0.223907
0.289924
0.35473
0.413381
0.465036
0.509282
0.54529
0.572289
0.589632
2114.97
2092.74
2081.85
2064.45
2040.2
2008.56
1968.9
1920.38
1862.03
1792.67
1711.36
1618.3
849.783
0.188264
0.154825
0.227163
0.287776
0.344204
0.394476
0.438116
0.474729
0.503373
0.523624
2152.55
2128.62
2118.9
2103.38
2081.79
2053.69
2018.55
1975.74
1924.45
1863.77
1792.96
1713.31
499.694
-0.087396
0.0721774
0.162147
0.223644
0.279209
0.328988
0.372395
0.409651
0.43982
0.462583
2194.22
2168.81
2160.33
2146.82
2128.08
2103.78
2073.48
2036.71
1992.86
1941.19
1880.96
1813.48
255.162
-0.0947422
0.0260734
0.102459
0.163992
0.218827
0.268209
0.311665
0.349517
0.38113
0.406148
2239.59
2212.95
2205.78
2194.39
2178.62
2158.26
2132.99
2102.46
2066.25
2023.76
1974.23
1918.37
89.7128
-0.0841514
-0.0127488
0.0515733
0.109562
0.162789
0.21147
0.255378
0.293998
0.326864
0.353808
2288.18
2260.61
2254.75
2245.5
2232.76
2216.38
2196.18
2171.96
2143.47
2110.27
2071.55
2027.18
9.57755
-0.0857487
-0.0441337
0.00722202
0.0586317
0.10951
0.158128
0.202852
0.242569
0.276746
0.305418
2339.29
2311.03
2306.49
2299.35
2289.58
2277.11
2261.89
2243.88
2222.99
2198.98
2171.17
2137.21
-0.137774
-0.10568
-0.0716447
-0.0362039
0.00845235
0.0575954
0.107151
0.153587
0.194839
0.230656
0.261052
2389.22
2363.63
2360.31
2355.11
2348.06
2339.15
2328.41
2315.93
2301.8
2286.05
2268.3
2241.63
-0.115512
-0.0808698
-0.10582
-0.0899998
-0.04736
0.0050492
0.0578257
0.10711
0.150809
0.188595
0.220594
2013.74
2405.31
2402.31
2397.71
2391.48
2383.59
2368.64
2336.99
2286.17
2207.11
2044.66
1069.4
0.622374
-0.0600091
-0.186861
-0.169843
-0.113471
-0.0500854
0.0102077
0.063989
0.110656
0.150457
0.18388
-1.00437
344.482
306.793
253.668
190.799
124.079
62.241
19.2425
-1.33264
-1.51763
-1.82406
-1.87971
47.4477
-0.591831
-0.40906
-0.29001
-0.188928
-0.1046
-0.0340037
0.0252681
0.0749176
0.11641
0.151027
-0.929145
-0.95697
-0.960317
-0.97981
-1.00193
-1.03284
-1.07481
-1.13884
-1.24248
-1.40929
-1.68131
-2.00056
43.7367
-1.32976
-0.695239
-0.414276
-0.257303
-0.151099
-0.0709634
-0.0073404
0.0444128
0.0870306
0.122347
-0.872949
-0.899818
-0.904011
-0.91661
-0.933885
-0.956626
-0.987653
-1.03444
-1.11312
-1.26154
-1.581
-1.6112
-0.940356
-1.43125
-0.779076
-0.467703
-0.293556
-0.180016
-0.0969765
-0.0320117
0.0201067
0.062731
0.0979489
-0.80548
-0.83706
-0.839133
-0.846534
-0.856603
-0.870862
-0.88857
-0.913386
-0.9574
-1.0416
-1.2301
-1.31034
-0.882073
-1.01018
-0.651719
-0.434771
-0.290696
-0.188562
-0.110245
-0.0481217
0.00209749
0.043464
0.0777094
-0.73643
-0.768635
-0.769637
-0.774484
-0.779152
-0.782257
-0.786862
-0.792274
-0.801296
-0.820165
-0.8517
-0.896549
-0.825252
-0.657259
-0.502443
-0.369784
-0.265272
-0.181733
-0.113208
-0.0568251
-0.0102089
0.0287917
0.0613422
-0.671055
-0.703068
-0.702917
-0.703877
-0.702048
-0.697849
-0.691398
-0.681368
-0.669985
-0.657964
-0.641774
-0.619207
-0.567626
-0.48736
-0.396046
-0.310047
-0.234449
-0.167834
-0.109663
-0.0600662
-0.0178663
0.0181215
0.0484178
-0.611714
-0.640387
-0.638783
-0.636076
-0.630479
-0.620181
-0.60538
-0.586401
-0.564328
-0.540187
-0.511393
-0.477905
-0.435226
-0.382656
-0.322617
-0.262877
-0.20554
-0.151734
-0.102828
-0.0596837
-0.0219471
0.0105455
0.0383018
-0.555299
-0.582411
-0.579821
-0.574509
-0.565915
-0.551429
-0.531179
-0.507788
-0.483409
-0.456396
-0.425658
-0.392581
-0.356506
-0.315128
-0.270671
-0.22509
-0.179879
-0.135947
-0.094654
-0.0570767
-0.0237616
0.00508273
0.0304605
-0.504436
-0.52867
-0.525533
-0.518357
-0.50645
-0.489319
-0.467838
-0.444632
-0.420114
-0.392827
-0.36394
-0.334239
-0.301771
-0.266973
-0.231363
-0.195175
-0.15844
-0.121614
-0.0861818
-0.0534051
-0.0244094
0.00117462
0.0245331
-0.457003
-0.478908
-0.474839
-0.466148
-0.452448
-0.434885
-0.414647
-0.392452
-0.368307
-0.343191
-0.317724
-0.290576
-0.261429
-0.231866
-0.202296
-0.171882
-0.140223
-0.108384
-0.0777438
-0.0496537
-0.0244718
-0.00135693
0.0201802
-0.412951
-0.433032
-0.428042
-0.418711
-0.404748
-0.387166
-0.367622
-0.347034
-0.325945
-0.30446
-0.281439
-0.256339
-0.230505
-0.20485
-0.178711
-0.151444
-0.123557
-0.0961606
-0.0703257
-0.0463759
-0.0238813
-0.00263911
0.016893
-0.37147
-0.389685
-0.384158
-0.374342
-0.360401
-0.343786
-0.326133
-0.308289
-0.290079
-0.270429
-0.248869
-0.226361
-0.203909
-0.181255
-0.157609
-0.133279
-0.109219
-0.0860809
-0.064079
-0.0428929
-0.0224493
-0.00323012
0.0141292
-0.332558
-0.348884
-0.341999
-0.331983
-0.319639
-0.305953
-0.29144
-0.275943
-0.258948
-0.24039
-0.221022
-0.201556
-0.181888
-0.161318
-0.139799
-0.118211
-0.0973223
-0.0771957
-0.0576982
-0.0388003
-0.0207263
-0.0038149
0.0117907
-0.294587
-0.310228
-0.303158
-0.293739
-0.283234
-0.271992
-0.259695
-0.245947
-0.230771
-0.214679
-0.198085
-0.180907
-0.162686
-0.143384
-0.123727
-0.104522
-0.0860981
-0.068368
-0.0512811
-0.0349183
-0.0192987
-0.00428207
0.0102566
-0.256916
-0.273102
-0.267327
-0.259492
-0.250367
-0.240304
-0.229297
-0.217322
-0.204472
-0.190763
-0.17604
-0.160082
-0.143002
-0.12547
-0.108227
-0.091649
-0.0757776
-0.0605175
-0.045795
-0.031571
-0.0176852
-0.00390603
0.00971196
-0.22136
-0.237167
-0.233632
-0.228212
-0.221167
-0.212764
-0.203223
-0.192676
-0.181111
-0.168429
-0.154589
-0.139795
-0.124591
-0.109545
-0.0949641
-0.0808867
-0.0672216
-0.053867
-0.0407732
-0.0278976
-0.0151582
-0.00254402
0.00972368
-0.18995
-0.204326
-0.202477
-0.199267
-0.194499
-0.188093
-0.180113
-0.170674
-0.159925
-0.148061
-0.135382
-0.122321
-0.109271
-0.0964437
-0.0838802
-0.0715157
-0.0592764
-0.0471491
-0.035204
-0.0234825
-0.0120166
-0.000910343
0.00964246
-0.162513
-0.175287
-0.173969
-0.171591
-0.167899
-0.162705
-0.155965
-0.147792
-0.138412
-0.128127
-0.11729
-0.106207
-0.095061
-0.0839327
-0.0728311
-0.061759
-0.0507533
-0.0398971
-0.0293027
-0.019036
-0.00914544
0.000292165
0.00916215
-0.137871
-0.149222
-0.147681
-0.145168
-0.141605
-0.136926
-0.131126
-0.124277
-0.116534
-0.108101
-0.0991875
-0.0899537
-0.0805105
-0.0709359
-0.0612994
-0.0516879
-0.0421998
-0.0329313
-0.0239547
-0.0152988
-0.00698892
0.000922627
0.00836724
-0.115924
-0.125779
-0.124072
-0.121457
-0.117988
-0.113703
-0.108642
-0.102867
-0.0964658
-0.0895438
-0.0822047
-0.0745425
-0.0666438
-0.0586024
-0.0505207
-0.0425009
-0.0346292
-0.0269637
-0.019533
-0.0123461
-0.00542443
0.00118772
0.00744088
-0.0968012
-0.105322
-0.103741
-0.101332
-0.0981793
-0.0943543
-0.0899288
-0.0849704
-0.0795479
-0.0737294
-0.0675868
-0.0611892
-0.0546159
-0.0479569
-0.0412971
-0.0347147
-0.0282658
-0.0219761
-0.0158574
-0.00991743
-0.00419241
0.00128799
0.00648781
-0.0798442
-0.0875262
-0.0861755
-0.0841009
-0.0813704
-0.0780538
-0.0742257
-0.069955
-0.0653129
-0.0603656
-0.0551798
-0.0498207
-0.0443607
-0.0388687
-0.0334063
-0.0280263
-0.0227602
-0.0176256
-0.0126347
-0.00779332
-0.00314027
0.00130533
0.00552778
-0.0641544
-0.0713926
-0.0702662
-0.0685259
-0.0662197
-0.0634086
-0.0601593
-0.0565391
-0.0526168
-0.0484606
-0.0441346
-0.0397012
-0.0352181
-0.0307389
-0.0263111
-0.021973
-0.0177465
-0.0136477
-0.00968761
-0.00586916
-0.00221706
0.00125095
0.00454108
-0.0491525
-0.0562085
-0.0552834
-0.0538461
-0.0519382
-0.0496139
-0.0469295
-0.0439472
-0.0407279
-0.037334
-0.0338264
-0.0302586
-0.0266799
-0.0231332
-0.0196579
-0.0162855
-0.0130351
-0.00992038
-0.00694597
-0.00411264
-0.00142202
0.00111006
0.00349826
-0.0348173
-0.0415869
-0.040865
-0.0397199
-0.0381959
-0.0363439
-0.0342127
-0.0318531
-0.0293182
-0.0266647
-0.0239462
-0.021209
-0.0184964
-0.0158461
-0.0132897
-0.0108502
-0.00854706
-0.0063885
-0.0043771
-0.00250606
-0.00076113
0.000853038
0.00236024
-0.0203393
-0.0277649
-0.0272531
-0.0263733
-0.0251936
-0.0237633
-0.0221286
-0.0203307
-0.0184188
-0.0164462
-0.0144597
-0.0125044
-0.0106133
-0.008821
-0.00715186
-0.00562202
-0.00424704
-0.00302852
-0.00196549
-0.00104585
-0.000249832
0.000446014
0.00108809
-0.176894
-0.009197
0.0786595
0.266663
0.795307
0.586021
0.539241
0.566373
0.909645
0.859993
0.821584
0.792111
0.870918
0.847436
0.823094
0.799233
0.803996
0.792138
0.77813
0.762226
0.73325
0.727938
0.72035
0.710625
0.663724
0.662712
0.659549
0.65451
0.59751
0.59963
0.599799
0.598201
0.535271
0.539746
0.542372
0.54336
0.477126
0.483248
0.487719
0.490885
0.422881
0.430244
0.436305
0.441369
0.372445
0.380959
0.388421
0.39503
0.325851
0.335444
0.344074
0.351893
0.283047
0.293558
0.303173
0.311983
0.243918
0.255222
0.265683
0.27533
0.208362
0.220363
0.231541
0.241884
0.176422
0.188933
0.200629
0.211515
0.148188
0.160952
0.172976
0.184257
0.123647
0.136435
0.148619
0.160112
0.10276
0.115371
0.127496
0.138958
0.0853601
0.0975935
0.109415
0.120592
0.0711112
0.0828209
0.0941127
0.104772
0.0596245
0.0707171
0.0812591
0.0912314
0.0505016
0.0608548
0.0704791
0.0797352
0.0432422
0.0527238
0.0614592
0.0701583
0.0372884
0.0458878
0.0540556
0.0624874
0.032227
0.0402195
0.0482602
0.0565688
0.0280356
0.035848
0.0439214
0.0519035
0.0249513
0.0327384
0.0405241
0.0477667
0.0229554
0.030388
0.0373701
0.0436019
0.0215339
0.0281171
0.0340244
0.0392801
0.0200777
0.0255807
0.0304916
0.0349791
0.018332
0.0228557
0.0269947
0.0308935
0.0163908
0.0201567
0.0236968
0.0271003
0.0144281
0.0176023
0.0206394
0.0235906
0.0125363
0.0152108
0.0177927
0.0203131
0.0107251
0.0129469
0.0150995
0.0172038
0.00896543
0.0107601
0.0125028
0.0142046
0.00721864
0.00860232
0.00994837
0.0112649
0.00544008
0.00642926
0.00739301
0.00833535
0.00358486
0.00419739
0.00479372
0.00537505
0.00160964
0.00186034
0.00210695
0.00234729
0.491506
0.633505
0.653725
0.641499
0.623412
0.604918
0.587572
0.57173
0.557483
0.544786
0.533551
0.523697
0.51516
0.507889
0.501844
0.496995
0.493319
0.490796
0.489424
0.639881
0.688587
0.67346
0.649095
0.625498
0.603933
0.584742
0.567769
0.552833
0.539746
0.52832
0.518401
0.509872
0.502648
0.496666
0.491881
0.488261
0.485782
0.484427
0.76041
0.720784
0.684349
0.651593
0.623749
0.599926
0.579448
0.561714
0.546356
0.533081
0.521615
0.511741
0.503304
0.49619
0.490317
0.485632
0.482094
0.479673
0.478351
0.767743
0.72016
0.680005
0.645414
0.616402
0.591961
0.571135
0.553223
0.537839
0.524658
0.513355
0.503674
0.495436
0.488511
0.482807
0.478266
0.474842
0.472502
0.471223
0.738748
0.698716
0.662652
0.630602
0.603129
0.579713
0.559551
0.542125
0.52718
0.514423
0.503517
0.494195
0.486278
0.479633
0.474167
0.469819
0.466545
0.464308
0.463087
0.695074
0.665329
0.636084
0.608756
0.584581
0.563425
0.544779
0.528459
0.51441
0.502408
0.492135
0.483343
0.475873
0.469603
0.464443
0.460339
0.457249
0.455138
0.453987
0.645472
0.625428
0.603551
0.581833
0.561852
0.543678
0.527148
0.512441
0.499685
0.488726
0.479298
0.471196
0.464293
0.458484
0.453697
0.449886
0.447015
0.445054
0.443985
0.59407
0.582385
0.567572
0.55161
0.53607
0.52118
0.507139
0.494412
0.48325
0.473561
0.465148
0.457868
0.451629
0.44636
0.442008
0.438536
0.435917
0.434127
0.433151
0.543095
0.538416
0.529979
0.519446
0.5082
0.49665
0.485296
0.474774
0.465397
0.457133
0.449859
0.443496
0.438002
0.433338
0.429467
0.42637
0.42403
0.422429
0.421556
0.493856
0.494947
0.491988
0.486317
0.479066
0.470785
0.462179
0.453954
0.446447
0.439684
0.433619
0.428242
0.423552
0.419535
0.41618
0.413484
0.411443
0.410042
0.409277
0.446988
0.452738
0.454385
0.452975
0.449373
0.444209
0.438301
0.432356
0.426715
0.421462
0.416631
0.41227
0.408414
0.405073
0.402256
0.39998
0.398248
0.397054
0.396401
0.402731
0.412239
0.41776
0.420048
0.419723
0.417458
0.414102
0.410329
0.406483
0.402707
0.399097
0.39575
0.392731
0.390074
0.387807
0.385958
0.38454
0.383559
0.383022
0.361233
0.373829
0.38259
0.388034
0.3906
0.390963
0.389945
0.388174
0.386005
0.383632
0.381203
0.378845
0.376648
0.374666
0.372944
0.371518
0.370415
0.369648
0.369228
0.322658
0.337788
0.349214
0.35729
0.36236
0.365052
0.366118
0.366146
0.365507
0.364439
0.363122
0.361707
0.360299
0.358969
0.357774
0.356761
0.355966
0.35541
0.355106
0.2871
0.304272
0.31783
0.328064
0.335257
0.339963
0.342843
0.344453
0.345184
0.345303
0.345011
0.344475
0.34381
0.343096
0.342401
0.341785
0.341288
0.340933
0.340738
0.254554
0.273333
0.288549
0.300514
0.309472
0.315871
0.320289
0.323259
0.325193
0.326373
0.327008
0.327273
0.327292
0.327151
0.326926
0.326682
0.326465
0.3263
0.326206
0.224925
0.244934
0.261417
0.274744
0.285124
0.2929
0.298581
0.302696
0.305666
0.307773
0.30923
0.310212
0.310848
0.311229
0.311436
0.311534
0.311574
0.311584
0.311587
0.19818
0.21899
0.236392
0.250796
0.262291
0.271131
0.277811
0.282863
0.286703
0.289604
0.291776
0.293387
0.294567
0.295413
0.296009
0.296417
0.296688
0.296856
0.296946
0.174255
0.195447
0.213468
0.228669
0.240984
0.250603
0.258039
0.263831
0.268381
0.27194
0.274718
0.276871
0.278526
0.279778
0.280712
0.281394
0.281872
0.282181
0.282348
0.153014
0.174252
0.192647
0.208369
0.221198
0.231322
0.239291
0.245644
0.25075
0.254843
0.258123
0.260723
0.262781
0.264382
0.265607
0.266525
0.267184
0.267618
0.267851
0.134311
0.155357
0.173911
0.189855
0.202886
0.213264
0.22157
0.228319
0.233842
0.238355
0.242026
0.244994
0.247379
0.249269
0.250742
0.251861
0.252674
0.253215
0.253506
0.117992
0.138696
0.157185
0.173033
0.185975
0.196385
0.204861
0.211864
0.217678
0.222496
0.226467
0.229718
0.23236
0.234481
0.236155
0.237441
0.238381
0.23901
0.23935
0.103907
0.124166
0.142322
0.157753
0.170356
0.180626
0.189133
0.196265
0.202259
0.207278
0.211457
0.214916
0.217752
0.220048
0.221876
0.223292
0.224333
0.225033
0.225414
0.0919379
0.111627
0.129124
0.143841
0.15592
0.165923
0.174345
0.181499
0.187571
0.192701
0.197008
0.2006
0.20357
0.205992
0.207931
0.209439
0.210555
0.21131
0.211723
0.0819919
0.100857
0.117342
0.13112
0.14256
0.152209
0.160454
0.167531
0.173589
0.178748
0.18311
0.186774
0.189821
0.192323
0.194334
0.195902
0.197069
0.197862
0.198295
0.073886
0.0915331
0.106701
0.119423
0.130177
0.13941
0.147402
0.154321
0.160286
0.165397
0.169751
0.173429
0.176506
0.179044
0.181092
0.182693
0.183888
0.184701
0.185145
0.0672307
0.0832565
0.0969537
0.108616
0.118679
0.127453
0.135125
0.141818
0.147623
0.152627
0.156913
0.160555
0.163616
0.166152
0.168205
0.169814
0.171017
0.171836
0.172282
0.0614538
0.0756548
0.087922
0.0985975
0.107982
0.116264
0.123563
0.129969
0.135558
0.140405
0.144575
0.148136
0.151141
0.153638
0.155666
0.157263
0.158456
0.159267
0.159709
0.0560153
0.0684967
0.0795073
0.0892862
0.0980041
0.105767
0.112652
0.118725
0.124053
0.128695
0.132709
0.13615
0.139064
0.141491
0.143469
0.14503
0.146199
0.146993
0.147427
0.0506552
0.0617089
0.0716528
0.080612
0.0886713
0.0958922
0.102329
0.108035
0.113063
0.117463
0.121284
0.124571
0.127363
0.129695
0.131601
0.133108
0.134238
0.135007
0.135427
0.0453982
0.0553009
0.0643159
0.0725044
0.0799102
0.086574
0.0925389
0.097848
0.102544
0.106671
0.110269
0.113373
0.116017
0.118231
0.120045
0.121483
0.122562
0.123297
0.123699
0.0403808
0.0492953
0.0574559
0.0648966
0.0716492
0.0777464
0.0832225
0.0881143
0.0924554
0.0962824
0.0996321
0.102529
0.105001
0.107078
0.108783
0.110136
0.111154
0.111847
0.112227
0.0356902
0.0436848
0.0510242
0.0577293
0.0638294
0.069352
0.074325
0.0787834
0.0827527
0.08626
0.0893391
0.092009
0.0942907
0.096213
0.0977935
0.0990489
0.0999956
0.100641
0.100994
0.0313405
0.0384387
0.0449683
0.0509439
0.0563916
0.061336
0.0657985
0.0698095
0.0733915
0.0765643
0.0793557
0.0817819
0.0838588
0.0856103
0.087054
0.0882029
0.0890698
0.0896614
0.0899833
0.0272933
0.0335058
0.0392341
0.0444859
0.0492812
0.0536445
0.0575927
0.0611476
0.0643303
0.067158
0.0696476
0.0718149
0.0736755
0.0752458
0.0765423
0.0775762
0.0783558
0.0788884
0.0791792
0.0234892
0.0288303
0.0337681
0.038303
0.04245
0.0462296
0.0496599
0.0527545
0.0555293
0.0580023
0.0601807
0.0620788
0.0637133
0.0650941
0.0662351
0.0671468
0.0678343
0.0683044
0.0685617
0.01987
0.0243588
0.0285154
0.0323392
0.0358455
0.0390452
0.0419552
0.0445871
0.0469488
0.0490573
0.0509187
0.0525418
0.053942
0.0551269
0.056106
0.0568899
0.0574822
0.0578862
0.0581068
0.0163756
0.0200318
0.0234259
0.0265511
0.0294216
0.0320457
0.0344364
0.0366034
0.0385507
0.0402901
0.0418279
0.0431725
0.0443336
0.0453172
0.0461308
0.0467823
0.0472748
0.0476111
0.0477945
0.0129561
0.0158001
0.0184478
0.0208875
0.0231304
0.0251874
0.0270632
0.0287632
0.0302961
0.0316659
0.0328769
0.0339396
0.0348578
0.0356362
0.0362824
0.0367982
0.0371874
0.037455
0.0376009
0.00956106
0.0116187
0.0135327
0.015301
0.0169292
0.0184253
0.0197919
0.0210302
0.0221488
0.0231485
0.024033
0.0248116
0.0254848
0.0260567
0.0265324
0.0269104
0.0271957
0.0273933
0.0275002
0.00614457
0.00743978
0.00864047
0.00975379
0.0107776
0.0117189
0.0125819
0.0133647
0.0140728
0.0147045
0.0152636
0.0157577
0.0161857
0.0165496
0.0168527
0.0170928
0.0172738
0.0174
0.0174683
0.00267055
0.00322197
0.0037284
0.00419904
0.00463198
0.00503214
0.00539814
0.00572908
0.00603164
0.00630047
0.00653745
0.0067484
0.00693103
0.00708607
0.00721631
0.00731939
0.00739598
0.00744992
0.00748038
1958.05
1947.51
1928.17
1899.82
1861.93
1813.81
1754.61
1683.3
1598.59
1499.01
1382.88
1248.37
1093.95
919.386
727.058
523.204
334.84
192.077
89.3995
30.0804
7.97254
6.09859
5.96948
1958.15
1947.58
1928.24
1899.88
1861.97
1813.8
1754.55
1683.15
1598.28
1498.48
1382.01
1246.97
1091.64
915.645
721.288
515.012
325.827
185.247
63.8936
37.6931
6.18791
5.62492
5.77642
1958.35
1947.74
1928.4
1900.01
1862.05
1813.81
1754.41
1682.79
1597.6
1497.3
1380.05
1243.76
1086.33
907.195
707.703
493.953
299.473
147.368
23.6544
6.15756
6.31371
4.20411
4.9068
1958.67
1948.02
1928.66
1900.23
1862.2
1813.84
1754.25
1682.31
1596.63
1495.59
1377.16
1238.93
1078.22
894.09
685.27
455.283
224.737
22.084
6.47583
2.35303
1.99928
3.20655
3.93246
1959.13
1948.43
1929.06
1900.59
1862.48
1813.97
1754.13
1681.79
1595.5
1493.52
1373.55
1232.76
1067.8
876.534
652.708
383.051
39.728
5.28917
2.27972
1.83297
1.85551
2.53393
3.14778
1959.77
1949.03
1929.65
1901.14
1862.94
1814.26
1754.14
1681.35
1594.37
1491.28
1369.48
1225.65
1055.54
855.123
608.273
195.9
8.09019
2.45821
1.64123
1.66533
1.79757
2.22235
2.53889
1960.64
1949.87
1930.48
1901.92
1863.63
1814.79
1754.37
1681.12
1593.41
1489.09
1365.27
1218.08
1042.19
831.491
553.271
37.2229
3.425
1.5777
1.44259
1.55496
1.69388
1.93304
2.0136
1961.78
1950.97
1931.57
1902.97
1864.61
1815.61
1754.92
1681.21
1592.77
1487.18
1361.28
1210.59
1028.72
807.288
406.285
9.73396
1.84277
1.27339
1.33789
1.4565
1.57098
1.66034
1.47091
0.629885
0.630948
0.627201
0.618807
0.607673
0.595272
0.582519
0.570022
0.558148
0.547129
0.537105
0.528165
0.520355
0.513698
0.508204
0.503875
0.500711
0.498714
0.497863
0.629399
0.631146
0.627531
0.619069
0.607825
0.595317
0.582494
0.56995
0.558044
0.547005
0.536973
0.528025
0.520211
0.513552
0.508056
0.503727
0.500565
0.498569
0.497732
0.628208
0.631714
0.62846
0.619782
0.608234
0.59546
0.582431
0.569747
0.557753
0.546661
0.536598
0.527635
0.519811
0.513147
0.50765
0.503324
0.500166
0.498173
0.497343
0.626128
0.632896
0.630033
0.620945
0.60889
0.595672
0.582311
0.569403
0.557267
0.54609
0.535979
0.52699
0.519154
0.512485
0.506989
0.502668
0.499515
0.497523
0.496676
0.621827
0.634932
0.632332
0.622555
0.609753
0.595923
0.582112
0.568902
0.556578
0.545287
0.535109
0.526088
0.518237
0.511565
0.506074
0.501759
0.498609
0.49662
0.4958
0.613627
0.638112
0.635332
0.624551
0.610764
0.596168
0.581801
0.568222
0.555668
0.544241
0.533987
0.524926
0.51706
0.510386
0.504903
0.500595
0.497451
0.495462
0.494606
0.596668
0.641968
0.63896
0.626865
0.611872
0.596343
0.581336
0.567336
0.554523
0.542943
0.532604
0.523501
0.51562
0.508948
0.503472
0.499175
0.49604
0.49406
0.493248
0.589663
0.64555
0.642982
0.629375
0.612917
0.596372
0.580671
0.566217
0.553123
0.541379
0.530952
0.521809
0.513916
0.507248
0.501782
0.497499
0.494379
0.492407
0.49155
1963.53
1952.75
1933.32
1904.67
1866.2
1817.02
1756.01
1681.75
1592.34
1485.14
1356.57
1201.34
1012.79
772.507
171.415
3.54374
1.14519
1.12582
1.22966
1.33136
1.40114
1.35726
0.631416
1968.24
1957.48
1938.08
1909.45
1870.96
1821.68
1760.39
1685.54
1594.98
1485.78
1353.87
1192.82
997.702
700.032
9.68784
1.13159
0.91607
0.991275
1.08138
1.15344
1.18531
1.13077
0.953998
1975.33
1964.66
1945.44
1917.03
1878.8
1829.78
1768.7
1693.91
1603.15
1493.37
1360.41
1197.15
1000.03
294.955
2.22802
0.742608
0.7951
0.879698
0.954145
1.01124
1.04001
1.02629
0.95173
1985.39
1974.91
1956.02
1928.09
1890.48
1842.22
1782.02
1708.22
1618.61
1510.17
1379.08
1219.12
1018.23
43.2651
0.759394
0.627096
0.701369
0.776969
0.841055
0.890004
0.917276
0.916783
0.887377
1998.95
1988.78
1970.42
1943.27
1906.7
1859.79
1801.29
1729.58
1642.61
1537.59
1411.21
1259.73
1015.3
4.20085
0.49501
0.542952
0.615838
0.682767
0.739859
0.784459
0.812896
0.822419
0.811964
2016.51
2006.77
1989.16
1963.13
1928.08
1883.13
1827.16
1758.67
1675.82
1576.19
1456.98
1317.77
728.238
1.25331
0.40472
0.466996
0.534749
0.59571
0.648503
0.690564
0.719946
0.73539
0.736146
2038.4
2029.21
2012.57
1988
1954.93
1912.57
1859.91
1795.66
1718.24
1625.63
1515.37
1389.28
354.408
0.346028
0.323632
0.393077
0.457717
0.51501
0.565002
0.60573
0.636185
0.655531
0.663396
2064.82
2056.3
2040.83
2018.02
1987.35
1948.15
1899.54
1840.41
1769.47
1685.13
1585.06
1470.51
121.744
0.148547
0.253596
0.322645
0.385126
0.440025
0.488161
0.528344
0.559995
0.58213
0.594905
2095.84
2088.09
2073.98
2053.21
2025.34
1989.78
1945.81
1892.51
1828.86
1753.66
1664.94
1561.81
18.304
0.163275
0.19772
0.257157
0.316878
0.37009
0.417167
0.457356
0.49009
0.514503
0.530952
2131.36
2124.46
2111.88
2093.37
2068.58
2037.04
1998.15
1951.21
1895.41
1829.88
1753.07
1661.77
1.21347
0.0761177
0.132637
0.193526
0.25217
0.30489
0.351452
0.391831
0.425691
0.452061
0.471538
2171.14
2165.18
2154.21
2138.13
2116.65
2089.41
2055.94
2015.72
1968.12
1912.51
1847.61
1583.57
0.219024
-0.00215578
0.0679047
0.134195
0.192088
0.244235
0.290673
0.331294
0.36616
0.394435
0.416366
2214.88
2209.87
2200.62
2187.07
2169.03
2146.26
2118.4
2085.1
2045.89
2000.31
1947.5
1415.01
-0.236229
-0.0595933
0.0187377
0.0810488
0.136794
0.187664
0.234059
0.27541
0.311143
0.341077
0.36512
2262.15
2258.08
2250.56
2239.58
2225.04
2206.77
2184.6
2158.29
2127.56
2092.07
2051.52
1047.01
-0.144903
-0.0788486
-0.0196921
0.0328819
0.0841865
0.134284
0.181019
0.223387
0.260376
0.29175
0.317734
2312.09
2309.08
2303.25
2294.8
2283.69
2269.85
2253.25
2233.81
2211.42
2185.86
2157.35
452.705
-0.139509
-0.0861722
-0.0548595
-0.0148397
0.0327255
0.082564
0.130974
0.174864
0.213439
0.246533
0.274251
2364.32
2362.16
2357.92
2351.79
2343.8
2333.96
2322.34
2309.02
2294.08
2277.6
2259.46
175.221
-0.0506417
-0.0954593
-0.101131
-0.0709903
-0.0215139
0.031644
0.0830805
0.129731
0.170422
0.205304
0.234554
2405.66
2403.98
2400.33
2394.88
2387.86
2379.09
2355.73
2316.75
2251.13
2167.84
1934.99
242.388
0.184
-0.150515
-0.185531
-0.143667
-0.0818201
-0.0192238
0.0379872
0.0881982
0.131398
0.167912
0.198493
350.536
330.267
285.397
225.443
159.668
94.227
39.2689
4.00891
-1.41902
-1.70915
-1.89281
38.4347
2.64556
-0.493171
-0.347131
-0.237172
-0.144847
-0.0677633
-0.00305767
0.0511942
0.0966054
0.134497
0.166163
-0.960849
-0.951546
-0.970259
-0.990078
-1.01602
-1.05189
-1.10252
-1.18477
-1.3146
-1.52932
-1.84204
-2.02337
13.3215
-0.939998
-0.531872
-0.326561
-0.200004
-0.108539
-0.0374462
0.0198213
0.0667398
0.105503
0.137744
-0.899087
-0.900697
-0.909794
-0.924865
-0.944513
-0.970765
-1.00843
-1.0681
-1.17533
-1.38971
-1.83407
-0.785446
3.37753
-1.04428
-0.59738
-0.370136
-0.231678
-0.135725
-0.0626359
-0.0045727
0.0424402
0.0811746
0.113247
-0.837217
-0.837048
-0.842174
-0.851153
-0.86298
-0.879521
-0.899301
-0.932348
-0.99236
-1.1151
-1.39218
-0.883178
-1.30396
-0.81091
-0.531922
-0.35588
-0.235829
-0.147035
-0.0774654
-0.0217559
0.0237586
0.0614054
0.0925857
-0.76942
-0.768882
-0.771668
-0.777169
-0.780935
-0.784161
-0.789793
-0.795692
-0.809531
-0.833693
-0.876702
-0.882497
-0.741145
-0.579535
-0.432713
-0.314473
-0.221275
-0.145861
-0.0836253
-0.0324574
0.0101606
0.0458167
0.0755564
-0.703686
-0.702385
-0.703852
-0.703153
-0.700175
-0.695117
-0.686555
-0.675804
-0.66414
-0.650357
-0.632454
-0.597314
-0.529565
-0.441911
-0.352043
-0.270934
-0.200157
-0.137627
-0.0838438
-0.0381515
0.000883993
0.0339278
0.0617857
-0.640703
-0.639714
-0.637557
-0.633979
-0.625767
-0.613428
-0.59632
-0.575623
-0.552764
-0.526264
-0.495601
-0.457874
-0.410282
-0.353033
-0.292446
-0.233864
-0.178087
-0.126567
-0.0805953
-0.0401215
-0.00507099
0.0249536
0.0507918
-0.582712
-0.58157
-0.57744
-0.570763
-0.559593
-0.541702
-0.519867
-0.495658
-0.470387
-0.441427
-0.409344
-0.37509
-0.336357
-0.293088
-0.247891
-0.202409
-0.15765
-0.114942
-0.0753303
-0.0398456
-0.00884896
0.0181589
0.042152
-0.529178
-0.527512
-0.522534
-0.512987
-0.498508
-0.479065
-0.456252
-0.432686
-0.406779
-0.378442
-0.349292
-0.318394
-0.284556
-0.249256
-0.213395
-0.176862
-0.139967
-0.10362
-0.0693616
-0.0384424
-0.0112685
0.0131145
0.0354513
-0.479803
-0.477348
-0.471142
-0.459894
-0.444081
-0.425034
-0.403776
-0.380599
-0.355814
-0.330594
-0.304472
-0.276181
-0.246649
-0.217143
-0.187231
-0.156131
-0.124231
-0.0928128
-0.0633558
-0.0367271
-0.0127137
0.00964508
0.030201
-0.434268
-0.431004
-0.423972
-0.412283
-0.396287
-0.377521
-0.357442
-0.336508
-0.315302
-0.293201
-0.269053
-0.243401
-0.217652
-0.191882
-0.165179
-0.137527
-0.109733
-0.0830306
-0.0581289
-0.0349591
-0.0130984
0.00739956
0.0258493
-0.391077
-0.387437
-0.379794
-0.367796
-0.352324
-0.335038
-0.317223
-0.299295
-0.280483
-0.259825
-0.23766
-0.215119
-0.192675
-0.169575
-0.145484
-0.12119
-0.0975143
-0.0749433
-0.053385
-0.03256
-0.0126517
0.00570694
0.0221291
-0.350897
-0.34584
-0.337348
-0.32605
-0.31292
-0.298799
-0.283849
-0.267656
-0.249836
-0.230782
-0.211307
-0.191805
-0.171756
-0.150639
-0.128949
-0.107655
-0.0871586
-0.0673611
-0.0481722
-0.0296426
-0.012121
0.00415842
0.0192091
-0.312419
-0.307087
-0.298651
-0.288575
-0.277707
-0.26599
-0.253002
-0.238505
-0.22281
-0.206432
-0.189583
-0.171936
-0.153117
-0.133525
-0.114023
-0.0952059
-0.0771549
-0.0597496
-0.0430159
-0.0270206
-0.0117314
0.00307238
0.0173487
-0.274851
-0.270527
-0.26361
-0.255057
-0.245448
-0.234923
-0.223427
-0.211004
-0.197722
-0.183531
-0.168212
-0.151637
-0.134237
-0.116784
-0.0998577
-0.0836397
-0.0680884
-0.0530961
-0.0386258
-0.0245945
-0.0107894
0.00296187
0.0163554
-0.238174
-0.235646
-0.231143
-0.224878
-0.217126
-0.208135
-0.198082
-0.187029
-0.174919
-0.161654
-0.147288
-0.132214
-0.117036
-0.102201
-0.0878739
-0.0740112
-0.0605081
-0.0472822
-0.0343078
-0.0215085
-0.0088359
0.00367254
0.0156162
-0.204829
-0.203559
-0.201056
-0.197086
-0.1915
-0.184292
-0.175565
-0.165451
-0.154118
-0.141798
-0.128876
-0.115782
-0.102824
-0.0901278
-0.0776723
-0.065377
-0.0531899
-0.0411455
-0.0293153
-0.0177132
-0.0064196
0.00446834
0.0146428
-0.17564
-0.17475
-0.172929
-0.169924
-0.165494
-0.15952
-0.152042
-0.143232
-0.133357
-0.122754
-0.111762
-0.10063
-0.0894864
-0.0783722
-0.067285
-0.0562411
-0.0452993
-0.0345613
-0.0241291
-0.0140402
-0.00437236
0.00482475
0.0133451
-0.14966
-0.148571
-0.146551
-0.143524
-0.139408
-0.134165
-0.127823
-0.120504
-0.112389
-0.103692
-0.0946006
-0.0852499
-0.0757338
-0.0661199
-0.0564862
-0.0469242
-0.0375353
-0.0284066
-0.0195886
-0.0110972
-0.00298419
0.0047243
0.0118845
-0.126273
-0.125041
-0.122871
-0.119825
-0.115943
-0.111265
-0.105839
-0.0997389
-0.0930628
-0.0859197
-0.0784083
-0.0706187
-0.0626359
-0.0545619
-0.0464989
-0.0385447
-0.0307687
-0.02322
-0.0159097
-0.00884912
-0.00207862
0.0043734
0.010404
-0.10578
-0.104638
-0.102631
-0.0998401
-0.0963455
-0.0922114
-0.0875121
-0.0823122
-0.0766839
-0.0706944
-0.0644167
-0.0579206
-0.0512935
-0.0446227
-0.0379917
-0.0314706
-0.0250999
-0.0188955
-0.0128617
-0.00702605
-0.00142062
0.00393232
0.00895804
-0.0879143
-0.0869462
-0.0852262
-0.0828165
-0.0797835
-0.0762012
-0.0721427
-0.0676769
-0.0628743
-0.0577988
-0.0525189
-0.0470982
-0.0416149
-0.0361294
-0.0307036
-0.025377
-0.0201756
-0.0151113
-0.010194
-0.00544058
-0.000891062
0.00344796
0.00753981
-0.0717212
-0.0709121
-0.0694723
-0.0674413
-0.0648735
-0.061835
-0.0583914
-0.0546115
-0.050563
-0.0463144
-0.0419263
-0.0374626
-0.0329737
-0.0285152
-0.0241286
-0.0198452
-0.0156802
-0.0116488
-0.00776007
-0.00401913
-0.000459985
0.00291703
0.00611543
-0.0564761
-0.0558131
-0.0546241
-0.0529472
-0.0508228
-0.0483118
-0.0454698
-0.0423625
-0.0390476
-0.0355909
-0.0320466
-0.0284683
-0.0249005
-0.0213847
-0.0179572
-0.0146442
-0.01146
-0.00841654
-0.0055115
-0.00274861
-0.000135769
0.00231917
0.00464689
-0.0417914
-0.0412816
-0.0403429
-0.039001
-0.0373073
-0.0353095
-0.0330589
-0.0306043
-0.0280036
-0.0253108
-0.0225781
-0.0198468
-0.0171614
-0.0145541
-0.0120543
-0.00968031
-0.00744909
-0.00536392
-0.00342599
-0.0016166
6.13405e-05
0.00161726
0.00308768
-0.0278892
-0.027561
-0.0268552
-0.0258178
-0.0245083
-0.0229695
-0.021248
-0.0193852
-0.0174375
-0.0154503
-0.0134754
-0.0115487
-0.00970288
-0.00797001
-0.00636825
-0.00491465
-0.00361859
-0.00247683
-0.00149047
-0.000632315
0.000106512
0.000773102
0.00140095
-0.0961947
0.0163049
0.165874
0.360903
0.672058
0.547145
0.548917
0.593764
0.88319
0.839646
0.805832
0.779662
0.859527
0.835191
0.811142
0.787407
0.798387
0.785366
0.770415
0.753638
0.730891
0.724418
0.715747
0.705061
0.663493
0.661383
0.657251
0.651382
0.598813
0.599948
0.599198
0.596874
0.537722
0.541289
0.543034
0.543433
0.48039
0.485677
0.489431
0.492146
0.426738
0.43342
0.438942
0.443614
0.376846
0.384807
0.391824
0.398051
0.330781
0.339867
0.34808
0.355521
0.288424
0.298471
0.307674
0.316102
0.249679
0.260554
0.270608
0.279856
0.214467
0.226053
0.236817
0.24675
0.182782
0.194881
0.206172
0.216662
0.154669
0.167054
0.178712
0.189605
0.130123
0.142604
0.15446
0.165553
0.109129
0.121502
0.133322
0.144373
0.0915279
0.103568
0.115094
0.125875
0.0770106
0.0885339
0.0995234
0.109846
0.0652271
0.0760662
0.0863008
0.0960647
0.0557654
0.0657485
0.0751169
0.0843577
0.0480964
0.0571508
0.065768
0.0746326
0.0416796
0.049985
0.0582129
0.0668256
0.0362492
0.0442175
0.0523872
0.0606857
0.0319102
0.0398704
0.0479503
0.0556449
0.0288144
0.0366674
0.0442357
0.0510188
0.0266938
0.0339621
0.0405835
0.0463722
0.0248946
0.0311628
0.0367236
0.0416594
0.0229064
0.0281057
0.0327756
0.0370635
0.02065
0.0249679
0.0289662
0.0327358
0.0183087
0.0219522
0.0254101
0.0287261
0.0160361
0.0191367
0.0221219
0.0250088
0.0138873
0.0165128
0.0190576
0.0215286
0.0118459
0.014032
0.0161548
0.018223
0.00986891
0.011639
0.0133569
0.0150315
0.00791554
0.00928016
0.0106086
0.0119086
0.00593781
0.00691438
0.00786578
0.00879911
0.00389304
0.00449816
0.0050857
0.00566296
0.00173544
0.00198372
0.00222804
0.00246677
0.582539
0.652704
0.648793
0.632701
0.614055
0.596071
0.579452
0.564408
0.550947
0.538991
0.528456
0.519268
0.511369
0.504715
0.499272
0.495011
0.491914
0.489964
0.489167
0.678362
0.684081
0.66121
0.637138
0.614411
0.594049
0.57599
0.560058
0.546071
0.533836
0.52318
0.513968
0.5061
0.499504
0.494126
0.489928
0.48688
0.484964
0.484163
0.739403
0.702402
0.667295
0.637134
0.611371
0.589313
0.570264
0.553756
0.539476
0.527137
0.51649
0.507351
0.499588
0.493103
0.487829
0.483721
0.480745
0.478874
0.478095
0.742544
0.699466
0.661957
0.630275
0.603672
0.58115
0.561842
0.545235
0.530994
0.51879
0.508324
0.499385
0.491817
0.48551
0.480394
0.476416
0.473538
0.47173
0.470975
0.718155
0.680258
0.646056
0.616309
0.590966
0.569267
0.550514
0.534358
0.520549
0.508758
0.498671
0.49007
0.482802
0.476756
0.471856
0.46805
0.465298
0.463571
0.462851
0.680199
0.650587
0.622066
0.59626
0.573662
0.553808
0.536328
0.52116
0.508174
0.497073
0.487565
0.479451
0.472594
0.466888
0.462262
0.458669
0.456072
0.454443
0.453765
0.635769
0.614622
0.592531
0.571599
0.552558
0.535201
0.519552
0.505823
0.493998
0.483835
0.47509
0.467602
0.461258
0.455966
0.451671
0.448335
0.445922
0.444408
0.443778
0.588692
0.575275
0.559596
0.543756
0.52854
0.514025
0.500587
0.488636
0.478234
0.469206
0.461372
0.454623
0.448877
0.444072
0.440164
0.437122
0.434919
0.433537
0.432963
0.541274
0.534593
0.524853
0.513878
0.502441
0.490906
0.479902
0.46994
0.461134
0.453379
0.446566
0.440643
0.435568
0.431304
0.427823
0.425107
0.423138
0.421902
0.421388
0.494939
0.493914
0.489397
0.482852
0.475017
0.466472
0.457988
0.450104
0.442975
0.436566
0.430845
0.425811
0.42146
0.417775
0.414749
0.412382
0.410663
0.40958
0.40913
0.450412
0.45402
0.453994
0.451412
0.446938
0.441298
0.435303
0.429489
0.424038
0.418991
0.414388
0.410278
0.406679
0.403598
0.40105
0.399046
0.397584
0.396659
0.396276
0.40802
0.415458
0.419262
0.420177
0.418781
0.415866
0.41224
0.408404
0.404581
0.400875
0.397384
0.394197
0.391356
0.38889
0.386829
0.385195
0.383995
0.383234
0.382919
0.368041
0.378656
0.385701
0.389642
0.391004
0.39058
0.389126
0.387125
0.384835
0.382416
0.380009
0.377723
0.375627
0.37377
0.372192
0.370925
0.369989
0.369394
0.369149
0.330716
0.343938
0.353654
0.36017
0.363954
0.365745
0.366234
0.365893
0.365014
0.363801
0.36242
0.360997
0.359621
0.358352
0.357243
0.356335
0.355657
0.355226
0.35505
0.29616
0.31148
0.32335
0.332012
0.337878
0.341592
0.343778
0.344909
0.345306
0.345197
0.344765
0.344153
0.343455
0.342742
0.342081
0.34152
0.341092
0.340815
0.340702
0.264409
0.281359
0.294926
0.305347
0.312956
0.318291
0.321926
0.324335
0.325863
0.326746
0.327178
0.327308
0.327237
0.327044
0.326802
0.326568
0.326375
0.326242
0.32619
0.235399
0.253584
0.268466
0.280287
0.289309
0.295968
0.300805
0.304304
0.306813
0.30857
0.309771
0.310566
0.311065
0.31135
0.311495
0.31156
0.311582
0.311586
0.311589
0.20905
0.228078
0.243961
0.2569
0.267015
0.274705
0.28051
0.284915
0.288257
0.29077
0.292642
0.294024
0.295026
0.295738
0.296234
0.296567
0.296784
0.29691
0.296966
0.185292
0.204814
0.221425
0.235186
0.246103
0.254557
0.26111
0.266243
0.270275
0.273416
0.275864
0.277755
0.279196
0.28028
0.281081
0.281657
0.282046
0.282281
0.282383
0.164028
0.183772
0.200858
0.215147
0.226567
0.235538
0.242643
0.248335
0.252914
0.256574
0.259493
0.261815
0.263634
0.265037
0.266101
0.266885
0.267428
0.267758
0.267898
0.145165
0.164932
0.182237
0.196732
0.208372
0.21764
0.225114
0.231218
0.236214
0.240287
0.243589
0.246253
0.248381
0.250054
0.251343
0.252303
0.252977
0.25339
0.253565
0.12861
0.148231
0.16547
0.179857
0.191459
0.200831
0.208526
0.214906
0.220201
0.224579
0.228175
0.231109
0.233481
0.23537
0.236844
0.237953
0.238733
0.239215
0.239425
0.114255
0.133544
0.150403
0.164385
0.175743
0.185071
0.192854
0.199394
0.204882
0.209464
0.21327
0.216406
0.218963
0.221017
0.222633
0.223857
0.224724
0.225263
0.225498
0.101987
0.120695
0.136838
0.150178
0.161145
0.170308
0.178067
0.184661
0.190247
0.19495
0.198887
0.202158
0.204845
0.207018
0.208736
0.210043
0.210976
0.21156
0.211812
0.0916496
0.109434
0.124557
0.137097
0.147579
0.15649
0.164128
0.170679
0.176275
0.181023
0.185024
0.188369
0.191136
0.193386
0.19517
0.196534
0.197511
0.198124
0.198387
0.0829689
0.099439
0.113342
0.125014
0.134963
0.14355
0.150988
0.157417
0.162942
0.167663
0.17167
0.175038
0.177839
0.180127
0.181945
0.183339
0.184342
0.184969
0.185237
0.0755132
0.0903852
0.103012
0.113826
0.123213
0.131418
0.138588
0.144826
0.15022
0.154855
0.158811
0.162155
0.164947
0.167236
0.169062
0.170464
0.171474
0.172105
0.172372
0.0687939
0.0820091
0.0934373
0.103437
0.112253
0.120031
0.126872
0.132861
0.13807
0.142571
0.146429
0.149705
0.152451
0.154708
0.156517
0.157909
0.158908
0.159534
0.159798
0.0624382
0.0741685
0.0845383
0.0937698
0.101999
0.109315
0.115787
0.121479
0.126456
0.130777
0.134498
0.13767
0.140336
0.142534
0.1443
0.145663
0.146642
0.147254
0.147513
0.0563133
0.0668094
0.0762491
0.0847501
0.0923827
0.0992053
0.10527
0.11063
0.115339
0.119443
0.122992
0.126027
0.128585
0.1307
0.132403
0.133719
0.134668
0.135261
0.135509
0.0504473
0.0599131
0.0685106
0.0763033
0.0833325
0.0896412
0.0952728
0.10027
0.104676
0.108534
0.111881
0.11475
0.117176
0.119186
0.12081
0.122067
0.122972
0.123539
0.123776
0.0449176
0.0534667
0.0612643
0.0683567
0.0747771
0.08056
0.0857399
0.0903517
0.0944304
0.0980153
0.101136
0.103816
0.106088
0.107976
0.109503
0.110687
0.11154
0.112076
0.1123
0.039755
0.0474341
0.0544542
0.0608538
0.0666616
0.0719047
0.0766165
0.0808279
0.0845621
0.0878515
0.0907245
0.0931971
0.0952956
0.0970458
0.0984611
0.0995603
0.100356
0.100855
0.10106
0.0349466
0.0417739
0.048024
0.0537321
0.0589258
0.0636258
0.0678587
0.0716534
0.075027
0.0780063
0.0806145
0.0828632
0.0847743
0.0863701
0.0876648
0.0886715
0.0894004
0.0898562
0.0900427
0.0304476
0.0364297
0.0419185
0.0469388
0.0515155
0.0556695
0.059418
0.0627845
0.0657875
0.0684443
0.0707711
0.0727828
0.0744964
0.0759277
0.0770919
0.0779978
0.0786528
0.0790641
0.0792324
0.0261972
0.0313497
0.0360857
0.0404245
0.0443841
0.0479875
0.0512484
0.0541799
0.0568034
0.0591284
0.0611638
0.0629288
0.0644348
0.0656941
0.0667195
0.0675183
0.0680964
0.0684598
0.0686082
0.022145
0.0264799
0.0304675
0.0341311
0.0374826
0.0405353
0.0433058
0.0458009
0.0480339
0.0500189
0.0517597
0.0532694
0.054561
0.0556417
0.0565221
0.0572102
0.0577079
0.0580195
0.0581454
0.0182273
0.0217627
0.0250212
0.0280179
0.0307639
0.0332688
0.0355476
0.0376043
0.0394459
0.041084
0.042524
0.0437756
0.0448479
0.0457447
0.0464766
0.0470486
0.0474626
0.047722
0.0478253
0.0143946
0.0171502
0.0196944
0.0220328
0.0241815
0.0261481
0.0279344
0.0295499
0.0310017
0.0322909
0.0334264
0.034417
0.035264
0.0359757
0.0365569
0.0370084
0.0373365
0.0375433
0.0376244
0.0106043
0.0125942
0.014434
0.0161317
0.0176932
0.0191252
0.0204271
0.0216043
0.0226638
0.0236045
0.0244355
0.0251616
0.0257827
0.0263072
0.0267339
0.0270641
0.0273059
0.0274582
0.0275158
0.00680319
0.00805098
0.00920818
0.0102774
0.0112579
0.0121598
0.0129832
0.0137287
0.0143984
0.0149926
0.0155187
0.0159798
0.0163757
0.0167091
0.0169808
0.0171903
0.0173441
0.0174415
0.0174759
0.00295244
0.00348019
0.00396863
0.00441926
0.00483597
0.00522064
0.00556735
0.00588416
0.00617087
0.0064226
0.00664602
0.00684329
0.007012
0.00715413
0.00727147
0.00736097
0.00742574
0.00746805
0.00748146
1959.17
1954.01
1938.95
1915.17
1882.13
1839.2
1785.64
1720.51
1642.63
1550.62
1442.9
1317.67
1173.13
1008.1
823.695
623.239
421.684
254.632
134.144
72.4425
12.5672
6.25768
5.98322
1959.25
1954.13
1939.07
1915.28
1882.2
1839.23
1785.6
1720.34
1642.27
1549.96
1441.79
1315.84
1170.15
1003.19
816.051
611.28
405.648
239.116
118.985
12.7333
14.5414
4.45634
5.25205
1959.44
1954.34
1939.29
1915.47
1882.35
1839.3
1785.53
1720.06
1641.66
1548.84
1439.89
1312.7
1164.91
994.649
802.317
588.164
371.184
178.939
25.7423
5.45567
2.7523
3.46071
4.1719
1959.77
1954.68
1939.63
1915.78
1882.6
1839.45
1785.51
1719.74
1640.89
1547.39
1437.37
1308.43
1157.7
982.669
782.078
550.783
290.089
25.1218
5.52354
2.44366
1.90116
2.15421
3.30068
1960.24
1955.18
1940.13
1916.25
1883.01
1839.74
1785.59
1719.49
1640.11
1545.79
1434.45
1303.33
1148.94
967.842
755.412
493.966
88.7762
5.80302
2.28683
1.72472
1.76909
2.0199
2.68366
1960.91
1955.88
1940.84
1916.93
1883.63
1840.24
1785.87
1719.39
1639.43
1544.21
1431.35
1297.74
1139.12
950.782
723.138
368.751
13.0824
2.82895
1.58968
1.54918
1.67129
1.88524
2.21975
1961.81
1956.85
1941.82
1917.88
1884.52
1841.02
1786.42
1719.58
1639.05
1542.86
1428.38
1292.15
1128.97
932.984
685.286
150.565
5.22633
1.62923
1.34975
1.44325
1.56771
1.71557
1.81995
1962.98
1958.06
1943.02
1919.06
1885.64
1842.02
1787.22
1720.04
1638.93
1541.76
1425.63
1286.69
1118.81
916.324
642.072
36.5337
2.3854
1.22196
1.23686
1.35122
1.45887
1.53806
1.463
0.628412
0.630829
0.62985
0.623557
0.61354
0.601576
0.588894
0.576196
0.563965
0.552488
0.54195
0.532458
0.524076
0.51684
0.510764
0.505851
0.502104
0.499525
0.498106
0.627504
0.63069
0.630436
0.624121
0.613919
0.60178
0.588913
0.576103
0.563795
0.55227
0.541705
0.532199
0.523808
0.516567
0.510488
0.505575
0.501833
0.499255
0.497845
0.625344
0.630502
0.631657
0.625248
0.614657
0.602125
0.588952
0.575914
0.563459
0.551846
0.541227
0.531691
0.523286
0.516036
0.509953
0.505043
0.501303
0.498731
0.497316
0.621409
0.630346
0.633674
0.626931
0.615725
0.602608
0.588969
0.575609
0.562944
0.5512
0.540507
0.530929
0.522503
0.515246
0.509163
0.504258
0.500525
0.497955
0.496546
0.615099
0.630297
0.636604
0.629201
0.617091
0.603188
0.588953
0.575173
0.56224
0.550335
0.539543
0.529912
0.521463
0.514196
0.508116
0.503219
0.499489
0.496922
0.495508
0.602913
0.62947
0.640441
0.631968
0.618667
0.603796
0.588839
0.574568
0.561321
0.549224
0.538325
0.528636
0.520159
0.512887
0.506811
0.501922
0.498203
0.495641
0.494234
0.57955
0.62779
0.644718
0.635175
0.62037
0.604356
0.588587
0.573766
0.560171
0.547866
0.536846
0.527095
0.518593
0.511315
0.505246
0.500367
0.496659
0.494108
0.492704
0.560894
0.629652
0.649038
0.638646
0.622026
0.604755
0.588111
0.572719
0.558758
0.546233
0.53509
0.52528
0.516756
0.50948
0.503422
0.498557
0.494867
0.492331
0.490932
1964.91
1961.3
1946.26
1922.28
1888.79
1845.04
1789.97
1722.27
1640.23
1541.44
1422.6
1279.15
1103.71
889.662
384.256
5.30329
1.11294
1.01217
1.10186
1.19747
1.26673
1.26809
1.05783
1969.79
1967.12
1952.19
1928.3
1894.93
1851.26
1796.21
1728.35
1645.81
1546.01
1425.34
1278.77
1099.38
866.788
52.6392
1.38189
0.824318
0.890413
0.976853
1.05059
1.09951
1.10514
1.04016
1977.04
1975.65
1960.94
1937.36
1904.37
1861.18
1806.64
1739.3
1657.22
1557.82
1437.47
1291
1114.64
780.808
5.08964
0.689437
0.706931
0.78811
0.863156
0.924692
0.965939
0.977072
0.948524
1987.22
1987.49
1973.13
1950.07
1917.81
1875.54
1822.16
1756.21
1675.83
1578.53
1461.02
1318.21
1150.21
392.784
1.3918
0.555678
0.61984
0.694556
0.760511
0.814366
0.852036
0.869056
0.862548
2000.9
2003.15
1989.28
1967.02
1935.86
1895.05
1843.55
1779.98
1702.59
1609.16
1496.9
1361.14
1199.86
100.305
0.510939
0.47181
0.540463
0.607582
0.66695
0.716313
0.752612
0.773679
0.777861
2018.53
2023.05
2009.84
1988.65
1959.01
1920.21
1871.29
1811.03
1737.87
1649.9
1544.95
1419.53
1266.59
9.05453
0.340009
0.394815
0.463552
0.526108
0.581312
0.627879
0.663536
0.687459
0.698519
2040.45
2047.45
2035.06
2015.21
1987.46
1951.18
1905.53
1849.44
1781.58
1700.35
1604.14
1490.83
1225.14
1.74286
0.261025
0.3228
0.389824
0.449682
0.502293
0.547143
0.582902
0.608974
0.624567
2066.85
2076.48
2065.06
2046.79
2021.29
1988.01
1946.23
1895.04
1833.34
1759.84
1673.39
1573.38
1010.94
0.465441
0.194734
0.258381
0.32088
0.378277
0.429099
0.472978
0.509281
0.537113
0.556001
2097.81
2110.13
2099.81
2083.33
2060.38
2030.48
1993.03
1947.31
1892.44
1827.36
1751.28
1665.13
670.56
0.0162865
0.109476
0.194741
0.25534
0.311169
0.361121
0.404614
0.441535
0.470957
0.492507
2133.23
2148.2
2139.08
2124.56
2104.37
2078.14
2045.39
2005.57
1957.97
1901.76
1836.24
1762.75
367.31
-0.117017
0.0464621
0.130774
0.193165
0.248416
0.298019
0.341456
0.378983
0.409888
0.433833
2172.89
2190.41
2182.58
2170.12
2152.86
2130.51
2102.71
2069.05
2029
1981.89
1927
1865.37
162.136
-0.0787212
0.00692317
0.0762196
0.136242
0.190375
0.239371
0.283008
0.321213
0.353463
0.379484
2216.46
2236.36
2229.86
2219.55
2205.29
2186.92
2164.19
2136.82
2104.48
2066.65
2022.52
1972.4
37.787
-0.0899635
-0.030633
0.0286283
0.0837479
0.135877
0.18444
0.228679
0.2678
0.301301
0.329113
2263.57
2285.56
2280.34
2272.15
2260.9
2246.48
2228.79
2207.69
2183
2154.4
2121.08
2082.25
0.0375354
-0.0928185
-0.0568916
-0.0138766
0.033809
0.0834806
0.132398
0.177849
0.218252
0.253197
0.282735
2313.31
2337.2
2333.31
2327.2
2318.88
2308.32
2295.52
2280.49
2263.25
2243.7
2221.38
2191.81
-0.248003
-0.10444
-0.0872114
-0.0611359
-0.0183881
0.0316
0.0823084
0.129979
0.172354
0.209134
0.240345
2365.53
2387.69
2384.84
2380.26
2374.13
2366.42
2357.19
2346.65
2335
2322
2306.23
2119.22
0.180173
-0.0547643
-0.134607
-0.125293
-0.0789757
-0.0222584
0.0337473
0.0850783
0.130226
0.169029
0.201771
2406.89
1980.48
1931.16
1854.15
1745.17
1599.16
1418.29
1208.41
983.9
777.974
509.988
75.2941
26.675
-0.199296
-0.276377
-0.225455
-0.15062
-0.0777856
-0.0125395
0.0439829
0.0921941
0.132889
0.166949
370.67
-0.987754
-0.978183
-1.00393
-1.02748
-1.05992
-1.10635
-1.17881
-1.29192
-1.46118
-1.73811
-1.90748
48.0372
-1.09758
-0.561649
-0.356449
-0.225652
-0.12949
-0.0536336
0.00807226
0.0589405
0.1011
0.136154
-0.967365
-0.922555
-0.934484
-0.94958
-0.969205
-0.996362
-1.03286
-1.08824
-1.18086
-1.34509
-1.64657
-2.08585
12.5922
-1.50729
-0.77281
-0.453248
-0.280563
-0.168176
-0.0855421
-0.0207467
0.031456
0.0742348
0.109615
-0.899023
-0.871035
-0.872847
-0.88229
-0.896031
-0.91449
-0.939313
-0.975601
-1.03823
-1.15991
-1.4395
-0.919142
0.627658
-1.24871
-0.729038
-0.459145
-0.296383
-0.186636
-0.105113
-0.0411163
0.01034
0.0524937
0.0873227
-0.84043
-0.803079
-0.804442
-0.810346
-0.817781
-0.826671
-0.837238
-0.851982
-0.876978
-0.924025
-1.01825
-1.17382
-1.12221
-0.803414
-0.572257
-0.403057
-0.279425
-0.186522
-0.112808
-0.0532733
-0.00470087
0.035582
0.0690599
-0.770568
-0.735248
-0.735823
-0.738982
-0.740314
-0.739218
-0.73825
-0.735033
-0.732383
-0.732464
-0.732425
-0.728668
-0.664543
-0.559061
-0.444267
-0.338292
-0.249924
-0.175279
-0.111981
-0.0590182
-0.0145573
0.023009
0.0544828
-0.703258
-0.671248
-0.670506
-0.669319
-0.665308
-0.657964
-0.646764
-0.631783
-0.613982
-0.594216
-0.56916
-0.538866
-0.491941
-0.429396
-0.355936
-0.285135
-0.219585
-0.159819
-0.106557
-0.0602334
-0.0202571
0.014004
0.0430409
-0.6408
-0.610856
-0.608515
-0.604493
-0.59733
-0.584906
-0.566988
-0.545048
-0.521096
-0.494852
-0.464584
-0.430343
-0.391622
-0.345479
-0.294719
-0.242906
-0.192211
-0.143766
-0.0988023
-0.0585606
-0.0230684
0.007589
0.0341254
-0.582957
-0.554983
-0.552229
-0.545972
-0.535713
-0.519379
-0.498161
-0.474521
-0.450013
-0.422772
-0.392497
-0.36119
-0.327017
-0.289235
-0.249586
-0.209173
-0.168702
-0.128548
-0.0904241
-0.0553235
-0.0241843
0.00295155
0.0272824
-0.529337
-0.503345
-0.499708
-0.491645
-0.478563
-0.461181
-0.440142
-0.4175
-0.392948
-0.366314
-0.339178
-0.310888
-0.280058
-0.24803
-0.215792
-0.182976
-0.149019
-0.114907
-0.0819255
-0.0514778
-0.0245089
-0.00025994
0.0221945
-0.480199
-0.455516
-0.450952
-0.441868
-0.428008
-0.41041
-0.390569
-0.368987
-0.346132
-0.32292
-0.298869
-0.272698
-0.245223
-0.217754
-0.190135
-0.161414
-0.131698
-0.102079
-0.0738454
-0.0479808
-0.024283
-0.00212297
0.0184424
-0.4347
-0.411064
-0.405881
-0.396324
-0.382217
-0.364855
-0.346027
-0.326748
-0.307335
-0.287033
-0.264729
-0.240851
-0.216713
-0.192649
-0.167796
-0.14199
-0.116033
-0.0908535
-0.0671354
-0.0447172
-0.0232467
-0.00296935
0.0154594
-0.391758
-0.368977
-0.362767
-0.352755
-0.33948
-0.3242
-0.308087
-0.291543
-0.27401
-0.254785
-0.234206
-0.213231
-0.192319
-0.17085
-0.148334
-0.125432
-0.103079
-0.0816015
-0.0609491
-0.0408827
-0.0215689
-0.0035143
0.0128833
-0.351811
-0.329251
-0.322128
-0.312306
-0.300942
-0.28869
-0.27547
-0.260852
-0.244616
-0.22717
-0.209201
-0.191026
-0.17222
-0.152307
-0.131694
-0.1113
-0.0916648
-0.0727432
-0.0544203
-0.0367799
-0.0199874
-0.00410652
0.0108998
-0.313403
-0.291496
-0.284954
-0.276207
-0.266381
-0.255757
-0.24413
-0.231286
-0.21734
-0.202576
-0.187086
-0.170604
-0.152892
-0.134356
-0.115823
-0.0978931
-0.0807379
-0.0642625
-0.0484115
-0.0332216
-0.0185742
-0.00423028
0.00987469
-0.275633
-0.254864
-0.250214
-0.243514
-0.235308
-0.225974
-0.21566
-0.204461
-0.192387
-0.179326
-0.165094
-0.149658
-0.133433
-0.117115
-0.10124
-0.0859865
-0.0713119
-0.0571078
-0.043307
-0.0298304
-0.0165427
-0.00331726
0.00969399
-0.238688
-0.220289
-0.217692
-0.213503
-0.207691
-0.200333
-0.191595
-0.181604
-0.170419
-0.158075
-0.144719
-0.130732
-0.116619
-0.102756
-0.0892826
-0.0761564
-0.0632803
-0.0505861
-0.038077
-0.0257549
-0.01361
-0.00170531
0.00972566
-0.205151
-0.189387
-0.187933
-0.18532
-0.181257
-0.175576
-0.16826
-0.159428
-0.149288
-0.138129
-0.126319
-0.114247
-0.102181
-0.0902451
-0.0784418
-0.0667313
-0.0550892
-0.043556
-0.0322361
-0.0212039
-0.0105025
-0.000233578
0.00945252
-0.175833
-0.16195
-0.160539
-0.158142
-0.154568
-0.149678
-0.143437
-0.135944
-0.127394
-0.118054
-0.108205
-0.0980752
-0.0877983
-0.077448
-0.0670621
-0.0566892
-0.046407
-0.036317
-0.0265194
-0.0170595
-0.00797603
0.000667309
0.00879077
-0.149888
-0.137145
-0.135487
-0.132885
-0.129341
-0.124855
-0.119444
-0.11317
-0.106148
-0.0985266
-0.0904506
-0.0820417
-0.0733952
-0.0645966
-0.0557396
-0.0469269
-0.0382569
-0.0298093
-0.0216309
-0.0137399
-0.00615119
0.00108593
0.00791241
-0.126549
-0.115192
-0.113501
-0.110961
-0.10763
-0.103567
-0.0988297
-0.0934868
-0.08761
-0.0812801
-0.0745799
-0.067586
-0.0603792
-0.0530555
-0.0457111
-0.0384393
-0.0313127
-0.0243674
-0.0176228
-0.0110829
-0.00477827
0.00125055
0.0069651
-0.106053
-0.0961583
-0.0946839
-0.0924355
-0.0894878
-0.085914
-0.0817916
-0.0771855
-0.0721676
-0.0668015
-0.0611587
-0.0553008
-0.0493061
-0.043255
-0.0372194
-0.0312642
-0.0254325
-0.0197415
-0.0142039
-0.00882619
-0.00364926
0.00130612
0.00600987
-0.0881228
-0.0793082
-0.0780696
-0.0761672
-0.0736537
-0.0705917
-0.0670549
-0.0631105
-0.0588317
-0.0542857
-0.0495355
-0.0446479
-0.0396894
-0.0347172
-0.0297861
-0.0249427
-0.0202077
-0.0156001
-0.0111325
-0.00680737
-0.00266377
0.00128812
0.00504063
-0.0718832
-0.0637136
-0.0626908
-0.0611058
-0.0589989
-0.0564323
-0.0534662
-0.0501663
-0.0465958
-0.0428234
-0.0389114
-0.0349177
-0.0308923
-0.0268872
-0.0229425
-0.0190926
-0.0153588
-0.0117576
-0.00829365
-0.00497119
-0.00180219
0.00119272
0.00402846
-0.0565999
-0.0488154
-0.0479878
-0.0466983
-0.0449864
-0.0429054
-0.0405024
-0.0378385
-0.034969
-0.0319503
-0.0288429
-0.0256941
-0.0225542
-0.0194571
-0.0164426
-0.0135412
-0.0107666
-0.00813152
-0.00564005
-0.00329195
-0.00107513
0.00099962
0.0029446
-0.0418636
-0.0346317
-0.0340135
-0.0330038
-0.031653
-0.0300117
-0.0281298
-0.0260512
-0.0238267
-0.0215151
-0.0191643
-0.0168198
-0.0145194
-0.0123021
-0.0101943
-0.00820939
-0.00637367
-0.00468768
-0.00315249
-0.0017589
-0.000485389
0.000670321
0.00174286
-0.0278196
-0.0205419
-0.0201239
-0.0193777
-0.0183872
-0.0171952
-0.0158438
-0.0143635
-0.012801
-0.0112064
-0.00962131
-0.00809061
-0.00663866
-0.00529892
-0.00409203
-0.0030336
-0.00213366
-0.00139323
-0.000809644
-0.000368079
-5.51745e-05
0.000170898
0.000386296
0.370244
0.110519
0.15489
0.325164
0.90901
0.814194
0.760322
0.731868
0.894967
0.862712
0.832444
0.805208
0.838787
0.82185
0.803236
0.783552
0.768676
0.760508
0.750048
0.737437
0.698147
0.695178
0.689982
0.68277
0.630149
0.630809
0.629423
0.626244
0.565878
0.569265
0.570763
0.570537
0.505699
0.511067
0.514671
0.516786
0.449527
0.456292
0.461583
0.465739
0.397186
0.405126
0.411916
0.417803
0.348665
0.357738
0.365812
0.373061
0.303982
0.314055
0.323198
0.331531
0.263028
0.273947
0.284
0.293247
0.225698
0.237365
0.248206
0.258214
0.191934
0.204218
0.215679
0.226312
0.161843
0.174511
0.186391
0.197494
0.135458
0.14826
0.160387
0.171801
0.112753
0.125479
0.137663
0.149171
0.0936436
0.106088
0.118091
0.12944
0.0778673
0.0898534
0.101436
0.112377
0.0650516
0.0764611
0.0874026
0.0977325
0.0548007
0.0655357
0.075631
0.0852406
0.0466769
0.0566039
0.0657604
0.0747122
0.0401338
0.0491554
0.057554
0.0660931
0.0346482
0.0428995
0.0509595
0.0593325
0.0300043
0.0378665
0.0459331
0.0541201
0.0263482
0.0341569
0.0421502
0.0498102
0.023842
0.0315138
0.0389565
0.0457025
0.0222178
0.0292769
0.0357293
0.041451
0.0208372
0.0268854
0.0322683
0.0371119
0.0192394
0.0242272
0.0287249
0.032902
0.017372
0.0214917
0.0253163
0.0289596
0.0154034
0.0188594
0.0221386
0.0253117
0.0134726
0.0163874
0.0191924
0.0219272
0.0116218
0.0140661
0.0164313
0.0187412
0.00984067
0.0118471
0.0137923
0.0156933
0.00809274
0.00967953
0.0112233
0.0127306
0.00633638
0.00752072
0.00867361
0.00980156
0.00452478
0.00532341
0.00610127
0.00686085
0.00261539
0.00304376
0.00346228
0.00387061
0.000557738
0.000637628
0.00071723
0.000793919
0.52826
0.657387
0.663374
0.645588
0.624783
0.604731
0.586423
0.569985
0.55537
0.54246
0.531114
0.521216
0.512675
0.50542
0.499402
0.494581
0.490931
0.488427
0.487064
0.721869
0.709737
0.680783
0.651324
0.625249
0.602376
0.582443
0.565027
0.549837
0.536626
0.525158
0.515245
0.50675
0.499572
0.493638
0.488898
0.485315
0.482862
0.481521
0.771253
0.7238
0.684041
0.649642
0.620825
0.596474
0.575693
0.557788
0.542362
0.529094
0.517682
0.507885
0.499534
0.492502
0.486706
0.482086
0.478601
0.476217
0.474915
0.755946
0.711386
0.67271
0.639005
0.610481
0.586368
0.565754
0.548002
0.532778
0.519767
0.508633
0.49911
0.491016
0.484219
0.478626
0.474175
0.470821
0.46853
0.467279
0.718047
0.683114
0.650298
0.620436
0.59445
0.572043
0.552547
0.535603
0.521052
0.508633
0.498014
0.488937
0.481227
0.474758
0.469437
0.465204
0.462018
0.459841
0.458654
0.670687
0.645945
0.62039
0.595811
0.573665
0.553941
0.536294
0.520725
0.507278
0.495765
0.485891
0.477425
0.470225
0.464176
0.459193
0.455229
0.452245
0.450206
0.449094
0.619829
0.604136
0.585864
0.567041
0.549277
0.532726
0.517408
0.503655
0.491664
0.481316
0.472376
0.464671
0.45809
0.452542
0.447965
0.444318
0.44157
0.439691
0.438667
0.568429
0.560405
0.54889
0.535703
0.522339
0.509123
0.496413
0.484768
0.474481
0.46549
0.457635
0.450803
0.444926
0.439953
0.435838
0.432549
0.430067
0.428369
0.427443
0.518206
0.516555
0.510978
0.502953
0.493744
0.483843
0.473864
0.464486
0.456039
0.44852
0.441845
0.435969
0.430871
0.426526
0.42291
0.42001
0.417818
0.416317
0.415497
0.470105
0.473652
0.473098
0.46963
0.464249
0.457551
0.450307
0.443229
0.43666
0.430654
0.425206
0.420335
0.41606
0.412379
0.40929
0.406802
0.404915
0.403618
0.402908
0.424523
0.432248
0.435918
0.436424
0.434509
0.430827
0.426218
0.421377
0.416645
0.412137
0.40792
0.404067
0.400632
0.397633
0.39509
0.393028
0.391453
0.390364
0.389768
0.381626
0.392753
0.399968
0.4039
0.40507
0.404156
0.401999
0.399251
0.39626
0.393197
0.390183
0.387336
0.384731
0.382413
0.38042
0.378784
0.377524
0.37665
0.376171
0.34157
0.355502
0.365663
0.372485
0.376351
0.377917
0.377975
0.37713
0.375746
0.374039
0.372176
0.370297
0.368499
0.366847
0.365391
0.364173
0.363225
0.362564
0.362204
0.304501
0.320711
0.333265
0.342474
0.348653
0.352392
0.3544
0.355246
0.355312
0.354854
0.354062
0.353094
0.352065
0.351048
0.350107
0.349295
0.34865
0.348196
0.347948
0.270453
0.288482
0.302922
0.314071
0.32219
0.327783
0.331467
0.333784
0.335138
0.335804
0.335988
0.335863
0.335548
0.335126
0.334671
0.334244
0.33389
0.333632
0.333487
0.239377
0.258824
0.274714
0.287401
0.297112
0.30424
0.309323
0.312892
0.315364
0.317025
0.318084
0.318718
0.319055
0.319182
0.319177
0.319108
0.319024
0.318948
0.318903
0.211194
0.231659
0.248643
0.262545
0.273514
0.28186
0.288074
0.292684
0.296109
0.29863
0.300457
0.301765
0.302681
0.303302
0.30371
0.303968
0.304126
0.304218
0.304266
0.185871
0.206922
0.224668
0.239503
0.251445
0.260711
0.2678
0.273243
0.277457
0.280706
0.283194
0.285086
0.286512
0.287569
0.28834
0.28889
0.289268
0.289509
0.289638
0.163306
0.184561
0.202797
0.218292
0.230901
0.240807
0.248535
0.25463
0.259479
0.263309
0.266358
0.268748
0.270614
0.272047
0.273132
0.273937
0.274509
0.274882
0.275084
0.143353
0.164523
0.183023
0.198892
0.21186
0.222143
0.230303
0.236873
0.242203
0.246523
0.250008
0.252804
0.255034
0.256788
0.258142
0.259164
0.259904
0.260394
0.260657
0.125861
0.146757
0.165306
0.18124
0.194261
0.204681
0.213091
0.219983
0.225666
0.230346
0.234178
0.237298
0.239819
0.241833
0.243412
0.244619
0.245499
0.246086
0.246402
0.110676
0.131176
0.149531
0.165208
0.17801
0.18837
0.196877
0.203959
0.209876
0.214806
0.218892
0.222256
0.225004
0.227218
0.228975
0.230332
0.231325
0.231991
0.232354
0.0976614
0.117663
0.135528
0.150635
0.162996
0.173146
0.181624
0.18878
0.194826
0.19991
0.204162
0.207697
0.210607
0.212972
0.21486
0.216327
0.217408
0.218139
0.218537
0.0867171
0.10604
0.12307
0.13734
0.149112
0.158947
0.167291
0.174417
0.180494
0.185648
0.189991
0.193626
0.196641
0.199109
0.201088
0.20263
0.203774
0.204551
0.204976
0.0777268
0.096038
0.111893
0.125152
0.136253
0.1457
0.153828
0.160834
0.166855
0.171999
0.176364
0.180042
0.183109
0.185634
0.187668
0.189256
0.190439
0.191245
0.191685
0.0704112
0.0872869
0.101727
0.113915
0.124324
0.133332
0.141171
0.147985
0.153877
0.158942
0.163269
0.166934
0.170008
0.17255
0.174605
0.176211
0.177414
0.178232
0.178677
0.0642719
0.0793877
0.0923557
0.103515
0.113237
0.121767
0.129259
0.135814
0.141519
0.146451
0.150683
0.15429
0.157328
0.159848
0.161893
0.163498
0.164699
0.165514
0.165959
0.0587191
0.0720265
0.083642
0.0938576
0.102908
0.110934
0.11803
0.124275
0.129738
0.134488
0.138585
0.142091
0.145054
0.147519
0.149526
0.151107
0.15229
0.153093
0.153533
0.0533304
0.065057
0.0755131
0.0848745
0.093262
0.100756
0.107421
0.113314
0.118496
0.123022
0.126943
0.130311
0.133168
0.135551
0.137495
0.139031
0.140183
0.140965
0.141392
0.0480065
0.0584557
0.0679229
0.0764917
0.0842233
0.0911679
0.0973718
0.102882
0.107747
0.112014
0.115727
0.118926
0.121647
0.123924
0.125785
0.12726
0.128366
0.129119
0.12953
0.0428525
0.0522474
0.0608285
0.0686423
0.0757222
0.0821025
0.0878247
0.0929278
0.0974486
0.101428
0.104906
0.107908
0.110469
0.112618
0.114378
0.115777
0.116827
0.11754
0.117933
0.0379924
0.0464429
0.0541906
0.0612613
0.0676871
0.073499
0.0787244
0.0834016
0.0875592
0.0912272
0.0944454
0.097231
0.0996088
0.101612
0.103256
0.104562
0.105545
0.106215
0.106582
0.033474
0.0410182
0.0479525
0.0542928
0.0600672
0.0653003
0.0700176
0.0742549
0.0780328
0.081373
0.0843111
0.0868619
0.0890421
0.0908808
0.0923944
0.0935973
0.0945056
0.0951252
0.0954623
0.0292837
0.0359374
0.0420645
0.0476772
0.0527978
0.0574537
0.0616587
0.0654419
0.0688266
0.0718273
0.0744696
0.0767688
0.0787381
0.0804001
0.0817717
0.0828639
0.0836882
0.0842508
0.0845569
0.0253644
0.0311385
0.0364713
0.0413643
0.0458338
0.0499053
0.0535953
0.0569203
0.0598994
0.0625521
0.0648868
0.0669199
0.0686693
0.0701453
0.0713651
0.0723389
0.0730725
0.0735744
0.0738493
0.0216603
0.0265731
0.0311181
0.035297
0.0391224
0.0426107
0.0457818
0.0486456
0.0512133
0.0535061
0.0555268
0.0572873
0.0588061
0.0600893
0.0611496
0.0619986
0.062639
0.0630761
0.0633156
0.0181106
0.0221817
0.0259537
0.0294248
0.0326145
0.0355255
0.0381745
0.0405754
0.0427292
0.0446538
0.0463548
0.0478381
0.0491194
0.0502047
0.0511009
0.0518191
0.0523626
0.0527327
0.0529343
0.0146592
0.0179062
0.0209273
0.0237081
0.0262624
0.0286007
0.0307341
0.0326681
0.0344079
0.0359628
0.0373366
0.0385413
0.0395818
0.0404622
0.0411928
0.0417769
0.0422177
0.0425199
0.0426849
0.0112597
0.0137059
0.0159849
0.018086
0.0200203
0.0217982
0.0234181
0.0248849
0.0262114
0.0273965
0.0284436
0.0293647
0.0301604
0.0308356
0.0313973
0.0318442
0.0321812
0.0324144
0.0325407
0.00785796
0.00953197
0.0110867
0.0125264
0.01385
0.0150662
0.0161817
0.0171919
0.0181047
0.0189196
0.0196406
0.0202775
0.020828
0.0212958
0.0216862
0.0219947
0.0222274
0.0223903
0.0224773
0.00441653
0.00533803
0.00618793
0.00697961
0.00770585
0.00837584
0.00898963
0.00954455
0.0100506
0.0105
0.0108967
0.0112494
0.0115546
0.0118139
0.0120312
0.0122024
0.0123307
0.0124214
0.0124705
0.00089979
0.00108432
0.0012503
0.00140628
0.00154869
0.00168158
0.0018031
0.00191082
0.00201276
0.00210164
0.00217883
0.00224973
0.00230984
0.00236047
0.00240487
0.00243964
0.00246398
0.00248181
0.00249313
1958.08
1947.53
1928.19
1899.84
1861.94
1813.81
1754.59
1683.25
1598.49
1498.84
1382.59
1247.91
1093.19
918.133
725.127
520.536
331.932
189.385
92.7245
39.2532
7.52278
6.03918
5.94217
1958.24
1947.65
1928.31
1899.93
1862
1813.8
1754.49
1682.99
1597.99
1497.97
1381.16
1245.59
1089.34
911.998
715.525
506.233
315.372
178.155
44.823
13.6359
7.50677
4.87911
5.40591
1958.5
1947.87
1928.52
1900.11
1862.11
1813.82
1754.33
1682.56
1597.15
1496.5
1378.71
1241.54
1082.61
901.229
697.683
477.331
274.481
78.784
11.9115
2.99593
3.15391
3.72011
4.40163
1958.88
1948.21
1928.84
1900.39
1862.32
1813.89
1754.18
1682.04
1596.08
1494.59
1375.43
1235.99
1073.26
885.837
670.328
426.131
130.867
8.5754
3.52501
2.02202
1.89446
2.77095
3.51339
1959.42
1948.71
1929.33
1900.84
1862.68
1814.09
1754.11
1681.55
1594.93
1492.41
1371.56
1229.3
1061.87
866.238
632.122
305.784
13.5266
3.47652
1.84587
1.73265
1.83111
2.37312
2.82728
1960.17
1949.42
1930.03
1901.49
1863.25
1814.49
1754.22
1681.2
1593.86
1490.16
1367.37
1221.88
1048.93
843.468
581.594
97.1723
5.08962
1.89783
1.52099
1.60784
1.74973
2.07536
2.27122
1961.18
1950.39
1930.99
1902.42
1864.09
1815.17
1754.61
1681.13
1593.06
1488.1
1363.25
1214.33
1035.42
819.394
493.102
15.4126
2.48473
1.38824
1.38537
1.50535
1.63451
1.7937
1.75289
1962.41
1951.6
1932.19
1903.57
1865.16
1816.09
1755.27
1681.34
1592.51
1486.28
1359.32
1206.83
1022.16
794.716
296.521
6.09865
1.44324
1.19984
1.29303
1.40698
1.50403
1.53566
1.15327
0.629715
0.631002
0.627302
0.618887
0.607718
0.595279
0.58251
0.570001
0.558119
0.547094
0.537068
0.528126
0.520314
0.513656
0.508161
0.503831
0.500668
0.498672
0.497827
0.628899
0.631382
0.627915
0.619366
0.607998
0.595377
0.582467
0.569866
0.557922
0.54686
0.536816
0.527861
0.520043
0.513382
0.507885
0.503558
0.500399
0.498403
0.497575
0.627337
0.632203
0.629164
0.62031
0.608533
0.595561
0.582381
0.569594
0.557536
0.546405
0.53632
0.527346
0.519515
0.512848
0.507351
0.503027
0.499871
0.49788
0.497037
0.624352
0.633796
0.631088
0.621693
0.609299
0.595794
0.582221
0.569174
0.556947
0.545717
0.535575
0.52657
0.518728
0.512057
0.506563
0.502246
0.499095
0.497104
0.496275
0.618571
0.636374
0.633749
0.623513
0.610246
0.596052
0.581975
0.568586
0.556153
0.544796
0.53458
0.52554
0.517682
0.511007
0.505521
0.501209
0.498061
0.496072
0.49523
0.606008
0.640018
0.637077
0.625672
0.611299
0.596267
0.581589
0.567806
0.555125
0.543624
0.533329
0.524246
0.516372
0.5097
0.504219
0.499918
0.496778
0.494792
0.493961
0.590194
0.64386
0.64094
0.628106
0.612405
0.596383
0.581033
0.566808
0.553857
0.542196
0.531812
0.52269
0.514802
0.50813
0.502659
0.498368
0.49524
0.493263
0.492427
0.587294
0.647443
0.645098
0.630662
0.613391
0.596298
0.580241
0.565557
0.552319
0.540492
0.530021
0.52086
0.512964
0.5063
0.500842
0.496567
0.493456
0.491491
0.490654
1965.63
1954.85
1935.43
1906.76
1868.26
1818.99
1757.79
1683.18
1593.11
1484.78
1354.33
1195.87
1003.2
745.05
40.9687
1.83687
1.00369
1.05207
1.15159
1.23698
1.28047
1.19694
0.769474
1971.45
1960.72
1941.4
1912.84
1874.44
1825.24
1763.98
1689.06
1598.26
1488.55
1355.77
1193.04
996.847
509.563
4.43708
0.862458
0.849481
0.934591
1.01593
1.07908
1.10876
1.08427
0.982353
1979.96
1969.36
1950.29
1922.09
1884.11
1835.41
1774.68
1700.25
1609.88
1500.51
1368.11
1205.72
1006.45
130.446
1.23646
0.677968
0.746733
0.827089
0.895907
0.948435
0.975953
0.968281
0.919772
1991.7
1981.35
1962.71
1935.13
1897.98
1850.32
1790.86
1717.97
1629.48
1522.49
1393.43
1237.25
1036.98
9.72728
0.574589
0.583395
0.657934
0.728931
0.789142
0.835528
0.863358
0.868807
0.850558
2007.21
1997.23
1979.22
1952.59
1916.72
1870.71
1813.37
1743.14
1658.05
1555.5
1432.42
1286.69
887.56
2.27377
0.444895
0.504298
0.574811
0.638384
0.693061
0.736257
0.765171
0.777921
0.773741
2026.9
2017.42
2000.27
1974.93
1940.81
1897.08
1842.67
1776.18
1695.9
1599.6
1484.69
1352.35
536.186
0.671424
0.364677
0.429935
0.49573
0.554619
0.605865
0.647135
0.677024
0.694622
0.699292
2051.04
2042.17
2026.09
2002.36
1970.44
1929.59
1878.87
1817.08
1742.78
1654.17
1548.86
1428.65
220.808
0.17945
0.285636
0.357144
0.420823
0.476813
0.525824
0.566178
0.59722
0.618066
0.628592
2079.76
2071.61
2056.8
2034.97
2005.66
1968.23
1921.87
1865.59
1798.2
1718.35
1623.82
1514.9
53.8751
0.168134
0.225651
0.289522
0.350554
0.404484
0.451956
0.492112
0.524323
0.547645
0.562343
2113.05
2105.72
2092.36
2072.69
2046.33
2012.74
1971.26
1921.09
1861.3
1790.9
1708.12
1611.03
3.80455
0.126818
0.166887
0.225077
0.284036
0.336907
0.383683
0.423937
0.457252
0.482655
0.500681
2150.73
2144.3
2132.51
2115.19
2092.04
2062.61
2026.4
1982.79
1931.06
1870.47
1799.61
1631.28
0.700325
0.0341673
0.0973169
0.163149
0.221485
0.273967
0.320493
0.360974
0.395329
0.422679
0.443446
2192.55
2187.06
2176.94
2162.11
2142.34
2117.32
2086.65
2049.86
2006.44
1955.83
1896.95
1514.94
-0.0824309
-0.0290137
0.0421861
0.106964
0.163993
0.215528
0.261864
0.302809
0.33811
0.367249
0.39026
2238.08
2233.57
2225.19
2212.92
2196.64
2176.12
2151.11
2121.3
2086.35
2045.83
1999.12
1269.34
-0.230843
-0.077773
-0.00200112
0.0564449
0.11021
0.160676
0.207128
0.248937
0.285264
0.315908
0.340937
2286.91
2283.29
2276.62
2266.92
2254.1
2238.06
2218.68
2195.82
2169.27
2138.74
2104.32
747.953
-0.105217
-0.0795986
-0.0365719
0.00953265
0.0584924
0.108245
0.155697
0.198717
0.236422
0.268625
0.295511
2338.04
2335.52
2330.52
2323.3
2313.86
2302.17
2288.26
2272.12
2253.74
2233.07
2210.1
256.396
-0.139017
-0.0926293
-0.0756616
-0.0413637
0.00627314
0.0570853
0.106745
0.151867
0.191436
0.225435
0.253941
2388.1
2386.48
2382.76
2377.4
2370.48
2362
2352.1
2341.01
2328.79
2315.08
2298.26
169.315
0.0985662
-0.103599
-0.135628
-0.104699
-0.0509363
0.0061638
0.0601244
0.108465
0.150405
0.186132
0.216073
1987.53
1961.92
1901.17
1807.89
1682.48
1516.04
1323.09
1103.35
880.621
704.214
425.728
245.526
0.105628
-0.270622
-0.256343
-0.188501
-0.113456
-0.0440876
0.0168176
0.0690743
0.113441
0.150678
0.181848
-1.01804
-0.96672
-0.991487
-1.01579
-1.0426
-1.08048
-1.13881
-1.22874
-1.36631
-1.59208
-1.8496
-1.95437
11.1799
-0.74236
-0.445852
-0.285081
-0.174455
-0.0894965
-0.021257
0.0347092
0.0810049
0.119422
0.151462
-0.913294
-0.928879
-0.941933
-0.958796
-0.982103
-1.01371
-1.0573
-1.12948
-1.25167
-1.47444
-1.86337
-2.16963
7.61032
-1.04651
-0.584982
-0.356123
-0.219424
-0.124128
-0.0513201
0.0067048
0.0538738
0.0927531
0.12501
-0.872185
-0.870304
-0.876631
-0.888627
-0.904186
-0.925724
-0.955169
-1.0018
-1.08764
-1.26757
-1.67785
0.538251
-1.25679
-0.950199
-0.575271
-0.368776
-0.236877
-0.143231
-0.0713028
-0.0140449
0.0324253
0.0707416
0.102448
-0.803565
-0.802991
-0.806806
-0.813919
-0.822062
-0.831712
-0.843872
-0.862549
-0.89687
-0.961945
-1.09637
-1.19797
-0.964929
-0.681428
-0.481413
-0.33649
-0.229997
-0.147705
-0.0814568
-0.0278189
0.0163642
0.0531114
0.0836387
-0.735915
-0.735149
-0.737498
-0.740156
-0.739982
-0.73873
-0.736994
-0.733356
-0.732145
-0.732487
-0.733053
-0.707108
-0.613034
-0.502277
-0.389382
-0.292076
-0.211123
-0.142279
-0.084282
-0.0358663
0.00504001
0.039457
0.0682941
-0.671519
-0.670685
-0.670294
-0.6677
-0.661918
-0.652993
-0.639621
-0.623198
-0.604498
-0.582226
-0.555454
-0.51734
-0.462725
-0.392917
-0.319933
-0.251654
-0.189002
-0.132263
-0.0825745
-0.0395068
-0.00242671
0.029123
0.0559706
-0.61137
-0.609968
-0.606603
-0.601505
-0.591861
-0.576607
-0.556422
-0.533104
-0.508552
-0.480207
-0.447888
-0.411827
-0.369427
-0.320423
-0.268738
-0.217419
-0.167585
-0.120752
-0.0781117
-0.0401816
-0.00717057
0.0213168
0.0462031
-0.555231
-0.554076
-0.549553
-0.541473
-0.528427
-0.509137
-0.486457
-0.462498
-0.436845
-0.407837
-0.377038
-0.34459
-0.308487
-0.269536
-0.229444
-0.188928
-0.148456
-0.109205
-0.0724021
-0.0392214
-0.0101894
0.015423
0.0385845
-0.504126
-0.501943
-0.496337
-0.485691
-0.470314
-0.451004
-0.428976
-0.405549
-0.379757
-0.352769
-0.325284
-0.295766
-0.264085
-0.231926
-0.199531
-0.16607
-0.131945
-0.0981712
-0.0662967
-0.0375733
-0.0121259
0.0111945
0.032685
-0.456556
-0.453736
-0.447011
-0.435486
-0.419588
-0.400748
-0.380002
-0.357649
-0.33456
-0.3111
-0.286081
-0.259032
-0.231439
-0.204052
-0.17592
-0.146647
-0.116791
-0.0877013
-0.0606107
-0.0358914
-0.0130475
0.00841539
0.0279398
-0.412378
-0.408954
-0.401722
-0.389811
-0.373838
-0.355505
-0.33638
-0.31706
-0.297378
-0.276167
-0.252907
-0.228728
-0.204724
-0.180359
-0.154974
-0.128977
-0.103277
-0.0788099
-0.0557849
-0.0338726
-0.0129281
0.00653006
0.0239089
-0.370647
-0.366368
-0.358221
-0.34646
-0.331982
-0.316193
-0.299884
-0.282963
-0.264624
-0.244592
-0.223689
-0.202786
-0.181707
-0.15971
-0.136863
-0.11415
-0.092229
-0.0711858
-0.0508526
-0.0311058
-0.0123514
0.00491108
0.0205476
-0.331469
-0.326084
-0.317468
-0.306735
-0.294926
-0.282253
-0.26839
-0.252944
-0.236
-0.218215
-0.200164
-0.181757
-0.162409
-0.142036
-0.121416
-0.101385
-0.082125
-0.0635086
-0.0455065
-0.028262
-0.0119395
0.00351379
0.018141
-0.293534
-0.288619
-0.280752
-0.271398
-0.261173
-0.25008
-0.23785
-0.224418
-0.210043
-0.19494
-0.178998
-0.161896
-0.143676
-0.125034
-0.106761
-0.0892178
-0.0724255
-0.0562563
-0.0407339
-0.0258405
-0.0113835
0.00287742
0.0167767
-0.256246
-0.252835
-0.247096
-0.239566
-0.230757
-0.220915
-0.210148
-0.198527
-0.185988
-0.172359
-0.157505
-0.141596
-0.125235
-0.1091
-0.0935361
-0.0785866
-0.0641595
-0.0501585
-0.0365353
-0.0231725
-0.00993087
0.00325556
0.0159948
-0.220998
-0.219174
-0.215796
-0.210801
-0.204202
-0.196136
-0.186762
-0.176168
-0.16439
-0.151507
-0.137773
-0.12366
-0.109644
-0.0959734
-0.0826853
-0.0696946
-0.0569113
-0.0443042
-0.0318945
-0.0196577
-0.00762554
0.00410967
0.0151752
-0.189761
-0.188779
-0.186795
-0.183494
-0.178635
-0.17213
-0.164034
-0.154513
-0.143821
-0.132283
-0.120297
-0.108206
-0.0961986
-0.084331
-0.0725781
-0.0608996
-0.0493009
-0.0378642
-0.0266849
-0.0158038
-0.00531232
0.00471573
0.0140262
-0.162336
-0.161365
-0.159481
-0.156514
-0.152292
-0.146721
-0.139836
-0.131785
-0.122804
-0.113174
-0.103168
-0.0929499
-0.0826293
-0.072256
-0.0618696
-0.0515289
-0.0413311
-0.0313754
-0.0217463
-0.0124671
-0.00359971
0.00481689
0.0126222
-0.137621
-0.136431
-0.134298
-0.131224
-0.127208
-0.122257
-0.116403
-0.109738
-0.102398
-0.0945351
-0.0862799
-0.0777404
-0.0690084
-0.0601677
-0.0513191
-0.042569
-0.0340022
-0.025687
-0.01765
-0.00990263
-0.00249075
0.00457037
0.0111431
-0.115678
-0.114447
-0.11233
-0.109386
-0.105683
-0.101272
-0.0962256
-0.0906068
-0.0844935
-0.077972
-0.071112
-0.0640035
-0.0567237
-0.0493801
-0.0420609
-0.0348557
-0.0278156
-0.0209707
-0.0143243
-0.00789919
-0.00172752
0.00415726
0.00967713
-0.0965812
-0.0955194
-0.0936522
-0.0910452
-0.0877754
-0.0839201
-0.0795466
-0.074726
-0.0695262
-0.0640107
-0.0582529
-0.0523142
-0.0462841
-0.0402305
-0.0342301
-0.0283311
-0.0225675
-0.0169525
-0.0114937
-0.00621156
-0.00114266
0.0036934
0.00824641
-0.0796627
-0.0787781
-0.077201
-0.0749873
-0.0721898
-0.0688812
-0.0651306
-0.0610097
-0.0565883
-0.0519315
-0.0471045
-0.0421748
-0.0372033
-0.0322428
-0.0273512
-0.0225608
-0.0178876
-0.0133492
-0.00895195
-0.00470827
-0.000665103
0.00319216
0.00682991
-0.0640113
-0.0632786
-0.0619666
-0.0601143
-0.057768
-0.0549933
-0.0518539
-0.04841
-0.0447309
-0.0408823
-0.0369224
-0.0329075
-0.0288817
-0.0249062
-0.0210049
-0.0172092
-0.0135427
-0.0100069
-0.00661329
-0.00336731
-0.000281441
0.00262595
0.00538806
-0.0490525
-0.0484612
-0.0473967
-0.0458907
-0.0439878
-0.0417414
-0.0391989
-0.036427
-0.0334754
-0.0304044
-0.0272706
-0.0241194
-0.0209988
-0.0179371
-0.0149769
-0.0121379
-0.00942848
-0.00686928
-0.00444962
-0.00216514
-2.12874e-05
0.00198508
0.00388211
-0.0348016
-0.0343733
-0.0335564
-0.0323673
-0.0308675
-0.0290974
-0.0271133
-0.0249524
-0.0226785
-0.02034
-0.0179894
-0.0156615
-0.0133986
-0.0112345
-0.00918408
-0.0072714
-0.00551364
-0.00390036
-0.0024421
-0.0011037
0.000105643
0.00121404
0.00226452
-0.0206184
-0.0203864
-0.0197864
-0.0189114
-0.0178145
-0.0165386
-0.0151172
-0.0135904
-0.0120046
-0.0104107
-0.00884693
-0.00735193
-0.00595297
-0.00467554
-0.00354358
-0.002565
-0.00174336
-0.00108146
-0.000570354
-0.000197124
5.89222e-05
0.000281522
0.000489308
0.199437
0.100609
0.237095
0.407959
0.85596
0.784034
0.742673
0.726523
0.878821
0.847125
0.818571
0.792262
0.830622
0.812669
0.793553
0.773334
0.7649
0.755549
0.744013
0.730414
0.696947
0.692846
0.686616
0.678509
0.630739
0.630356
0.628043
0.624083
0.567796
0.570256
0.570835
0.569938
0.508594
0.513091
0.515876
0.51747
0.453103
0.459107
0.463774
0.467516
0.401315
0.40865
0.414959
0.420459
0.353339
0.361886
0.369533
0.376402
0.309146
0.318733
0.327461
0.335415
0.268602
0.279077
0.288723
0.297581
0.231635
0.242888
0.253316
0.262915
0.198179
0.210051
0.221099
0.231326
0.168279
0.180548
0.19204
0.202752
0.141949
0.154405
0.166188
0.177211
0.119187
0.131642
0.143512
0.154616
0.0999197
0.112154
0.12386
0.134801
0.0839036
0.0957102
0.106997
0.117561
0.0708019
0.0820062
0.0926415
0.102681
0.0602382
0.0706695
0.0804736
0.0899511
0.0517495
0.0612608
0.0702173
0.0792439
0.0447597
0.0533918
0.0617641
0.0704979
0.0388378
0.046918
0.0550926
0.0635789
0.0339251
0.0418708
0.0500292
0.0580771
0.0302082
0.0381605
0.0460518
0.053321
0.027668
0.0353007
0.0424317
0.0487083
0.0257989
0.0325972
0.0386766
0.044014
0.0239415
0.0296604
0.0347449
0.0393341
0.0218019
0.0265314
0.0308433
0.0348609
0.0194766
0.0234366
0.0271537
0.0306914
0.0171587
0.0205188
0.0237334
0.0268334
0.014946
0.0178037
0.020566
0.0232423
0.0128568
0.0152586
0.0175897
0.0198577
0.010852
0.0128269
0.0147457
0.0166168
0.00888998
0.010458
0.0119803
0.0134643
0.00693298
0.00810119
0.00923932
0.0103552
0.00492545
0.00571443
0.00648318
0.00723658
0.00283171
0.0032545
0.00366679
0.00407334
0.000598787
0.000678412
0.000755596
0.000831691
0.619557
0.667153
0.655145
0.635269
0.614555
0.595345
0.577972
0.562456
0.548711
0.536599
0.52599
0.516781
0.50889
0.502259
0.496844
0.492611
0.489537
0.487603
0.486802
0.718746
0.696101
0.665612
0.637903
0.613413
0.592072
0.57344
0.557169
0.543
0.530688
0.520017
0.510827
0.503001
0.496453
0.491121
0.486964
0.483949
0.482053
0.481261
0.74577
0.703395
0.66607
0.634618
0.608147
0.585689
0.56641
0.549786
0.535479
0.523173
0.512593
0.503538
0.495859
0.489454
0.484252
0.480204
0.477273
0.475432
0.474663
0.732694
0.691489
0.655186
0.624134
0.597933
0.575674
0.556544
0.540092
0.526016
0.513985
0.503683
0.494894
0.487462
0.481276
0.47626
0.472363
0.469545
0.467775
0.467036
0.700321
0.666437
0.634906
0.606955
0.582844
0.561963
0.543765
0.528041
0.514597
0.503117
0.493295
0.48492
0.477844
0.471958
0.467188
0.463483
0.460805
0.459124
0.458424
0.658505
0.633189
0.607846
0.584408
0.56353
0.544865
0.528242
0.513744
0.501299
0.490639
0.481492
0.473674
0.467063
0.461555
0.457086
0.453617
0.451109
0.449534
0.448879
0.612393
0.595228
0.576375
0.557996
0.54086
0.524896
0.510314
0.497439
0.4863
0.476683
0.468377
0.461246
0.455191
0.450134
0.446028
0.442834
0.440523
0.439072
0.43847
0.564917
0.555002
0.542372
0.52901
0.515702
0.502668
0.490428
0.479453
0.469834
0.46143
0.454095
0.447748
0.442331
0.437791
0.434091
0.431209
0.429121
0.42781
0.427266
0.517911
0.514196
0.507163
0.498461
0.48885
0.478816
0.469068
0.460141
0.45217
0.445081
0.438808
0.433325
0.428607
0.424628
0.421371
0.418827
0.416982
0.415821
0.415339
0.472427
0.473832
0.471647
0.467142
0.461022
0.453946
0.446716
0.439874
0.433587
0.427859
0.422697
0.418123
0.414145
0.41076
0.407971
0.405785
0.404193
0.403189
0.402772
0.428933
0.434543
0.43651
0.435735
0.432837
0.428587
0.423796
0.418987
0.414359
0.409988
0.405944
0.402295
0.399076
0.396302
0.393999
0.392179
0.390847
0.390004
0.389655
0.387711
0.396813
0.40231
0.404796
0.404822
0.403184
0.400671
0.397772
0.39473
0.391677
0.388732
0.386
0.383534
0.381374
0.379556
0.378106
0.377039
0.37636
0.37608
0.349038
0.361022
0.369472
0.374755
0.37737
0.37809
0.377638
0.37649
0.374923
0.373116
0.371232
0.369383
0.367651
0.366091
0.364749
0.363664
0.362858
0.362346
0.362136
0.313089
0.32742
0.338273
0.345913
0.350782
0.353572
0.35494
0.355359
0.355136
0.354489
0.353591
0.352582
0.351551
0.350563
0.349683
0.34895
0.348398
0.348046
0.347902
0.279937
0.296125
0.308896
0.318484
0.325264
0.329826
0.332768
0.334562
0.335543
0.335944
0.335956
0.335724
0.335345
0.334899
0.334451
0.334055
0.333748
0.333544
0.333462
0.249569
0.267184
0.281446
0.292611
0.300967
0.307001
0.311268
0.314244
0.316281
0.317618
0.318446
0.318917
0.31914
0.319192
0.319146
0.319067
0.318983
0.31892
0.318897
0.221897
0.24055
0.255969
0.268387
0.277988
0.2852
0.290549
0.294524
0.297468
0.299618
0.301166
0.302266
0.303024
0.303528
0.303855
0.304057
0.304179
0.304247
0.304277
0.196852
0.216167
0.232445
0.245833
0.256387
0.264491
0.270694
0.275485
0.279189
0.282034
0.284205
0.285851
0.287081
0.287987
0.288639
0.289098
0.289404
0.289586
0.289666
0.174354
0.194016
0.210896
0.224959
0.236163
0.244907
0.251759
0.257192
0.261524
0.264926
0.267625
0.26974
0.271379
0.272629
0.273566
0.274251
0.274719
0.275003
0.275125
0.1543
0.174081
0.191309
0.20574
0.217306
0.226451
0.233761
0.239676
0.244478
0.24836
0.251483
0.253985
0.255966
0.25751
0.258692
0.259567
0.260179
0.260552
0.260709
0.136607
0.156321
0.173631
0.18811
0.199759
0.209102
0.216704
0.222962
0.228121
0.232359
0.235819
0.238627
0.240884
0.242673
0.244059
0.245097
0.245828
0.246276
0.246469
0.121164
0.140646
0.157735
0.171954
0.183457
0.192823
0.200577
0.20705
0.212455
0.216947
0.220657
0.223701
0.226173
0.22815
0.2297
0.230872
0.231697
0.23221
0.232434
0.107872
0.126904
0.143446
0.157133
0.168309
0.177568
0.185351
0.191932
0.19748
0.202133
0.206013
0.209225
0.211853
0.213972
0.215644
0.216913
0.217816
0.218379
0.218623
0.096593
0.114886
0.13055
0.143504
0.154239
0.163285
0.170995
0.177578
0.183179
0.187914
0.191891
0.195206
0.197939
0.200156
0.201911
0.203249
0.204207
0.204807
0.205066
0.0871302
0.104299
0.118829
0.130939
0.141157
0.149914
0.157462
0.16396
0.169531
0.174273
0.178284
0.181647
0.184437
0.18671
0.188515
0.189897
0.190888
0.19151
0.191777
0.0791217
0.0948123
0.108075
0.119313
0.128985
0.137387
0.144699
0.151041
0.156507
0.161192
0.16518
0.168541
0.171342
0.173636
0.175461
0.176861
0.17787
0.178501
0.178768
0.0720898
0.0861231
0.0981365
0.108537
0.117639
0.125637
0.132648
0.138767
0.144077
0.148649
0.152561
0.155878
0.15865
0.160927
0.162748
0.164147
0.165153
0.165783
0.166049
0.0655814
0.0780268
0.0889086
0.0985168
0.107043
0.114593
0.121254
0.127101
0.132198
0.136615
0.140409
0.143637
0.146347
0.148578
0.150368
0.151748
0.152738
0.153358
0.153621
0.0593472
0.0704302
0.0803204
0.0891845
0.0971161
0.104188
0.110461
0.11599
0.120838
0.125054
0.128693
0.131802
0.134416
0.136576
0.138312
0.139654
0.140619
0.141223
0.141477
0.0533417
0.0633047
0.072315
0.0804588
0.0877916
0.0943592
0.10021
0.105392
0.109952
0.113937
0.117389
0.120345
0.122839
0.124904
0.12657
0.127858
0.128786
0.129367
0.12961
0.0476358
0.0566352
0.0648283
0.0722722
0.0789967
0.0850427
0.0904523
0.0952588
0.0995034
0.103229
0.106464
0.109241
0.111594
0.113545
0.115122
0.116345
0.117224
0.117777
0.118008
0.0422912
0.0504017
0.0578086
0.0645532
0.0706684
0.0761837
0.081129
0.0855431
0.089452
0.0928904
0.0958915
0.0984691
0.100656
0.102478
0.10395
0.105093
0.105919
0.106437
0.106651
0.0373086
0.0445601
0.0511946
0.0572499
0.0627489
0.0677202
0.0721957
0.0761997
0.0797554
0.082892
0.0856333
0.087997
0.0900027
0.091677
0.0930345
0.0940876
0.0948506
0.0953289
0.0955254
0.0326625
0.0390644
0.0449348
0.050297
0.0551824
0.0596119
0.0636019
0.0671834
0.0703728
0.0731921
0.0756615
0.0777926
0.0796074
0.0811214
0.0823513
0.0833096
0.0840016
0.0844354
0.0846134
0.0282943
0.0338615
0.0389713
0.0436502
0.0479198
0.0517969
0.0553015
0.0584512
0.0612656
0.0637585
0.0659406
0.0678294
0.0694403
0.0707866
0.071882
0.0727352
0.0733527
0.0737399
0.0738981
0.02415
0.0288913
0.0332533
0.037253
0.0409066
0.0442343
0.0472509
0.0499661
0.0523948
0.0545494
0.0564381
0.058077
0.0594755
0.060647
0.061601
0.0623439
0.0628823
0.0632207
0.0633582
0.0201721
0.0241059
0.0277262
0.0310541
0.0341037
0.0368824
0.0394067
0.0416822
0.043719
0.0455315
0.047123
0.0485036
0.0496867
0.0506755
0.0514816
0.0521129
0.0525688
0.0528543
0.0529693
0.0163043
0.0194465
0.0223457
0.0250137
0.0274578
0.029693
0.031726
0.0335601
0.0352079
0.0366728
0.03796
0.0390817
0.0400416
0.0408453
0.0415029
0.0420153
0.0423864
0.0426193
0.0427113
0.012498
0.0148674
0.0170578
0.0190736
0.0209285
0.0226265
0.0241691
0.0255671
0.0268225
0.0279364
0.0289193
0.0297775
0.0305124
0.0311318
0.031635
0.0320254
0.0323109
0.0324907
0.0325602
0.00870647
0.010325
0.0118202
0.0132019
0.0144711
0.0156372
0.0167005
0.0176601
0.018524
0.0192906
0.0199698
0.0205642
0.0210717
0.0215007
0.0218504
0.0221202
0.0223178
0.0224429
0.0224888
0.00488598
0.00576962
0.0065924
0.00734974
0.00804827
0.00869108
0.00927276
0.00980407
0.0102816
0.0107048
0.0110796
0.0114075
0.0116898
0.0119272
0.0121224
0.0122721
0.0123812
0.0124506
0.012474
0.000994213
0.00116903
0.00132952
0.00147938
0.0016157
0.00174288
0.00185874
0.00196386
0.00205957
0.00214137
0.00221424
0.00228056
0.00233675
0.00238453
0.00242319
0.00245225
0.00247378
0.00248853
0.00249309
)
;

boundaryField
{
    leftWall
    {
        type            fixedFluxPressure;
        gradient        uniform 0;
        value           nonuniform List<scalar> 
100
(
1959.17
1959.25
1959.44
1959.77
1960.24
1960.91
1961.81
1962.98
1964.91
1969.79
1977.04
1987.22
2000.9
2018.53
2040.45
2066.85
2097.81
2133.23
2172.89
2216.46
2263.57
2313.31
2365.53
2406.89
370.67
-0.967365
-0.899023
-0.84043
-0.770568
-0.703258
-0.6408
-0.582957
-0.529337
-0.480199
-0.4347
-0.391758
-0.351811
-0.313403
-0.275633
-0.238688
-0.205151
-0.175833
-0.149888
-0.126549
-0.106053
-0.0881228
-0.0718832
-0.0565999
-0.0418636
-0.0278196
1959.2
1959.33
1959.59
1959.98
1960.55
1961.33
1962.37
1963.66
1967.09
1973.08
1981.73
1993.59
2009.19
2028.94
2053.08
2081.77
2114.97
2152.55
2194.22
2239.59
2288.18
2339.29
2389.22
2013.74
-1.00437
-0.929145
-0.872949
-0.80548
-0.73643
-0.671055
-0.611714
-0.555299
-0.504436
-0.457003
-0.412951
-0.37147
-0.332558
-0.294587
-0.256916
-0.22136
-0.18995
-0.162513
-0.137871
-0.115924
-0.0968012
-0.0798442
-0.0641544
-0.0491525
-0.0348173
-0.0203393
)
;
    }
    rightWall
    {
        type            fixedFluxPressure;
        gradient        uniform 0;
        value           nonuniform List<scalar> 
100
(
0.497827
0.497575
0.497037
0.496275
0.49523
0.493961
0.492427
0.490654
0.486802
0.481261
0.474663
0.467036
0.458424
0.448879
0.43847
0.427266
0.415339
0.402772
0.389655
0.37608
0.362136
0.347902
0.333462
0.318897
0.304277
0.289666
0.275125
0.260709
0.246469
0.232434
0.218623
0.205066
0.191777
0.178768
0.166049
0.153621
0.141477
0.12961
0.118008
0.106651
0.0955254
0.0846134
0.0738981
0.0633582
0.0529693
0.0427113
0.0325602
0.0224888
0.012474
0.00249309
0.497863
0.497732
0.497343
0.496676
0.4958
0.494606
0.493248
0.49155
0.489167
0.484163
0.478095
0.470975
0.462851
0.453765
0.443778
0.432963
0.421388
0.40913
0.396276
0.382919
0.369149
0.35505
0.340702
0.32619
0.311589
0.296966
0.282383
0.267898
0.253565
0.239425
0.225498
0.211812
0.198387
0.185237
0.172372
0.159798
0.147513
0.135509
0.123776
0.1123
0.10106
0.0900427
0.0792324
0.0686082
0.0581454
0.0478253
0.0376244
0.0275158
0.0174759
0.00748146
)
;
    }
    lowerWall
    {
        type            fixedFluxPressure;
        gradient        uniform 0;
        value           nonuniform List<scalar> 
124
(
1958.05
1947.51
1928.17
1899.82
1861.93
1813.81
1754.61
1683.3
1598.59
1499.01
1382.88
1248.37
1093.95
919.386
727.058
523.204
334.84
192.077
89.3995
30.0804
7.97254
6.09859
5.96948
5.94217
5.40591
4.40163
3.51339
2.82728
2.27122
1.75289
1.15327
-0.0961947
0.0163049
0.165874
0.360903
0.628412
0.627504
0.625344
0.621409
0.615099
0.602913
0.57955
0.560894
0.629885
0.630948
0.627201
0.618807
0.607673
0.595272
0.582519
0.570022
0.558148
0.547129
0.537105
0.528165
0.520355
0.513698
0.508204
0.503875
0.500711
0.498714
0.497863
1959.17
1953.99
1938.92
1915.15
1882.11
1839.2
1785.65
1720.55
1642.71
1550.76
1443.13
1318.03
1173.72
1009.08
825.263
625.559
424.555
257.461
135.413
57.2176
13.7266
6.43886
6.01263
-0.176894
-0.009197
0.0786595
0.266663
0.628412
0.630864
0.629758
0.623463
0.613476
0.601559
0.588896
0.576212
0.563991
0.552521
0.541986
0.532497
0.524117
0.516881
0.510805
0.505893
0.502146
0.499567
0.498146
5.96948
5.77642
4.9068
3.93246
3.14778
2.53889
2.0136
1.47091
0.628071
0.626628
0.623624
0.6186
0.610132
0.592807
0.569232
0.542371
)
;
    }
    atmosphere
    {
        type            totalPressure;
        rho             rho;
        psi             none;
        gamma           1;
        p0              uniform 0;
        value           nonuniform List<scalar> 
92
(
-0.0167477
-0.0164835
-0.0159328
-0.0151487
-0.0141802
-0.0130633
-0.0118241
-0.0104937
-0.00911878
-0.0077515
-0.0064277
-0.00517751
-0.00402867
-0.00300407
-0.00212174
-0.00139235
-0.000819952
-0.000403047
-0.000136332
-1.22902e-05
0
0
0
0
0
0
0
0
0
0
0
0
0
0
0
0
0
0
0
0
0
0
0
0
0
0
-0.0160848
-0.0166452
-0.016238
-0.0155656
-0.0146857
-0.01364
-0.0124583
-0.0111684
-0.0098089
-0.00843278
-0.00708315
-0.00579228
-0.00458952
-0.00350023
-0.00254491
-0.00173795
-0.00108669
-0.000592327
-0.000251382
-5.67131e-05
0
0
0
0
0
0
0
0
0
0
0
0
0
0
0
0
0
0
0
0
0
0
0
0
0
0
)
;
    }
    defaultFaces
    {
        type            empty;
    }
}


// ************************************************************************* //
