/*--------------------------------*- C++ -*----------------------------------*\
| =========                 |                                                 |
| \\      /  F ield         | OpenFOAM: The Open Source CFD Toolbox           |
|  \\    /   O peration     | Version:  v1912                                 |
|   \\  /    A nd           | Website:  www.openfoam.com                      |
|    \\/     M anipulation  |                                                 |
\*---------------------------------------------------------------------------*/
FoamFile
{
    version     2.0;
    format      ascii;
    class       volScalarField;
    location    "0.65";
    object      p;
}
// * * * * * * * * * * * * * * * * * * * * * * * * * * * * * * * * * * * * * //

dimensions      [1 -1 -2 0 0 0 0];


internalField   nonuniform List<scalar> 
9072
(
459.628
486.673
487.475
494.895
511.391
529.553
546.336
565.487
587.35
611.137
636.127
661.774
687.687
713.622
739.395
764.169
784.901
794.869
815.724
826.367
829.927
836.552
913.041
399.62
426.867
427.533
434.181
451.313
470.21
486.939
506.027
527.976
551.902
577.019
602.773
628.739
654.661
680.311
705.107
727.435
737.773
751.197
772.176
764.646
749.017
832.879
338.945
366.505
366.416
370.505
388.922
410.56
427.093
446.096
468.085
492.161
517.495
543.522
569.669
595.644
621.09
645.346
666.985
680.014
694.414
729.585
704.801
681.589
750.36
278.587
305.821
304.238
300.779
320.823
350.911
367.159
385.822
407.759
431.999
457.609
484.081
510.55
536.696
562.1
586.169
607.786
624.871
642.173
671.063
659.078
641.539
692.501
219.551
244.823
241.169
228.572
250.68
291.53
307.205
325.211
347.039
371.459
397.58
424.493
451.442
477.882
503.381
527.461
549.404
568.574
587.459
610.012
613.213
610.775
644.976
162.204
184.389
179.006
164.284
188.83
232.07
246.477
264.014
285.858
310.534
337.236
364.827
392.405
419.258
444.972
469.201
491.559
511.958
531.85
552.658
565.611
574.873
597.728
105.299
126.701
118.061
107.787
128.948
166.415
183.535
201.993
224.08
249.161
276.643
305.122
333.498
360.873
386.89
411.345
434.088
455.312
475.948
496.686
514.247
529.909
549.699
45.1616
72.5927
54.8207
53.1545
68.831
97.3534
118.654
139.084
161.591
187.238
215.781
245.409
274.788
302.773
329.153
353.856
376.895
398.646
419.876
441.204
461.6
481.508
502.842
544.549
445.35
395.291
385.881
397.04
518.097
979.669
1069
1111.51
952.107
602.304
850.775
560.209
334.449
313.357
360.009
560.854
1341.93
1371.77
447.743
367.566
362.918
362.23
365.04
415.756
865.732
979.549
1085.12
851.36
446.723
427.168
248.219
245.428
250.573
277.546
390.259
1054.54
1262.67
408.116
362.578
362.264
362.057
360.64
390.73
684.445
850.412
1121.7
984.183
300.644
230.997
225.903
223.834
222.703
220.362
220.157
457.208
1197.78
393.805
362.446
362.138
362.093
325.921
328.92
474.515
642.601
1084.71
874.889
238.381
228.88
225.557
223.418
222.705
219.973
216.573
241.091
1051.81
382.755
362.659
362.099
337.571
263.31
228.691
218.277
298.185
868.499
409.641
232.087
228.179
225.27
222.257
223.471
219.678
215.594
218.579
713.723
373.36
363.257
354.214
276.336
194.042
121.973
44.5084
44.4572
485.392
287.497
230.247
227.139
225.136
220.551
223.761
219.239
215.584
216.382
346.043
369.883
367.303
308.427
211.627
122.032
47.4179
43.7433
38.3524
150.654
294.529
230.422
226.288
225.73
220.229
220.619
217.011
215.025
216.696
223.385
353.967
332.818
250.606
144.02
51.2404
42.2864
43.0441
35.7889
89.1128
508.925
240.726
227.299
225.809
224.239
210.961
212.163
214.059
215.887
219.556
2.18251
16.3086
6.93611
13.854
13.8995
25.5026
38.8603
56.9583
79.5858
106.962
137.548
168.951
199.879
228.694
255.63
280.653
303.895
325.985
347.756
369.965
393.251
417.861
444.761
1.53014
1.63765
1.44639
1.28616
1.37652
1.43339
1.47005
1.49895
2.15331
7.47321
20.213
45.1473
77.0974
107.438
135.047
160.109
183.335
205.179
226.928
250.107
277.143
309.169
342.928
1.32778
1.38865
1.25768
1.02976
1.1879
1.30136
1.34024
1.35423
1.36921
1.39582
1.41728
1.41199
3.73561
12.1416
27.0276
45.7704
64.3914
82.6681
103.057
124.605
154.102
195.708
243.623
1.13641
1.18894
1.14427
1.06169
1.12434
1.17984
1.20032
1.21536
1.23027
1.2444
1.24655
1.24665
1.26332
1.25709
1.23033
1.31645
1.23303
3.84633
8.72833
13.904
24.9125
74.9264
147.057
0.97686
1.04443
1.02592
1.01337
1.03113
1.05009
1.06219
1.07252
1.08244
1.09383
1.09948
1.10588
1.10447
1.10099
1.08385
1.06564
1.03026
1.05043
1.1085
1.207
1.23707
3.37461
14.838
0.817754
0.894998
0.890653
0.890507
0.898345
0.908743
0.918255
0.927493
0.936277
0.945595
0.954112
0.960274
0.96266
0.961811
0.957463
0.952528
0.946391
0.958092
0.995758
1.04889
1.11013
1.17531
1.2841
0.659554
0.737381
0.738487
0.743055
0.750458
0.759452
0.768858
0.778525
0.788259
0.798336
0.808294
0.816967
0.823235
0.826975
0.828252
0.827657
0.827277
0.832605
0.848862
0.877853
0.934705
1.00907
1.06199
0.498886
0.578482
0.580946
0.586893
0.594966
0.604539
0.615038
0.626178
0.637817
0.64999
0.662436
0.674336
0.684661
0.692695
0.69793
0.699729
0.697579
0.692581
0.687166
0.677422
0.68613
0.753359
0.842212
0.335267
0.416594
0.419401
0.425834
0.434599
0.445182
0.457156
0.470263
0.484359
0.499401
0.5152
0.531136
0.546124
0.558905
0.568164
0.571844
0.567102
0.551361
0.525419
0.482749
0.43079
0.432745
0.512075
0.167466
0.251066
0.253977
0.260698
0.270115
0.281768
0.295301
0.310517
0.327303
0.345591
0.365277
0.385934
0.406446
0.425059
0.439608
0.446763
0.441011
0.416321
0.370924
0.297133
0.205302
0.133869
0.190853
-0.00541969
0.0811922
0.0844683
0.09154
0.101565
0.114194
0.129186
0.146418
0.165841
0.18744
0.211243
0.237069
0.263911
0.289656
0.311316
0.324339
0.320296
0.287565
0.214635
0.0954624
-0.0473259
-0.115288
-0.0438239
-0.183469
-0.0933205
-0.0892428
-0.0817295
-0.0712006
-0.0578147
-0.0416579
-0.0227412
-0.00101967
0.0236251
0.0514094
0.0824206
0.11596
0.149857
0.180437
0.202031
0.203659
0.166109
0.0708132
-0.073639
-0.224282
-0.246628
-0.219894
-0.365492
-0.272152
-0.267058
-0.259184
-0.248369
-0.23457
-0.217713
-0.197688
-0.174312
-0.147281
-0.116178
-0.0806433
-0.040895
0.00126428
0.0417869
0.0740667
0.0851672
0.0477025
-0.0632605
-0.222785
-0.337396
-0.370825
-0.426709
-0.549764
-0.454452
-0.448732
-0.440822
-0.430101
-0.416371
-0.399445
-0.379103
-0.355014
-0.326692
-0.293572
-0.255042
-0.210748
-0.16185
-0.112393
-0.0697255
-0.0479555
-0.0804973
-0.202768
-0.372484
-0.480042
-0.540211
-0.628287
-0.735891
-0.639583
-0.634055
-0.626592
-0.616454
-0.603392
-0.587173
-0.567503
-0.543938
-0.515897
-0.482729
-0.443632
-0.397817
-0.345839
-0.291461
-0.243069
-0.217452
-0.248339
-0.365194
-0.524119
-0.649435
-0.730987
-0.787388
-0.9251
-0.827706
-0.82298
-0.816369
-0.807287
-0.795526
-0.780867
-0.763004
-0.741468
-0.71569
-0.685053
-0.648718
-0.605799
-0.556534
-0.50413
-0.457319
-0.434955
-0.472043
-0.588999
-0.739509
-0.871788
-0.977791
-0.994052
-1.11774
-1.0192
-1.01536
-1.00985
-1.00223
-0.992369
-0.980107
-0.965206
-0.947301
-0.925992
-0.900881
-0.871404
-0.837095
-0.798549
-0.758735
-0.725872
-0.718309
-0.775515
-0.90463
-1.01919
-1.12036
-1.34928
-1.3193
-1.313
-1.21366
-1.2107
-1.2065
-1.2007
-1.19325
-1.18411
-1.17322
-1.16043
-1.14571
-1.12914
-1.11089
-1.09173
-1.07402
-1.06295
-1.07024
-1.11859
-1.3145
-1.54419
-1.63668
-1.51429
-1.96341
-1.89016
-1.51008
-1.41032
-1.40831
-1.4056
-1.40187
-1.39723
-1.3918
-1.38572
-1.3792
-1.37272
-1.36712
-1.36381
-1.36565
-1.37875
-1.41551
-1.50421
-1.71668
-2.39971
-4.41734
-5.46707
-4.99029
-4.20737
-4.22482
-1.70831
-1.60846
-1.60743
-1.60629
-1.60482
-1.60322
-1.60181
-1.601
-1.60137
-1.604
-1.61061
-1.62403
-1.64959
-1.69794
-1.79091
-1.97991
-2.40679
-3.60497
-7.16585
-9.63255
-5.43248
-5.10217
-5.23916
-1.90701
-1.80739
-1.8073
-1.80775
-1.80854
-1.81003
-1.81268
-1.81715
-1.82442
-1.83604
-1.85452
-1.88383
-1.93103
-2.00935
-2.14419
-2.38792
-2.85988
-3.83342
-5.82222
-7.14157
-6.03964
-5.49524
-5.6155
-2.10553
-2.00639
-2.00717
-2.0091
-2.01205
-2.01646
-2.02292
-2.03231
-2.04585
-2.06545
-2.09405
-2.13617
-2.19909
-2.29566
-2.44728
-2.69041
-3.08479
-3.71133
-4.60979
-5.38865
-5.4295
-5.30052
-5.33396
-2.30327
-2.20484
-2.20636
-2.20961
-2.21449
-2.22148
-2.23128
-2.24487
-2.26362
-2.28955
-2.32571
-2.37644
-2.44829
-2.55155
-2.7014
-2.91879
-3.22969
-3.65231
-4.15601
-4.59304
-4.79578
-4.84943
-4.87264
-2.49962
-2.40212
-2.40425
-2.4086
-2.41508
-2.42421
-2.43673
-2.45363
-2.4763
-2.50669
-2.54759
-2.60285
-2.67767
-2.77938
-2.91771
-3.10342
-3.34554
-3.64325
-3.97014
-4.26385
-4.46197
-4.56893
-4.62104
-2.694
-2.59773
-2.60031
-2.60552
-2.61325
-2.62403
-2.63856
-2.6578
-2.68306
-2.71606
-2.75919
-2.81559
-2.88913
-2.98458
-3.1076
-3.26326
-3.45346
-3.67312
-3.90483
-4.11887
-4.28729
-4.40303
-4.47516
-2.88588
-2.79123
-2.79416
-2.79996
-2.80857
-2.82049
-2.83634
-2.857
-2.88363
-2.91767
-2.96102
-3.01607
-3.08563
-3.17262
-3.28
-3.40982
-3.56147
-3.72988
-3.90416
-4.06875
-4.20937
-4.31939
-4.4001
-3.07536
-2.98226
-2.98551
-2.99167
-3.00083
-3.01341
-3.02995
-3.05121
-3.07814
-3.11196
-3.15407
-3.2062
-3.27026
-3.34803
-3.44094
-3.54944
-3.67223
-3.80533
-3.94188
-4.07315
-4.19116
-4.29123
-4.37261
-3.26246
-3.1707
-3.17419
-3.18054
-3.18994
-3.20275
-3.21944
-3.24061
-3.26704
-3.29967
-3.33956
-3.38787
-3.44581
-3.51444
-3.5944
-3.68546
-3.78624
-3.89382
-4.0038
-4.111
-4.2107
-4.29978
-4.37718
-3.44718
-3.35665
-3.36023
-3.36659
-3.37595
-3.38862
-3.405
-3.42555
-3.45086
-3.48164
-3.51867
-3.56272
-3.6145
-3.67457
-3.74316
-3.81983
-3.90337
-3.99168
-4.08186
-4.17068
-4.25522
-4.33344
-4.4044
-3.6296
-3.54023
-3.54371
-3.5499
-3.55899
-3.57123
-3.58693
-3.60644
-3.63021
-3.65873
-3.69253
-3.73215
-3.77799
-3.83028
-3.88901
-3.95372
-4.02344
-4.09665
-4.17141
-4.24559
-4.31733
-4.38522
-4.44854
-3.80971
-3.72154
-3.72473
-3.7306
-3.73924
-3.75081
-3.76555
-3.78374
-3.80567
-3.83169
-3.86215
-3.89737
-3.93758
-3.98285
-4.03304
-4.08773
-4.14613
-4.20716
-4.26947
-4.33162
-4.39232
-4.45056
-4.50575
-3.98744
-3.90062
-3.90337
-3.90884
-3.91688
-3.92763
-3.94123
-3.95789
-3.97782
-4.00122
-4.02833
-4.05931
-4.09429
-4.13324
-4.17598
-4.22212
-4.27107
-4.32201
-4.37398
-4.42597
-4.47703
-4.52638
-4.57351
-4.16271
-4.07738
-4.07971
-4.08474
-4.09214
-4.10197
-4.11432
-4.12934
-4.14716
-4.16792
-4.19175
-4.21873
-4.24889
-4.28216
-4.31835
-4.35713
-4.39802
-4.44043
-4.48363
-4.52689
-4.56948
-4.61079
-4.65031
-4.33569
-4.25168
-4.25384
-4.2585
-4.26524
-4.27411
-4.28516
-4.29849
-4.31419
-4.33233
-4.353
-4.37622
-4.40196
-4.43012
-4.46053
-4.4929
-4.52686
-4.56194
-4.5976
-4.6333
-4.66846
-4.70257
-4.73518
-4.50677
-4.42365
-4.42598
-4.43034
-4.43645
-4.44433
-4.45406
-4.4657
-4.4793
-4.49492
-4.51258
-4.53228
-4.55397
-4.57754
-4.60282
-4.62957
-4.6575
-4.68625
-4.71539
-4.74451
-4.77317
-4.80094
-4.82739
-4.67656
-4.59379
-4.59645
-4.60055
-4.60601
-4.61292
-4.62132
-4.63129
-4.64287
-4.65607
-4.6709
-4.68734
-4.70532
-4.72474
-4.74545
-4.76726
-4.78992
-4.81315
-4.83663
-4.86004
-4.88303
-4.90525
-4.92635
-4.84567
-4.76285
-4.76571
-4.76948
-4.77427
-4.78018
-4.78728
-4.79563
-4.80525
-4.81616
-4.82834
-4.84176
-4.85635
-4.87203
-4.88866
-4.90608
-4.92411
-4.94251
-4.96106
-4.9795
-4.99759
-5.01504
-5.03156
-5.01442
-4.93138
-4.93413
-4.93744
-4.94149
-4.94639
-4.95221
-4.95898
-4.96674
-4.97547
-4.98518
-4.99581
-5.00732
-5.01962
-5.03259
-5.04612
-5.06005
-5.07423
-5.08848
-5.10262
-5.11647
-5.12984
-5.1425
-5.18294
-5.09966
-5.10197
-5.1047
-5.10796
-5.11183
-5.11637
-5.12162
-5.1276
-5.13429
-5.14168
-5.14975
-5.15843
-5.16766
-5.17736
-5.18743
-5.19775
-5.20821
-5.2187
-5.22909
-5.23929
-5.24917
-5.2586
-5.35124
-5.26771
-5.26943
-5.27147
-5.27388
-5.27671
-5.28001
-5.28378
-5.28806
-5.29283
-5.29807
-5.30376
-5.30986
-5.31631
-5.32306
-5.33004
-5.33715
-5.34433
-5.3515
-5.35861
-5.36563
-5.37256
-5.37935
-5.51934
-5.43555
-5.43663
-5.43795
-5.43948
-5.44127
-5.44333
-5.44569
-5.44835
-5.4513
-5.45453
-5.45801
-5.46173
-5.46566
-5.46974
-5.47394
-5.47819
-5.48246
-5.48672
-5.49095
-5.49518
-5.49953
-5.50417
-5.68746
-5.60328
-5.60371
-5.60428
-5.60494
-5.60569
-5.60656
-5.60754
-5.60865
-5.60988
-5.61122
-5.61265
-5.61418
-5.61579
-5.61745
-5.61915
-5.62086
-5.62257
-5.62426
-5.62594
-5.62766
-5.62959
-5.63227
473.946
476.183
465.936
435.436
364.543
364.829
352.179
324.803
270.833
267.631
244.396
202.063
198.978
187.459
131.209
74.1823
11.4884
34.6657
60.199
45.1007
1.33505
1.50448
7.94049
7.79482
1.06718
1.04642
1.47796
6.80297
0.947156
0.997394
0.985494
1.45228
0.738686
0.819309
0.874342
0.9166
0.363729
0.399958
0.419692
0.424293
-0.0532083
-0.0724376
-0.0882343
-0.0874578
-0.370029
-0.500002
-0.638383
-0.776825
-0.646246
-0.840126
-1.09032
-1.37133
-0.826435
-1.02441
-1.33245
-1.73016
-0.883067
-0.955345
-1.10293
-1.39272
-0.943005
-0.852329
-0.725809
-0.578635
-1.23301
-1.18662
-1.1553
-1.20072
-1.63508
-1.6082
-1.55579
-1.66448
-4.65571
-4.90039
-4.58794
-4.205
-5.387
-5.4683
-5.40983
-5.24632
-5.72372
-5.77071
-5.67993
-5.4965
-5.32994
-5.27942
-5.17744
-5.03238
-4.85644
-4.82228
-4.77113
-4.70155
-4.62848
-4.61763
-4.60007
-4.57414
-4.50785
-4.51606
-4.52022
-4.52002
-4.44922
-4.46963
-4.48705
-4.5016
-4.4293
-4.45596
-4.4804
-4.50265
-4.43524
-4.46407
-4.49119
-4.51656
-4.46012
-4.48864
-4.51572
-4.54129
-4.49971
-4.5264
-4.55188
-4.57606
-4.55111
-4.57509
-4.59817
-4.62016
-4.6125
-4.63329
-4.65355
-4.67294
-4.68297
-4.70037
-4.71753
-4.73412
-4.76197
-4.77611
-4.79007
-4.80369
-4.84899
-4.86024
-4.87123
-4.88195
-4.94347
-4.9523
-4.96081
-4.96901
-5.0449
-5.05173
-5.05824
-5.06441
-5.15267
-5.15785
-5.16272
-5.16723
-5.26623
-5.27012
-5.27375
-5.27706
-5.38506
-5.38805
-5.39089
-5.39354
-5.50849
-5.51093
-5.5134
-5.51585
-5.63552
-5.63766
-5.64004
-5.64263
354.811
278.299
178.541
67.0174
41.2238
41.6755
42.5428
50.6242
215.879
866.759
644.901
461.462
359.619
215.946
209.797
210.862
213.349
214.849
214.55
269.3
153.291
48.0372
38.0378
40.0731
41.3318
42.7626
21.9224
248.168
1239.09
1515.49
864.88
224.204
211.283
210.1
210.546
212.377
213.859
213.801
131.279
33.891
33.4229
36.3665
37.8609
38.9342
50.9068
130.831
151.299
332.465
853.005
541.438
203.479
206.899
208.854
210.985
212.143
213.096
212.353
33.3043
26.4964
26.8923
26.8158
30.8519
30.0874
103.389
120.877
130.626
129.542
375.841
262.513
201.859
203.525
205.653
211.068
212.031
211.995
212.55
28.4218
22.1663
13.696
3.28391
18.3672
17.233
91.9787
117.449
123.923
123.156
196.916
204.727
201.875
202.738
203.188
211.25
212.413
211.681
211.413
20.0001
18.7366
11.86
7.7107
14.4522
12.1813
94.1666
119.187
121.428
151.543
180.502
201.166
201.564
201.4
198.882
207.472
212.412
211.234
215.872
32.8529
21.8276
17.6841
18.3315
21.675
22.1762
103.733
118.983
118.484
153.864
201.762
201.671
201.776
201.563
200.928
202.938
208.329
210.763
210.972
42.8475
29.3429
23.7451
23.7904
24.8275
31.1649
80.8762
110.674
122.089
185.933
202.159
202.087
202.369
202.307
202.492
197.791
208.54
210.192
211.073
28.3796
43.361
28.8771
24.8846
21.7373
91.7409
162.342
126.06
118.645
165.46
202.275
202.627
202.952
203.075
201.516
201.532
203.456
210.258
210.987
5.29481
39.8595
37.0855
39.5869
32.2602
89.0283
133.228
145.403
122.48
159.127
203.108
202.992
203.268
203.251
207.447
213.323
182.748
210.603
211.062
-0.212919
24.0675
43.127
38.2093
30.4512
34.3145
99.0589
103.815
118.243
172.318
201.111
202.952
203.311
191.683
191.727
188.906
181.994
199.998
198.969
-0.949231
-0.63788
25.4561
47.7473
21.8044
32.2079
71.7384
35.4002
72.8449
158.604
210.634
188.503
186.182
158.958
121.633
134.829
153.503
196.304
227.652
-1.76969
-1.99564
-2.04931
30.6056
69.2496
55.5229
4.09297
2.21673
1.91671
47.8836
127.382
138.609
122.916
95.283
73.5649
74.3886
93.1613
156.922
225.031
-2.30712
-2.48956
2.37783
32.9897
15.5258
0.381972
-0.27667
-0.781314
-1.3592
-0.608442
17.4564
50.6276
48.1191
41.8637
21.6991
5.81678
7.98059
24.0241
144.994
-1.83727
-4.10183
-0.350838
0.615744
0.978485
-0.111288
-1.6608
-3.10248
-2.67392
-1.54473
-1.19739
-7.3891
-24.0599
11.8771
0.703021
1.06135
1.37869
3.14896
6.70175
-1.10054
-3.49687
-3.43109
-1.13376
0.179549
0.0626745
-1.88511
-4.0993
-3.33359
-1.31966
-1.23616
-1.86434
-3.2787
-2.05694
0.139501
0.778814
1.12991
1.91671
24.2279
-1.40598
-3.13828
-3.30096
-1.57899
-0.44183
-0.0993756
-1.39543
-2.74549
-2.32966
-1.29228
-1.27646
-2.00777
-2.63466
-2.23377
-0.998627
-0.117261
0.712676
0.322054
20.1518
-1.65726
-2.54246
-2.6761
-1.97446
-1.42765
-1.17346
-2.05886
-2.42486
-2.37424
-1.96145
-1.86314
-2.45911
-2.95818
-2.85762
-2.24716
-1.90862
-1.64973
-0.77928
0.334859
-3.9394
-3.51693
-3.08927
-2.61148
-2.26384
-2.09269
-2.36858
-2.27643
-2.35479
-2.26476
-2.29872
-2.81111
-3.20332
-3.20445
-2.95414
-2.91386
-3.03622
-3.66748
-3.65153
-4.90097
-4.08016
-3.44387
-3.00692
-2.66858
-2.46407
-2.14316
-1.98247
-2.15962
-2.13666
-2.44049
-2.98921
-3.29967
-3.45906
-3.46741
-3.46945
-3.74731
-4.05208
-3.97211
-5.13261
-4.32198
-3.73383
-3.35662
-3.00785
-2.80217
-2.19967
-2.04874
-1.95434
-1.89327
-2.4892
-3.09635
-3.42295
-3.81274
-3.79227
-3.67402
-3.76064
-3.94984
-3.8888
-4.7921
-4.32985
-3.99637
-3.81131
-3.7869
-4.65401
-5.59604
-2.94
-1.154
-1.62166
-2.38891
-3.19068
-3.7635
-4.2877
-4.08912
-3.77918
-3.6686
-3.60828
-3.47103
-4.59088
-4.38409
-4.24812
-4.26781
-4.64242
-6.37262
-6.54595
-3.72244
-1.73155
-2.25529
-2.72931
-3.32963
-4.13397
-4.5345
-4.24318
-3.7855
-3.52438
-3.30967
-3.17015
-4.53188
-4.45762
-4.43631
-4.53841
-4.84024
-5.41044
-5.5344
-5.12105
-3.9283
-3.38422
-3.0951
-3.67692
-4.32628
-4.78651
-4.28691
-3.66906
-3.34829
-3.1386
-2.99763
-4.51694
-4.5153
-4.5484
-4.65285
-4.83343
-5.10262
-5.23982
-5.2064
-5.01194
-4.40642
-4.45112
-4.07559
-4.54323
-4.86993
-4.11604
-3.36148
-3.09531
-2.98716
-2.89675
-4.51964
-4.55452
-4.60846
-4.69811
-4.82342
-4.99646
-5.26995
-5.34282
-5.05943
-4.86333
-4.0112
-4.2236
-4.60752
-4.72082
-3.44745
-2.75095
-2.72336
-2.89066
-2.87865
-4.53106
-4.5819
-4.64095
-4.71591
-4.8074
-4.93491
-5.19244
-5.14171
-5.00106
-4.86208
-4.83578
-4.81188
-4.59849
-3.41019
-2.27289
-2.13746
-2.41607
-3.27143
-3.12939
-4.54899
-4.60487
-4.66212
-4.72345
-4.78449
-4.83727
-4.8845
-4.86589
-4.90221
-4.88402
-4.79815
-5.13166
-4.60575
-3.34827
-2.48095
-2.336
-2.76714
-3.75431
-3.72536
-4.57399
-4.62922
-4.68246
-4.73473
-4.78304
-4.82165
-4.84394
-4.86135
-4.91946
-4.89346
-4.82202
-4.72265
-4.39616
-3.76396
-3.21347
-3.27567
-3.85281
-4.09533
-4.2295
-4.60697
-4.65862
-4.70731
-4.75407
-4.79875
-4.84117
-4.87969
-4.9496
-4.97923
-4.97759
-4.95226
-4.8878
-4.45819
-4.06184
-3.76485
-3.75516
-4.25609
-4.28244
-4.68649
-4.64815
-4.69451
-4.73803
-4.7799
-4.82189
-4.86934
-4.93533
-5.02631
-5.03296
-5.07727
-5.20713
-5.33686
-5.1751
-4.65102
-4.23298
-3.52499
-4.28866
-4.35639
-4.44862
-4.69745
-4.73741
-4.77456
-4.8099
-4.84493
-4.88234
-4.94124
-5.00257
-5.05262
-5.14652
-5.44632
-5.63197
-5.7203
-5.24272
-4.7621
-5.0374
-4.48247
-4.42532
-4.46278
-4.75497
-4.78803
-4.81782
-4.84476
-4.86896
-4.88575
-4.91002
-4.96466
-5.0595
-5.23232
-5.50033
-5.9255
-5.88063
-5.28388
-4.76351
-4.76559
-4.56064
-4.53624
-4.48919
-4.8209
-4.84731
-4.86985
-4.88887
-4.90349
-4.90623
-4.91668
-4.96769
-5.04431
-5.17568
-5.35096
-5.62002
-5.50618
-5.08128
-4.7287
-4.66688
-4.73287
-4.67191
-4.62915
-4.8956
-4.91598
-4.93214
-4.9458
-4.95478
-4.95512
-4.97269
-5.00666
-5.03072
-5.04594
-5.11677
-5.2154
-5.11476
-4.91316
-5.16052
-5.22093
-4.86776
-4.82383
-4.84776
-4.97945
-4.99481
-5.00596
-5.01657
-5.0241
-5.03047
-5.05321
-5.08198
-5.06848
-5.0321
-5.03474
-5.04796
-4.93119
-4.7197
-4.78731
-5.14402
-4.99065
-4.96566
-5.02516
-5.07216
-5.08377
-5.09227
-5.10024
-5.10309
-5.11248
-5.14804
-5.20341
-5.16857
-5.10348
-5.05228
-5.0084
-4.88966
-4.61336
-4.64089
-5.11488
-5.1091
-5.15397
-5.2531
-5.17271
-5.18044
-5.18526
-5.18309
-5.18003
-5.19585
-5.25338
-5.36721
-5.29582
-5.18041
-5.08581
-5.03262
-4.98214
-5.00189
-5.1301
-5.20981
-5.25053
-5.38668
-5.40836
-5.28093
-5.28559
-5.28581
-5.27888
-5.27207
-5.28074
-5.3456
-5.45662
-5.36787
-5.22282
-5.10433
-5.07038
-5.14748
-5.35496
-5.39179
-5.36467
-5.37374
-5.45935
-5.43554
-5.39669
-5.40032
-5.39959
-5.39187
-5.3785
-5.36614
-5.40412
-5.43722
-5.39122
-5.27182
-5.10004
-5.13741
-5.4277
-5.54247
-5.52146
-5.51116
-5.51419
-5.5435
-5.58487
-5.51901
-5.52343
-5.52456
-5.51924
-5.50302
-5.46892
-5.43163
-5.3598
-5.46558
-5.50655
-5.18726
-5.45619
-5.59313
-5.64042
-5.64813
-5.65056
-5.65962
-5.68669
-5.74696
-5.64636
-5.65315
-5.65879
-5.66014
-5.65073
-5.61528
-5.5259
-5.28741
-5.84066
-6.57664
-5.85773
-5.73846
-5.7596
-5.7734
-5.77928
-5.78429
-5.79293
-5.81022
-5.83078
487.657
486.491
490.055
502.227
520.845
537.819
555.531
576.127
599.054
623.516
648.896
674.716
700.663
726.544
752.056
775.462
791.075
801.928
827.456
824.161
828.635
872.217
918.22
427.935
426.763
429.656
441.61
461.312
478.459
496.094
516.695
539.747
564.351
589.846
615.746
641.72
667.535
692.912
716.627
735.603
739.639
766.176
773.186
743.976
786.282
851.614
367.313
366.305
367.247
377.79
400.735
418.695
436.186
456.769
479.92
504.713
530.476
556.594
582.7
608.461
633.437
656.624
675.321
683.606
712.775
730.567
676.569
715.396
778.604
306.406
305.459
301.687
306.548
337.922
358.97
376.037
396.438
419.652
444.694
470.907
497.326
523.69
549.52
574.356
597.386
617.002
632.001
656.053
673.881
639.087
666.131
713.187
245.693
244.273
234.523
232.237
274.73
299.908
315.62
335.736
358.986
384.359
411.006
437.998
464.755
490.776
515.636
538.755
559.312
577.475
598.624
615.232
606.809
626.466
658.477
186.564
183.165
171.035
168.725
214.636
240.057
254.509
274.529
297.89
323.718
350.982
378.668
405.954
432.278
457.295
480.637
501.963
521.757
542.345
560.584
569.229
585.677
607.393
130.754
123.149
111.327
113.187
149.314
175.958
192.194
212.649
236.264
262.707
290.825
319.389
347.342
374.066
399.323
422.933
444.847
465.633
486.421
506.033
521.748
539.76
559.127
76.6721
63.0011
51.9084
60.4736
82.6606
109.144
128.602
150.03
173.985
201.274
230.537
260.216
288.976
316.172
341.713
365.577
387.883
409.289
430.563
451.575
471.387
492.194
513.742
493.552
414.406
386.999
388.554
408.998
794.686
1031.97
1118.19
1065.05
716.471
737.688
753.904
410.892
311.689
334.333
408.459
908.43
1526.52
1364.87
393.44
364.559
362.476
362.329
378.919
685.419
929.299
1049.58
1100.68
527.915
497.792
286.896
246.682
245.617
263.897
303.28
632.326
1320.71
1316.41
362.117
362.288
362.2
362.115
361.639
548.286
766.642
977.336
1252.72
541.427
240.457
228.034
224.647
223.22
221.833
218.764
253.147
924.976
1294.53
362.301
362.175
362.123
352.964
313.289
396.761
541.171
840.126
1278.25
300.024
230.385
227.221
224.226
223.011
221.887
217.781
219.088
428.426
1217.5
360.94
362.023
360.439
296.965
240.265
228.549
221.45
552.279
1094.03
245.007
229.592
226.769
223.461
222.571
222.375
216.998
215.688
240.604
1038.5
357.045
362.906
321.384
233.5
158.971
78.4451
40.9419
123.494
841.604
228.485
228.32
226.534
222.999
220.753
223.62
216.416
215.757
222.497
801.032
359.948
358.69
258.858
167.11
75.1429
43.0866
41.473
26.4613
625.086
230.462
227.702
226.443
223.708
218.784
221.449
214.95
215.577
214.869
588.925
355.965
299.083
197.466
95.3448
42.0701
42.7852
40.8923
18.3958
518.558
299.552
231.495
226.712
224.621
220.451
209.963
213.339
214.908
215.709
438.172
13.6299
13.7324
8.79239
12.6543
19.5846
31.8541
47.1997
67.7494
92.7129
122.027
153.188
184.572
214.52
242.411
268.362
292.495
315.013
336.86
358.696
381.479
405.333
431.014
461.745
1.6089
1.59074
1.32111
1.31773
1.42492
1.44403
1.49635
1.56272
4.22056
12.3798
31.2047
60.9284
92.4714
121.7
147.835
171.857
194.38
215.97
238.155
263.033
292.585
326.357
358.285
1.39132
1.36556
1.09875
1.08185
1.2611
1.32571
1.3473
1.36093
1.38404
1.42661
1.3935
1.89638
7.00379
18.8432
36.4788
54.5343
73.9404
92.3639
113.548
138.004
173.291
220.003
263.837
1.20914
1.18077
1.09045
1.07862
1.16116
1.19178
1.20698
1.22253
1.23783
1.24783
1.24641
1.24954
1.26517
1.23017
1.26337
1.30499
2.32097
5.67595
11.5584
17.8664
42.6969
112.134
180.801
1.0541
1.03434
1.01757
1.01892
1.04235
1.05643
1.06725
1.07761
1.08782
1.09761
1.10239
1.10527
1.10592
1.08992
1.07801
1.04474
1.03229
1.07223
1.15492
1.25473
1.44227
11.4799
10.3485
0.898685
0.89197
0.890006
0.893559
0.903687
0.913572
0.922871
0.931978
0.940776
0.95016
0.957563
0.961815
0.962957
0.959458
0.955957
0.948526
0.949177
0.973641
1.02193
1.07459
1.15005
1.22514
1.33152
0.739087
0.737055
0.740465
0.746434
0.754861
0.764122
0.77366
0.783394
0.793231
0.803414
0.812871
0.820415
0.825464
0.827814
0.828239
0.827201
0.828795
0.839231
0.861546
0.901013
0.973076
1.03858
1.07906
0.578978
0.578954
0.583566
0.590684
0.599601
0.609695
0.620538
0.631938
0.643836
0.656224
0.668519
0.679749
0.688999
0.695698
0.699279
0.699078
0.695337
0.689757
0.683364
0.675459
0.713099
0.795908
0.892595
0.416917
0.417292
0.422239
0.429944
0.439691
0.451014
0.46358
0.477192
0.491766
0.507235
0.523209
0.538828
0.552867
0.564076
0.570878
0.570694
0.560715
0.539497
0.507354
0.453552
0.425137
0.452408
0.644278
0.251276
0.251838
0.256932
0.265093
0.275688
0.288316
0.302706
0.31872
0.336264
0.355274
0.375536
0.396307
0.416114
0.433007
0.444401
0.445907
0.431268
0.396326
0.338384
0.249847
0.167707
0.120989
0.311568
0.0810395
0.0821948
0.0875833
0.0962035
0.107571
0.121406
0.137526
0.155857
0.176367
0.199065
0.22394
0.250471
0.277087
0.301224
0.319313
0.325172
0.308236
0.25686
0.160176
0.0243119
-0.101348
-0.0861213
-0.0347284
-0.09432
-0.0918052
-0.0858907
-0.0768312
-0.0648584
-0.0500794
-0.0325459
-0.0122364
0.0109254
0.0371119
0.0665278
0.0989719
0.133059
0.165847
0.192867
0.206345
0.191292
0.125628
0.00445401
-0.155157
-0.255109
-0.2201
-0.285168
-0.274264
-0.269952
-0.263481
-0.254145
-0.241847
-0.22653
-0.208105
-0.186435
-0.161278
-0.132265
-0.098974
-0.0612325
-0.0199179
0.0220679
0.059526
0.0835715
0.0746598
0.00185498
-0.142228
-0.290409
-0.36343
-0.380362
-0.528345
-0.457178
-0.451754
-0.44509
-0.435823
-0.423624
-0.408321
-0.389718
-0.367554
-0.341417
-0.310769
-0.275022
-0.233598
-0.186696
-0.136819
-0.0895882
-0.05477
-0.0544675
-0.130017
-0.290255
-0.436726
-0.512552
-0.573636
-0.719732
-0.641846
-0.636898
-0.630608
-0.621871
-0.610303
-0.595693
-0.577793
-0.556241
-0.530515
-0.499998
-0.463982
-0.421583
-0.372454
-0.318554
-0.265757
-0.225767
-0.223172
-0.296328
-0.445549
-0.59239
-0.695914
-0.756916
-0.843189
-0.829189
-0.825441
-0.81994
-0.812147
-0.801754
-0.788575
-0.77236
-0.75273
-0.729145
-0.701023
-0.667662
-0.62811
-0.581853
-0.530351
-0.47915
-0.441316
-0.443569
-0.521663
-0.665616
-0.806003
-0.934336
-0.994596
-0.984597
-1.02035
-1.01739
-1.01284
-1.00631
-0.997589
-0.98655
-0.973007
-0.956655
-0.937094
-0.913943
-0.886729
-0.854854
-0.818246
-0.778459
-0.740554
-0.71731
-0.735558
-0.835396
-0.968156
-1.05502
-1.25169
-1.36939
-1.26341
-1.21465
-1.21228
-1.20879
-1.2038
-1.19718
-1.18889
-1.1789
-1.16707
-1.15331
-1.13765
-1.1202
-1.10133
-1.08246
-1.06715
-1.06306
-1.08788
-1.18283
-1.45305
-1.65552
-1.60271
-1.70597
-2.05361
-1.6219
-1.41108
-1.40937
-1.40708
-1.40386
-1.39966
-1.39461
-1.38883
-1.38249
-1.37591
-1.36974
-1.36505
-1.3638
-1.37023
-1.39296
-1.45039
-1.58807
-1.93835
-3.1837
-5.46313
-4.99996
-4.64127
-4.05691
-4.50248
-1.60897
-1.60794
-1.60691
-1.60559
-1.60402
-1.60247
-1.6013
-1.60099
-1.60232
-1.60667
-1.61622
-1.63479
-1.66994
-1.7367
-1.86792
-2.14747
-2.83576
-5.08034
-9.12054
-7.72624
-5.03863
-5.19675
-5.29497
-1.80768
-1.80728
-1.8075
-1.80808
-1.80917
-1.81117
-1.81464
-1.82036
-1.82955
-1.84422
-1.86749
-1.90455
-1.96512
-2.0673
-2.24721
-2.58357
-3.25414
-4.68934
-6.80981
-6.6916
-5.61247
-5.53217
-5.66567
-2.0065
-2.00663
-2.00803
-2.01043
-2.01404
-2.01939
-2.02718
-2.03846
-2.05473
-2.07839
-2.11305
-2.16434
-2.2421
-2.36278
-2.55423
-2.86399
-3.3636
-4.12873
-5.07316
-5.48596
-5.34192
-5.30849
-5.34216
-2.2048
-2.20537
-2.20781
-2.21183
-2.21768
-2.22597
-2.23753
-2.25349
-2.27553
-2.30611
-2.34891
-2.40918
-2.49518
-2.61949
-2.80009
-3.06097
-3.42696
-3.89966
-4.39734
-4.72394
-4.83038
-4.8637
-4.87143
-2.40197
-2.40289
-2.40619
-2.41155
-2.41927
-2.42999
-2.44456
-2.46414
-2.49037
-2.52561
-2.57314
-2.63741
-2.7246
-2.8433
-3.00397
-3.2171
-3.4883
-3.80613
-4.12603
-4.37636
-4.52427
-4.60053
-4.6308
-2.59746
-2.59867
-2.60262
-2.60904
-2.61822
-2.63077
-2.64752
-2.66958
-2.69846
-2.73618
-2.78551
-2.84995
-2.93377
-3.04229
-3.18112
-3.35413
-3.56036
-3.78911
-4.01613
-4.20982
-4.35131
-4.44393
-4.49773
-2.79092
-2.79232
-2.79673
-2.80388
-2.81408
-2.82788
-2.84601
-2.86949
-2.89962
-2.93804
-2.98691
-3.04886
-3.12675
-3.22359
-3.34206
-3.4831
-3.64412
-3.8172
-3.98868
-4.1427
-4.26826
-4.36318
-4.43088
-2.98217
-2.98358
-2.98825
-2.99585
-3.00666
-3.02114
-3.03994
-3.0639
-3.09411
-3.13188
-3.17876
-3.23662
-3.30733
-3.39253
-3.49327
-3.60923
-3.73786
-3.8737
-4.00873
-4.13421
-4.24357
-4.33419
-4.4069
-3.17049
-3.17222
-3.17704
-3.18485
-3.19589
-3.21058
-3.22942
-3.25311
-3.28251
-3.31864
-3.36258
-3.41556
-3.47873
-3.55299
-3.63859
-3.73478
-3.83942
-3.94883
-4.05807
-4.16203
-4.25668
-4.33993
-4.41168
-3.35629
-3.35826
-3.36311
-3.37089
-3.38185
-3.39632
-3.41472
-3.43756
-3.46552
-3.49933
-3.53977
-3.5876
-3.64347
-3.70781
-3.78054
-3.86085
-3.94709
-4.03674
-4.12664
-4.21364
-4.29521
-4.36985
-4.43716
-3.54007
-3.54187
-3.54653
-3.55408
-3.5647
-3.57863
-3.59618
-3.61776
-3.64384
-3.67494
-3.71159
-3.75427
-3.80332
-3.85886
-3.92067
-3.98803
-4.05972
-4.13397
-4.2087
-4.28187
-4.35182
-4.41748
-4.47842
-3.72179
-3.72308
-3.72741
-3.73457
-3.74464
-3.75777
-3.7742
-3.79421
-3.81815
-3.84634
-3.87914
-3.91684
-3.95959
-4.00735
-4.05986
-4.11652
-4.17639
-4.23824
-4.30065
-4.36222
-4.42179
-4.47856
-4.53213
-3.90109
-3.90187
-3.90585
-3.91253
-3.92191
-3.93406
-3.94917
-3.96743
-3.98907
-4.0143
-4.04332
-4.0763
-4.11328
-4.15416
-4.19866
-4.24629
-4.29635
-4.34793
-4.40004
-4.45167
-4.50196
-4.55025
-4.59615
-4.07765
-4.07827
-4.08196
-4.08814
-4.09674
-4.10782
-4.12149
-4.13789
-4.15717
-4.17945
-4.20484
-4.23341
-4.26514
-4.2999
-4.33744
-4.37735
-4.41908
-4.46197
-4.5053
-4.54831
-4.59033
-4.63079
-4.66929
-4.25144
-4.25238
-4.25592
-4.26161
-4.2694
-4.27935
-4.29153
-4.30604
-4.32295
-4.34235
-4.36429
-4.38877
-4.41574
-4.44506
-4.47649
-4.50971
-4.54429
-4.57973
-4.61548
-4.65098
-4.68568
-4.71909
-4.75079
-4.42284
-4.42446
-4.42796
-4.43317
-4.44016
-4.44896
-4.45963
-4.47225
-4.48686
-4.50349
-4.52218
-4.54288
-4.56553
-4.58997
-4.61603
-4.64341
-4.6718
-4.7008
-4.72998
-4.75893
-4.78719
-4.81436
-4.84001
-4.59254
-4.59489
-4.59835
-4.60311
-4.60928
-4.61693
-4.62611
-4.63688
-4.64926
-4.66328
-4.67892
-4.69614
-4.71486
-4.73495
-4.75623
-4.7785
-4.80148
-4.82488
-4.84836
-4.87161
-4.89426
-4.91596
-4.93637
-4.76139
-4.76417
-4.76749
-4.77174
-4.77708
-4.78358
-4.7913
-4.80028
-4.81055
-4.82209
-4.83489
-4.84891
-4.86407
-4.88024
-4.89729
-4.91503
-4.93328
-4.95178
-4.97031
-4.98861
-5.00641
-5.02343
-5.03938
-4.92991
-4.93271
-4.93571
-4.93937
-4.94383
-4.94918
-4.95547
-4.96274
-4.97099
-4.98021
-4.99038
-5.00146
-5.01338
-5.02603
-5.0393
-5.05305
-5.06712
-5.08136
-5.09558
-5.10959
-5.12323
-5.13628
-5.14847
-5.09834
-5.10079
-5.10329
-5.10626
-5.10981
-5.11401
-5.11891
-5.12452
-5.13085
-5.1379
-5.14563
-5.15402
-5.16298
-5.17246
-5.18236
-5.19257
-5.20297
-5.21346
-5.22391
-5.23422
-5.24428
-5.25396
-5.26308
-5.26664
-5.26855
-5.27042
-5.27263
-5.27524
-5.2783
-5.28183
-5.28586
-5.29039
-5.29539
-5.30086
-5.30676
-5.31304
-5.31966
-5.32653
-5.33358
-5.34074
-5.34792
-5.35506
-5.36213
-5.36911
-5.37597
-5.38268
-5.43474
-5.43607
-5.43728
-5.43869
-5.44034
-5.44227
-5.44448
-5.44698
-5.44979
-5.45288
-5.45624
-5.45984
-5.46368
-5.46769
-5.47183
-5.47606
-5.48033
-5.4846
-5.48884
-5.49306
-5.49733
-5.5018
-5.50662
-5.60269
-5.60347
-5.604
-5.6046
-5.6053
-5.60611
-5.60703
-5.60808
-5.60925
-5.61054
-5.61192
-5.61341
-5.61498
-5.61662
-5.6183
-5.62
-5.62171
-5.62342
-5.6251
-5.62679
-5.62857
-5.6308
-5.63402
476.397
473.203
453.601
409.821
366.115
360.292
340.32
305.878
271.506
258.618
225.218
178.228
199.869
162.861
101.913
51.1367
17.575
56.8636
53.5751
37.191
1.35054
2.13729
7.19925
13.2005
1.05163
1.07657
2.79279
15.4411
0.977903
1.01534
0.758629
15.3083
0.786423
0.846937
0.877017
3.25317
0.384026
0.409019
0.438193
0.458094
-0.0630951
-0.0813145
-0.0878595
-0.127681
-0.431805
-0.570107
-0.70601
-0.848576
-0.736945
-0.958576
-1.22863
-1.52343
-0.914192
-1.16368
-1.52515
-1.94937
-0.910629
-1.01499
-1.23415
-1.55485
-0.899982
-0.796044
-0.644176
-0.638495
-1.21121
-1.16472
-1.16858
-1.2436
-1.65213
-1.54725
-1.62092
-1.65333
-4.80719
-4.72577
-4.39163
-4.06081
-5.44236
-5.45897
-5.33621
-5.13203
-5.76132
-5.74103
-5.59742
-5.37454
-5.31125
-5.23436
-5.10978
-4.94575
-4.84123
-4.79919
-4.73831
-4.66163
-4.62378
-4.60992
-4.58802
-4.55894
-4.51242
-4.51874
-4.52054
-4.51903
-4.45975
-4.47878
-4.49458
-4.50837
-4.44287
-4.4685
-4.49173
-4.51332
-4.44984
-4.47788
-4.50406
-4.52878
-4.47453
-4.50238
-4.52867
-4.55362
-4.51317
-4.53931
-4.56412
-4.58774
-4.56318
-4.58677
-4.6093
-4.63075
-4.62294
-4.64351
-4.66337
-4.68225
-4.69169
-4.709
-4.72592
-4.74208
-4.76907
-4.78312
-4.79694
-4.81027
-4.85466
-4.86576
-4.87663
-4.88717
-4.94793
-4.95659
-4.96495
-4.973
-5.04835
-5.05503
-5.06137
-5.06737
-5.15529
-5.16032
-5.16502
-5.16935
-5.2682
-5.27197
-5.27545
-5.27858
-5.38657
-5.38949
-5.39225
-5.39477
-5.5097
-5.51216
-5.51463
-5.51705
-5.63656
-5.63882
-5.64131
-5.644
316.949
230.14
121.762
44.0122
41.5336
42.0404
43.6981
114.495
595.785
929.705
389.628
467.82
249.233
211.797
209.702
212.205
214.336
215.156
315.372
212.566
91.2318
37.5126
39.1354
40.7385
42.1366
40.6309
49.2851
679.373
1581.08
1211.01
473.44
210.137
211.249
210.085
211.293
213.293
213.973
245.292
69.5769
31.1304
35.079
37.2575
38.2585
39.8203
91.9767
134.589
171.659
706.684
730.13
237.9
205.646
207.429
210.405
211.509
212.667
213.5
229.254
27.2347
27.2445
25.1467
28.9885
30.2763
39.6901
122.113
125.698
129.636
200.248
355.224
202.997
203.044
204.225
208.644
211.779
212.106
211.773
225.947
23.4865
20.5694
2.80207
13.408
18.5561
35.9615
116.8
120.892
124.685
189.994
214.112
201.384
202.371
202.915
205.641
213.06
211.995
212.458
223.52
20.0176
15.7295
8.00195
12.7445
14.0892
25.0183
120.671
120.027
123.786
168.848
200.983
201.404
201.596
200.568
197.728
213.187
211.565
210.924
220.582
27.2
19.3981
17.4234
20.6229
22.4452
14.1067
119.32
118.089
118.901
198.694
201.801
201.716
201.772
201.24
196.403
201.611
209.714
210.992
218.219
34.5965
23.992
23.659
24.384
25.3197
60.2903
98.9178
114.289
146.813
202.311
202.048
202.207
202.461
201.988
187.834
199.051
210.376
210.729
214.916
46.5024
33.3136
23.5119
25.1718
34.0947
160.708
128.317
116.268
131.421
200.341
202.492
202.787
203.076
202.682
201.722
190.729
209.554
210.646
212.137
31.8523
40.7684
35.2533
35.0031
50.9822
123.266
147.525
122.117
135.101
187.078
202.852
203.164
203.287
204.244
207.842
193.606
207.604
210.996
209.608
3.76139
42.0759
38.8872
36.8297
27.2027
54.7649
105.683
104.425
144.6
192.7
202.736
203.212
202.689
188.927
188.353
190.567
195.296
191.525
199.38
-1.07408
4.76955
38.4771
41.5952
7.4936
60.6651
49.5066
56.6756
106.818
195.272
200.946
186.753
178.226
137.117
121.415
142.034
174.542
216.264
217.989
-1.93733
-2.31677
8.46498
51.1137
72.9448
24.9136
2.5813
1.5005
10.2954
93.2327
139.255
133.398
109.675
82.0288
72.4465
79.2252
120.051
196.73
195.803
-2.53966
-1.8224
15.2192
30.0219
5.0309
-0.220563
-0.359251
-1.15373
-1.18558
1.30721
41.2888
50.594
47.567
29.7138
14.1391
9.40995
12.587
66.7038
65.8942
-2.44474
-3.50742
-0.942656
1.56343
0.400242
-0.780666
-2.55156
-3.18021
-1.99402
-1.27225
-2.0632
-23.2606
2.15357
1.18403
0.985623
1.06865
1.86324
6.60907
54.4568
-2.43045
-4.50787
-2.27463
-0.308675
0.307361
-0.576825
-3.15018
-4.31306
-1.99589
-1.14049
-1.45772
-2.58407
-3.11839
-0.744662
0.575192
0.92365
1.38333
2.57534
129.23
-2.17717
-3.60357
-2.44546
-0.90914
-0.0938857
-0.560551
-2.26251
-2.70189
-1.74601
-1.1306
-1.61119
-2.42753
-2.5605
-1.68087
-0.41385
0.27004
0.816685
-0.0198561
48.5518
-2.03979
-2.8082
-2.40447
-1.62242
-1.13352
-1.59208
-2.26448
-2.47794
-2.21385
-1.80767
-2.17866
-2.76203
-2.97931
-2.6049
-1.89654
-1.57979
-1.66529
-0.29136
25.414
-3.72854
-3.31278
-2.84049
-2.41866
-2.14695
-2.28777
-2.3082
-2.31615
-2.34007
-2.18796
-2.62698
-3.01798
-3.24927
-3.10194
-2.85109
-3.13952
-3.58486
-3.41657
3.6452
-4.49528
-3.72762
-3.21076
-2.82894
-2.56608
-2.34242
-1.91564
-2.14759
-2.1288
-2.20202
-2.79791
-3.15978
-3.37872
-3.48487
-3.45677
-3.63601
-4.03967
-4.00838
-3.68797
-4.72492
-3.98954
-3.53168
-3.18974
-2.8887
-2.62513
-1.92247
-2.08158
-1.88749
-2.07483
-2.8733
-3.27172
-3.60069
-3.86693
-3.70477
-3.7221
-3.86143
-3.89802
-3.6241
-4.55691
-4.14105
-3.88839
-3.77388
-4.09544
-5.80591
-3.50114
-1.91359
-1.2883
-1.89246
-2.89441
-3.42023
-4.13579
-4.26666
-3.90412
-3.7096
-3.62447
-3.44407
-2.94334
-4.48556
-4.30122
-4.23301
-4.38746
-5.18806
-7.08072
-5.14463
-2.59665
-1.7964
-2.57144
-3.01556
-3.68912
-4.40275
-4.47951
-3.98449
-3.63712
-3.40513
-3.10889
-2.76224
-4.49255
-4.43584
-4.46766
-4.65986
-5.08353
-5.65763
-5.27507
-4.88122
-3.77456
-3.03685
-3.44989
-3.94697
-4.65407
-4.63589
-3.92838
-3.48326
-3.2242
-2.97322
-2.62994
-4.51429
-4.52492
-4.59001
-4.73583
-4.95582
-5.20044
-5.23506
-5.12616
-4.74601
-3.52243
-4.06763
-4.23283
-4.84239
-4.61048
-3.64901
-3.19143
-3.02287
-2.86922
-2.53001
-4.53601
-4.57776
-4.64829
-4.75738
-4.89999
-5.11899
-5.38003
-5.19882
-4.97056
-4.66475
-4.19978
-4.37364
-4.80864
-4.18524
-2.95533
-2.70233
-2.80236
-2.83137
-2.47928
-4.55608
-4.60975
-4.67628
-4.75949
-4.86668
-5.03715
-5.22797
-5.05807
-4.93584
-4.80541
-4.76725
-4.83899
-4.10197
-2.67208
-2.12266
-2.12925
-2.90314
-3.15945
-2.7022
-4.57702
-4.63304
-4.69235
-4.75476
-4.8121
-4.86133
-4.8841
-4.88803
-4.89281
-4.85965
-4.98742
-4.96678
-4.00134
-2.81365
-2.32639
-2.42243
-3.39144
-3.82035
-3.55549
-4.60195
-4.65596
-4.70879
-4.75976
-4.80379
-4.83618
-4.83946
-4.89686
-4.91061
-4.86239
-4.76678
-4.60732
-4.08802
-3.45352
-3.15865
-3.63597
-4.07541
-4.1817
-3.69354
-4.63319
-4.68326
-4.73091
-4.77672
-4.82004
-4.86195
-4.9071
-4.97926
-4.97941
-4.96932
-4.93344
-4.71965
-4.21055
-3.92348
-3.70414
-4.10369
-4.2371
-4.33912
-4.35726
-4.67172
-4.71656
-4.75909
-4.80069
-4.84451
-4.89785
-4.99086
-5.026
-5.05521
-5.13796
-5.28144
-5.30291
-4.92894
-4.44715
-4.22691
-4.14872
-4.33374
-4.41048
-4.36214
-4.71782
-4.75628
-4.7924
-4.82718
-4.86361
-4.90477
-4.98345
-5.02234
-5.09873
-5.25033
-5.54714
-5.74768
-5.52701
-4.93297
-4.82891
-4.53255
-4.43115
-4.44348
-4.3323
-4.77193
-4.80331
-4.83165
-4.85721
-4.87886
-4.89374
-4.93371
-5.00497
-5.1296
-5.34757
-5.70827
-6.04217
-5.60105
-4.9869
-4.54385
-4.66025
-4.53977
-4.52877
-4.26298
-4.83458
-4.85906
-4.87975
-4.89709
-4.90658
-4.90698
-4.93839
-5.00242
-5.09658
-5.25373
-5.4994
-5.62997
-5.29712
-4.91307
-4.39705
-4.70143
-4.67072
-4.63886
-4.40337
-4.90628
-4.92462
-4.93897
-4.95174
-4.95479
-4.96033
-4.98927
-5.02238
-5.04064
-5.07682
-5.17712
-5.195
-5.00503
-4.92813
-5.3933
-4.946
-4.83024
-4.77854
-4.23214
-4.98756
-5.00102
-5.01071
-5.02114
-5.02608
-5.0397
-5.06796
-5.08417
-5.05224
-5.02696
-5.05137
-5.00889
-4.82271
-4.69224
-4.98989
-5.01854
-4.95613
-4.88069
-3.94296
-5.07821
-5.08862
-5.09623
-5.10288
-5.10519
-5.12778
-5.17586
-5.20114
-5.13271
-5.0708
-5.03486
-4.96478
-4.76196
-4.58083
-5.06805
-5.09004
-5.10229
-5.05484
-4.53579
-5.17679
-5.18343
-5.18509
-5.18048
-5.18439
-5.21868
-5.31767
-5.35186
-5.2368
-5.12464
-5.05658
-5.00882
-4.97561
-4.90491
-5.20522
-5.21825
-5.26658
-5.29236
-4.58505
-5.28359
-5.28658
-5.28303
-5.27467
-5.27258
-5.29945
-5.43544
-5.4252
-5.30079
-5.15453
-5.07753
-5.07764
-5.18027
-5.42561
-5.37358
-5.36496
-5.39067
-5.37764
-5.37225
-5.39885
-5.40074
-5.3966
-5.38568
-5.37117
-5.36711
-5.44821
-5.40527
-5.34912
-5.17386
-5.08392
-5.25045
-5.52914
-5.53117
-5.51474
-5.50984
-5.51569
-5.5058
-5.08677
-5.52147
-5.5246
-5.52292
-5.51291
-5.48891
-5.44734
-5.40474
-5.37403
-5.55729
-5.30743
-5.29855
-5.55406
-5.62417
-5.64579
-5.64917
-5.65209
-5.66077
-5.6954
-5.73807
-5.64977
-5.65626
-5.6603
-5.65738
-5.63777
-5.57954
-5.42736
-5.71871
-6.30116
-6.05639
-5.72846
-5.75231
-5.76748
-5.77693
-5.78166
-5.78734
-5.79628
-5.81085
-5.83898
488.959
456.846
457.673
464.854
481.555
499.958
516.716
535.803
557.74
581.597
606.634
632.309
658.236
684.18
710.027
735.017
756.841
766.721
783.503
796.019
798.373
793.532
876.306
429.789
396.734
397.102
402.811
420.547
440.382
457.05
476.116
498.09
522.087
547.302
573.175
599.215
625.148
650.665
675.14
697.147
708.398
721.444
752.448
732.907
711.831
788.935
369.299
336.205
335.468
336.665
355.773
380.733
397.12
415.995
437.971
462.129
487.598
513.82
540.112
566.157
591.565
615.701
637.236
652.505
668.399
701.567
681.433
658.141
718.987
308.667
275.341
272.738
264.195
285.069
321.128
337.207
355.569
377.45
401.776
427.637
454.301
480.991
507.268
532.704
556.756
578.517
596.867
615.039
639.965
636.282
626.265
668.274
248.844
214.412
209.864
195.165
218.604
262.086
277.027
294.705
316.514
341.045
367.44
394.668
421.911
448.543
474.137
498.278
520.427
540.272
559.703
581.052
589.896
594.13
621.58
190.705
155.071
148.528
135.344
159.737
200.279
215.345
233.111
255.052
279.913
306.97
334.977
362.932
390.033
415.889
440.225
462.784
483.637
503.929
524.569
540.247
553.161
573.701
133.854
99.0633
87.4371
79.6211
97.0746
130.226
151.201
170.678
192.937
218.271
246.243
275.264
304.115
331.785
357.977
382.555
405.461
426.983
447.912
468.932
488.009
505.908
525.858
76.5153
44.7831
23.6614
37.8895
42.441
66.1152
86.2018
107.266
130.01
156.017
185.213
215.535
245.531
273.846
300.419
325.244
348.385
370.303
391.776
413.451
435.032
456.817
480.388
566.53
399.174
368.008
363.489
368.56
472.806
932.897
1030.18
1086.12
869.751
512.943
737.141
402.754
288.451
277.584
321.01
502.231
1243.53
1326.43
503.942
362.922
362.313
362.129
364.437
399.719
779.618
919.997
1103.23
902.011
387.373
245.599
227.265
226.657
227.312
224.936
241.298
767.338
1220.03
408.491
362.458
362.189
362.032
350.132
367.205
583.502
761.369
1121.32
991.436
256.308
229.196
225.67
223.795
222.67
220.15
217.648
288.254
1151.03
404.678
362.592
362.176
356.881
295.341
281.281
355.614
491.766
1000.65
645.086
233.6
228.563
225.355
222.596
222.944
219.847
215.903
225.209
902.754
388.902
362.548
361.087
307.742
229.347
175.222
83.5824
90.8314
692.39
305.994
231.111
227.682
225.203
221.5
223.935
219.459
215.561
216.196
511.327
377.567
365.498
337.035
244.34
158.433
73.0246
43.7039
38.1879
283.825
276.567
229.887
226.508
225.437
220.239
222.892
218.701
215.467
216.867
253.72
369.287
355.812
279.426
178.064
82.786
43.2872
43.3341
37.6121
86.7626
378.267
232.88
226.695
226.074
221.164
214.652
214.068
214.425
216.285
220.196
369.196
310.038
222.754
110.646
41.4832
41.9167
42.8529
36.5628
151.437
649.946
275.912
228.965
230.793
232.347
209.656
211.391
213.793
215.488
216.925
15.2025
2.50647
1.84811
1.60825
1.55744
2.34313
6.13734
12.363
22.0704
42.2163
72.0749
105.59
138.411
167.697
195.046
220.33
243.674
265.68
287.665
310.369
335.679
363.868
393.763
1.74293
1.46648
1.34565
1.10329
1.25104
1.35535
1.41249
1.44223
1.45687
1.43516
2.34364
9.51363
26.2843
49.9467
75.7101
100.751
123.345
144.005
165.432
188.379
216.903
253.376
292.644
1.4297
1.2857
1.19455
1.02422
1.14961
1.23936
1.27391
1.29854
1.30641
1.31522
1.32797
1.33676
1.34521
1.37863
3.73914
10.402
19.5801
30.9332
44.1569
60.8741
87.5757
135.968
196.64
1.22578
1.11268
1.08856
1.05644
1.08606
1.11715
1.1332
1.14561
1.15565
1.165
1.17399
1.17954
1.16999
1.15565
1.15542
1.15911
1.11364
1.11224
1.16226
1.38124
1.99375
19.8643
71.8107
1.05594
0.972189
0.960976
0.956423
0.967382
0.980638
0.991057
1.00064
1.00931
1.01957
1.02771
1.03346
1.03261
1.0317
1.02381
1.0216
1.00464
1.01166
1.05607
1.12291
1.19012
1.24339
1.35263
0.897199
0.816398
0.815553
0.81847
0.825661
0.834906
0.844122
0.853391
0.862546
0.872055
0.88116
0.888452
0.892644
0.894279
0.893467
0.89179
0.888503
0.896224
0.922124
0.964847
1.02616
1.09897
1.17163
0.739019
0.658337
0.660279
0.665693
0.673421
0.682604
0.692483
0.702794
0.713392
0.72438
0.73544
0.745593
0.753822
0.759632
0.762876
0.763179
0.762221
0.76294
0.769559
0.782714
0.822357
0.897042
0.956596
0.579509
0.497935
0.500646
0.506893
0.515318
0.525375
0.536586
0.548674
0.561493
0.575034
0.589071
0.6029
0.61546
0.625742
0.632812
0.635239
0.631743
0.621372
0.60497
0.575708
0.547554
0.595919
0.689663
0.417527
0.334335
0.337186
0.343765
0.352861
0.363982
0.376737
0.390897
0.406328
0.422966
0.44066
0.458882
0.47652
0.492057
0.503738
0.50887
0.503364
0.483026
0.448269
0.392973
0.323455
0.279758
0.336641
0.251954
0.166702
0.169745
0.176626
0.186355
0.198518
0.212804
0.229052
0.247183
0.267135
0.28887
0.31208
0.335671
0.357693
0.375558
0.385304
0.379988
0.351106
0.292602
0.1957
0.0779378
-0.00630248
0.0674885
0.0816919
-0.00548929
-0.00186295
0.00542487
0.0157198
0.0287636
0.0443863
0.0625174
0.0831501
0.106329
0.132169
0.160623
0.190811
0.220545
0.246461
0.263436
0.261697
0.225979
0.13986
0.00565657
-0.152435
-0.191674
-0.135606
-0.0938459
-0.182244
-0.177652
-0.169932
-0.159224
-0.145579
-0.129003
-0.109447
-0.0867991
-0.0608534
-0.031287
0.00212163
0.0388923
0.0769893
0.112508
0.13928
0.145264
0.107087
0.00452309
-0.148363
-0.275619
-0.302184
-0.317264
-0.274097
-0.362922
-0.357429
-0.349483
-0.338658
-0.324824
-0.307843
-0.287548
-0.26368
-0.235836
-0.203521
-0.166242
-0.123928
-0.0780823
-0.0327995
0.00490997
0.0213592
-0.0145855
-0.132898
-0.298611
-0.409081
-0.452497
-0.533157
-0.457425
-0.546676
-0.540944
-0.533196
-0.522704
-0.50923
-0.492552
-0.47241
-0.448409
-0.420005
-0.386574
-0.347399
-0.301876
-0.250847
-0.198245
-0.151907
-0.127209
-0.15766
-0.276694
-0.440337
-0.558294
-0.632989
-0.711912
-0.642531
-0.733232
-0.728069
-0.720993
-0.711329
-0.698838
-0.683292
-0.66438
-0.641628
-0.614451
-0.582196
-0.544008
-0.499002
-0.447526
-0.393084
-0.344416
-0.319591
-0.352596
-0.469031
-0.625041
-0.754423
-0.843188
-0.875454
-0.830048
-0.923038
-0.918761
-0.912675
-0.904278
-0.893395
-0.879834
-0.863312
-0.843393
-0.819572
-0.79131
-0.757857
-0.718458
-0.673399
-0.625655
-0.583628
-0.565976
-0.608404
-0.721294
-0.86477
-0.996019
-1.13663
-1.14347
-1.02103
-1.1161
-1.1127
-1.10782
-1.10107
-1.09236
-1.08158
-1.06856
-1.05304
-1.03478
-1.01359
-0.989191
-0.961628
-0.932155
-0.90434
-0.887081
-0.898637
-0.994007
-1.11351
-1.16365
-1.19488
-1.59563
-1.49555
-1.2151
-1.31176
-1.30927
-1.3058
-1.301
-1.29492
-1.28758
-1.27901
-1.26924
-1.25847
-1.24715
-1.23599
-1.22674
-1.22338
-1.23406
-1.27683
-1.39092
-1.78183
-2.57139
-3.35997
-3.4273
-2.76536
-2.75006
-1.41136
-1.50925
-1.50773
-1.5058
-1.50319
-1.50005
-1.49661
-1.49313
-1.49002
-1.48804
-1.48849
-1.49347
-1.50713
-1.53788
-1.60308
-1.74358
-2.0738
-3.07809
-6.4232
-8.44385
-5.25324
-4.90841
-4.96599
-1.60909
-1.70787
-1.70732
-1.70698
-1.70665
-1.7066
-1.70723
-1.70909
-1.71295
-1.72015
-1.73283
-1.75446
-1.79141
-1.85596
-1.97285
-2.19771
-2.67139
-3.82808
-6.56862
-8.33638
-5.95053
-5.38191
-5.4757
-1.80764
-1.90692
-1.90728
-1.90848
-1.91038
-1.91336
-1.91796
-1.92496
-1.93547
-1.95126
-1.97509
-2.01128
-2.06722
-2.15621
-2.3023
-2.55095
-2.98901
-3.76845
-5.09334
-6.16548
-5.84174
-5.49387
-5.57132
-2.00632
-2.10572
-2.10689
-2.10951
-2.11346
-2.11921
-2.12741
-2.139
-2.1553
-2.1783
-2.21101
-2.25796
-2.32621
-2.42738
-2.57983
-2.81161
-3.16281
-3.6745
-4.32965
-4.894
-5.06059
-5.05219
-5.06889
-2.20454
-2.30366
-2.30551
-2.30934
-2.31506
-2.32318
-2.33442
-2.34978
-2.37066
-2.39906
-2.43793
-2.49141
-2.56538
-2.66867
-2.81352
-3.01519
-3.28954
-3.64214
-4.04251
-4.39621
-4.60354
-4.69232
-4.73006
-2.40166
-2.50017
-2.50254
-2.50735
-2.5145
-2.52452
-2.53813
-2.55632
-2.58045
-2.61236
-2.65466
-2.71086
-2.78546
-2.88445
-3.01533
-3.18556
-3.3998
-3.65416
-3.92696
-4.17569
-4.35941
-4.47378
-4.53752
-2.59709
-2.69475
-2.69753
-2.70307
-2.71128
-2.72269
-2.73797
-2.75803
-2.78412
-2.81782
-2.86127
-2.91725
-2.98905
-3.08044
-3.19555
-3.33771
-3.50722
-3.69873
-3.89845
-4.08511
-4.23899
-4.35278
-4.43041
-2.79026
-2.88707
-2.89017
-2.89616
-2.90509
-2.9174
-2.93367
-2.95472
-2.98162
-3.01569
-3.05857
-3.11231
-3.17924
-3.26165
-3.36162
-3.48025
-3.61644
-3.76568
-3.9193
-4.06575
-4.19444
-4.29974
-4.38155
-2.98091
-3.0768
-3.08019
-3.08646
-3.09578
-3.10852
-3.1252
-3.14649
-3.17326
-3.20659
-3.24769
-3.29798
-3.35901
-3.43217
-3.5184
-3.61776
-3.72883
-3.84822
-3.97042
-4.08878
-4.19718
-4.29178
-4.37159
-3.16921
-3.26398
-3.26754
-3.27391
-3.28333
-3.29611
-3.31269
-3.33361
-3.35954
-3.39132
-3.42984
-3.47605
-3.5309
-3.59516
-3.66923
-3.75276
-3.84442
-3.94174
-4.04116
-4.1386
-4.23039
-4.31399
-4.38837
-3.35511
-3.44873
-3.45228
-3.45858
-3.46783
-3.48032
-3.4964
-3.51647
-3.54105
-3.57075
-3.60619
-3.64803
-3.69681
-3.75289
-3.81637
-3.88679
-3.96305
-4.04338
-4.12541
-4.20653
-4.28441
-4.35739
-4.42463
-3.53868
-3.63117
-3.63452
-3.64057
-3.64945
-3.66138
-3.67663
-3.69551
-3.71839
-3.74568
-3.77782
-3.81522
-3.8582
-3.9069
-3.96121
-4.02069
-4.08448
-4.1513
-4.21952
-4.28742
-4.35344
-4.41642
-4.4757
-3.71995
-3.81136
-3.81434
-3.82002
-3.82837
-3.83955
-3.85374
-3.87118
-3.89212
-3.91685
-3.94562
-3.9787
-4.01625
-4.05827
-4.10461
-4.15486
-4.20833
-4.26409
-4.32102
-4.37789
-4.4336
-4.4873
-4.53843
-3.89888
-3.9893
-3.99182
-3.99707
-4.0048
-4.01509
-4.02808
-4.04393
-4.06281
-4.08489
-4.11034
-4.1393
-4.17182
-4.20785
-4.24721
-4.28954
-4.33431
-4.38081
-4.42822
-4.47569
-4.52238
-4.5676
-4.61085
-4.07538
-4.16484
-4.16704
-4.17187
-4.17894
-4.18829
-4.2
-4.21418
-4.23094
-4.25038
-4.27262
-4.29768
-4.32558
-4.35623
-4.38944
-4.42491
-4.46221
-4.50082
-4.54011
-4.57945
-4.61821
-4.65581
-4.69178
-4.24947
-4.33794
-4.34014
-4.34464
-4.35106
-4.35944
-4.36983
-4.38231
-4.39696
-4.41383
-4.43297
-4.4544
-4.47807
-4.50387
-4.53164
-4.56112
-4.59196
-4.62376
-4.65605
-4.68834
-4.72014
-4.75098
-4.78041
-4.42144
-4.5089
-4.5114
-4.51563
-4.52141
-4.52881
-4.53787
-4.54867
-4.56125
-4.57565
-4.59187
-4.60991
-4.6297
-4.65114
-4.67408
-4.69828
-4.72349
-4.74938
-4.7756
-4.80176
-4.82749
-4.85238
-4.87606
-4.59178
-4.67841
-4.68121
-4.68515
-4.69029
-4.6967
-4.70445
-4.7136
-4.72419
-4.73623
-4.74971
-4.76461
-4.78086
-4.79836
-4.81698
-4.83652
-4.85679
-4.87753
-4.89846
-4.9193
-4.93974
-4.95949
-4.9782
-4.76118
-4.84716
-4.85001
-4.85356
-4.85799
-4.8634
-4.86985
-4.87741
-4.88609
-4.89589
-4.90681
-4.91881
-4.93183
-4.94578
-4.96053
-4.97595
-4.99186
-5.00808
-5.02441
-5.04062
-5.05651
-5.07184
-5.08634
-4.93008
-5.01555
-5.01811
-5.02115
-5.0248
-5.02919
-5.03437
-5.04038
-5.04723
-5.05493
-5.06345
-5.07278
-5.08285
-5.09357
-5.10487
-5.11661
-5.12868
-5.14094
-5.15325
-5.16546
-5.17742
-5.18898
-5.19994
-5.09871
-5.18371
-5.18574
-5.18814
-5.19097
-5.19432
-5.19824
-5.20275
-5.20787
-5.21358
-5.21988
-5.22673
-5.23409
-5.24191
-5.25009
-5.25857
-5.26724
-5.27601
-5.28479
-5.29349
-5.30204
-5.31037
-5.31843
-5.26712
-5.35165
-5.35305
-5.35474
-5.35671
-5.35902
-5.3617
-5.36476
-5.36822
-5.37206
-5.37628
-5.38084
-5.38573
-5.39089
-5.39628
-5.40182
-5.40747
-5.41315
-5.41881
-5.42443
-5.43002
-5.43562
-5.44129
-5.43531
-5.51942
-5.52018
-5.52112
-5.52222
-5.52349
-5.52495
-5.52662
-5.52849
-5.53057
-5.53284
-5.53528
-5.53788
-5.54063
-5.54347
-5.54638
-5.54933
-5.55228
-5.55521
-5.55812
-5.56107
-5.5642
-5.56785
-5.60325
-5.68712
-5.68725
-5.68745
-5.68767
-5.68792
-5.68821
-5.68853
-5.68889
-5.68929
-5.68972
-5.69018
-5.69067
-5.69118
-5.69171
-5.69225
-5.69279
-5.69333
-5.69387
-5.69442
-5.69498
-5.69566
-5.69735
417.814
421.42
412.131
386.771
315.653
313.749
296.746
263.893
235.315
230.586
194.942
140.578
111.959
111.419
68.5833
51.7069
1.63674
2.30395
25.6007
32.2876
1.20349
1.25181
2.33079
2.34102
0.990714
1.00725
0.912955
6.42827
0.863111
0.937181
0.971894
0.639291
0.567458
0.63123
0.675204
0.699892
0.144126
0.150784
0.154224
0.164794
-0.214326
-0.286877
-0.362021
-0.431891
-0.520145
-0.688721
-0.88497
-1.08889
-0.752054
-0.960818
-1.24905
-1.59624
-0.871134
-1.02598
-1.2917
-1.71263
-0.88297
-0.82991
-0.786059
-0.806924
-1.07946
-1.01458
-0.947408
-0.928346
-1.41951
-1.38171
-1.38242
-1.4381
-2.32305
-2.3397
-2.44733
-2.63429
-5.08348
-5.18063
-5.00894
-4.76738
-5.60722
-5.70211
-5.64069
-5.48171
-5.64446
-5.61517
-5.48866
-5.29899
-5.04927
-5.00646
-4.93253
-4.8282
-4.72418
-4.7016
-4.66929
-4.62457
-4.55846
-4.55796
-4.55243
-4.54106
-4.47254
-4.48769
-4.49938
-4.50764
-4.43543
-4.45959
-4.48118
-4.50026
-4.42957
-4.4577
-4.48391
-4.50818
-4.44562
-4.47453
-4.50189
-4.52763
-4.47828
-4.50603
-4.53245
-4.55746
-4.52407
-4.54948
-4.57385
-4.597
-4.58063
-4.60306
-4.62477
-4.64549
-4.64663
-4.66574
-4.68448
-4.70249
-4.72143
-4.73717
-4.75273
-4.76784
-4.80451
-4.81715
-4.82957
-4.84172
-4.89533
-4.90531
-4.91499
-4.92439
-4.99335
-5.00114
-5.0086
-5.01573
-5.09803
-5.10399
-5.10964
-5.11493
-5.20876
-5.21324
-5.21744
-5.22128
-5.32503
-5.32841
-5.3316
-5.33451
-5.44625
-5.44893
-5.45154
-5.45404
-5.57161
-5.57388
-5.57628
-5.57877
-5.70014
-5.70217
-5.70459
-5.70736
328.612
220.83
107.631
40.1698
40.741
41.5842
42.5333
43.3268
350.365
1116.52
1396.57
923.75
306.919
211.331
209.977
210.652
212.74
214.156
212.304
204.463
78.652
35.1146
37.2356
39.2175
40.5807
41.9108
36.205
190.827
943.907
1218.85
721.907
213.188
209.908
209.8
210.723
212.258
213.597
213.514
51.2109
27.7291
31.0742
34.0571
35.3037
35.5307
81.6774
126.244
136.65
138.234
555.645
375.681
201.458
204.517
207.412
211.117
212.038
212.695
209.678
31.6645
24.7631
19.7028
13.428
24.7274
23.0459
107.688
118.617
127.431
128.196
271.666
211.228
201.964
203.175
204.601
211.089
212.16
211.598
213.769
24.276
19.8823
11.0842
2.85883
14.2967
14.023
82.8097
117.625
122.406
125.314
170.791
201.03
201.726
202
200.869
210.884
212.63
211.498
210.845
21.6533
19.5456
14.3265
13.3267
17.8536
15.0514
100.156
120.901
120.815
169.14
199.495
201.394
201.586
201.295
199.225
202.307
211.228
210.999
210.943
46.2183
24.7278
20.9723
21.7489
23.9767
27.0669
88.4801
112.927
115.644
170.165
202.081
201.873
202.055
201.924
201.388
200.367
206.92
210.203
211.07
40.0798
37.8792
27.3289
24.7228
24.6336
57.9768
123.016
119.404
121.736
182.202
202.177
202.35
202.682
202.739
204.98
200.219
211.483
210.27
211.005
15.3145
43.5545
31.9153
29.6077
26.813
105.106
164.815
140.356
116.595
160.165
202.907
202.854
203.134
203.152
202.496
206.32
187.747
210.515
211.077
0.000399719
38.3378
39.2996
37.957
33.4263
58.1928
109.122
137.405
126.133
159.178
202.464
203.06
203.329
203.276
206.155
209.513
188.159
210.7
204.207
-0.580835
7.85217
49.3591
41.4432
24.4666
21.8706
91.5533
75.9961
111.028
172.574
196.956
202.284
194.696
177.87
158.082
165.156
172.999
206.935
224.214
-1.3913
-1.67277
-0.758575
33.1163
34.4747
55.3374
39.0161
7.95034
14.2162
108.193
178.621
182.757
168.128
125.813
94.4406
107.166
123.422
172.12
223.622
-2.05907
-2.20216
-0.0150012
33.4427
66.3099
15.0129
0.631284
0.29244
-0.529311
6.40431
69.6167
92.8181
83.4941
68.7006
49.3628
32.4311
52.6501
100.079
219.154
-2.35795
-2.13933
2.58688
7.19979
1.01248
-0.122804
-0.932769
-1.92837
-2.03947
-1.40462
-0.912578
9.96062
1.54909
20.5768
10.1538
1.56873
2.07931
8.10128
47.906
-1.26398
-7.39737
-3.28435
-0.193213
0.705794
-0.111717
-1.95392
-3.87821
-3.17686
-1.47232
-1.25815
-2.16678
-3.27466
-0.452346
0.311612
0.970187
1.18598
2.15078
9.2237
-1.1937
-3.72495
-3.92808
-1.3109
0.00269766
0.0454804
-1.33989
-3.17851
-2.84768
-1.19507
-1.19708
-1.97758
-2.75638
-1.83914
-0.294935
0.468184
1.022
1.44273
22.4064
-1.51416
-2.61582
-2.85649
-1.81355
-0.94008
-0.528875
-1.74288
-2.4343
-2.35639
-1.62201
-1.57184
-2.22967
-2.78913
-2.5871
-1.77207
-1.07841
-0.00749963
0.977818
10.5714
-2.73543
-2.92221
-2.67732
-2.2339
-1.9092
-1.72603
-2.35181
-2.35403
-2.39604
-2.17798
-2.1159
-2.66187
-3.10469
-3.04605
-2.58654
-2.45612
-2.24056
-3.19456
-2.76686
-4.50925
-3.82557
-3.27194
-2.81898
-2.49947
-2.29997
-2.28941
-2.14259
-2.2634
-2.23732
-2.39376
-2.91388
-3.261
-3.33032
-3.27336
-3.26613
-3.64781
-3.91586
-4.00536
-5.12314
-4.25357
-3.60122
-3.1795
-2.8074
-2.56928
-1.99206
-1.91394
-2.06229
-2.01244
-2.4701
-3.04849
-3.35311
-3.61581
-3.63278
-3.59364
-3.86817
-4.05507
-3.96648
-4.97833
-4.33014
-3.86448
-3.56965
-3.34061
-3.34093
-3.37178
-2.36379
-1.7701
-1.76838
-2.45961
-3.13907
-3.53968
-4.05602
-3.95561
-3.73733
-3.72506
-3.79095
-3.68953
-4.66257
-4.34986
-4.12692
-4.05525
-4.28931
-6.46415
-7.46928
-3.12292
-0.847678
-1.71302
-2.42441
-3.24593
-3.99551
-4.44638
-4.18358
-3.79568
-3.60052
-3.43821
-3.29947
-4.55268
-4.42189
-4.35239
-4.42896
-4.80968
-5.82449
-5.82928
-4.77839
-2.75596
-3.06223
-3.00198
-3.48057
-4.20719
-4.63539
-4.28144
-3.74577
-3.44232
-3.21705
-3.0712
-4.52124
-4.48898
-4.50067
-4.60907
-4.84619
-5.20012
-5.3182
-5.15208
-4.77714
-3.72892
-3.30329
-3.88924
-4.46285
-4.87463
-4.23567
-3.54555
-3.23567
-3.06278
-2.94053
-4.51685
-4.53689
-4.58319
-4.68042
-4.82423
-5.03753
-5.22898
-5.28716
-5.04253
-4.74443
-4.38458
-4.2268
-4.59007
-4.81423
-3.88854
-3.09831
-2.91933
-2.91813
-2.87096
-4.52449
-4.56919
-4.62702
-4.70923
-4.81734
-4.96904
-5.3145
-5.30302
-5.05228
-4.90776
-4.41937
-4.4921
-4.59412
-4.24179
-2.79238
-2.38129
-2.5264
-2.99646
-2.95035
-4.5392
-4.59354
-4.65216
-4.71992
-4.79402
-4.88296
-4.99771
-4.9552
-4.94007
-4.85515
-4.83482
-5.05785
-4.62345
-3.13117
-2.22821
-2.12358
-2.38201
-3.53765
-3.43354
-4.56054
-4.61658
-4.67194
-4.72811
-4.78104
-4.82267
-4.8486
-4.84832
-4.90099
-4.88025
-4.83329
-4.92301
-4.52677
-3.59366
-2.84632
-2.68695
-3.21395
-3.87976
-3.92917
-4.58945
-4.64316
-4.69417
-4.74344
-4.78934
-4.82864
-4.85652
-4.89747
-4.94561
-4.92701
-4.8536
-4.71903
-4.31584
-3.89314
-3.52074
-3.68087
-4.1343
-4.20916
-4.59068
-4.62654
-4.67572
-4.72195
-4.76635
-4.80997
-4.85581
-4.90842
-4.99981
-5.01036
-5.03292
-5.09303
-5.1366
-4.82232
-4.31784
-3.97971
-3.41029
-4.292
-4.32752
-4.5773
-4.67179
-4.71505
-4.75554
-4.79443
-4.83359
-4.87849
-4.94771
-5.02167
-5.04578
-5.109
-5.34086
-5.46772
-5.46958
-4.99847
-4.54702
-4.7718
-4.33604
-4.38106
-4.41499
-4.72517
-4.7617
-4.79524
-4.82651
-4.85643
-4.88399
-4.92576
-4.97972
-5.05778
-5.20048
-5.48058
-5.83798
-5.90049
-5.31703
-4.81482
-4.83971
-4.5546
-4.48162
-4.48191
-4.78686
-4.81654
-4.84261
-4.86532
-4.88417
-4.89238
-4.9061
-4.96078
-5.0548
-5.22506
-5.45763
-5.84041
-5.71905
-5.18913
-4.70802
-4.60876
-4.6061
-4.59646
-4.54934
-4.85712
-4.88042
-4.89968
-4.91566
-4.92718
-4.92708
-4.94033
-4.98312
-5.03362
-5.1039
-5.22215
-5.39408
-5.28701
-4.99345
-4.98142
-5.0544
-4.82194
-4.75522
-4.81201
-4.93638
-4.95408
-4.96744
-4.9793
-4.98689
-4.99045
-5.01079
-5.03923
-5.04169
-5.02228
-5.05588
-5.10671
-5.00219
-4.82066
-4.97518
-5.17917
-4.92944
-4.88844
-4.88824
-5.02476
-5.03814
-5.0477
-5.05775
-5.06411
-5.07167
-5.0991
-5.13611
-5.1122
-5.06316
-5.03817
-5.01791
-4.89438
-4.64947
-4.67666
-5.09116
-5.04689
-5.05526
-5.17192
-5.1215
-5.13124
-5.13858
-5.14164
-5.14054
-5.1537
-5.19985
-5.28441
-5.22821
-5.14493
-5.06946
-5.01414
-4.92238
-4.70352
-4.87122
-5.14435
-5.17861
-5.26715
-5.3433
-5.22585
-5.23177
-5.23372
-5.22824
-5.22405
-5.23839
-5.30407
-5.42992
-5.3442
-5.20503
-5.09852
-5.05477
-5.03624
-5.17838
-5.31656
-5.28824
-5.31604
-5.45054
-5.4215
-5.33792
-5.34183
-5.34123
-5.33361
-5.32344
-5.32327
-5.38166
-5.45793
-5.38011
-5.24168
-5.10158
-5.08644
-5.24377
-5.49785
-5.4594
-5.43896
-5.44025
-5.48166
-5.49597
-5.45712
-5.46093
-5.46076
-5.45376
-5.43815
-5.41347
-5.41541
-5.39587
-5.40197
-5.33854
-5.13253
-5.25679
-5.53936
-5.58395
-5.58384
-5.5817
-5.58898
-5.6168
-5.70005
-5.58215
-5.58758
-5.59064
-5.58804
-5.57369
-5.53481
-5.4736
-5.35717
-5.59324
-5.82936
-5.41651
-5.58856
-5.67261
-5.70471
-5.71335
-5.71783
-5.72704
-5.74925
-5.78299
-5.71154
-5.72007
-5.72905
-5.73601
-5.73523
-5.71542
-5.65348
-5.51193
-5.9962
-7.66825
-6.33713
-5.89183
-5.84922
-5.84353
-5.84559
-5.85071
-5.85822
-5.87196
-5.89157
457.978
456.712
460.11
472.223
491.199
508.217
525.869
546.472
569.481
594.005
619.419
645.259
671.216
697.12
722.801
746.356
764.341
770.673
795.635
795.682
788.872
831.859
886.372
397.685
396.602
398.695
410.271
431.203
448.601
466.185
486.791
509.892
534.583
560.193
586.189
612.213
637.982
663.107
686.568
705.329
710.157
739.191
753.08
705.939
747.021
814.941
336.869
335.919
334.906
343.302
369.683
388.791
406.133
426.648
449.837
474.746
500.71
526.97
553.189
578.97
603.855
626.918
645.994
658.145
685.37
703.817
654.755
688.617
744.388
275.98
274.908
267.935
268.67
305.957
329.356
345.881
366.139
389.369
414.565
440.969
467.666
494.209
520.119
544.948
567.999
588.119
604.968
627.166
643.816
623.892
645.738
684.932
215.772
213.644
202.158
199.065
244.477
270.298
285.187
305.208
328.497
354.085
381.01
408.329
435.334
461.494
486.419
509.639
530.6
549.689
570.403
587.791
590.187
606.807
632.781
158.234
152.967
140.926
140.617
183.338
208.662
223.517
243.679
267.152
293.258
320.92
349.019
376.621
403.135
428.264
451.738
473.382
493.727
514.363
533.308
546.128
563.149
582.73
103.522
93.5008
81.62
84.6966
114.488
142.355
160.562
181.449
205.212
232.044
260.695
289.786
318.126
345.077
370.472
394.215
416.35
437.502
458.49
478.809
496.753
515.987
535.828
46.1498
32.7184
33.5381
36.7621
53.9469
76.5319
96.4763
118.402
142.533
170.336
200.312
230.675
259.906
287.356
313.042
337.02
359.443
381.053
402.571
424.285
445.751
468.394
494.866
450.235
379.109
364.119
364.035
379.018
742.248
989.986
1085.73
1049.02
564.916
659.178
581.161
314.771
276.438
293.198
368.109
816.189
1450.57
1338.74
362.788
362.326
362.27
362.214
372.712
621.248
853.587
1015.01
1179.74
557.769
291.884
232.528
226.083
227.293
226.429
225.349
365.567
1143.73
1300.1
362.501
362.217
362.156
361.147
342.391
474.471
663.978
923.824
1289.03
411.237
231.696
227.268
224.535
223.135
221.813
218.236
227.175
666.834
1268.5
362.153
362.253
362.213
327.801
278.66
314.876
399.417
719.011
1207.69
260.388
230.002
226.962
223.702
222.901
222.064
217.337
216.35
293.663
1139.51
358.414
361.813
347.921
265.699
199.882
143.197
52.6322
330.973
968.158
234.304
229.063
226.622
223.29
221.793
223.044
216.722
215.681
224.82
922.078
358.889
365.735
290.33
200.41
117.154
49.1494
41.0813
33.4248
720.631
226.298
227.614
226.447
223.205
219.633
223.442
215.828
215.798
218.131
687.142
359.772
329.355
228.057
132.828
48.1226
42.944
41.1743
26.919
548.072
242.722
228.939
226.38
224.647
217.354
213.181
214.025
215.204
215.162
507.109
340.789
271.238
169.307
61.6169
41.6502
42.4395
41.3668
46.6467
547.468
516.105
238.214
227.631
235.526
214.575
209.607
212.84
214.739
215.583
381.017
1.81233
2.52796
1.66827
1.57165
1.51698
4.1194
8.82995
16.6745
30.615
56.3462
88.7316
122.124
153.226
181.677
207.904
232.31
254.775
276.594
298.6
322.685
349.433
378.842
409.152
1.46374
1.47584
1.16476
1.15885
1.31556
1.38752
1.43025
1.4607
1.45859
1.57929
4.91265
16.5029
37.3981
62.7805
88.55
112.226
133.866
154.513
176.549
201.718
234.174
273.537
309.926
1.30312
1.26991
1.08393
1.05965
1.20843
1.25901
1.28851
1.30594
1.30908
1.32348
1.33565
1.3305
1.34195
1.92713
6.65905
14.5129
25.3164
36.3864
52.9574
71.9768
108.671
166.536
223.81
1.12733
1.1023
1.06778
1.06459
1.10546
1.12603
1.13926
1.15138
1.15949
1.17079
1.17794
1.17468
1.16695
1.14592
1.1645
1.13963
1.08598
1.13231
1.25967
1.38081
5.94683
45.3109
95.5316
0.978184
0.965844
0.957425
0.96045
0.974754
0.985987
0.995891
1.00506
1.01419
1.02409
1.03129
1.03314
1.03321
1.02695
1.02299
1.01518
1.00346
1.02884
1.08948
1.15357
1.24101
1.31748
1.4201
0.818811
0.814999
0.816714
0.821549
0.830251
0.839524
0.848738
0.857999
0.867216
0.876777
0.885124
0.890891
0.893896
0.893919
0.892851
0.88955
0.890381
0.906782
0.94169
0.99169
1.06488
1.13493
1.20689
0.659113
0.658427
0.662636
0.669298
0.677886
0.68748
0.697591
0.708064
0.718826
0.72996
0.740697
0.74999
0.757057
0.761558
0.763465
0.762782
0.762077
0.765341
0.775196
0.797339
0.857186
0.93129
0.980482
0.498315
0.498568
0.503407
0.510852
0.520172
0.530856
0.542533
0.554996
0.568175
0.582025
0.596072
0.609406
0.620942
0.629749
0.634724
0.634303
0.627462
0.613801
0.59309
0.555606
0.562443
0.630751
0.780372
0.334614
0.335069
0.340084
0.348019
0.358195
0.370172
0.383651
0.398458
0.414501
0.431702
0.449759
0.467865
0.484654
0.498512
0.507354
0.507731
0.495194
0.467327
0.424199
0.356495
0.300813
0.274127
0.484786
0.166783
0.167558
0.172769
0.181159
0.192154
0.205409
0.220688
0.237887
0.256933
0.277788
0.300335
0.323932
0.347027
0.36734
0.381794
0.385068
0.36892
0.326004
0.249248
0.136101
0.0270598
0.00477949
0.131725
-0.00600429
-0.00426391
0.00136422
0.0102132
0.021911
0.036258
0.0531402
0.0725205
0.0944153
0.11891
0.146094
0.175605
0.205922
0.234238
0.256521
0.265774
0.24918
0.189865
0.0775432
-0.0742321
-0.195032
-0.158229
-0.167167
-0.183803
-0.180391
-0.174175
-0.164945
-0.152768
-0.137659
-0.119604
-0.0985197
-0.0742561
-0.046544
-0.0150609
0.0201667
0.0579782
0.0953918
0.127526
0.146021
0.133556
0.0636413
-0.0672098
-0.222342
-0.303748
-0.292907
-0.408647
-0.365463
-0.360423
-0.35379
-0.344437
-0.332124
-0.316737
-0.298122
-0.276082
-0.250286
-0.220269
-0.185526
-0.145676
-0.101257
-0.0550049
-0.0124031
0.0172029
0.0125026
-0.0627219
-0.216724
-0.365125
-0.4347
-0.478384
-0.633206
-0.549288
-0.543914
-0.537366
-0.528305
-0.516354
-0.501305
-0.482936
-0.460923
-0.434795
-0.403957
-0.367753
-0.325439
-0.27689
-0.224348
-0.173604
-0.135316
-0.132691
-0.206048
-0.359947
-0.506799
-0.599268
-0.665928
-0.788217
-0.735075
-0.730733
-0.724806
-0.716497
-0.705449
-0.691464
-0.674281
-0.653518
-0.628632
-0.599003
-0.563907
-0.522387
-0.473951
-0.420281
-0.367192
-0.327302
-0.326385
-0.400833
-0.548018
-0.693501
-0.80638
-0.862378
-0.898742
-0.924301
-0.921011
-0.91597
-0.908773
-0.899157
-0.886965
-0.871968
-0.853808
-0.832
-0.806035
-0.77529
-0.738923
-0.696538
-0.649517
-0.603049
-0.570006
-0.577353
-0.657352
-0.795065
-0.925034
-1.07832
-1.1561
-1.1153
-1.11718
-1.11451
-1.11047
-1.10469
-1.09696
-1.08723
-1.07536
-1.06113
-1.04427
-1.02457
-1.0018
-0.975766
-0.946984
-0.917668
-0.89343
-0.887946
-0.929217
-1.07143
-1.14522
-1.14533
-1.46248
-1.59272
-1.4074
-1.31264
-1.31059
-1.30769
-1.30356
-1.29812
-1.2914
-1.28345
-1.27427
-1.26396
-1.25285
-1.24148
-1.23095
-1.22395
-1.22618
-1.24954
-1.32193
-1.52068
-2.09937
-3.26465
-3.34144
-2.9445
-2.83607
-2.43618
-1.50988
-1.50852
-1.50685
-1.50457
-1.50167
-1.49835
-1.49485
-1.49149
-1.48882
-1.48786
-1.49023
-1.49882
-1.51959
-1.56447
-1.65957
-1.8719
-2.41323
-4.46083
-8.48198
-6.68748
-4.8973
-4.93515
-5.03204
-1.70827
-1.70756
-1.70716
-1.7068
-1.70656
-1.7068
-1.70797
-1.7107
-1.71602
-1.72563
-1.74223
-1.77044
-1.81911
-1.90546
-2.066
-2.38917
-3.10963
-5.03232
-7.85189
-7.08213
-5.48473
-5.41817
-5.51897
-1.90712
-1.907
-1.90782
-1.90933
-1.9117
-1.91542
-1.9211
-1.92969
-1.94256
-1.96195
-1.99128
-2.03612
-2.10645
-2.21997
-2.40963
-2.73841
-3.32283
-4.35159
-5.79796
-6.11445
-5.59408
-5.5091
-5.62333
-2.10576
-2.10612
-2.10806
-2.1113
-2.11607
-2.12295
-2.13272
-2.14646
-2.1658
-2.1932
-2.23235
-2.28882
-2.37172
-2.49573
-2.68354
-2.9695
-3.3967
-3.99051
-4.65064
-5.02381
-5.05638
-5.05946
-5.06691
-2.30357
-2.30432
-2.30721
-2.31194
-2.31878
-2.32835
-2.34151
-2.35942
-2.38376
-2.41696
-2.46253
-2.52536
-2.61267
-2.73501
-2.90621
-3.14247
-3.45672
-3.84055
-4.23337
-4.51958
-4.65734
-4.71598
-4.73329
-2.49995
-2.50103
-2.50467
-2.51061
-2.51911
-2.53082
-2.54658
-2.56754
-2.59529
-2.63201
-2.68077
-2.74553
-2.83146
-2.94541
-3.09512
-3.28713
-3.5228
-3.7905
-4.05744
-4.27695
-4.42413
-4.51105
-4.55412
-2.69446
-2.69578
-2.69999
-2.70681
-2.71655
-2.7298
-2.74733
-2.77023
-2.7999
-2.83817
-2.8875
-2.95096
-3.03204
-3.13478
-3.26313
-3.41921
-3.60087
-3.79877
-3.99484
-4.16696
-4.3008
-4.39572
-4.45774
-2.88688
-2.88827
-2.89283
-2.90024
-2.91079
-2.92499
-2.94354
-2.96737
-2.99766
-3.03591
-3.08394
-3.14398
-3.21837
-3.30934
-3.4186
-3.54633
-3.68988
-3.84262
-3.99416
-4.13282
-4.25013
-4.34345
-4.41459
-3.07669
-3.07823
-3.08299
-3.09072
-3.10169
-3.11633
-3.13522
-3.15913
-3.18903
-3.22608
-3.27159
-3.32706
-3.394
-3.47362
-3.56649
-3.672
-3.78778
-3.90937
-4.0305
-4.14453
-4.24633
-4.3335
-4.4063
-3.26366
-3.26555
-3.27041
-3.27823
-3.28927
-3.3039
-3.32257
-3.3459
-3.37465
-3.40968
-3.45192
-3.50234
-3.56181
-3.63097
-3.70987
-3.7977
-3.89257
-3.99144
-4.09038
-4.1854
-4.27331
-4.35234
-4.42219
-3.44843
-3.45037
-3.45514
-3.46283
-3.47365
-3.48789
-3.5059
-3.52816
-3.55522
-3.58771
-3.62627
-3.67152
-3.72392
-3.78372
-3.85076
-3.92428
-4.00285
-4.08435
-4.16624
-4.246
-4.32159
-4.39175
-4.45605
-3.63121
-3.63278
-3.63728
-3.64466
-3.65502
-3.66857
-3.68559
-3.70642
-3.73145
-3.76111
-3.79584
-3.836
-3.88184
-3.93337
-3.99034
-4.05212
-4.1176
-4.18534
-4.25362
-4.32075
-4.38536
-4.44654
-4.50387
-3.81177
-3.81278
-3.81693
-3.82386
-3.83359
-3.84625
-3.86204
-3.8812
-3.904
-3.93071
-3.96161
-3.99691
-4.0367
-4.08092
-4.12928
-4.18125
-4.236
-4.29249
-4.34953
-4.40595
-4.46075
-4.5132
-4.56294
-3.98973
-3.99036
-3.99419
-4.00062
-4.00961
-4.02124
-4.03564
-4.05298
-4.07344
-4.09719
-4.12438
-4.15511
-4.1894
-4.22713
-4.26803
-4.31166
-4.35739
-4.40445
-4.452
-4.49918
-4.54521
-4.58949
-4.63164
-4.16488
-4.1656
-4.1692
-4.17513
-4.18333
-4.19385
-4.20678
-4.22223
-4.24032
-4.26115
-4.28479
-4.31128
-4.34057
-4.37253
-4.40692
-4.44336
-4.48139
-4.52042
-4.55982
-4.59894
-4.63719
-4.67403
-4.70904
-4.3374
-4.33865
-4.34216
-4.34761
-4.355
-4.36438
-4.37581
-4.38936
-4.40511
-4.42312
-4.4434
-4.46596
-4.49071
-4.51753
-4.54618
-4.57639
-4.60777
-4.63987
-4.67222
-4.70433
-4.73571
-4.76589
-4.79447
-4.50785
-4.50985
-4.51333
-4.51832
-4.52491
-4.53313
-4.54305
-4.55474
-4.56822
-4.58353
-4.60067
-4.61959
-4.64023
-4.66244
-4.68603
-4.71078
-4.73637
-4.76247
-4.78871
-4.8147
-4.84006
-4.8644
-4.88733
-4.67703
-4.67965
-4.68305
-4.68757
-4.69333
-4.7004
-4.70885
-4.71872
-4.73003
-4.74279
-4.75699
-4.77257
-4.78946
-4.80754
-4.82665
-4.84658
-4.86712
-4.88799
-4.90891
-4.92959
-4.94972
-4.96899
-4.98708
-4.84567
-4.84851
-4.85169
-4.85566
-4.86057
-4.86649
-4.87349
-4.88161
-4.89085
-4.90122
-4.91268
-4.9252
-4.9387
-4.95306
-4.96816
-4.98385
-4.99995
-5.01625
-5.03254
-5.04862
-5.06427
-5.07921
-5.0932
-5.01414
-5.0168
-5.01957
-5.02289
-5.0269
-5.03168
-5.03727
-5.0437
-5.05098
-5.05909
-5.06802
-5.07773
-5.08813
-5.09915
-5.11069
-5.12262
-5.1348
-5.1471
-5.15938
-5.17148
-5.18326
-5.19455
-5.20512
-5.18251
-5.1847
-5.1869
-5.18949
-5.19258
-5.19621
-5.20042
-5.20523
-5.21065
-5.21666
-5.22324
-5.23035
-5.23795
-5.24596
-5.2543
-5.26289
-5.27162
-5.2804
-5.28915
-5.29779
-5.30624
-5.31445
-5.32229
-5.35071
-5.35233
-5.35387
-5.35569
-5.35782
-5.36031
-5.36318
-5.36644
-5.37009
-5.37413
-5.37852
-5.38325
-5.38828
-5.39356
-5.39903
-5.40464
-5.41031
-5.41598
-5.42163
-5.42723
-5.43281
-5.43845
-5.44416
-5.51875
-5.51978
-5.52065
-5.52165
-5.52283
-5.52419
-5.52576
-5.52753
-5.5295
-5.53168
-5.53404
-5.53656
-5.53924
-5.54204
-5.54492
-5.54785
-5.55081
-5.55375
-5.55667
-5.55959
-5.56259
-5.56595
-5.56994
-5.68692
-5.68716
-5.68736
-5.68756
-5.68779
-5.68806
-5.68837
-5.68871
-5.68909
-5.6895
-5.68995
-5.69042
-5.69093
-5.69145
-5.69198
-5.69252
-5.69306
-5.6936
-5.69414
-5.69469
-5.69528
-5.69632
-5.69878
421.037
418.621
401.592
368.004
316.375
307.281
282.212
242.868
236.7
216.549
168.315
112.497
118.536
90.0075
58.661
42.94
1.65859
9.59047
30.7916
29.1969
1.19622
1.4676
1.28368
9.05426
0.994213
1.01147
0.812084
20.7169
0.907068
0.966248
0.849024
7.74861
0.604479
0.649476
0.701002
1.13449
0.14674
0.152798
0.167091
0.0571076
-0.247192
-0.326015
-0.397894
-0.46986
-0.602333
-0.783038
-0.986555
-1.20366
-0.847139
-1.09554
-1.41747
-1.77813
-0.939184
-1.13972
-1.48316
-1.96452
-0.852816
-0.809557
-0.778561
-0.892268
-1.04973
-0.97724
-0.929707
-0.954643
-1.40738
-1.36594
-1.4138
-1.45095
-2.33262
-2.38449
-2.68484
-2.63906
-5.13835
-5.13639
-4.86412
-4.67948
-5.67266
-5.6876
-5.57174
-5.36524
-5.64209
-5.56234
-5.39986
-5.18558
-5.03116
-4.97378
-4.88347
-4.76806
-4.71391
-4.68702
-4.64831
-4.59869
-4.55881
-4.55597
-4.54735
-4.53399
-4.4805
-4.49404
-4.50382
-4.51115
-4.44779
-4.47076
-4.49094
-4.50935
-4.44384
-4.47108
-4.49624
-4.51985
-4.46024
-4.48843
-4.51493
-4.54003
-4.49229
-4.51943
-4.54511
-4.56953
-4.53688
-4.56182
-4.58556
-4.60816
-4.5919
-4.61403
-4.63526
-4.65546
-4.65621
-4.67518
-4.6936
-4.71113
-4.72932
-4.74498
-4.76037
-4.77512
-4.81087
-4.82339
-4.83569
-4.84761
-4.90037
-4.91019
-4.91973
-4.92897
-4.99729
-5.00491
-5.0122
-5.01917
-5.10105
-5.10686
-5.11233
-5.11745
-5.21103
-5.21538
-5.21941
-5.22306
-5.32674
-5.33003
-5.33309
-5.33584
-5.4476
-5.45025
-5.45281
-5.45523
-5.57273
-5.57507
-5.57752
-5.58003
-5.70111
-5.70333
-5.70593
-5.70887
273.121
165.312
57.8121
39.7522
41.2715
42.1255
42.5624
117.321
710.661
1431.92
1206.82
622.404
214.855
211.53
210.024
211.616
213.59
214.006
269.499
143.727
40.5729
36.0281
38.3939
39.8199
41.6536
39.3861
60.8269
504.414
1225.93
976.896
346.055
208.471
209.646
210.312
211.331
212.986
213.989
234.521
29.5575
29.0875
32.7921
34.66
35.183
38.376
118.448
130.522
131.987
334.782
507.547
206.956
203.694
205.431
209.971
211.609
212.378
213.502
225.377
26.0801
24.443
12.3652
20.5513
24.2476
41.9915
120.124
122.741
127.701
198.416
260.838
200.332
202.759
203.652
208.08
212.127
211.991
211.278
226.003
21.1135
16.7238
3.64231
10.8041
14.6185
29.0811
117.246
120.283
122.886
171.164
201.19
201.521
201.924
201.573
202.432
213.517
211.945
211.313
221.271
21.5101
17.4348
12.4759
16.821
17.8275
12.3501
121.766
119.671
121.341
181.959
201.768
201.509
201.56
200.63
193.518
209.695
210.669
210.889
219.543
31.5486
21.8019
21.2069
23.0528
24.8204
30.3783
107.916
116.072
142.462
203.122
201.856
201.948
202.097
201.641
191.701
199.748
209.519
210.858
215.314
41.4798
30.6893
24.857
24.9166
25.1596
114.521
113.743
117.134
136.4
202.066
202.24
202.499
202.818
202.352
193.683
194.876
210.288
210.693
213.623
43.3636
36.2683
28.6637
28.433
51.4213
154.739
141.357
118.963
131.583
196.127
202.747
203.007
203.215
202.852
208.158
191.953
209.58
210.857
211.321
16.9818
41.2474
36.6898
36.3863
39.6597
79.6035
135.288
122.732
138.324
192.078
202.908
203.249
203.337
205.866
201.243
196.895
205.375
209.237
197.247
-0.238983
29.6703
47.6107
36.6403
14.6189
58.4976
78.3114
94.8309
137.008
193.484
199.943
200.673
186.013
168.882
154.688
166.985
193.603
217.666
214.096
-1.52185
-1.88525
13.6744
40.2706
40.7257
60.4053
8.77699
6.67346
50.0521
152.3
184.133
180.223
148.392
106.178
96.9545
113.298
143.953
201.205
212.923
-2.22993
-1.9863
9.66
62.6159
45.949
1.11997
0.787138
-0.201174
0.492498
32.0577
90.0018
89.6194
77.4384
57.8524
40.6676
38.0128
69.6784
180.728
148.082
-2.58978
-1.49547
13.2424
3.05974
0.338804
-0.503584
-1.47207
-2.14024
-1.73508
-1.02362
2.13821
-3.97702
19.2746
5.97178
4.35552
1.45658
3.56215
23.7814
21.4999
-2.76571
-7.46581
-1.8965
0.590615
0.387409
-0.874816
-3.02778
-4.1284
-2.08705
-1.26737
-1.31771
-4.69258
0.579198
-0.434418
0.786335
0.990275
1.49497
3.52618
126.524
-2.36001
-4.42586
-2.53989
-0.458328
0.178997
-0.477978
-2.2959
-3.46665
-1.77399
-1.04788
-1.50062
-2.52618
-2.48112
-1.0191
0.183736
0.721612
1.30631
-0.663075
84.676
-1.98631
-2.9749
-2.40755
-1.29935
-0.497984
-1.04616
-2.2433
-2.51345
-2.00026
-1.45609
-1.88027
-2.57672
-2.78338
-2.25829
-1.25702
-0.501824
-0.28075
2.39661
34.5664
-2.86514
-2.84354
-2.48018
-2.0307
-1.72271
-2.06194
-2.35265
-2.3826
-2.33147
-2.04368
-2.44271
-2.90246
-3.13816
-2.84543
-2.39387
-2.39481
-2.50405
-2.48219
13.4122
-4.17301
-3.52699
-3.03985
-2.63438
-2.41829
-2.35706
-2.06145
-2.24782
-2.25637
-2.2261
-2.73606
-3.09835
-3.32088
-3.32876
-3.24468
-3.52078
-4.04588
-3.78753
-3.30674
-4.68989
-3.88722
-3.37467
-2.99744
-2.64601
-2.34484
-1.87524
-2.10282
-2.00407
-2.14907
-2.83652
-3.21559
-3.47115
-3.65995
-3.58597
-3.72809
-3.96573
-4.02973
-3.71419
-4.65005
-4.06696
-3.7046
-3.45156
-3.3701
-3.51192
-2.38046
-1.93924
-1.69535
-1.98125
-2.89747
-3.32462
-3.8856
-4.08169
-3.8162
-3.72078
-3.75467
-3.67569
-3.14298
-4.50368
-4.22108
-4.06979
-4.11218
-4.78277
-8.20894
-4.605
-1.95242
-1.26544
-2.06474
-2.88921
-3.56084
-4.3114
-4.3969
-3.96005
-3.68204
-3.50319
-3.24299
-2.85244
-4.4852
-4.37402
-4.36675
-4.5652
-5.18487
-6.19487
-5.36957
-4.01615
-2.79337
-2.97179
-3.23029
-3.80018
-4.49446
-4.56184
-3.97728
-3.57268
-3.31439
-3.03368
-2.6814
-4.503
-4.48585
-4.53987
-4.70974
-5.01847
-5.32919
-5.21939
-5.08044
-4.41729
-3.30848
-3.71006
-4.10483
-4.80154
-4.65257
-3.8241
-3.35995
-3.1291
-2.91775
-2.57943
-4.52541
-4.55488
-4.62445
-4.74947
-4.91789
-5.14171
-5.29354
-5.1703
-4.92602
-4.08822
-4.35924
-4.35929
-4.81031
-4.50535
-3.37155
-2.97027
-2.90968
-2.83157
-2.49022
-4.54613
-4.59551
-4.66478
-4.76018
-4.88314
-5.1119
-5.40602
-5.16421
-4.98142
-4.73655
-4.32238
-4.56818
-4.56745
-3.51109
-2.45691
-2.40451
-2.75586
-2.92786
-2.52338
-4.56625
-4.62188
-4.68486
-4.75681
-4.83515
-4.94014
-4.99492
-4.94337
-4.89769
-4.80731
-5.01696
-4.98597
-3.9192
-2.52099
-2.09959
-2.01368
-3.07748
-3.51543
-3.08123
-4.58881
-4.64417
-4.70003
-4.75551
-4.80354
-4.83827
-4.8446
-4.87682
-4.89546
-4.85538
-4.85267
-4.81463
-4.08318
-3.15554
-2.71412
-3.00337
-3.77291
-3.99322
-3.74858
-4.61669
-4.66891
-4.71905
-4.76703
-4.8099
-4.84558
-4.86169
-4.93961
-4.93998
-4.89975
-4.7933
-4.5884
-4.07396
-3.70036
-3.50436
-4.07056
-4.18256
-4.29345
-3.87881
-4.65153
-4.69914
-4.74431
-4.78817
-4.83218
-4.88062
-4.95634
-5.00656
-5.02113
-5.0555
-5.14293
-5.02474
-4.53596
-4.16516
-3.82785
-4.03504
-4.28945
-4.43349
-4.48763
-4.6938
-4.73558
-4.77511
-4.81371
-4.85519
-4.90729
-5.00085
-5.02998
-5.07888
-5.19857
-5.41858
-5.52263
-5.28477
-4.73594
-4.72121
-4.43188
-4.36882
-4.41218
-4.33713
-4.74384
-4.7788
-4.81114
-4.84146
-4.87097
-4.89858
-4.95277
-5.01227
-5.11878
-5.30738
-5.66234
-5.988
-5.63112
-5.0092
-4.70593
-4.65244
-4.4973
-4.48693
-4.2874
-4.80215
-4.83001
-4.85437
-4.87543
-4.89008
-4.89509
-4.92829
-5.00174
-5.12197
-5.32934
-5.64848
-5.87824
-5.4684
-4.93921
-4.41817
-4.68032
-4.59222
-4.56596
-4.43148
-4.86926
-4.89056
-4.90794
-4.92255
-4.92827
-4.92913
-4.96
-5.00833
-5.06481
-5.15568
-5.31928
-5.3868
-5.13294
-4.94496
-4.79556
-4.84999
-4.76208
-4.72617
-4.7257
-4.94571
-4.96137
-4.97315
-4.98451
-4.98758
-4.99816
-5.02527
-5.04715
-5.03656
-5.03443
-5.09212
-5.07613
-4.90439
-4.82304
-5.18276
-4.98373
-4.89218
-4.82422
-4.09571
-5.0318
-5.04358
-5.05207
-5.06192
-5.06623
-5.08315
-5.11779
-5.13509
-5.08487
-5.0438
-5.03589
-4.97373
-4.77502
-4.59063
-5.13026
-5.04549
-5.0246
-4.95253
-4.2296
-5.12656
-5.13537
-5.14043
-5.14132
-5.14386
-5.17332
-5.24355
-5.28144
-5.18615
-5.09936
-5.04315
-4.97587
-4.83262
-4.68684
-5.10696
-5.14859
-5.18721
-5.18035
-4.50167
-5.22909
-5.23358
-5.23181
-5.22497
-5.22742
-5.26151
-5.38597
-5.40198
-5.27667
-5.14301
-5.0706
-5.04585
-5.09674
-5.2077
-5.29433
-5.29296
-5.33194
-5.35881
-5.38525
-5.34022
-5.34238
-5.33817
-5.32832
-5.32019
-5.33345
-5.45358
-5.42701
-5.31835
-5.16306
-5.07728
-5.14376
-5.39783
-5.48142
-5.44613
-5.4371
-5.44944
-5.42796
-5.01767
-5.45934
-5.46154
-5.45824
-5.44715
-5.42692
-5.40327
-5.42334
-5.37126
-5.41129
-5.22256
-5.111
-5.4601
-5.56691
-5.58594
-5.58223
-5.58143
-5.58601
-5.59938
-4.45535
-5.58501
-5.58958
-5.59032
-5.58292
-5.55849
-5.50346
-5.45258
-5.4284
-5.817
-5.49898
-5.50644
-5.64604
-5.69208
-5.71053
-5.71552
-5.72042
-5.72993
-5.75283
-5.79363
-5.71566
-5.72461
-5.73304
-5.73712
-5.72854
-5.69506
-5.67802
-6.26223
-6.80822
-6.75304
-5.98965
-5.86121
-5.8447
-5.84428
-5.84796
-5.85375
-5.86085
-5.87142
-5.87486
)
;

boundaryField
{
    leftWall
    {
        type            calculated;
        value           nonuniform List<scalar> 
100
(
488.959
429.789
369.299
308.667
248.844
190.705
133.854
76.5153
15.2025
1.74293
1.4297
1.22578
1.05594
0.897199
0.739019
0.579509
0.417527
0.251954
0.0816919
-0.0938459
-0.274097
-0.457425
-0.642531
-0.830048
-1.02103
-1.2151
-1.41136
-1.60909
-1.80764
-2.00632
-2.20454
-2.40166
-2.59709
-2.79026
-2.98091
-3.16921
-3.35511
-3.53868
-3.71995
-3.89888
-4.07538
-4.24947
-4.42144
-4.59178
-4.76118
-4.93008
-5.09871
-5.26712
-5.43531
-5.60325
459.628
399.62
338.945
278.587
219.551
162.204
105.299
45.1616
2.18251
1.53014
1.32778
1.13641
0.97686
0.817754
0.659554
0.498886
0.335267
0.167466
-0.00541969
-0.183469
-0.365492
-0.549764
-0.735891
-0.9251
-1.11774
-1.313
-1.51008
-1.70831
-1.90701
-2.10553
-2.30327
-2.49962
-2.694
-2.88588
-3.07536
-3.26246
-3.44718
-3.6296
-3.80971
-3.98744
-4.16271
-4.33569
-4.50677
-4.67656
-4.84567
-5.01442
-5.18294
-5.35124
-5.51934
-5.68746
)
;
    }
    rightWall
    {
        type            calculated;
        value           nonuniform List<scalar> 
100
(
1338.74
1300.1
1268.5
1139.51
922.078
687.142
507.109
381.017
269.499
234.521
225.377
226.003
221.271
219.543
215.314
213.623
211.321
197.247
214.096
212.923
148.082
21.4999
126.524
84.676
34.5664
13.4122
-3.30674
-3.71419
-3.14298
-2.85244
-2.6814
-2.57943
-2.49022
-2.52338
-3.08123
-3.74858
-3.87881
-4.48763
-4.33713
-4.2874
-4.43148
-4.7257
-4.09571
-4.2296
-4.50167
-5.38525
-5.01767
-4.45535
-5.79363
-5.87486
1364.87
1316.41
1294.53
1217.5
1038.5
801.032
588.925
438.172
315.372
245.292
229.254
225.947
223.52
220.582
218.219
214.916
212.137
209.608
199.38
217.989
195.803
65.8942
54.4568
129.23
48.5518
25.414
3.6452
-3.68797
-3.6241
-2.94334
-2.76224
-2.62994
-2.53001
-2.47928
-2.7022
-3.55549
-3.69354
-4.35726
-4.36214
-4.3323
-4.26298
-4.40337
-4.23214
-3.94296
-4.53579
-4.58505
-5.37225
-5.08677
-5.73807
-5.83898
)
;
    }
    lowerWall
    {
        type            calculated;
        value           nonuniform List<scalar> 
124
(
502.372
501.206
504.77
516.942
535.56
552.534
570.246
590.842
613.768
638.231
663.611
689.43
715.377
741.259
766.771
790.177
804.625
816.178
842.17
838.693
843.317
886.928
932.934
886.372
814.941
744.388
684.932
632.781
582.73
535.828
494.866
507.695
504.502
484.9
441.119
566.53
503.942
408.491
404.678
388.902
377.567
369.287
369.196
507.298
428.151
399.658
401.457
423.077
808.892
1046.65
1132.66
1079.34
731.08
749.98
768.18
425.167
325.964
348.603
422.121
922.094
1540.12
1375.37
503.674
501.387
502.19
509.609
526.106
544.268
561.051
580.202
602.065
625.851
650.842
676.488
702.402
728.337
754.11
778.884
799.209
808.415
830.438
841.053
844.459
851.263
927.748
505.244
507.481
497.234
466.734
580.276
459.097
408.694
398.303
410.801
532.238
994.243
1083.68
1125.8
966.714
616.63
863.082
574.485
348.725
327.631
373.98
574.513
1355.56
1385.4
918.22
851.614
778.604
713.187
658.477
607.393
559.127
513.742
544.549
447.743
408.116
393.805
382.755
373.36
369.883
353.967
)
;
    }
    atmosphere
    {
        type            calculated;
        value           nonuniform List<scalar> 
92
(
-5.72904
-5.72904
-5.72904
-5.72904
-5.72904
-5.72904
-5.72904
-5.72904
-5.72904
-5.72904
-5.72904
-5.72904
-5.72904
-5.72904
-5.72904
-5.72904
-5.72904
-5.72904
-5.72904
-5.72904
-5.72904
-5.7294
-5.7315
-5.73373
-5.73596
-5.73864
-5.74175
-5.74918
-5.75966
-5.77097
-5.78
-5.77965
-5.75904
-5.72955
-7.788
-7.01224
-6.27453
-6.12548
-5.91274
-5.88209
-5.87836
-5.88153
-5.88713
-5.89151
-5.89947
-5.88692
-5.72904
-5.72904
-5.72904
-5.72904
-5.72904
-5.72904
-5.72904
-5.72904
-5.72904
-5.72904
-5.72904
-5.72904
-5.72904
-5.72904
-5.72904
-5.72904
-5.72904
-5.72904
-5.72904
-5.72904
-5.72904
-5.72906
-5.73021
-5.73278
-5.73479
-5.73724
-5.74014
-5.74462
-5.75423
-5.76533
-5.7761
-5.7816
-5.77242
-5.74215
-5.7918
-6.03158
-8.28562
-6.49017
-5.95979
-5.89304
-5.87833
-5.87889
-5.88438
-5.89115
-5.90391
-5.93528
)
;
    }
    defaultFaces
    {
        type            empty;
    }
}


// ************************************************************************* //
