/*--------------------------------*- C++ -*----------------------------------*\
| =========                 |                                                 |
| \\      /  F ield         | OpenFOAM: The Open Source CFD Toolbox           |
|  \\    /   O peration     | Version:  v1912                                 |
|   \\  /    A nd           | Website:  www.openfoam.com                      |
|    \\/     M anipulation  |                                                 |
\*---------------------------------------------------------------------------*/
FoamFile
{
    version     2.0;
    format      ascii;
    class       volScalarField;
    location    "0.65";
    object      p_rgh;
}
// * * * * * * * * * * * * * * * * * * * * * * * * * * * * * * * * * * * * * //

dimensions      [1 -1 -2 0 0 0 0];


internalField   nonuniform List<scalar> 
9072
(
503.772
501.387
502.19
509.609
526.106
544.268
561.051
580.202
602.065
625.851
650.842
676.488
702.402
728.337
754.11
778.884
799.209
808.415
830.438
841.053
844.459
851.263
927.748
502.623
500.44
501.106
507.754
524.886
543.784
560.513
579.6
601.549
625.475
650.592
676.346
702.312
728.234
753.884
778.681
800.972
806.537
824.766
845.718
837.952
816.789
906.452
500.806
498.937
498.848
502.937
521.354
542.992
559.525
578.528
600.517
624.593
649.927
675.954
702.101
728.076
753.522
777.778
799.417
812.446
826.847
862.017
833.63
793.138
882.687
499.308
497.112
495.529
492.07
512.113
542.202
558.45
577.113
599.049
623.29
648.899
675.372
701.841
727.987
753.391
777.46
799.076
816.162
833.463
862.354
834.74
802.665
883.792
499.131
494.973
491.319
478.721
500.83
541.68
557.354
575.36
597.189
621.608
647.73
674.643
701.592
728.032
753.531
777.61
799.554
818.723
837.609
860.162
863.362
860.924
895.126
500.642
493.398
488.015
473.292
497.838
541.079
555.486
573.023
594.866
619.543
646.245
673.836
701.414
728.267
753.98
778.209
800.567
820.966
840.859
861.667
874.619
883.881
906.737
502.596
494.568
485.928
475.653
496.805
534.062
551.402
569.86
591.947
617.028
644.51
672.989
701.365
728.74
754.757
779.212
801.955
823.179
843.815
864.553
882.114
897.776
917.566
496.693
499.318
481.515
370.531
430.135
524.079
545.379
565.81
588.317
613.964
642.506
672.134
701.514
729.499
755.879
780.581
803.62
825.371
846.602
867.929
888.326
908.234
929.567
585.789
459.097
408.694
398.303
410.801
532.238
994.243
1083.68
1125.8
966.714
616.63
863.082
574.485
348.725
327.631
373.98
574.513
1355.56
1385.4
538.034
390.287
365.349
362.316
365.165
437.687
939.11
1052.97
1158.32
924.641
515.24
496.229
288.148
311.17
318.741
345.03
460.281
1126.08
1331.16
549.841
362.715
362.399
362.198
374.085
522.632
816.606
982.574
1253.87
1116.32
356.875
231.907
226.143
224.073
222.944
220.645
221.207
532.809
1329.5
406.384
362.643
362.333
362.474
516.306
519.782
665.414
833.501
1275.61
1059.72
239.53
229.478
226.721
224.422
223.051
220.32
216.962
244.372
1242.07
427.357
362.94
362.38
559.133
512.719
478.129
467.683
547.816
1118.14
598.819
232.85
228.931
225.833
222.906
224.475
220.129
216.043
219.125
962.52
427.361
363.622
519.991
584.645
502.27
429.758
104.098
59.486
793.389
487.791
231.176
228.067
226.407
221.244
224.619
220.467
216.705
217.008
611.526
373.507
401.99
675.629
578.945
489.06
139.636
47.076
42.1194
505.352
585.795
231.542
227.407
227.191
221.272
231.964
218.352
216.472
217.482
494.532
788.59
757.374
677.107
570.272
272.223
43.0447
45.8341
40.1173
504.454
930.052
242.675
228.651
249.825
326.182
238.004
212.936
214.554
216.988
538.534
2.75529
219.478
83.7504
200.484
207.707
383.504
473.253
546.416
581.754
609.131
639.717
671.119
702.047
730.862
757.799
782.822
806.063
828.153
849.924
872.133
895.42
920.029
946.929
2.22111
2.36413
2.08241
1.91352
2.00388
2.06076
2.09741
2.12645
18.758
130.827
362.326
601.582
704.461
734.801
762.41
787.473
810.698
832.542
854.291
877.47
904.506
936.532
970.291
2.14389
2.28015
2.01031
1.78232
1.94045
2.05392
2.0928
2.12953
2.12867
2.14928
2.16984
2.1648
62.9301
268.991
531.972
718.195
816.788
835.224
855.614
877.162
906.659
948.265
996.18
2.07677
2.06671
2.02269
1.93944
2.00209
2.0576
2.07808
2.09312
2.12589
2.12511
2.12501
2.13032
2.14144
2.13522
2.10813
2.19424
5.34425
80.7586
221.8
348.988
624.673
867.76
1024.8
2.04241
2.04738
2.03027
2.01631
2.03408
2.05303
2.06513
2.07547
2.08539
2.09678
2.10244
2.10952
2.1079
2.10991
2.09931
2.07681
2.03326
2.05343
2.11151
2.20998
2.24001
73.6385
425.791
2.0085
2.02314
2.0188
2.01865
2.02649
2.03689
2.0464
2.05564
2.06442
2.07393
2.08238
2.08959
2.09216
2.08998
2.08578
2.08068
2.07458
2.08749
2.12516
2.17707
2.23831
2.30358
2.41247
1.97549
1.99072
1.99183
1.9964
2.0038
2.01279
2.0222
2.03187
2.0416
2.05168
2.06164
2.07031
2.07658
2.08035
2.08161
2.081
2.08062
2.08595
2.10236
2.13126
2.2085
2.39821
2.31589
1.94001
1.95701
1.95947
1.96542
1.97349
1.98306
1.99356
2.0047
2.01634
2.02852
2.04097
2.05286
2.06319
2.07123
2.07647
2.07826
2.0761
2.07111
2.06569
2.05651
2.74732
2.8147
2.47105
1.90159
1.92032
1.92312
1.92955
1.93832
1.9489
1.96088
1.97398
1.98808
2.00312
2.01892
2.03486
2.04985
2.06263
2.07189
2.07557
2.07082
2.05508
2.02914
1.98647
1.93465
2.58605
2.72892
1.85898
1.87998
1.88289
1.88961
1.89903
1.91068
1.92422
1.93943
1.95622
1.97451
1.99419
2.01485
2.03536
2.05398
2.06852
2.07568
2.06993
2.04524
1.99984
1.92606
1.84228
2.06837
1.83802
1.81129
1.8353
1.83858
1.84565
1.85568
1.86831
1.8833
1.90053
1.91995
1.94155
1.96535
1.99118
2.01802
2.04377
2.06543
2.07845
2.07441
2.04168
1.96876
1.85
1.94269
1.6856
1.71426
1.75844
1.78599
1.79006
1.79758
1.80811
1.82149
1.83765
1.85657
1.87829
1.90293
1.93072
1.96173
1.99527
2.02916
2.05974
2.08134
2.08297
2.04543
1.95082
2.17531
1.65702
1.63479
1.68031
1.70161
1.73235
1.73744
1.74532
1.75613
1.76993
1.78679
1.80681
1.83019
1.85722
1.88832
1.92386
1.96361
2.00577
2.04629
2.07857
2.08967
2.05258
2.18033
2.28101
1.8445
1.63464
1.59404
1.64253
1.67525
1.68097
1.68887
1.6996
1.71333
1.73025
1.75059
1.77468
1.803
1.83613
1.87465
1.91895
1.96785
2.0173
2.05997
2.08175
2.04939
1.98605
1.91973
1.65056
1.58952
1.50149
1.5816
1.61531
1.62084
1.6283
1.63844
1.6515
1.66772
1.68739
1.71095
1.73899
1.77216
1.81126
1.85708
1.90905
1.96343
2.01182
2.03744
2.00663
1.8897
1.73078
1.60547
1.52394
1.46777
1.51759
1.55238
1.55711
1.56372
1.5728
1.58456
1.59922
1.61708
1.63862
1.6644
1.69503
1.73137
1.77429
1.82355
1.87596
1.92277
1.94513
1.90804
1.79109
1.64058
1.5083
1.40231
1.3863
1.45014
1.48609
1.48992
1.49543
1.50305
1.51291
1.52518
1.54008
1.55798
1.57929
1.6044
1.63388
1.66819
1.70673
1.74655
1.77941
1.78697
1.72977
1.60065
1.48609
1.38492
1.15601
1.18601
1.38007
1.41682
1.41978
1.42397
1.42978
1.43723
1.44636
1.45726
1.47004
1.48477
1.50134
1.51959
1.53875
1.55646
1.56752
1.56023
1.51188
1.31597
1.08567
23.7411
16.0603
0.667078
8.17947
1.30819
1.34535
1.34737
1.35008
1.3538
1.35844
1.36387
1.36996
1.37647
1.38295
1.38855
1.39187
1.39002
1.37693
1.34016
1.25146
1.03927
0.384497
15.2289
23.5158
12.263
3.17794
19.8163
1.23516
1.27241
1.27344
1.27457
1.27605
1.27765
1.27906
1.27987
1.27949
1.27687
1.27026
1.25684
1.23128
1.18293
1.08996
0.900957
0.474283
-0.6727
4.65607
20.1191
11.6694
-2.08608
-2.32665
1.16165
1.19867
1.19876
1.19832
1.19752
1.19604
1.19338
1.18891
1.18165
1.17002
1.15154
1.12223
1.07503
0.996714
0.861878
0.618147
0.146186
-0.826921
-2.76182
-4.0351
-3.00343
-2.43438
-2.25409
1.08832
1.12486
1.12408
1.12215
1.1192
1.11479
1.10833
1.09894
1.0854
1.0658
1.0372
0.99508
0.932158
0.835594
0.683973
0.440838
0.0464594
-0.580065
-1.47654
-2.25395
-2.29514
-2.16242
-2.20097
1.01577
1.05161
1.05008
1.04683
1.04195
1.03497
1.02516
1.01157
0.992823
0.966891
0.930736
0.880007
0.808151
0.70489
0.555042
0.337655
0.0267523
-0.395868
-0.899529
-1.33654
-1.53931
-1.59298
-1.61619
0.944619
0.979515
0.977389
0.973035
0.966557
0.957427
0.944911
0.928009
0.905339
0.874954
0.834051
0.778787
0.703973
0.602258
0.463933
0.278219
0.0360995
-0.261614
-0.588498
-0.882205
-1.08033
-1.18729
-1.2394
0.875436
0.909108
0.906522
0.901317
0.893587
0.882809
0.86828
0.849033
0.823774
0.79077
0.747642
0.691242
0.617704
0.522255
0.399234
0.243575
0.0533703
-0.166282
-0.397993
-0.612033
-0.780452
-0.896192
-0.968325
0.808748
0.840803
0.837868
0.832075
0.823459
0.811541
0.795687
0.775026
0.748403
0.714359
0.671013
0.615956
0.546401
0.459412
0.352027
0.222209
0.0705616
-0.0978521
-0.272127
-0.436723
-0.57734
-0.687361
-0.76807
0.744459
0.774961
0.771713
0.765559
0.756397
0.743819
0.727273
0.706019
0.679081
0.645265
0.603152
0.551025
0.48697
0.409194
0.31629
0.207782
0.0849962
-0.0481062
-0.184656
-0.315929
-0.433939
-0.534006
-0.61539
0.682562
0.711719
0.708228
0.701881
0.692481
0.679671
0.662982
0.641813
0.615385
0.582751
0.54286
0.494553
0.436614
0.367978
0.288025
0.19696
0.0961848
-0.0113969
-0.121379
-0.22858
-0.328281
-0.41736
-0.494755
0.623032
0.650964
0.647386
0.641029
0.631664
0.618991
0.602616
0.58207
0.556758
0.525973
0.488945
0.4449
0.393117
0.333041
0.26446
0.187788
0.104251
0.01594
-0.0742439
-0.16306
-0.247607
-0.325825
-0.396783
0.565808
0.592577
0.5891
0.582912
0.573818
0.561579
0.545885
0.526371
0.502605
0.474085
0.440276
0.400659
0.35482
0.302526
0.243798
0.179088
0.109375
0.0361596
-0.038599
-0.112783
-0.184517
-0.252413
-0.31573
0.510889
0.536463
0.533279
0.527403
0.51877
0.507195
0.492452
0.474269
0.452335
0.426315
0.395859
0.360637
0.320424
0.275153
0.224961
0.17028
0.11188
0.0508507
-0.0114635
-0.0736156
-0.134309
-0.19255
-0.247747
0.45836
0.482579
0.479831
0.474366
0.46632
0.455573
0.441968
0.425308
0.405386
0.38198
0.354875
0.323888
0.288907
0.249959
0.207222
0.161078
0.112133
0.0611936
0.00921937
-0.0427694
-0.0938292
-0.143182
-0.19031
0.408279
0.431019
0.428684
0.423657
0.416257
0.40643
0.394074
0.379053
0.361234
0.340474
0.316646
0.289667
0.259507
0.226237
0.190049
0.151267
0.110372
0.0679701
0.0247689
-0.0184893
-0.0610851
-0.10239
-0.14191
0.360495
0.38191
0.37975
0.375095
0.36835
0.359486
0.348433
0.335103
0.319407
0.301257
0.280589
0.257375
0.231636
0.203472
0.173065
0.14069
0.10673
0.0716532
0.0359875
0.000295885
-0.0348693
-0.0689833
-0.101585
0.314608
0.335133
0.332811
0.328446
0.322341
0.314456
0.304728
0.29309
0.279486
0.263868
0.246205
0.226505
0.204817
0.181251
0.155971
0.129215
0.101283
0.0725379
0.0433922
0.0142737
-0.0143866
-0.0421524
-0.0686064
0.270009
0.290185
0.28752
0.283422
0.277959
0.271056
0.262648
0.252677
0.241104
0.227904
0.213074
0.196634
0.178652
0.159231
0.138519
0.116715
0.0940563
0.0708253
0.0473423
0.0239361
0.00094479
-0.0212777
-0.0423736
0.22609
0.246321
0.243455
0.239688
0.234899
0.228989
0.221887
0.213537
0.203914
0.193011
0.180832
0.167412
0.152813
0.137134
0.120504
0.103084
0.0850614
0.0666552
0.0481057
0.0296628
0.0115797
-0.00586782
-0.0223878
0.182535
0.202979
0.200235
0.196922
0.19287
0.18797
0.182155
0.17538
0.167623
0.158889
0.149186
0.138551
0.127042
0.114746
0.10177
0.0882413
0.0743089
0.0601321
0.0458824
0.0317422
0.0178882
0.00451845
-0.00813261
0.139213
0.159902
0.157585
0.154858
0.151603
0.147732
0.143187
0.137936
0.131962
0.125271
0.117878
0.109812
0.101127
0.0918936
0.0821945
0.072128
0.0618077
0.0513464
0.0408596
0.0304654
0.0202685
0.0103856
0.000955715
0.0961064
0.117047
0.115326
0.11328
0.11087
0.10804
0.104748
0.100968
0.096691
0.0919248
0.0866853
0.080997
0.0748972
0.0684395
0.0616886
0.0547169
0.047603
0.040427
0.0332571
0.0261453
0.0191228
0.0121974
0.00540411
0.0532072
0.0743998
0.0733206
0.0720029
0.070466
0.0686792
0.0666134
0.0642563
0.0615992
0.0586489
0.0554216
0.0519365
0.0482137
0.0442874
0.0402045
0.0360112
0.0317552
0.0274836
0.0232289
0.0190023
0.0147712
0.0104178
0.00578241
0.010284
0.0318623
0.0314311
0.0308642
0.0302076
0.0294535
0.028587
0.0276007
0.0264915
0.0252642
0.0239267
0.0224892
0.0209587
0.0193523
0.0176932
0.015997
0.0142853
0.0125764
0.0108835
0.00919968
0.007483
0.00555626
0.00287432
976.115
978.351
968.104
937.605
991.906
992.192
979.543
952.166
1023.39
1020.19
996.947
954.493
1076.63
1065.12
968.536
350.948
180.53
837.59
187.82
50.6947
2.47741
4.03814
371.141
371.512
2.32272
2.58648
217.943
413.238
2.32644
2.38756
3.12609
364.517
2.24448
2.33176
2.5953
22.9841
1.99622
2.03877
2.18055
4.57448
1.71706
1.70097
1.6984
1.96998
1.64177
1.51006
1.24277
1.11643
1.35875
1.16498
0.915393
0.636659
1.30409
1.10898
0.913747
0.44701
1.37636
1.34186
1.3967
1.50504
1.44228
1.57571
1.87497
2.68582
1.27264
1.32059
1.36366
1.34453
1.01262
4.77033
1.99301
3.45454
8.97853
18.8389
13.2171
0.459885
-2.50176
-2.58335
-2.52471
-2.36182
-2.36922
-2.73398
-2.67327
-2.49038
-2.1986
-2.14815
-2.04618
-1.90113
-1.59998
-1.56583
-1.51468
-1.44511
-1.24684
-1.23599
-1.21843
-1.1925
-1.00102
-1.00923
-1.01338
-1.01319
-0.817194
-0.837602
-0.855017
-0.869569
-0.67208
-0.69873
-0.723172
-0.745426
-0.552824
-0.581652
-0.608772
-0.634144
-0.452505
-0.481022
-0.508101
-0.533672
-0.366897
-0.393587
-0.419073
-0.44325
-0.293101
-0.31708
-0.340169
-0.36215
-0.2293
-0.250087
-0.270348
-0.28974
-0.17457
-0.191977
-0.209138
-0.225724
-0.128381
-0.142521
-0.156479
-0.1701
-0.0902081
-0.101453
-0.11244
-0.123159
-0.059502
-0.0683274
-0.0768409
-0.0850403
-0.0357316
-0.0425624
-0.0490749
-0.0552401
-0.0183096
-0.0234831
-0.0283553
-0.0328684
-0.00667703
-0.0105602
-0.0141919
-0.0175014
-0.000307599
-0.00329404
-0.00614132
-0.00878885
0.00146229
-0.000977516
-0.00345084
-0.00590386
-0.000379229
-0.00251281
-0.00489305
-0.00749114
856.979
780.466
680.538
427.265
42.0817
42.2651
43.6757
84.2153
462.269
1357.32
1093.44
854.691
796.967
261.166
210.414
211.384
213.874
216.43
555.841
896.661
780.34
285.051
38.9479
40.7924
42.0512
43.5495
354.271
786.121
1742.93
2096.32
1491.73
349.839
213.18
212.26
211.197
214.772
214.498
587.654
880.229
135.295
34.669
37.251
38.7338
40.121
275.767
313.143
653.516
1002.16
1604.97
1293.39
219.602
208.316
212.062
211.753
213.082
213.856
679.565
35.8824
28.9112
33.1884
30.8404
32.0018
39.9686
365.647
124.593
133.981
236.875
1252.05
1138.31
202.763
204.461
209.369
213.722
212.911
212.93
1002.67
31.1985
25.2086
23.6754
11.5614
19.9346
123.557
375.381
121.211
127.686
256.034
1151.52
365.939
202.89
203.765
204.776
212.44
213.418
212.686
1196.1
23.6453
22.4018
13.312
9.17577
16.164
161.285
412.887
123.444
125.947
475.019
1128.32
202.307
202.705
202.547
204.128
407.493
213.605
212.365
988.687
378.894
24.2439
19.6586
19.8709
23.3998
58.6838
314.593
123.88
205.581
806.469
267.794
202.939
203.044
202.835
214.636
1093.04
278.527
215.12
224.802
480.296
34.1315
38.8134
25.4707
26.6441
72.3948
331.273
135.283
684.326
896.4
203.553
203.481
203.763
203.817
775.059
1176.8
786.024
212.444
213.318
405.649
56.2013
110.226
47.4013
154.681
345.142
223.701
518.571
301.426
473.203
203.796
204.148
204.473
204.6
629.902
1140.64
865.512
212.732
213.461
224.293
111.721
62.0633
236.179
204.033
150.789
289.131
309.082
276.269
608.025
439.232
204.639
204.93
205.361
265.457
954.769
462.846
241.494
214.064
31.5633
261.606
67.667
61.04
56.8163
70.4173
640.783
1367.76
1017.95
467.657
207.541
204.828
206.898
966.974
1798.8
1172.4
1608.23
1139.76
1836.88
1.09454
69.2626
267.886
145.7
73.3706
221.881
849.47
1290.77
1790.79
1969
1313.57
1286.17
1927.58
1998.72
1953.78
1798.77
2023.71
2066.49
2097.79
0.254889
0.299182
18.7729
86.319
369.4
471.224
78.3778
4.6475
10.4631
1606.79
2099.82
2112.18
2079.05
1834.15
1982.46
2065.25
2085.02
2145.93
2195.43
-0.0813097
0.012888
8.56508
268.361
430.656
24.7455
1.95062
1.45696
1.00093
3.85644
1186.22
2143.51
2056.93
1886.59
1939.81
1087.34
200.821
41.4374
1902.75
1.56071
109.067
160.593
8.2926
4.19731
2.25098
0.690882
-0.687928
-0.265458
0.783982
1.33667
103.467
1802.4
1081.16
3.56939
3.92772
4.25854
6.4713
865.7
7.33943
56.3508
-0.725551
1.34073
2.81927
3.63466
3.58791
0.682908
2.56539
1.12458
1.17039
0.537492
-0.838331
0.633292
3.53126
3.80592
4.19378
5.94298
940.703
1.20482
-0.551996
-0.723517
1.00266
2.66225
7.98896
5.71333
1.02541
0.620518
1.26995
5.41254
0.506927
0.383012
3.66044
4.93419
3.22619
4.89347
83.0481
168.401
8.23764
6.16016
2.33423
3.04451
4.62583
10.1321
13.199
12.8424
1.09178
0.713705
5.84112
0.174511
-0.324558
-0.221793
0.497771
6.14584
106.767
113.755
56.0635
4.02574
0.908143
0.987767
0.515149
0.521673
2.8091
4.88347
13.7169
1.56939
0.521136
5.67546
-0.039909
-0.443961
0.454344
3.4642
2.53597
124.128
-0.533021
8.79682
-2.01706
-1.19705
-0.553208
-0.10256
0.218716
3.70775
1.22789
14.0205
1.38376
0.775809
6.31863
0.202843
-0.414516
0.299603
-0.586531
-0.588577
79.5326
-0.814498
-0.827206
-2.1247
-1.31585
-0.727758
-0.341298
-0.00032605
0.244379
4.56274
3.25133
5.81706
1.15029
6.73648
-0.0468924
-0.128907
-0.782603
-0.786132
-0.667955
-0.754575
0.897274
-0.611339
-1.66085
-1.1986
-0.86505
-0.680034
-0.655649
3.65647
49.0289
39.7874
10.5233
2.02732
7.21725
0.301183
1.44813
-1.15122
-0.957493
-0.647925
-0.537344
1.5564
-0.0221325
-1.33444
-1.12765
-0.991654
-1.01136
-1.38598
-2.65043
49.9816
52.3149
54.7732
3.1193
1.73776
0.545529
0.444399
-1.17546
-0.986439
-0.529044
-0.267924
1.10012
0.0934344
-1.15024
-1.07598
-1.05467
-1.15677
-1.45192
-2.02826
-2.15057
-1.71629
54.7488
55.2566
1.10507
0.331325
1.6147
0.00872641
-0.902324
-0.287287
0.0334386
0.246255
0.391281
-1.01011
-1.00847
-1.04157
-1.14601
-1.32659
0.353868
-1.68573
-1.58895
-1.40044
55.1955
24.1796
0.460266
0.547215
-1.13429
-0.43815
0.146254
0.41236
0.538388
0.617969
-0.887608
-0.92249
-0.976433
-1.06608
-1.19139
0.557041
2.44137
-1.48261
-1.29218
-1.06693
37.6956
0.95345
0.622726
4.11287
0.302694
0.887144
0.923996
1.15926
0.772844
-0.773834
-0.824674
-0.883726
-0.958682
-1.05017
-1.17768
1.37392
-1.24619
-0.94603
7.88027
10.7151
0.934652
4.43255
5.71512
1.51349
1.62938
29.6167
62.8851
0.78655
-0.666569
-0.722454
-0.779703
-0.841029
-0.902066
-0.95485
-1.00208
0.248329
0.931521
-0.985677
11.7134
0.420555
-0.706542
0.554764
1.40544
1.68791
68.5151
65.3864
0.867619
-0.566378
-0.621605
-0.674844
-0.727116
-0.775429
-0.813917
-0.836317
1.15581
-0.345047
-0.88264
-0.805989
0.186364
-0.382194
0.24498
0.794344
5.26728
25.2558
6.6462
5.27758
-0.474159
-0.525805
-0.574502
-0.621261
-0.665937
-0.708333
-0.746842
1.19698
-0.84188
-0.84314
-0.719228
6.90476
9.09272
0.0788008
0.368165
6.92943
7.1138
-0.138599
3.32162
-0.390143
-0.436508
-0.480021
-0.52189
-0.563888
-0.61133
0.909891
0.0347167
-0.773522
-0.818192
8.36962
8.62795
8.79269
1.97082
0.0264375
49.9755
1.61211
-0.0883458
1.76494
-0.314249
-0.354207
-0.391361
-0.4267
-0.46173
-0.499138
1.26973
-0.612905
-0.668543
-0.762451
-0.616537
0.126861
8.65641
0.422831
-0.376118
59.9371
5.32139
-0.0416508
15.857
-0.24657
-0.279635
-0.309425
-0.33617
-0.360493
-0.346426
-0.393581
-0.398331
-0.549954
-0.723398
-0.98598
-0.630965
7.26051
-0.774465
-0.2544
4.37185
0.681506
-0.0275009
15.0664
-0.187307
-0.213714
-0.236255
-0.255281
-0.269831
-0.267753
-0.203207
-0.332126
-0.410702
1.13606
-0.7173
-0.901166
-0.864335
-0.446605
-0.0943711
54.9217
3.37334
-0.0379432
0.986609
-0.136816
-0.157193
-0.173354
-0.186965
-0.190035
-0.115459
-0.213807
-0.247857
-0.271919
1.70233
-0.357977
-0.456576
-0.355741
-0.153597
0.94983
55.9777
-0.106552
-0.065024
33.8542
-0.0954775
-0.110842
-0.121987
0.219222
-0.0162953
-0.146481
-0.169238
-0.197999
-0.184497
1.89369
-0.150765
-0.163984
-0.0471972
0.167473
0.141735
8.76213
-0.106264
-0.0816668
67.3712
-0.0629927
-0.0746015
0.193553
0.338028
-0.0753292
-0.103312
-0.138873
-0.194214
-0.104949
1.72885
-0.0431019
0.000775498
0.119528
0.524537
28.6186
-0.0927919
-0.0998764
-0.144768
23.7086
-0.0383503
-0.0460615
-0.0508945
-0.0487245
-0.0456665
-0.0614868
-0.119012
-0.216017
1.42568
0.627678
0.0485661
0.10186
0.167343
48.5197
28.9359
-0.0751508
-0.116169
-0.25186
7.26634
-0.0213749
-0.0260015
-0.0261892
-0.0192073
-0.0125156
-0.0211798
-0.0858986
-0.18084
2.52165
0.0367775
0.155262
0.191212
19.6153
31.9857
-0.132198
-0.105111
-0.114177
-0.199735
-0.175659
-0.0119358
-0.0155695
-0.0147955
-0.00711731
0.00624934
0.0186096
-0.0179072
2.36872
0.603636
0.113592
0.286921
11.2359
21.7259
-0.15772
-0.136692
-0.126411
-0.129439
-0.158742
0.592026
-0.009059
-0.0134855
-0.0146067
-0.00928882
0.00692421
0.0410304
0.0898365
3.58936
0.0751108
0.206427
8.39693
2.68812
-0.083177
-0.130476
-0.138125
-0.140609
-0.149669
-0.176745
0.653433
-0.0112121
-0.0180065
-0.0236487
-0.024998
-0.0155823
0.0198603
0.109251
3.43535
-0.128381
3.49871
-0.222591
-0.103316
-0.124455
-0.138261
-0.144136
-0.149147
-0.157788
-0.175072
-0.195637
502.372
501.206
504.77
516.942
535.56
552.534
570.246
590.842
613.768
638.231
663.611
689.43
715.377
741.259
766.771
790.177
804.625
816.178
842.17
838.693
843.317
886.928
932.934
501.509
500.336
503.23
515.183
534.886
552.032
569.667
590.268
613.32
637.924
663.42
689.319
715.294
741.108
766.486
790.2
807.467
810.248
839.746
846.496
815.876
856.334
925.187
499.745
498.737
499.679
510.222
533.167
551.128
568.618
589.201
612.352
637.145
662.908
689.026
715.132
740.893
765.869
789.056
807.753
816.038
845.207
862.997
788.114
826.954
911.036
497.697
496.75
492.977
497.839
529.212
550.26
567.327
587.729
610.943
635.984
662.198
688.617
714.981
740.81
765.646
788.676
808.293
823.292
847.343
865.018
800.207
856.63
904.477
495.843
494.422
484.673
482.387
524.88
550.057
565.77
585.886
609.136
634.509
661.155
688.147
714.904
740.925
765.786
788.904
809.462
827.625
848.774
865.381
856.243
876.615
908.626
495.573
492.173
480.044
477.733
523.644
549.066
563.517
583.537
606.899
632.727
659.99
687.676
714.962
741.287
766.304
789.646
810.971
830.766
851.353
869.592
878.237
894.686
916.401
498.621
491.016
479.194
481.046
516.453
543.825
560.061
580.516
604.132
630.574
658.692
687.256
715.209
741.933
767.19
790.8
812.714
833.501
854.288
873.9
889.615
907.627
926.994
503.398
489.717
459.145
350.734
508.929
535.87
555.328
576.756
600.71
628
657.263
686.941
715.701
742.898
768.438
792.303
814.609
836.014
857.289
878.301
898.113
918.919
940.467
507.298
428.151
399.658
401.457
423.077
808.892
1046.65
1132.66
1079.34
731.08
749.98
768.18
425.167
325.964
348.603
422.121
922.094
1540.12
1375.37
452.13
377.173
362.556
362.422
379.228
746.73
1002.72
1123.01
1173.83
598.961
566.799
334.244
303.417
313.398
331.825
371.168
703.544
1392.42
1358.45
364.607
362.423
362.339
362.279
456.424
680.425
898.804
1109.5
1384.88
667.498
245.701
228.374
224.886
223.46
222.081
219.202
261.22
1056.68
1426.25
368.161
362.371
362.32
482.354
504.093
587.643
732.071
1031.03
1469.15
384.604
231.032
228.375
225.39
223.374
222.234
218.13
219.734
523.386
1407.75
366.282
362.287
402.832
546.175
489.607
478.061
444.755
801.917
1343.66
245.988
230.345
227.516
224.018
223.583
223.237
217.446
216.136
281.559
1287.29
361.043
363.438
628.448
541.809
467.119
319.667
45.6925
409.224
1148.43
234.038
229.248
227.484
223.759
221.463
224.804
217.637
216.333
234.427
1108.37
362.548
664.539
626.268
534.335
426.915
44.8369
44.1436
50.3144
988.754
238.011
228.807
228.408
224.792
220.601
227.822
216.196
216.68
217.089
954.788
554.67
725.726
623.849
520.104
46.4808
43.6755
44.2297
94.0194
940.588
458.099
232.899
228.72
280.962
308.276
211.238
213.875
215.64
216.729
862.487
232.874
154.198
133.339
181.815
309.565
430.884
513.518
569.918
594.881
624.195
655.356
686.741
716.688
744.579
770.53
794.664
817.181
839.028
860.864
883.647
907.501
933.182
963.913
2.34146
2.25657
1.94853
1.9451
2.05228
2.0714
2.12374
2.19056
62.2678
232.779
496.042
673.83
719.835
749.063
775.198
799.22
821.744
843.333
865.518
890.396
919.948
953.72
985.648
2.24866
2.12379
1.8513
1.8344
2.01365
2.07827
2.10144
2.1439
2.13761
2.17917
2.14609
17.0215
143.796
403.016
639.692
784.017
826.498
844.919
866.105
890.562
925.848
972.561
1016.39
2.08697
2.06459
1.9682
1.95637
2.03891
2.06953
2.08473
2.10186
2.14633
2.12558
2.13007
2.13101
2.1433
2.10816
2.14117
2.18278
45.6657
133.575
295.637
473.658
746.769
976.121
1058.53
2.05705
2.03964
2.02063
2.02187
2.0453
2.05938
2.0702
2.08056
2.09077
2.10056
2.10551
2.10895
2.10947
2.10538
2.09346
2.04774
2.03528
2.07523
2.15792
2.25771
2.44467
317.182
312.071
2.02683
2.02012
2.01815
2.0217
2.03183
2.04172
2.05102
2.06012
2.069
2.07849
2.08581
2.09162
2.09113
2.08768
2.08417
2.07667
2.07832
2.10304
2.15121
2.20278
2.27824
2.35345
2.46076
1.99243
1.9904
1.99381
1.99977
2.0082
2.01746
2.027
2.03673
2.04657
2.05676
2.06622
2.07376
2.07881
2.08119
2.08158
2.08054
2.08214
2.09274
2.11496
2.15446
2.35459
2.29233
2.33305
1.9575
1.95748
1.96209
1.96921
1.97813
1.98822
1.99906
2.01046
2.02236
2.03475
2.04705
2.05828
2.06753
2.07424
2.07781
2.0776
2.07386
2.06828
2.06193
2.34275
2.77446
2.85725
2.27184
1.92064
1.92101
1.92596
1.93366
1.94341
1.95474
1.9673
1.98091
1.99549
2.01096
2.02693
2.04255
2.05659
2.0678
2.0746
2.07442
2.06444
2.04322
2.01108
1.95728
2.10898
2.69614
2.14883
1.88019
1.88075
1.88585
1.89401
1.9046
1.91723
1.93162
1.94764
1.96518
1.98419
2.00445
2.02522
2.04503
2.06192
2.07332
2.07482
2.06018
2.02524
1.9673
1.87898
1.87162
2.17752
1.94395
1.83515
1.83631
1.84169
1.85031
1.86168
1.87552
1.89164
1.90997
1.93048
1.95318
1.97805
2.00458
2.0312
2.05534
2.07342
2.07928
2.06235
2.01097
1.91435
1.81446
1.89831
1.6722
1.72312
1.78499
1.7875
1.79342
1.80248
1.81445
1.82923
1.84676
1.86707
1.89023
1.91642
1.94583
1.97828
2.01237
2.04515
2.07217
2.08565
2.0706
2.00506
1.96706
2.10185
1.625
1.66202
1.72269
1.73024
1.73455
1.74102
1.75036
1.76265
1.77797
1.7964
1.81807
1.84322
1.87224
1.90553
1.94327
1.98458
2.02657
2.06403
2.08807
2.07921
2.00904
2.3599
2.20974
1.64113
1.63885
1.47875
1.67252
1.67794
1.68461
1.69387
1.70607
1.72138
1.73998
1.76214
1.78828
1.81893
1.85468
1.8961
1.943
1.99288
2.04011
2.07493
2.07526
2.00083
1.99214
1.7461
1.61718
1.5561
1.41016
1.61305
1.61799
1.62428
1.63302
1.64459
1.6592
1.6771
1.69865
1.72438
1.75489
1.79091
1.83331
1.88244
1.93634
1.98914
2.02913
2.03175
1.95864
1.80935
1.66251
1.559
1.49805
1.41287
1.5509
1.55465
1.56015
1.56794
1.57833
1.59151
1.60773
1.62736
1.65094
1.67906
1.71243
1.75198
1.79823
1.84974
1.90094
1.93877
1.93652
1.85842
1.71447
1.57409
1.44576
1.38556
1.3968
1.48494
1.48789
1.49244
1.49897
1.50769
1.51873
1.53228
1.54863
1.56819
1.59134
1.61855
1.65043
1.68704
1.72682
1.76473
1.78797
1.76972
1.66989
1.53713
1.45026
1.2536
1.1359
1.24197
1.41583
1.4182
1.42169
1.42668
1.4333
1.44158
1.45158
1.46341
1.47717
1.49283
1.51027
1.52915
1.54802
1.56333
1.56742
1.54259
1.44764
1.1774
4.65552
25.9208
0.924508
2.49642
5.63351
1.3446
1.34631
1.3486
1.35182
1.35601
1.36107
1.36684
1.37318
1.37976
1.38593
1.39062
1.39187
1.38544
1.36271
1.30528
1.16763
0.820315
0.332698
23.3474
23.9245
-0.873316
19.9842
18.7998
1.2719
1.27292
1.27396
1.27528
1.27685
1.2784
1.27957
1.27988
1.27855
1.2742
1.26465
1.24608
1.21093
1.14417
1.01294
0.733414
0.0486864
-1.68784
18.4067
21.8705
-1.97121
-2.2563
-2.39854
1.19838
1.19878
1.19857
1.19798
1.19689
1.19489
1.19142
1.18571
1.17651
1.16184
1.13858
1.10151
1.04094
0.938762
0.758851
0.422497
-0.248049
-1.67782
-3.69601
-3.63502
-2.55101
-2.35353
-2.17766
1.12475
1.12462
1.12322
1.12082
1.11721
1.11186
1.10406
1.09279
1.07652
1.05286
1.0182
0.966908
0.889151
0.768469
0.577014
0.26726
-0.232348
-0.997252
-1.93865
-2.35155
-2.20525
-2.17114
-2.21069
1.05164
1.05107
1.04863
1.04462
1.03876
1.03047
1.01891
1.00295
0.980915
0.95033
0.907533
0.847262
0.761268
0.636956
0.456353
0.195479
-0.170516
-0.643206
-1.14084
-1.46745
-1.57393
-1.60725
-1.61498
0.979673
0.978748
0.975454
0.970087
0.962365
0.951646
0.937084
0.917502
0.891266
0.856029
0.808498
0.744229
0.657035
0.538338
0.377674
0.164535
-0.106657
-0.424488
-0.744394
-0.994723
-1.14263
-1.21889
-1.24916
0.909378
0.908166
0.904215
0.897795
0.888618
0.876065
0.859318
0.83725
0.808371
0.770652
0.721323
0.65689
0.573062
0.464541
0.325718
0.152702
-0.0535294
-0.282273
-0.509292
-0.70298
-0.844478
-0.937091
-0.990899
0.84111
0.839705
0.835295
0.828145
0.817949
0.804153
0.786023
0.762542
0.732413
0.693989
0.645117
0.583169
0.505279
0.408435
0.289965
0.148926
-0.0120907
-0.185166
-0.356649
-0.510674
-0.636228
-0.731145
-0.79885
0.775058
0.773645
0.768971
0.761371
0.750567
0.736083
0.71729
0.69333
0.663115
0.625346
0.578461
0.520605
0.449897
0.364695
0.263957
0.147995
0.0193693
-0.116475
-0.251504
-0.376982
-0.486346
-0.576961
-0.649673
0.71193
0.710205
0.705379
0.697572
0.686529
0.671845
0.653002
0.629313
0.599907
0.563783
0.519836
0.466862
0.403686
0.329426
0.243828
0.147642
0.0429996
-0.0664052
-0.175648
-0.279612
-0.374263
-0.457513
-0.52926
0.651322
0.649351
0.64451
0.636726
0.625765
0.611293
0.592898
0.570052
0.542098
0.508286
0.467847
0.420017
0.364141
0.299805
0.227079
0.146767
0.0605252
-0.0291198
-0.119019
-0.206022
-0.287594
-0.36223
-0.429542
0.59274
0.59094
0.586283
0.578729
0.568109
0.554185
0.536632
0.515049
0.488973
0.457875
0.421224
0.378537
0.329486
0.273951
0.212143
0.144776
0.0730893
-0.0011608
-0.0758882
-0.149058
-0.219006
-0.284668
-0.345604
0.536215
0.534925
0.530598
0.523433
0.513364
0.500235
0.483809
0.463792
0.439858
0.411664
0.378862
0.341164
0.298417
0.250653
0.198143
0.141484
0.0816147
0.0197638
-0.0426469
-0.104215
-0.163782
-0.22055
-0.274122
0.482108
0.48133
0.477354
0.47067
0.461294
0.44914
0.434034
0.415768
0.394131
0.368902
0.339877
0.306899
0.269921
0.229046
0.184545
0.136909
0.0868549
0.0352728
-0.0168348
-0.0684695
-0.118758
-0.167045
-0.212953
0.430742
0.43013
0.426432
0.420256
0.411653
0.400578
0.386906
0.370502
0.351231
0.328949
0.303555
0.274984
0.243253
0.208491
0.170957
0.131049
0.089317
0.0464238
0.00310136
-0.0399129
-0.0819327
-0.122396
-0.160896
0.382148
0.381208
0.377669
0.371984
0.364187
0.354239
0.342058
0.327557
0.310644
0.291241
0.2693
0.244818
0.217849
0.188534
0.157103
0.123882
0.0892992
0.05386
0.0181092
-0.0173856
-0.0520878
-0.085499
-0.1172
0.335946
0.334328
0.330832
0.325613
0.318625
0.309827
0.299153
0.286537
0.271931
0.255292
0.236608
0.215904
0.193259
0.168812
0.142761
0.115374
0.0869865
0.0579885
0.0288031
-0.000141178
-0.0284076
-0.0555694
-0.0812263
0.291428
0.289081
0.285626
0.280866
0.274692
0.267044
0.257861
0.247093
0.234709
0.220692
0.205052
0.18783
0.169113
0.149024
0.12774
0.105477
0.0824926
0.0590945
0.0356089
0.0123658
-0.010285
-0.0319884
-0.0524018
0.247782
0.244997
0.241682
0.237429
0.23209
0.225591
0.217871
0.208885
0.198622
0.187079
0.174275
0.160254
0.145101
0.128928
0.111882
0.0941352
0.0758907
0.0573831
0.0388555
0.0205595
0.00275764
-0.0142619
-0.0302131
0.204452
0.201648
0.198652
0.194996
0.190532
0.18518
0.178889
0.171625
0.163378
0.154157
0.143983
0.132901
0.120986
0.108335
0.0950661
0.0813159
0.0672409
0.0530049
0.0387872
0.024768
0.0111291
-0.00191295
-0.0141119
0.161219
0.158764
0.156269
0.153301
0.149749
0.145546
0.140651
0.135039
0.128705
0.121662
0.113927
0.105542
0.0965734
0.0870963
0.0771994
0.0669919
0.0565876
0.046098
0.0356437
0.0253356
0.0152794
0.00560181
-0.0035264
0.118118
0.116208
0.114332
0.112124
0.109511
0.106453
0.102921
0.0988906
0.0943679
0.0893626
0.0838956
0.0779957
0.0717092
0.0650963
0.0582256
0.0511715
0.0440175
0.0368381
0.0296916
0.0226212
0.0156477
0.00878427
0.00207738
0.0752074
0.0738817
0.0726718
0.0712632
0.0696067
0.0676823
0.0654719
0.0629662
0.0601595
0.0570674
0.0537097
0.0501037
0.0462732
0.042262
0.0381187
0.0338881
0.0296188
0.0253529
0.0211126
0.0168921
0.0126224
0.00814524
0.0033267
0.0324499
0.0316694
0.0311403
0.0305439
0.0298437
0.029035
0.0281094
0.0270611
0.0258922
0.0246081
0.0232191
0.021735
0.0201629
0.0185278
0.0168481
0.0151418
0.0134297
0.0117286
0.010042
0.00835035
0.00657173
0.00434331
0.00112406
978.565
975.372
955.77
911.989
993.478
987.655
967.683
933.24
1024.06
1011.17
977.74
930.476
1077.52
1040.26
681.334
147.884
546.487
773.026
66.7743
40.7234
2.67051
92.6212
372.889
245.484
2.33531
7.09064
409.228
421.876
2.35821
2.48992
36.1471
456.651
2.29377
2.39094
3.55034
208.094
2.01763
2.07045
2.64096
63.4088
1.71376
1.6968
1.7655
2.84704
1.57999
1.39499
1.17771
1.0773
1.26809
1.04677
0.777814
0.488794
1.217
1.01404
0.678348
0.236744
1.36134
1.33786
1.45268
1.25904
1.49874
1.68372
2.20039
2.99508
1.295
1.34484
1.3731
1.30227
2.10819
4.55799
1.6264
5.90151
16.7443
18.991
-1.59167
3.53492
-2.55735
-2.57403
-2.45129
-2.24761
-2.59596
-2.72925
-2.59119
-2.36843
-2.17996
-2.10309
-1.97853
-1.8145
-1.58478
-1.54274
-1.48186
-1.40519
-1.24214
-1.22828
-1.20638
-1.1773
-1.00558
-1.01191
-1.01371
-1.0122
-0.827722
-0.846748
-0.862547
-0.876345
-0.685644
-0.71127
-0.734504
-0.756095
-0.56742
-0.595458
-0.621641
-0.646355
-0.466909
-0.494768
-0.521051
-0.546007
-0.38036
-0.406502
-0.431309
-0.454925
-0.30517
-0.328759
-0.351295
-0.372748
-0.239736
-0.260308
-0.280166
-0.299051
-0.183294
-0.200605
-0.217527
-0.233679
-0.135477
-0.149527
-0.163351
-0.176681
-0.0958704
-0.106975
-0.117841
-0.128379
-0.0639576
-0.0726223
-0.0809799
-0.0890242
-0.0391866
-0.0458609
-0.0522004
-0.0582018
-0.0209312
-0.0259614
-0.0306581
-0.0349862
-0.00864481
-0.0124129
-0.0158908
-0.0190181
-0.00181361
-0.00473888
-0.0074942
-0.0100144
0.000250103
-0.00221266
-0.0046832
-0.00710264
-0.00141291
-0.00367331
-0.00616686
-0.00885874
819.118
732.293
622.56
133.7
42.1276
42.6479
54.3192
169.226
1055.34
1417.91
782.576
908.185
572.856
213.034
210.26
212.725
215.782
216.411
813.121
839.902
668.105
39.5486
39.8741
41.4578
42.862
110.798
580.719
1196.3
2085.29
1835.74
1076.02
212.182
213.82
210.743
212.275
215.689
214.607
864.564
628.29
33.3098
36.0082
38.1362
39.1543
69.6214
394.353
238.527
839.588
1457.54
1482.1
733.377
207.161
210.621
212.916
212.569
213.428
214.261
973.993
29.6485
29.6809
34.0642
30.0557
31.5573
222.52
266.84
129.038
132.99
998.397
1232.1
351.64
203.962
205.84
212.315
212.659
212.988
272.745
1096.07
26.2433
30.3352
12.9915
14.9639
20.4376
319.58
258.48
124.654
128.528
698.606
1164.4
202.398
203.39
203.982
207.343
214.065
213.012
639.997
1217.75
22.9058
21.576
9.41177
14.3884
16.4734
344.198
176.359
124.279
157.609
716.063
391.23
202.545
202.738
201.76
226.628
218.014
212.698
235.993
1338.22
30.3933
24.882
18.9531
22.2128
24.6564
271.241
125.43
124.198
691.976
851.299
203.068
202.983
203.04
202.54
1031.3
1035.88
211.822
212.405
1342.31
182.019
39.2941
25.3415
26.0867
27.7188
310.592
137.661
331.144
853.524
508.466
203.442
203.601
203.877
203.471
1163.65
1174.87
216.358
212.914
1167.51
233.545
55.583
139.155
36.6625
275.278
411.799
178.897
495.474
304.036
295.564
204.013
204.307
204.597
204.247
420.257
453.573
278.586
213.11
916.749
284.335
66.5448
174.026
236.553
171.604
197.312
435.85
279.934
353.931
634.401
204.499
204.811
204.969
237.858
1116.13
478.334
482.598
213.711
1202.87
226.129
234.462
62.5363
60.2102
58.0859
291.709
1163.41
1421.89
615.558
333.308
204.539
205.418
251.496
1576.14
1791
596.845
1583.48
1427.04
1944.83
1.72246
238.859
269.196
76.5017
136.09
276.983
1350.42
1377.47
1895.73
1936.72
1084
1610.12
2020.09
1974.04
1810.85
1998.38
2044.74
2086.45
2081.47
0.118524
1.03677
73.5293
123.937
480.886
437.481
4.76961
5.04064
292.236
2059.01
2112.63
2107.12
1892.17
1820.49
2059.2
2069.99
2110.31
2187.49
2157.87
-0.274214
1.48822
41.3898
417.258
215.594
2.06843
1.86892
1.12474
1.50245
34.8085
2050.6
2138.43
1924.3
1930.32
1687.44
538.312
67.7992
499.813
2175.34
23.7581
140.928
88.5932
7.00326
2.83104
1.57052
-0.197528
-0.703758
0.367264
1.08078
1.25152
1097.74
1927.16
152.635
3.85183
3.93704
4.80006
13.0257
2286.76
44.8259
16.1099
0.181797
2.34228
2.8904
4.89744
1.34446
1.63225
0.842772
1.27724
0.948923
-0.172637
-0.595201
2.9272
3.60211
3.95664
4.59678
92.8689
1357.65
0.424058
-1.02819
0.134047
1.74436
4.95467
7.70269
2.52552
0.454894
0.885873
3.65965
0.995638
0.0833509
3.17228
4.25195
5.2774
3.66793
27.4846
205.779
880.666
8.82887
2.76956
2.04478
3.18538
5.86078
13.5556
13.0071
9.90182
0.4759
1.64928
2.16327
-0.128405
-0.345532
0.049705
2.38708
24.5422
121.741
3.21084
1157.47
1.92911
0.598387
2.21015
0.344871
3.28453
1.09831
13.6504
13.1592
0.449143
0.60125
2.96239
-0.258755
-0.489815
2.93522
3.5535
27.2818
74.0533
-0.298914
767.405
-1.61209
-0.841768
-0.312744
0.079724
0.86013
1.25738
1.53398
11.087
0.783824
2.27397
5.19027
-0.273789
-0.460966
-0.603956
-0.5759
1.7062
-0.769156
-0.814102
-0.375084
-1.71727
-0.983478
-0.525606
-0.169866
0.119275
0.809577
3.07127
7.33215
1.66808
6.63967
3.47303
-0.244629
0.890386
-0.860773
-0.698708
-0.716037
-0.524665
0.315259
32.0952
-1.42566
-1.0098
-0.757075
-0.642625
-0.963644
48.9287
51.1579
14.5225
4.88257
5.63105
5.39782
-0.0559888
-0.159932
-1.13141
-0.772862
-0.578343
1.38343
1.68549
93.5779
-1.22911
-1.04477
-0.976533
-1.13102
-1.93162
2.77458
50.5427
53.5403
30.5945
2.01236
1.1184
1.2856
-1.03161
-1.20162
-0.727991
-0.380671
-0.14865
0.182136
97.7249
-1.11091
-1.0542
-1.08602
-1.27822
-1.70184
-2.27489
-1.88783
27.9667
55.312
17.4633
0.578277
1.95681
1.30127
-1.23573
-0.5457
-0.101583
0.158057
0.414697
101.887
-1.00745
-1.01808
-1.08318
-1.229
0.183891
-0.900409
-1.67414
-1.52948
31.4503
55.0886
0.839062
0.466492
-0.383855
-0.984142
-0.123432
0.315679
0.498321
0.646994
105.609
-0.903977
-0.945731
-1.01626
-1.12535
-1.17177
2.5961
1.4108
-1.44649
-1.18936
7.9759
24.2047
0.358336
3.20728
2.59865
0.686905
0.933632
1.19562
0.989383
107.718
-0.798856
-0.852523
-0.919054
-1.00226
-1.10945
0.943808
-1.20837
-0.372028
-0.988757
13.0478
4.83465
0.514853
4.99634
3.33397
1.64
1.63759
63.3724
10.0505
110.093
-0.694603
-0.750623
-0.809926
-0.872343
-0.929678
-0.978913
-1.00167
0.961947
-0.0634912
-0.782575
12.2528
-1.03533
-0.055159
1.09483
1.5563
51.297
66.436
29.9714
85.0257
-0.594333
-0.648347
-0.701176
-0.752141
-0.796177
-0.828556
-0.39783
1.14176
-0.896996
-0.848515
-0.743849
-0.592024
-0.0765802
0.554449
0.84916
71.5341
-1.72388e-05
39.9533
93.8578
-0.500384
-0.55045
-0.598102
-0.643906
-0.687201
-0.729123
1.17204
-0.433515
-0.844513
-0.834336
0.90172
8.83272
2.55431
0.209874
0.42887
71.8455
-0.0913787
36.2114
38.8486
-0.413714
-0.458553
-0.501079
-0.542687
-0.586281
-0.639834
1.22594
-0.762697
-0.796188
2.26607
8.62732
8.66487
9.03884
-0.18587
0.595637
5.44569
-0.0687982
-0.14553
100.894
-0.334617
-0.373079
-0.4092
-0.443975
-0.480408
0.0823272
-0.128622
-0.637554
-0.714772
2.59253
-1.13907
8.50643
8.8064
-0.544087
-0.44324
59.3528
-0.0469699
-0.06006
103.994
-0.263531
-0.294914
-0.323249
-0.348583
-0.370069
-0.379255
-0.405114
-0.458801
-0.620829
-0.835562
-1.19321
8.40836
-1.06565
-0.477785
-0.0347135
0.717806
-0.0296085
-0.020148
106.811
-0.200985
-0.225468
-0.246157
-0.263452
-0.272901
-0.19345
-0.229633
-0.368793
-0.462949
-0.0592903
-0.849131
-0.98673
-0.661871
-0.278739
0.491886
54.289
-0.0360672
-0.00525032
11.834
-0.147497
-0.16583
-0.18018
-0.192842
-0.11634
-0.130237
-0.230468
-0.263584
-0.222276
-0.0494027
-0.418321
-0.436084
-0.245875
-0.167208
55.006
3.84519
-0.0713881
-0.0197314
452.657
-0.103593
-0.117046
-0.0717592
0.242599
-0.14178
-0.155727
-0.183981
-0.200184
-0.0616876
-0.0955213
-0.167395
-0.124902
0.0613111
0.271594
49.7597
-0.122351
-0.0721307
0.00329988
465.095
-0.0690473
-0.0794497
0.340346
0.23468
-0.0959987
-0.11861
-0.166695
-0.191946
1.59781
-0.0616293
-0.0256839
0.0444005
0.3087
0.508048
5.04117
-0.0803081
-0.0930715
-0.0456511
476.455
-0.0424251
-0.0490642
0.0216546
-0.0461191
-0.0500284
-0.0843171
-0.169301
-0.187215
2.48905
0.00973835
0.0777973
0.12684
7.41317
48.7976
0.0527591
-0.0838791
-0.132167
-0.157963
464.125
-0.0240076
-0.0270099
-0.0233584
-0.0150799
-0.013027
-0.0398949
-0.163917
0.944787
1.84344
0.105049
0.182227
0.249314
44.4556
-0.160246
-0.11402
-0.105401
-0.131038
-0.118
127.393
-0.0140995
-0.0159858
-0.0117597
-0.000931313
0.0135813
0.0176462
0.51275
2.81312
0.0366967
0.211143
0.322928
27.3427
-0.143688
-0.146415
-0.129988
-0.125086
-0.130938
-0.120946
300.623
-0.011517
-0.0146474
-0.012971
-0.00295802
0.0210418
0.062633
2.22682
2.38501
-0.0340822
6.79317
6.17277
-0.0441159
-0.114225
-0.135592
-0.139226
-0.142139
-0.15082
-0.185455
-0.228121
-0.014626
-0.0211205
-0.0251528
-0.0222368
-0.0026282
0.0556076
0.47719
2.6141
0.53995
2.34041
-0.0933156
-0.117164
-0.132333
-0.141782
-0.146513
-0.152199
-0.161141
-0.175708
-0.203836
503.674
500.99
501.817
508.998
525.699
544.102
560.86
579.947
601.884
625.741
650.778
676.453
702.38
728.325
754.171
779.161
800.332
807.397
827.643
839.788
842.021
837.653
920.43
503.362
499.737
500.105
505.814
523.55
543.385
560.052
579.118
601.093
625.089
650.305
676.178
702.217
728.15
753.668
778.143
800.149
810.91
824.09
855.45
835.13
798.598
891.938
501.731
498.066
497.33
498.526
517.635
542.595
558.982
577.856
599.833
623.99
649.46
675.682
701.973
728.019
753.427
777.562
799.098
814.366
830.261
863.429
826.561
794.474
880.349
499.958
496.061
493.458
484.915
505.789
541.848
557.927
576.29
598.17
622.496
648.357
675.021
701.711
727.988
753.424
777.476
799.237
817.588
835.759
860.685
854.945
835.212
888.994
498.994
493.991
489.443
474.744
498.183
541.666
556.606
574.284
596.093
620.624
647.019
674.247
701.49
728.122
753.716
777.857
800.006
819.851
839.282
860.631
869.475
873.709
901.159
499.713
493.509
486.966
473.782
498.174
538.698
553.783
571.549
593.49
618.35
645.408
673.415
701.37
728.471
754.327
778.663
801.221
822.075
842.366
863.006
878.684
891.599
912.139
501.721
496.36
484.734
476.868
477.868
527.522
548.498
567.974
590.233
615.568
643.54
672.561
701.412
729.082
755.273
779.852
802.757
824.28
845.209
866.229
885.306
903.204
923.155
503.241
481.262
358.974
206.245
456.171
522.27
542.357
563.421
586.166
612.172
641.369
671.69
701.686
730.002
756.574
781.399
804.54
826.458
847.931
869.606
891.187
912.972
936.543
580.276
440.41
382.227
367.417
378.426
498.398
976.931
1074.23
1129.06
913.57
554.258
779.72
445.58
331.276
320.398
363.818
544.95
1286.3
1363.61
572.674
363.044
362.421
362.243
364.632
480.759
882.403
1022.79
1206.02
1004.8
482.054
267.123
229.132
245.277
259.117
254.368
290.26
867.722
1321.21
524.528
362.623
362.354
362.206
470.772
528.696
745.033
922.901
1282.85
1152.75
259.558
229.772
226.397
224.087
222.962
220.45
218.177
311.776
1312.02
521.371
362.878
362.402
459.19
515.352
501.439
575.868
712.036
1220.92
841.062
234.347
229.232
226.233
223.858
223.593
220.247
216.298
226.181
1122.28
411.793
362.876
366.287
586.156
508.147
453.943
299.258
268.113
971.392
486.041
231.953
228.523
226.086
222.123
224.858
220.52
216.062
216.715
789.055
426.879
366.081
646.339
582.187
496.104
362.82
46.9042
41.4345
614.848
513.654
230.916
227.524
226.785
221.017
224.208
220.067
216.797
217.567
513.446
406.941
639.348
676.404
574.867
477.304
45.0422
45.4963
40.3998
472.339
743.208
234.187
227.904
227.785
224.218
247.33
215.068
215.695
217.192
514.471
373.599
766.179
678.82
565.372
76.8948
42.4686
46.9149
47.9292
510.883
1100.36
395.292
292.461
496.325
413.147
210.779
211.972
214.273
216.924
547.349
237.259
20.1472
7.55229
2.17358
2.12221
23.0091
91.9572
208.19
374.1
525.29
636.841
670.355
703.176
732.462
759.811
785.095
808.439
830.446
852.43
875.134
900.445
928.634
958.529
2.37183
2.51621
2.03639
1.79325
1.941
2.04531
2.10245
2.13221
2.14736
2.12605
24.393
194.682
481.588
685.939
765.67
790.711
813.306
833.965
855.392
878.339
906.864
943.336
982.605
2.18315
2.10114
2.00972
1.83938
1.96476
2.05451
2.08906
2.11777
2.16395
2.13068
2.14313
2.15195
2.16071
2.19416
74.1928
240.996
470.749
633.251
804.412
857.862
902.72
951.12
1011.79
2.10399
2.05304
2.03158
1.99679
2.02641
2.0575
2.07355
2.08596
2.09601
2.10591
2.11434
2.12057
2.11096
2.10643
2.09582
2.0995
2.05404
2.05264
2.10273
2.32681
45.4288
450.805
973.572
2.05889
2.03774
2.02653
2.02197
2.03293
2.04619
2.0566
2.06619
2.07486
2.08519
2.0933
2.10058
2.09935
2.09731
2.09026
2.08882
2.07024
2.0776
2.12206
2.1885
2.2557
2.30898
2.4192
2.02534
2.00714
2.0063
2.00921
2.0164
2.02565
2.03486
2.04413
2.05329
2.06293
2.07193
2.07931
2.08359
2.08505
2.08439
2.08253
2.07925
2.08827
2.11419
2.15563
2.21696
2.28989
2.36271
1.99236
1.97427
1.97621
1.98163
1.98935
1.99854
2.00842
2.01873
2.02932
2.04031
2.05138
2.06153
2.06976
2.07558
2.07882
2.07911
2.07815
2.07887
2.08549
2.09875
2.52259
2.8648
2.27316
1.95803
1.93906
1.94177
1.94802
1.95644
1.9665
1.97771
1.9898
2.00262
2.01616
2.0302
2.04402
2.05658
2.06687
2.07394
2.07636
2.07287
2.0625
2.04609
2.01684
2.65545
2.75089
2.75305
1.92125
1.90065
1.9035
1.91008
1.91918
1.9303
1.94306
1.95722
1.97265
1.98928
2.00698
2.0252
2.04284
2.05838
2.07006
2.07519
2.06968
2.04934
2.01459
1.95941
1.88995
2.04589
2.29841
1.88087
1.85822
1.86126
1.86814
1.87787
1.89003
1.90432
1.92057
1.9387
1.95865
1.98038
2.00359
2.02719
2.04921
2.06707
2.07682
2.0715
2.04262
1.98412
1.88727
1.94281
1.90969
1.76261
1.8358
1.81122
1.81485
1.82213
1.83243
1.84547
1.8611
1.87923
1.89986
1.92304
1.94888
1.97733
2.00752
2.03725
2.06317
2.08015
2.07841
2.04269
1.95665
1.84447
1.86634
1.62776
1.69273
1.78546
1.75966
1.76425
1.77197
1.78268
1.79632
1.8129
1.83246
1.85511
1.88105
1.91062
1.94403
1.9808
2.01889
2.05441
2.08118
2.08717
2.0491
2.00175
2.27371
1.69182
1.64055
1.74548
1.7304
1.70418
1.70967
1.71762
1.72844
1.74228
1.75926
1.77955
1.80342
1.83126
1.86358
1.90086
1.94317
1.98902
2.0343
2.07201
2.08846
2.0528
2.01919
2.27961
1.70332
1.61475
1.53414
1.67227
1.64562
1.65135
1.6591
1.66959
1.68307
1.69974
1.71988
1.74389
1.77229
1.80572
1.8449
1.89042
1.94145
1.99405
2.04039
2.06509
2.03513
1.9179
1.75203
1.63402
1.55934
1.48051
1.61236
1.58426
1.58942
1.5965
1.60616
1.61865
1.6342
1.65311
1.67586
1.70304
1.73529
1.77348
1.81849
1.86996
1.92441
1.97307
1.9979
1.96489
1.84846
1.69245
1.56307
1.47433
1.44251
1.55004
1.51965
1.52392
1.53001
1.53841
1.54929
1.56285
1.57937
1.59929
1.62311
1.65138
1.68483
1.72423
1.76929
1.81703
1.85906
1.87671
1.83428
1.72139
1.57792
1.44667
1.30606
1.29931
1.48425
1.45178
1.45518
1.46006
1.46681
1.47552
1.4863
1.49932
1.51484
1.5331
1.55429
1.57869
1.60625
1.63573
1.66354
1.6808
1.66924
1.57387
1.45436
1.40423
1.373
0.972257
1.07234
1.41538
1.38132
1.38381
1.38728
1.39207
1.39816
1.4055
1.41407
1.42384
1.4346
1.44593
1.45708
1.46633
1.4697
1.45902
1.41625
1.30234
0.925749
3.54012
24.937
24.8401
3.68326
20.013
1.34431
1.30902
1.31054
1.31247
1.31509
1.31822
1.32166
1.32514
1.32826
1.33023
1.32978
1.3248
1.31114
1.28039
1.21519
1.07469
0.744651
-0.24183
15.4785
21.0212
0.430218
-0.911067
-0.174912
1.27178
1.23559
1.23615
1.23649
1.23682
1.23687
1.23623
1.23438
1.23052
1.22332
1.21063
1.189
1.15206
1.08751
0.97062
0.74576
0.27223
-0.861599
-3.26045
2.99006
-1.66757
-2.21021
-1.71618
1.19842
1.16174
1.16138
1.16017
1.15828
1.1553
1.15069
1.14369
1.13318
1.11739
1.09356
1.05738
1.00144
0.912445
0.766355
0.51771
0.0796495
-0.699703
-2.01299
-3.07909
-2.75288
-2.40376
-2.50054
1.12492
1.08813
1.08695
1.08434
1.08039
1.07464
1.06644
1.05484
1.03855
1.01555
0.982832
0.935885
0.867637
0.766467
0.614012
0.38224
0.0310341
-0.480646
-1.13551
-1.69966
-1.86664
-1.85831
-1.8746
1.05191
1.01538
1.01353
1.0097
1.00398
0.995865
0.984622
0.969259
0.948379
0.91998
0.88111
0.827636
0.753663
0.650374
0.505523
0.303853
0.0295019
-0.323103
-0.723463
-1.07716
-1.2845
-1.37327
-1.41102
0.979983
0.94407
0.9417
0.936886
0.929738
0.919721
0.906108
0.887912
0.86379
0.831878
0.789574
0.733377
0.658777
0.559785
0.428908
0.258673
0.0444384
-0.209923
-0.482721
-0.731451
-0.91517
-1.02954
-1.09328
0.909748
0.874685
0.871898
0.866366
0.85815
0.846739
0.831463
0.811399
0.785314
0.751613
0.708161
0.65218
0.580378
0.488997
0.373879
0.231722
0.0622169
-0.129293
-0.329015
-0.515674
-0.669561
-0.783343
-0.860979
0.841769
0.807554
0.804462
0.798466
0.789537
0.777231
0.760957
0.739905
0.713007
0.67894
0.63606
0.582318
0.515388
0.432973
0.33301
0.214382
0.0781843
-0.0710479
-0.224669
-0.371127
-0.499815
-0.605115
-0.686925
0.776311
0.743021
0.739634
0.733364
0.724046
0.711302
0.694622
0.673334
0.646562
0.613238
0.572137
0.52184
0.46081
0.387654
0.301421
0.202063
0.0909912
-0.0283924
-0.150601
-0.268957
-0.377357
-0.471958
-0.551766
0.713208
0.681038
0.677482
0.671105
0.661691
0.64891
0.632325
0.611408
0.585475
0.553699
0.515178
0.468967
0.414122
0.349859
0.275788
0.192259
0.1006
0.00327788
-0.0961394
-0.193583
-0.285371
-0.368969
-0.443352
0.652506
0.621481
0.617929
0.611636
0.602379
0.58989
0.573817
0.553743
0.52916
0.499468
0.464021
0.422184
0.373406
0.31732
0.253847
0.183425
0.107164
0.0268312
-0.0551981
-0.136313
-0.2142
-0.28718
-0.354416
0.594134
0.56424
0.560888
0.55484
0.545956
0.534024
0.518778
0.4999
0.477021
0.44973
0.417591
0.380186
0.337205
0.288513
0.234202
0.17472
0.110929
0.0441121
-0.0241151
-0.0920113
-0.158031
-0.221009
-0.28029
0.538059
0.509239
0.506263
0.500584
0.492233
0.481057
0.466864
0.449425
0.428479
0.403757
0.374984
0.341904
0.304359
0.262334
0.215993
0.165744
0.11227
0.0565087
-0.000413244
-0.0572835
-0.113
-0.166696
-0.217822
0.484319
0.456498
0.453974
0.448731
0.441004
0.43071
0.417721
0.401869
0.382991
0.360909
0.335454
0.306503
0.273982
0.23795
0.198593
0.15626
0.111493
0.0649934
0.0175775
-0.0298879
-0.0765791
-0.1218
-0.165049
0.433018
0.406158
0.40395
0.399122
0.39205
0.382702
0.370992
0.356813
0.340057
0.320611
0.298378
0.273314
0.245414
0.214763
0.181555
0.146084
0.108781
0.0701772
0.030883
-0.00845899
-0.0472167
-0.0848204
-0.120788
0.384119
0.35825
0.356051
0.351548
0.345125
0.336749
0.326359
0.313876
0.299232
0.282361
0.263216
0.241791
0.218123
0.192317
0.164549
0.135073
0.104231
0.072431
0.0401413
0.00785174
-0.023951
-0.0547881
-0.0842182
0.337347
0.312478
0.309984
0.305752
0.299965
0.29257
0.283505
0.272705
0.260126
0.245731
0.229508
0.211467
0.191675
0.170235
0.147304
0.123102
0.0978906
0.071996
0.0457804
0.0196184
-0.00610817
-0.0310043
-0.05468
0.292192
0.268158
0.26536
0.261416
0.256281
0.249874
0.242122
0.232966
0.222379
0.210343
0.196861
0.181961
0.165709
0.148206
0.129592
0.110047
0.0897795
0.0690397
0.0481086
0.027272
0.00682526
-0.0129172
-0.0316296
0.247989
0.224609
0.221759
0.218202
0.213773
0.208366
0.20191
0.194353
0.185674
0.175871
0.164951
0.152953
0.139933
0.125987
0.111236
0.0958182
0.0799041
0.0636827
0.0473562
0.0311413
0.0152516
-7.77443e-05
-0.0145795
0.204279
0.181413
0.178851
0.175815
0.172157
0.167769
0.162591
0.156585
0.149729
0.142033
0.133505
0.124179
0.114114
0.103387
0.092094
0.0803457
0.0682757
0.0560154
0.0437061
0.0315033
0.0195434
0.00798413
-0.00297629
0.160846
0.138446
0.136416
0.13402
0.131183
0.127831
0.123916
0.119407
0.11429
0.108577
0.10228
0.0954253
0.0880606
0.0802478
0.0720612
0.0635837
0.0549124
0.0461445
0.0373682
0.0286681
0.0201141
0.0117815
0.00372813
0.117631
0.0957016
0.0943009
0.0926145
0.0906395
0.0883315
0.0856554
0.0825936
0.0791357
0.0752894
0.0710721
0.0665067
0.0616205
0.0564558
0.0510714
0.0455268
0.0398828
0.0342053
0.0285412
0.022917
0.0173301
0.0117292
0.00605648
0.0746365
0.0531254
0.0523698
0.0514246
0.0503259
0.0490576
0.0475959
0.0459303
0.0440554
0.0419768
0.0397081
0.0372662
0.0346615
0.0319184
0.0290764
0.0261653
0.0232174
0.0202673
0.0173358
0.0144215
0.0114802
0.00834125
0.00469334
0.0318972
0.0106182
0.0104909
0.0102929
0.0100681
0.00981731
0.00953313
0.00920948
0.0088469
0.00845049
0.00801898
0.00755702
0.00706787
0.00655708
0.00603197
0.00549548
0.0049538
0.00441201
0.00387247
0.0033261
0.00275838
0.00208123
0.000390984
982.58
986.186
976.896
951.536
1005.61
1003.71
986.706
953.849
1050.47
1045.74
1009.95
913.013
944.77
1050.33
498.531
55.4517
2.88348
61.8847
364.231
99.1905
2.40051
3.33572
379.376
388.477
2.30744
2.35663
11.4822
433.161
2.30503
2.38681
2.75257
99.8694
2.13755
2.20666
2.39896
7.91536
1.83924
1.84917
1.91295
2.9537
1.64433
1.57234
1.48628
1.47507
1.53506
1.25397
1.05802
0.857967
1.31545
1.11048
0.828107
0.48042
1.32278
1.18002
1.09516
0.888333
1.44329
1.60011
1.99737
3.19418
1.36502
1.43811
1.55352
1.78256
1.14847
1.18712
1.18953
1.14413
21.1658
20.8603
20.7305
20.7159
-1.05891
-1.88705
-2.01974
-1.94594
-2.65952
-2.75448
-2.69144
-2.53534
-2.57058
-2.54267
-2.41542
-2.23033
-1.85533
-1.8126
-1.73868
-1.63435
-1.40514
-1.38256
-1.35025
-1.30553
-1.11422
-1.11372
-1.1082
-1.09682
-0.903112
-0.918255
-0.929951
-0.938205
-0.740799
-0.76496
-0.786557
-0.805635
-0.609747
-0.637875
-0.664087
-0.68836
-0.500606
-0.529512
-0.556867
-0.582608
-0.40807
-0.435819
-0.462241
-0.487248
-0.328663
-0.354075
-0.378438
-0.401588
-0.260022
-0.282452
-0.304166
-0.324889
-0.200832
-0.219937
-0.238684
-0.256693
-0.150434
-0.16618
-0.181736
-0.196849
-0.108325
-0.120962
-0.133385
-0.145529
-0.0739554
-0.0839306
-0.0936139
-0.103011
-0.0467835
-0.0545657
-0.0620293
-0.0691569
-0.0262662
-0.0322265
-0.0378763
-0.0431695
-0.0118004
-0.0162806
-0.0204769
-0.0243203
-0.00286985
-0.00625713
-0.00943965
-0.0123528
0.00109626
-0.00157704
-0.0041928
-0.00669373
0.000933565
-0.00133295
-0.00373372
-0.00622402
-0.00239697
-0.00443357
-0.00684405
-0.00961625
893.377
785.578
662.914
50.3772
41.4059
42.2373
43.2556
154.418
808.865
1650.14
1837.69
1448.18
669.301
213.215
211.704
211.237
213.793
214.948
571.275
894.369
664.315
37.0859
38.0533
40.0132
41.3761
101.609
422.116
773.801
1609.49
1908.27
1411.33
269.274
211.304
212.726
211.441
214.612
214.294
614.621
466.805
29.9909
33.7321
35.5152
36.2809
37.8215
325.391
132.306
194.986
314.27
1370.12
1190.02
204.631
205.594
210.874
211.943
212.857
213.519
836.648
34.2495
27.3484
29.2562
20.741
26.101
61.9909
381.166
122.19
131.01
401.138
1192.46
960.108
202.919
204.155
207.083
212.032
213.103
212.549
1119.72
27.3909
25.0719
18.4886
6.35967
16.0109
167.831
384.043
121.641
126.442
242.203
1181.52
202.108
202.804
203.084
203.802
214.7
213.698
212.566
1243.69
179.948
21.4234
15.8145
14.8147
19.6009
116.524
371.468
125.401
127.122
785.536
656.031
202.599
202.79
202.503
206.55
1019.59
214.45
212.214
437.655
467.511
28.0814
25.4254
23.355
25.713
36.0851
327.746
119.342
446.579
855.362
203.412
203.204
203.386
203.259
434.032
1134.92
544.317
214.337
213.15
481.602
44.9135
78.9492
26.5029
26.9055
304.01
327.077
345.565
624.935
653.213
203.635
203.807
204.14
204.331
868.269
1220.35
854.915
212.637
213.36
282.292
82.6132
87.8563
235.288
260.046
340.175
238.913
445.809
264.475
591.812
230.695
204.438
204.719
204.768
285.029
651.422
531.812
213.116
213.659
138.683
238.107
64.1006
88.1614
63.2077
103.897
586.468
376.82
290.015
489.475
252.347
204.772
205.117
220.208
724.828
1383.04
542.252
307.356
551.529
2.123
253.867
253.981
65.5357
48.6814
233.99
653.62
1675.69
1767.87
1254.85
615.658
232.367
667.805
1937.87
1930.75
1192.69
1980.9
2014.84
2032.1
0.602992
1.29375
179.871
244.123
274.185
394.055
644
15.6312
723.674
2007.44
2084.97
2094.76
2080.25
1972.34
1954.43
2035.76
2055.69
2104.12
2141.4
0.0368233
-0.00333282
3.87189
49.2206
480.903
413.169
2.8535
2.50721
2.50697
194.255
2096.79
2127.82
1970.56
1859.21
2060.15
2071.58
1656.59
1334.29
2257.55
-0.00964223
1.26706
168.906
205.25
34.4007
2.28505
1.35492
0.365295
0.305741
1.01017
6.26048
1716.14
2075.62
1964.79
734.258
4.35748
4.9372
12.1729
1099.85
6.80368
119.97
41.3871
7.76296
3.96717
2.30462
0.462428
-0.510185
-0.457903
0.91822
1.09049
0.167406
206.277
75.8516
3.25737
3.917
4.13921
5.45837
918.699
4.51776
-0.705067
-1.41303
1.20558
2.55255
2.71569
1.61169
2.85325
3.18407
1.31113
1.42371
0.479228
-0.233255
3.65698
5.48965
3.58272
4.32068
12.9817
584.186
1.09536
0.0239076
-0.21676
1.16635
4.555
14.2098
13.0552
6.82089
0.296634
1.00273
5.94433
0.343971
-0.218085
1.50798
4.0631
6.73709
26.8632
130.576
81.2316
20.6148
16.4512
12.0414
8.24698
0.824204
1.29645
13.2008
13.281
3.143
0.547869
5.72166
0.0359308
-0.408242
-0.31342
2.00847
2.36987
121.852
12.8344
27.4051
-1.68843
-1.00504
-0.450954
0.0038454
0.325422
3.73775
1.01337
14.1786
0.943072
0.611863
6.01938
0.0234983
-0.438857
1.01052
1.01621
1.12682
124.321
-0.728069
1.08501
-2.17543
-1.30927
-0.656935
-0.20717
0.14269
0.820304
1.53252
4.44975
3.63668
0.963469
6.56347
0.116015
-0.404411
-0.658022
-0.689314
-0.650172
-0.924699
-0.699272
-0.759755
-1.90968
-1.26148
-0.795807
-0.500992
-0.271952
0.806859
44.0074
4.0871
9.51131
1.4861
6.95817
0.00585564
1.55986
-0.968828
-0.88663
-0.668669
-0.656397
1.26937
-0.343826
-1.46873
-1.15602
-0.933004
-0.861359
-1.09547
2.69844
48.4695
51.634
27.8146
2.42334
6.87126
0.611049
0.87328
-1.24246
-0.989258
-0.601827
-0.406674
1.82246
-0.0771521
-1.23364
-1.10285
-1.03335
-1.10992
-1.49063
-2.5054
15.7301
26.245
55.2368
25.1915
0.951623
0.429355
1.59143
-0.763872
-0.961515
-0.426685
-0.123249
0.102643
0.254929
-1.07701
-1.04475
-1.05643
-1.16483
-1.1777
-1.65187
-1.85826
-1.65522
32.5964
55.1763
4.41318
0.311201
1.60148
-0.268419
-0.778654
-0.100881
0.208844
0.387878
0.510723
-0.947423
-0.967459
-1.01376
-1.11099
-1.25479
0.788402
0.0571241
-1.45894
-1.35487
19.5698
51.0346
0.42353
-0.276828
-0.546317
-0.0183991
0.47433
0.6534
0.73436
0.708788
-0.829866
-0.874566
-0.932389
-1.0146
-1.12272
0.0748848
2.53457
-1.3903
-1.20591
0.136503
2.23916
1.29542
4.30183
4.72656
1.20415
1.3221
1.38511
16.7421
0.796681
-0.719382
-0.773713
-0.832339
-0.900101
-0.974193
-0.958015
-1.17789
-1.05553
0.427089
4.2958
14.8633
2.00586
0.361543
3.16835
1.59712
1.70177
66.3196
63.8565
0.777166
-0.615522
-0.671566
-0.726926
-0.783091
-0.836021
-0.877645
-0.903583
0.98203
1.04331
-0.929326
-0.878732
-0.0341179
-0.5742
0.355091
1.09898
3.18986
70.4547
61.7634
1.33584
-0.519239
-0.572944
-0.623961
-0.673224
-0.719125
-0.758291
-0.786291
1.17399
-0.804244
-0.854652
-0.773071
0.415162
4.08458
0.178097
0.549668
7.65629
1.81372
-0.126226
5.35709
-0.43113
-0.480311
-0.526538
-0.570938
-0.614565
-0.660377
0.211467
1.23988
-0.812128
-0.836339
3.93525
8.62088
8.94011
0.466026
0.215927
4.68166
5.3993
-0.122179
1.66883
-0.351186
-0.394443
-0.434938
-0.473829
-0.51299
-0.557885
1.29177
-0.338383
-0.724143
-0.787415
6.91047
7.41709
8.70355
1.7353
-0.223724
59.3803
3.85853
-0.0589767
3.69815
-0.279371
-0.315899
-0.34944
-0.380676
-0.410611
-0.438168
-0.401875
-0.507103
-0.609094
-0.75391
-0.630832
-0.619813
8.66874
-0.742535
-0.366999
48.9449
0.773331
-0.0356003
25.7465
-0.215865
-0.245543
-0.271612
-0.294195
-0.313093
-0.320017
-0.291302
-0.330767
-0.483763
-0.517481
-0.881227
-0.584158
-0.383408
-0.617412
-0.136294
15.1119
3.05713
-0.0246659
1.10472
-0.160934
-0.184232
-0.203486
-0.219472
-0.230898
-0.14988
-0.16561
-0.286906
-0.337417
1.55483
-0.525948
-0.697125
-0.589476
-0.295349
1.37995
55.3392
0.304287
-0.0590124
11.6152
-0.114996
-0.132701
-0.146059
-0.134423
-0.103712
-0.12171
-0.189404
-0.217843
-0.220295
1.81474
-0.234492
-0.285318
-0.180739
0.00215588
-0.145794
43.3933
-0.106648
-0.0670407
59.659
-0.0781901
-0.0915749
-0.0902903
0.312564
0.0202191
-0.125084
-0.152527
-0.189537
-0.165604
1.91529
-0.0915961
-0.0713284
0.0521949
0.297152
5.57433
8.63842
-0.099957
-0.108669
47.9412
-0.0497354
-0.059476
0.140424
0.279792
-0.0687753
-0.0819353
-0.128085
-0.209731
0.670019
1.3954
0.00231631
0.0576461
0.150862
13.1009
29.2814
-0.0629052
-0.106833
-0.19501
13.9381
-0.0288871
-0.0347806
-0.0367472
-0.03128
-0.0270861
-0.0414261
-0.107105
-0.216358
2.45057
-0.0080549
0.0984592
0.142549
1.07113
49.1789
-0.0586249
-0.0912857
-0.11908
-0.253239
1.54291
-0.0157602
-0.0196663
-0.0189195
-0.0112924
-0.00128929
-0.00111146
-0.0574299
0.00369148
2.59341
0.0807232
0.220798
0.257294
37.3379
-0.17299
-0.137242
-0.116805
-0.118096
-0.159497
-0.00768877
-0.0097659
-0.0135744
-0.0134078
-0.00641412
0.00920401
0.033882
0.0366359
3.45026
0.0584897
0.109881
0.894167
16.0719
-0.0920058
-0.136604
-0.136397
-0.134352
-0.141625
-0.169452
2.79126
-0.00960013
-0.0150353
-0.0180977
-0.0154913
-0.00114538
0.0377326
0.0996715
3.68912
0.0275691
4.31237
4.04872
-0.0160139
-0.10006
-0.132166
-0.1408
-0.145283
-0.154498
-0.176699
-0.21044
-0.0138008
-0.0223301
-0.0313105
-0.0382655
-0.0374851
-0.0176766
0.0442565
0.24822
0.00243614
0.572099
-0.639391
-0.194089
-0.151474
-0.145791
-0.147851
-0.152969
-0.160476
-0.174219
-0.193826
502.122
500.856
504.254
516.367
535.343
552.361
570.013
590.616
613.625
638.149
663.563
689.403
715.36
741.264
766.945
790.5
805.097
813.542
839.775
839.205
832.987
875.991
930.516
500.687
499.604
501.698
513.273
534.206
551.603
569.187
589.793
612.894
637.585
663.196
689.191
715.215
740.985
766.11
789.571
808.331
812.192
842.194
856.081
797.402
834.642
917.943
498.731
497.78
496.768
505.163
531.544
550.653
567.995
588.509
611.698
636.608
662.572
688.832
715.051
740.831
765.717
788.78
807.855
820.006
847.232
865.3
791.088
842.23
906.249
496.7
495.628
488.655
489.39
526.677
550.076
566.601
586.859
610.089
635.285
661.689
688.386
714.929
740.839
765.668
788.719
808.839
825.688
847.886
864.536
821.788
865.603
905.652
495.351
493.223
481.737
478.644
524.056
549.878
564.766
584.787
608.076
633.665
660.59
687.908
714.913
741.073
765.998
789.218
810.179
829.268
849.982
867.37
869.766
886.386
912.359
496.672
491.405
479.363
479.054
521.775
547.098
561.955
582.116
605.59
631.695
659.357
687.457
715.059
741.572
766.702
790.176
811.82
832.165
852.8
871.746
884.565
901.587
921.167
500.819
490.797
478.911
471.315
505.068
539.652
557.859
578.746
602.509
629.341
657.991
687.083
715.423
742.373
767.769
791.511
813.647
834.798
855.787
876.105
894.049
913.284
933.124
493.495
436.704
226.364
320.862
509.591
532.687
552.631
574.557
598.688
626.491
656.467
686.83
716.061
743.511
769.197
793.175
815.598
837.208
858.726
880.441
901.906
924.549
951.02
491.475
412.418
369.565
368.805
396.189
779.273
1034.04
1129.78
1091.95
608.731
700.548
623.987
357.182
319.26
336.009
410.889
858.87
1493.44
1363.97
392.448
362.434
362.379
362.335
381.456
723.919
956.381
1117.8
1282.53
660.286
352.43
235.457
234.189
255.352
258.151
255.099
441.628
1245.19
1373.44
365.816
362.382
362.321
374.738
503.585
635.998
825.51
1085.36
1450.56
533.409
232.666
227.98
225.134
223.427
222.107
218.57
228.501
814.33
1429.49
369.685
362.48
362.484
545.732
498.761
535.108
619.678
939.281
1427.96
282.251
230.675
227.74
224.926
224.163
222.464
217.734
216.797
356.043
1359.04
362.042
362.129
554.472
544.572
478.628
421.435
151.932
606.929
1246.85
235.197
229.902
227.493
223.914
222.42
224.16
217.287
216.194
248.318
1200.14
361.477
437.851
628.072
538.169
454.559
120.621
43.9527
226.565
1055.09
236.114
228.631
227.727
224.112
220.573
224.813
217.168
216.681
223.633
1023.74
362.58
726.055
624.946
529.451
182.135
44.1783
43.7327
54.3121
940.997
254.36
230.148
227.653
226.658
248.421
223.995
214.715
216.496
216.098
902.218
796.943
727.334
625.237
390.856
42.4562
43.1032
55.6591
110.847
998.604
946.176
266.741
362.985
511.344
234.543
210.19
213.322
215.316
216.693
834.426
4.48033
21.6257
2.25919
2.13641
2.08175
55.8962
141.799
290.199
450.423
591.224
653.497
686.89
717.992
746.443
772.67
797.076
819.541
841.36
863.366
887.451
914.198
943.607
973.918
2.29742
2.20528
1.85472
1.84881
2.00552
2.07748
2.12021
2.15081
2.14948
2.60895
86.8319
334.78
596.382
746.628
778.51
802.186
823.827
844.474
866.509
891.678
924.134
963.497
999.887
2.13895
2.08713
1.89909
1.8748
2.02358
2.07417
2.10366
2.15922
2.16383
2.13864
2.15081
2.14593
2.15745
24.1207
148.661
340.877
572.505
718.783
839.752
884.276
923.821
981.689
1038.96
2.06769
2.04913
2.00813
2.00494
2.04581
2.06638
2.07961
2.09173
2.10062
2.11114
2.11853
2.11564
2.1162
2.09261
2.10489
2.08002
2.02637
2.07272
2.2006
2.3699
175.785
807.405
991.122
2.04373
2.03139
2.02301
2.026
2.0403
2.05153
2.06144
2.0706
2.07974
2.08976
2.09753
2.10026
2.09879
2.09307
2.09001
2.08161
2.06909
2.09496
2.15506
2.21915
2.30659
2.38316
2.49907
2.00955
2.00574
2.00746
2.01229
2.02099
2.03027
2.03948
2.04874
2.058
2.06765
2.07587
2.08195
2.08467
2.08484
2.08363
2.08029
2.08149
2.09885
2.13298
2.18247
2.25573
2.32591
2.39825
1.97505
1.97436
1.97857
1.98523
1.99382
2.00341
2.01352
2.024
2.03476
2.0459
2.05664
2.06592
2.073
2.07751
2.0794
2.07872
2.07801
2.08127
2.09114
2.13656
2.82489
2.53947
2.29704
1.93944
1.93969
1.94453
1.95198
1.9613
1.97198
1.98366
1.99612
2.0093
2.02315
2.0372
2.05053
2.06207
2.07088
2.07585
2.07543
2.06859
2.05492
2.03422
2.20821
2.71723
2.78335
2.22228
1.90093
1.90139
1.9064
1.91434
1.92451
1.93649
1.94997
1.96478
1.98082
1.99802
2.01608
2.03418
2.05097
2.06483
2.07367
2.07405
2.06151
2.03365
1.99056
1.92293
1.86785
2.61103
2.05331
1.8583
1.85907
1.86428
1.87267
1.88367
1.89692
1.9122
1.9294
1.94845
1.9693
1.99185
2.01545
2.03854
2.05885
2.07331
2.07658
2.06043
2.01752
1.94077
1.83527
1.95554
1.72393
1.82684
1.8107
1.81245
1.81807
1.82692
1.83862
1.85297
1.86985
1.88923
1.91112
1.93562
1.9628
1.99231
2.02263
2.05095
2.07323
2.08248
2.06589
2.00659
1.8947
1.83943
1.68372
1.66242
1.68338
1.7581
1.76151
1.76773
1.77696
1.78914
1.80425
1.8223
1.84338
1.86765
1.89536
1.92684
1.96207
1.99988
2.0373
2.06943
2.08793
2.07547
2.00641
2.29039
2.17997
1.63847
1.66209
1.66547
1.70164
1.70668
1.71331
1.72266
1.73498
1.75036
1.76898
1.79102
1.81681
1.84683
1.88157
1.92142
1.96584
2.01209
2.0547
2.0843
2.07964
2.00625
2.34395
2.18889
1.63243
1.58915
1.4342
1.64301
1.64838
1.65493
1.66399
1.67594
1.69099
1.70936
1.73137
1.7575
1.78834
1.82454
1.86686
1.9154
1.96795
2.01869
2.05698
2.05962
1.98848
1.83242
1.68553
1.59305
1.52642
1.40451
1.58242
1.58676
1.59268
1.60099
1.61204
1.62603
1.64321
1.66397
1.68886
1.71849
1.75358
1.7951
1.84354
1.89721
1.9503
1.99019
1.99111
1.91666
1.76947
1.62399
1.51112
1.45523
1.42094
1.51838
1.52167
1.52672
1.53391
1.54353
1.55572
1.57072
1.58888
1.61068
1.63665
1.66739
1.70376
1.74615
1.79317
1.83964
1.87268
1.86533
1.78533
1.64762
1.51765
1.36436
1.28661
1.32783
1.4507
1.45337
1.45741
1.46319
1.47092
1.48065
1.49252
1.50675
1.52361
1.54331
1.56608
1.59211
1.6209
1.65021
1.67445
1.67993
1.63866
1.49645
1.42265
1.42255
1.1054
0.97517
1.16051
1.38043
1.38248
1.38539
1.38951
1.39496
1.40168
1.40963
1.41881
1.42912
1.44023
1.45159
1.46213
1.46913
1.46689
1.44354
1.37116
1.17417
0.692576
24.1615
24.9819
23.0699
2.50297
21.0322
1.30839
1.30975
1.31142
1.3137
1.3166
1.31992
1.32342
1.32678
1.32945
1.33041
1.32804
1.31945
1.29869
1.2538
1.1587
0.946379
0.40702
-0.973408
20.8196
21.6062
-1.63304
1.05717
-1.2251
1.2352
1.2359
1.2363
1.23667
1.2369
1.23667
1.2355
1.23277
1.22745
1.21783
1.20123
1.17303
1.12436
1.038
0.877469
0.554305
-0.164239
-1.81936
-1.72929
1.7378
-2.12204
-1.66125
-1.87188
1.16154
1.16166
1.16084
1.15933
1.15695
1.15324
1.14755
1.13897
1.12609
1.10671
1.07738
1.03254
0.962202
0.848689
0.659026
0.33025
-0.254172
-1.28177
-2.70935
-3.03394
-2.49037
-2.43608
-2.55171
1.08809
1.08773
1.08579
1.08255
1.07778
1.0709
1.06113
1.04739
1.02805
1.00065
0.961494
0.905032
0.822127
0.69812
0.51031
0.224342
-0.202856
-0.796628
-1.45632
-1.82964
-1.86248
-1.86525
-1.87273
1.01548
1.01472
1.01183
1.00711
1.00027
0.990689
0.977531
0.959617
0.935279
0.902082
0.856513
0.793685
0.706372
0.584035
0.41283
0.176571
-0.137677
-0.521503
-0.914319
-1.20054
-1.33829
-1.39694
-1.41424
0.944287
0.943212
0.939566
0.933631
0.925129
0.913418
0.897659
0.876694
0.84895
0.812225
0.763465
0.69871
0.612772
0.498827
0.349116
0.157105
-0.0785605
-0.346267
-0.613203
-0.832715
-0.979896
-1.06681
-1.10988
0.874976
0.873655
0.869445
0.862622
0.852881
0.839634
0.8221
0.799199
0.769533
0.731265
0.681933
0.618477
0.537392
0.434653
0.306304
0.150224
-0.031437
-0.22934
-0.425405
-0.597532
-0.731369
-0.826289
-0.888304
0.807751
0.806359
0.801797
0.794389
0.78384
0.769634
0.75109
0.727262
0.696963
0.65872
0.61069
0.550649
0.476254
0.385287
0.276029
0.148293
0.00475124
-0.147996
-0.299532
-0.438192
-0.5555
-0.648821
-0.719967
0.743129
0.741591
0.736831
0.7291
0.718131
0.703492
0.684604
0.660697
0.630791
0.593743
0.548235
0.492761
0.425822
0.346202
0.253336
0.147828
0.0320383
-0.0895486
-0.210679
-0.324711
-0.426509
-0.51368
-0.58648
0.681354
0.679467
0.674609
0.666784
0.655748
0.641122
0.622447
0.599118
0.570372
0.535339
0.493094
0.44268
0.383206
0.314048
0.23515
0.147317
0.0524445
-0.0464205
-0.145358
-0.240377
-0.328294
-0.407322
-0.477169
0.621788
0.619844
0.615072
0.60738
0.59656
0.582326
0.564309
0.54205
0.514993
0.482504
0.44394
0.398689
0.346291
0.286494
0.219452
0.145932
0.0673678
-0.0141347
-0.0960248
-0.175784
-0.251375
-0.321539
-0.385835
0.564201
0.562632
0.558129
0.550752
0.540387
0.526834
0.509814
0.488986
0.463954
0.434294
0.399571
0.359406
0.313573
0.262042
0.205064
0.143293
0.0778038
0.0100651
-0.0582067
-0.125341
-0.189953
-0.251133
-0.308465
0.508835
0.507824
0.503678
0.496747
0.487009
0.47435
0.458567
0.439407
0.416607
0.389894
0.358995
0.323696
0.2839
0.239682
0.191322
0.139355
0.0846073
0.0281181
-0.028929
-0.0853458
-0.140143
-0.192601
-0.242335
0.456071
0.455437
0.451612
0.445182
0.436185
0.424562
0.410163
0.392818
0.372363
0.348611
0.321423
0.290688
0.256396
0.218669
0.177769
0.134142
0.0884115
0.0413438
-0.00620088
-0.0533793
-0.0994076
-0.143694
-0.185837
0.406113
0.405393
0.401794
0.395867
0.387666
0.377148
0.364218
0.348766
0.330676
0.309847
0.286202
0.259716
0.230423
0.198461
0.164078
0.12763
0.089604
0.0505776
0.0111762
-0.0279474
-0.0661963
-0.103033
-0.138043
0.358786
0.357536
0.354026
0.348578
0.341185
0.331812
0.320383
0.306829
0.291079
0.273074
0.252788
0.230232
0.205477
0.178664
0.150006
0.119799
0.088421
0.056318
0.0239654
-0.00814109
-0.0395188
-0.0697053
-0.0982851
0.313528
0.31153
0.308047
0.303055
0.296474
0.288251
0.278325
0.26664
0.253157
0.237847
0.220712
0.201786
0.181152
0.158943
0.135346
0.110602
0.0850079
0.0589048
0.0326693
0.00667463
-0.0186843
-0.043018
-0.0659546
0.269542
0.266923
0.26352
0.259003
0.253243
0.24617
0.237721
0.227854
0.216542
0.203782
0.189585
0.173998
0.157108
0.139028
0.119923
0.0999902
0.0794512
0.0585806
0.0376605
0.0169794
-0.00315389
-0.022421
-0.040509
0.226098
0.223252
0.22007
0.216105
0.211197
0.205273
0.198272
0.190154
0.180913
0.170549
0.159085
0.146564
0.133069
0.118703
0.103601
0.087912
0.0718191
0.0555191
0.0392217
0.0231428
0.00749949
-0.00744932
-0.0214392
0.182821
0.180157
0.177394
0.174071
0.170058
0.165281
0.159693
0.153263
0.145985
0.137873
0.128939
0.119234
0.108828
0.0978058
0.0862683
0.0743428
0.0621601
0.0498567
0.0375843
0.0254829
0.0137019
0.00241465
-0.00816249
0.139646
0.137451
0.135256
0.132662
0.129576
0.125946
0.121737
0.116923
0.111509
0.105499
0.0989203
0.0918038
0.0842063
0.0761956
0.067853
0.0592667
0.0505346
0.0417522
0.0330037
0.0243689
0.0159138
0.00770743
-0.000136233
0.0966364
0.0950229
0.0934777
0.0916645
0.0895305
0.0870406
0.0841737
0.0809146
0.0772593
0.0732254
0.0688318
0.0641018
0.0590688
0.0537873
0.0483159
0.0427121
0.0370455
0.0313694
0.0257226
0.0201219
0.0145362
0.00890484
0.00319501
0.053799
0.0527689
0.0518977
0.0508937
0.0497142
0.0483525
0.046788
0.0450187
0.0430417
0.0408655
0.0385086
0.0359823
0.0333037
0.0305089
0.0276273
0.0246934
0.0217409
0.0187983
0.0158778
0.0129603
0.00995646
0.00659989
0.00260305
0.0108207
0.0105778
0.0103802
0.0101806
0.00994916
0.00967891
0.00937552
0.00903344
0.00865311
0.00823799
0.00779148
0.00731717
0.00681529
0.00629537
0.00576426
0.0052245
0.0046834
0.00414275
0.00359953
0.00304718
0.00246199
0.00142218
-0.00104134
985.802
983.387
966.357
932.77
1006.34
997.241
972.171
932.814
1051.85
1031.68
981.812
797.419
1018.43
1004.91
97.9181
45.702
4.0528
329.738
262.942
48.8923
2.49202
60.6098
387.095
392.953
2.31468
2.63364
294.87
445.375
2.35048
2.45871
4.43903
400.17
2.17533
2.25011
3.01911
119.541
1.84242
1.86282
2.12149
11.0158
1.61194
1.52187
1.4918
1.57405
1.34162
1.15975
0.957252
0.75279
1.22054
0.982937
0.656177
0.307413
1.25899
1.08894
1.18104
0.328579
1.50833
1.74287
2.48832
4.41483
1.39714
1.48371
1.75111
2.43111
1.16088
1.20396
1.16189
1.14194
21.0134
20.8155
20.5464
20.7111
-1.69095
-1.88655
-2.04012
-1.85854
-2.72501
-2.73996
-2.62376
-2.4182
-2.56812
-2.48788
-2.33019
-2.11692
-1.8373
-1.77993
-1.68962
-1.57421
-1.39487
-1.36798
-1.32927
-1.27965
-1.11457
-1.11174
-1.10312
-1.08975
-0.911063
-0.924612
-0.934386
-0.941716
-0.753161
-0.776128
-0.796316
-0.81472
-0.62402
-0.651256
-0.676415
-0.700027
-0.515222
-0.543413
-0.569911
-0.595013
-0.422077
-0.44922
-0.474901
-0.49932
-0.341471
-0.366411
-0.390155
-0.412757
-0.271297
-0.293423
-0.314658
-0.33486
-0.210409
-0.229379
-0.247801
-0.265329
-0.158328
-0.173991
-0.189371
-0.204121
-0.114678
-0.127199
-0.139503
-0.151423
-0.0789862
-0.0888058
-0.0983506
-0.107588
-0.0507159
-0.058339
-0.0656348
-0.0726043
-0.0292841
-0.0350953
-0.0405683
-0.0456869
-0.0140714
-0.0184204
-0.0224461
-0.0260986
-0.00458376
-0.00787819
-0.0109346
-0.0136868
-0.000244444
-0.00289583
-0.0054611
-0.00787813
-0.00017975
-0.00251906
-0.00497076
-0.00748522
-0.00336743
-0.00559206
-0.00818584
-0.0111309
837.885
729.884
397.392
40.6288
41.919
42.7883
46.481
433.009
1180.2
1947.7
1636.58
1153.95
242.036
213.301
210.684
212.202
215.746
221.506
828.112
833.166
197.459
37.0293
39.1942
40.6107
42.5137
305.256
499.512
1166.9
1914.52
1666.32
907.488
209.981
212.541
211.607
213.132
213.989
214.686
915.284
53.3049
31.4409
36.9423
35.618
36.2484
155.826
358.678
135.228
245.606
1119.44
1322.04
572.606
204.718
208.432
213.099
212.428
213.208
214.414
1033.18
28.6671
28.5142
21.9186
21.8554
25.8012
302.319
218.182
126.268
131.281
996.765
1199.09
230.121
203.721
204.742
211.077
213.069
212.934
507.392
1158.18
24.0632
27.103
6.25081
12.511
16.889
330.172
267.564
124.28
127.526
604.128
838.329
202.599
203.003
202.741
205.712
214.644
213.014
475.698
1277.55
23.8032
19.0017
13.9384
18.4149
20.1824
348.755
126.418
124.323
356.87
801.762
212.839
202.713
202.765
201.866
556.691
518.497
211.935
212.135
1368.63
100.841
28.8307
22.8115
24.6863
26.9719
202.062
116.239
135.504
821.948
761.016
203.187
203.279
203.429
203.009
1126.25
1134.3
213.619
212.893
1274.5
203.35
54.5514
30.8102
26.7729
60.8196
375.666
157.104
617.764
579.827
314.08
203.698
203.956
204.301
203.923
827.905
770.427
214.655
213.046
1023.63
279.713
61.8222
217.701
249.674
295.132
232.239
260.238
274.458
309.15
611.783
204.331
204.591
204.802
236.931
403.469
465.655
421.778
213.433
915.442
278.189
67.1851
62.1538
70.6365
74.4752
226.937
634.81
335.383
336.858
612.586
204.619
204.968
205.529
452.8
1731.4
492.565
627.493
274.888
1662.91
63.3298
272.346
71.7032
60.2266
49.3687
291.238
1532.95
1718.48
1772.85
906.63
383.177
340.208
1274.69
1940.91
1778.15
1437.49
2001.51
2025.55
2021.94
0.589776
40.4438
240.129
178.397
407.13
664.191
215.168
20.0814
1680.61
2056.36
2095.17
2091.88
2057.01
1955.63
2020.11
2043.66
2076.08
2133.33
2113.96
-0.115916
0.581638
17.3601
207.562
465.772
38.0366
2.96078
2.18194
6.45911
1455.46
2124.04
2123.43
1870.6
1884.23
2085.4
1927.68
1418.51
1883.38
2190.57
-0.0188966
79.0147
200.29
101.678
6.11948
1.78776
0.818916
0.163542
0.603437
2.2866
627.12
2114.44
2059.55
1389.07
188.791
4.25648
6.65845
32.9586
2192.95
50.8655
132.153
0.506376
9.25604
2.81596
1.54286
-0.610805
0.774211
0.307906
1.11558
1.01831
-2.5022
359.508
2.52182
3.73227
3.93777
4.49344
17.0398
2231.4
5.13641
-1.91279
-0.0247797
2.07193
2.74477
2.38577
1.64389
2.63502
1.83561
2.36604
0.96508
-0.0631713
1.31136
4.73343
3.58434
3.86606
5.39121
178.548
845.565
0.646226
-0.335167
0.23645
1.61903
13.9825
13.749
12.6515
0.783926
0.626532
2.70046
1.69984
-0.00578881
-0.0740976
2.76126
6.49363
6.55869
115.876
46.9033
1138.78
20.4711
14.7198
8.77237
4.45048
1.05036
4.6825
13.2774
13.2475
0.407342
1.19777
2.62142
-0.20616
-0.441483
0.614296
2.39238
32.4364
121.643
0.677276
1163.95
-1.35234
-0.706324
-0.218205
0.190589
3.60077
1.02754
9.3823
10.47
0.592812
0.747947
3.9979
-0.275891
-0.497741
0.592478
2.78241
12.3577
0.0482311
-0.608938
5.23614
-1.74215
-0.943742
-0.414977
-0.0251383
0.301706
1.24152
1.94814
10.9509
0.97611
3.75858
4.88856
-0.265955
0.301037
-0.716472
-0.642504
-0.701721
-0.55183
-0.816966
-0.501427
-1.58139
-0.998308
-0.635921
-0.382905
-0.300075
19.0244
30.5156
5.31531
4.58804
6.88681
3.67858
-0.219448
0.73262
-1.01206
-0.747542
-0.652116
0.590219
1.38463
91.272
-1.30983
-1.02722
-0.875867
-0.91833
-1.5835
45.9357
50.9215
53.0078
4.09857
2.50126
5.14901
1.27441
-0.880494
-1.19139
-0.766184
-0.48819
0.0493693
0.331768
95.6821
-1.16616
-1.05498
-1.04771
-1.24616
-1.86583
-2.87422
9.49109
53.5748
55.019
1.59866
0.66996
1.18313
0.91659
-1.23643
-0.658089
-0.253623
0.00479104
0.296583
99.8797
-1.05877
-1.04161
-1.09563
-1.2655
-1.24018
-1.86989
-1.74583
-1.56772
55.309
46.4047
0.567852
1.84848
1.25856
-1.17058
-0.371536
0.0843778
0.318063
0.53316
103.813
-0.955975
-0.985446
-1.05502
-1.18003
0.434739
0.497663
-0.664823
-1.49433
-1.2237
54.7297
14.0865
0.0472806
-0.52419
-0.0476424
0.203843
0.600063
0.731532
0.756988
107.087
-0.8515
-0.900884
-0.97015
-1.06555
-1.18851
2.68998
0.78594
-1.31046
-1.11959
0.763964
5.08361
3.76737
4.4222
4.64995
1.25023
1.3007
18.1885
3.62218
109.007
-0.746425
-0.802057
-0.865038
-0.936985
-1.01532
-1.12025
-1.17451
0.791848
-0.62676
14.1376
14.6811
-1.02188
3.23036
1.73505
1.72105
5.07847
65.0838
18.6059
104.692
-0.643791
-0.699149
-0.755015
-0.810495
-0.858525
-0.893255
-0.899575
1.06747
-0.818827
-0.902074
-0.400174
-0.827989
-0.131916
0.790702
1.2311
70.6653
32.1129
40.0257
91.0285
-0.546481
-0.598696
-0.64884
-0.69682
-0.739682
-0.775357
0.675023
1.00224
-0.866516
-0.826273
-0.694562
6.80175
0.000746515
0.370106
0.566045
71.9359
-0.0979317
39.7797
94.4917
-0.456118
-0.503729
-0.548901
-0.592759
-0.636536
-0.685179
1.22626
-0.554249
-0.824302
-0.837872
8.59803
8.73502
8.73111
0.0316385
0.367763
39.0056
-0.0828437
3.34687
82.5812
-0.373194
-0.414974
-0.454507
-0.493101
-0.534583
-0.131246
1.30135
-0.706149
-0.757416
4.49617
1.99517
8.64876
8.88662
-0.412245
-0.00828554
48.448
-0.0462012
-0.0897026
102.539
-0.298037
-0.332997
-0.365341
-0.395582
-0.425171
-0.171731
-0.48439
-0.539439
-0.672466
-0.847765
-1.20425
8.57108
2.37923
-0.561948
-0.258675
18.7699
-0.0510993
-0.0409028
105.446
-0.23116
-0.259018
-0.283363
-0.304222
-0.318286
-0.319813
-0.284003
-0.428335
-0.550745
-0.644676
-1.07095
0.981872
-0.892054
-0.367518
0.153516
22.8479
-0.019768
0.00528741
83.2281
-0.173074
-0.194375
-0.211746
-0.226313
-0.220074
-0.151925
-0.262481
-0.31213
-0.366609
0.12694
-0.621326
-0.689558
-0.435786
-0.247676
49.7634
31.7
-0.0656483
-0.0299623
197.138
-0.124326
-0.139986
-0.151755
-0.140385
-0.0871798
-0.176765
-0.20388
-0.225759
-0.127852
-0.1108
-0.27073
-0.254714
-0.0827317
0.0031303
54.6868
1.41585
-0.0707506
-0.00282264
458.931
-0.085232
-0.0970057
0.309963
0.308392
-0.119475
-0.13658
-0.171217
-0.188506
0.373299
-0.0972219
-0.0893106
-0.0271515
0.171563
0.356291
26.9745
-0.0884075
-0.0780124
-0.00593703
470.82
-0.0547981
-0.0636016
0.360439
-0.0585875
-0.0720936
-0.101558
-0.168943
-0.209548
2.43921
-0.0275821
0.028627
0.0960202
0.351077
30.0287
9.11665
-0.0765402
-0.115405
-0.108566
481.856
-0.0321101
-0.0366028
-0.0348436
-0.0280075
-0.0304591
-0.0645499
-0.172322
0.394148
2.4688
0.0539605
0.126408
0.155064
34.368
36.9954
-0.0972778
-0.0959957
-0.134896
-0.161609
143.265
-0.0180603
-0.0202211
-0.0158565
-0.00613478
0.00196264
-0.0112839
-0.0876395
1.12141
0.321965
0.159131
0.246933
13.6622
31.5988
-0.159243
-0.123973
-0.114949
-0.127273
-0.105723
296.828
-0.0119861
-0.0141928
-0.0108879
0.000203439
0.0204302
0.0440975
1.87957
3.01148
0.0432453
0.227726
13.0435
10.7279
-0.11956
-0.138404
-0.134877
-0.134083
-0.138661
-0.152028
196.765
-0.0124621
-0.0170375
-0.0177789
-0.0103706
0.0140567
0.0690965
1.41968
2.52696
-0.128438
6.75123
0.066105
-0.0734975
-0.119536
-0.137983
-0.142977
-0.147875
-0.157379
-0.180283
-0.221089
-0.0179222
-0.0268679
-0.0352954
-0.039374
-0.0308021
0.00267718
0.0197246
1.48323
0.165711
-1.0553
-0.291909
-0.163471
-0.146963
-0.146536
-0.150218
-0.156008
-0.163111
-0.17368
-0.177123
)
;

boundaryField
{
    leftWall
    {
        type            fixedFluxPressure;
        gradient        uniform 0;
        value           nonuniform List<scalar> 
100
(
503.674
503.362
501.731
499.958
498.994
499.713
501.721
503.241
237.259
2.37183
2.18315
2.10399
2.05889
2.02534
1.99236
1.95803
1.92125
1.88087
1.8358
1.78546
1.7304
1.67227
1.61236
1.55004
1.48425
1.41538
1.34431
1.27178
1.19842
1.12492
1.05191
0.979983
0.909748
0.841769
0.776311
0.713208
0.652506
0.594134
0.538059
0.484319
0.433018
0.384119
0.337347
0.292192
0.247989
0.204279
0.160846
0.117631
0.0746365
0.0318972
503.772
502.623
500.806
499.308
499.131
500.642
502.596
496.693
2.75529
2.22111
2.14389
2.07677
2.04241
2.0085
1.97549
1.94001
1.90159
1.85898
1.81129
1.75844
1.70161
1.64253
1.5816
1.51759
1.45014
1.38007
1.30819
1.23516
1.16165
1.08832
1.01577
0.944619
0.875436
0.808748
0.744459
0.682562
0.623032
0.565808
0.510889
0.45836
0.408279
0.360495
0.314608
0.270009
0.22609
0.182535
0.139213
0.0961064
0.0532072
0.010284
)
;
    }
    rightWall
    {
        type            fixedFluxPressure;
        gradient        uniform 0;
        value           nonuniform List<scalar> 
100
(
1363.97
1373.44
1429.49
1359.04
1200.14
1023.74
902.218
834.426
828.112
915.284
1033.18
1158.18
1277.55
1368.63
1274.5
1023.63
915.442
1662.91
2021.94
2113.96
2190.57
2192.95
2231.4
845.565
1138.78
1163.95
5.23614
-0.501427
91.272
95.6821
99.8797
103.813
107.087
109.007
104.692
91.0285
94.4917
82.5812
102.539
105.446
83.2281
197.138
458.931
470.82
481.856
143.265
296.828
196.765
-0.221089
-0.177123
1375.37
1358.45
1426.25
1407.75
1287.29
1108.37
954.788
862.487
813.121
864.564
973.993
1096.07
1217.75
1338.22
1342.31
1167.51
916.749
1202.87
1944.83
2081.47
2157.87
2175.34
2286.76
1357.65
880.666
1157.47
767.405
-0.375084
32.0952
93.5779
97.7249
101.887
105.609
107.718
110.093
85.0257
93.8578
38.8486
100.894
103.994
106.811
11.834
452.657
465.095
476.455
464.125
127.393
300.623
-0.228121
-0.203836
)
;
    }
    lowerWall
    {
        type            fixedFluxPressure;
        gradient        uniform 0;
        value           nonuniform List<scalar> 
124
(
502.372
501.206
504.77
516.942
535.56
552.534
570.246
590.842
613.768
638.231
663.611
689.43
715.377
741.259
766.771
790.177
804.625
816.178
842.17
838.693
843.317
886.928
932.934
930.516
917.943
906.249
905.652
912.359
921.167
933.124
951.02
978.565
975.372
955.77
911.989
580.276
572.674
524.528
521.371
411.793
426.879
406.941
373.599
507.298
428.151
399.658
401.457
423.077
808.892
1046.65
1132.66
1079.34
731.08
749.98
768.18
425.167
325.964
348.603
422.121
922.094
1540.12
1375.37
503.674
501.387
502.19
509.609
526.106
544.268
561.051
580.202
602.065
625.851
650.842
676.488
702.402
728.337
754.11
778.884
799.209
808.415
830.438
841.053
844.459
851.263
927.748
976.115
978.351
968.104
937.605
580.276
459.097
408.694
398.303
410.801
532.238
994.243
1083.68
1125.8
966.714
616.63
863.082
574.485
348.725
327.631
373.98
574.513
1355.56
1385.4
932.934
925.187
911.036
904.477
908.626
916.401
926.994
940.467
585.789
538.034
549.841
406.384
427.357
427.361
373.507
788.59
)
;
    }
    atmosphere
    {
        type            totalPressure;
        rho             rho;
        psi             none;
        gamma           1;
        p0              uniform 0;
        value           nonuniform List<scalar> 
92
(
0
0
0
0
0
0
0
0
0
0
0
0
0
0
0
0
0
0
0
0
0
-0.000362516
-0.00245592
-0.00468852
-0.00692073
-0.00959625
-0.0127067
-0.0201395
-0.0306206
-0.0419265
-0.0509566
-0.0506116
-0.0300009
-0.000513101
0
0
-0.545485
-0.396438
-0.183695
-0.153052
-0.149318
-0.152486
-0.158089
-0.162467
-0.170432
-0.157885
0
0
0
0
0
0
0
0
0
0
0
0
0
0
0
0
0
0
0
0
0
-1.5244e-05
-0.00117293
-0.00373543
-0.00574908
-0.00820315
-0.0110982
-0.0155798
-0.0251859
-0.0362923
-0.0470582
-0.0525618
-0.0433756
-0.0131069
0
0
0
-0.761134
-0.230755
-0.164001
-0.149295
-0.149849
-0.155343
-0.162109
-0.17487
-0.206237
)
;
    }
    defaultFaces
    {
        type            empty;
    }
}


// ************************************************************************* //
