/*--------------------------------*- C++ -*----------------------------------*\
| =========                 |                                                 |
| \\      /  F ield         | OpenFOAM: The Open Source CFD Toolbox           |
|  \\    /   O peration     | Version:  v1912                                 |
|   \\  /    A nd           | Website:  www.openfoam.com                      |
|    \\/     M anipulation  |                                                 |
\*---------------------------------------------------------------------------*/
FoamFile
{
    version     2.0;
    format      ascii;
    class       volScalarField;
    location    "0.2";
    object      p;
}
// * * * * * * * * * * * * * * * * * * * * * * * * * * * * * * * * * * * * * //

dimensions      [1 -1 -2 0 0 0 0];


internalField   nonuniform List<scalar> 
9072
(
2101.33
2134.71
2133.89
2131.47
2129.3
2127.34
2125.29
2123.17
2121.19
2119.88
2120.11
2123.35
2131.85
2148.9
2178.99
2227.98
2303.72
2413.7
2564.09
2742.78
2869.66
2876.17
2849.6
2040.45
2074.59
2073.76
2071.36
2069.19
2067.18
2065.05
2062.82
2060.72
2059.23
2059.25
2062.21
2070.34
2086.92
2116.4
2164.45
2237.54
2342.34
2481.5
2644.16
2789.53
2828.94
2687.63
1977.96
2012.8
2011.95
2009.59
2007.4
2005.27
2002.96
2000.49
1998.08
1996.2
1995.71
1998.01
2005.3
2020.79
2048.86
2095.04
2165.42
2265.31
2394.99
2540.15
2665.71
2727.05
2752.53
1913.91
1949.38
1948.49
1946.18
1943.95
1941.63
1939.03
1936.18
1933.28
1930.79
1929.5
1930.76
1936.71
1950.47
1976.34
2019.65
2086.16
2180.28
2301.33
2436.77
2560.42
2660.49
2818.87
1848.34
1884.38
1883.41
1881.16
1878.85
1876.27
1873.27
1869.9
1866.35
1863
1860.61
1860.43
1864.52
1875.88
1898.69
1938.14
1999.67
2087.25
2200.09
2328.08
2453.65
2574.43
2753.44
1781.32
1817.85
1816.78
1814.59
1812.15
1809.21
1805.71
1801.68
1797.28
1792.84
1789.03
1787
1788.66
1796.91
1815.77
1850.27
1905.7
1985.83
2090.28
2211.12
2335.44
2461.44
2610.94
1712.92
1749.86
1748.68
1746.51
1743.87
1740.49
1736.37
1731.53
1726.1
1720.32
1714.76
1710.44
1709.1
1713.46
1727.37
1755.75
1803.8
1875.33
1970.47
2082.71
2199.82
2311.56
2402.2
1643.22
1680.5
1679.18
1676.97
1674.06
1670.16
1665.29
1659.5
1652.83
1645.45
1637.8
1630.72
1625.74
1625.35
1633.22
1654.12
1693.25
1754.65
1838.92
1940.08
2043.18
2120.95
2104.45
5.22745
5.26077
5.26854
5.2797
5.29258
5.30469
5.31354
5.31751
5.31593
5.30898
5.29751
5.28275
5.26608
5.2489
5.23243
5.21774
5.20572
5.19703
5.1921
5.16723
5.20109
5.20897
5.22042
5.23371
5.24618
5.25529
5.25937
5.25777
5.25072
5.23908
5.22412
5.20727
5.18993
5.17332
5.15851
5.14641
5.13766
5.13269
5.10604
5.1404
5.14853
5.16062
5.17487
5.18824
5.19795
5.20226
5.2006
5.19326
5.18119
5.16577
5.14848
5.13074
5.11378
5.0987
5.08638
5.07748
5.07243
5.04392
5.07857
5.08698
5.1002
5.11607
5.13091
5.14158
5.14627
5.14447
5.13663
5.12385
5.10768
5.08969
5.0713
5.05381
5.0383
5.02564
5.01649
5.0113
4.98093
5.0156
5.02431
5.03909
5.05729
5.07423
5.08626
5.09146
5.08942
5.08083
5.06709
5.04988
5.03089
5.01161
4.99338
4.97728
4.96416
4.95468
4.9493
4.91693
4.95062
4.95979
4.97712
4.99854
5.0183
5.0321
5.03791
5.03551
5.02594
5.01094
4.99238
4.97207
4.95165
4.93247
4.9156
4.90191
4.89202
4.8864
4.85291
4.88387
4.89333
4.91417
4.93987
4.96328
4.97928
4.98574
4.98282
4.97201
4.95542
4.93517
4.91325
4.8914
4.87104
4.85323
4.83883
4.82846
4.82258
4.79087
4.81509
4.82436
4.84993
4.88138
4.90945
4.92806
4.93517
4.93147
4.91908
4.90051
4.87822
4.85439
4.83084
4.80904
4.79011
4.77488
4.76397
4.75779
1511.53
1589.77
1588.23
1585.94
1582.56
1577.85
1571.89
1564.66
1556.15
1546.4
1535.63
1524.42
1513.94
1506.3
1504.83
1514.09
1539.21
1584.63
1651.75
1734.51
1811.86
1826.16
1575.01
1355.11
1434.8
1432.79
1429.95
1425.4
1418.97
1410.69
1400.47
1388.07
1373.26
1355.81
1335.64
1313.03
1289.11
1266.35
1248.7
1241.16
1248.92
1275.69
1317.81
1351.18
1297.63
1015.85
1194.75
1275.3
1272.67
1268.87
1262.71
1254.07
1242.91
1228.93
1211.68
1190.54
1164.67
1133.02
1094.51
1048.54
995.982
939.361
882.474
831.38
790.847
768.223
797.82
779.892
631.408
1031.37
1112.24
1108.81
1103.64
1095.48
1084.21
1069.6
1051.16
1028.13
999.422
963.441
917.848
859.463
784.794
692.125
581.615
446.665
270.531
34.5944
7.51366
11.0344
52.9297
164.35
865.906
946.615
942.225
935.377
924.92
910.663
892.153
868.647
839.058
801.742
754.164
692.354
610.095
499.346
358.466
173.924
15.0617
-7.54215
-8.21111
-8.36745
-8.52032
-8.51702
-6.85993
699.372
779.481
774.032
765.336
752.434
734.985
712.307
683.374
646.724
600.109
539.839
459.973
351.996
194.064
29.6093
-6.79142
-7.83132
-8.17165
-8.45969
-8.7122
-8.95935
-9.26599
-9.71607
532.779
611.922
605.391
594.843
579.506
558.88
532.069
497.706
454.003
398.297
325.96
228.525
83.0026
-4.25934
-7.30762
-7.82347
-8.11989
-8.39176
-8.65195
-8.93106
-9.24671
-9.64819
-10.2079
367.136
445.095
437.56
425.334
407.697
384.12
353.614
314.244
264.217
201.614
117.477
10.6446
-6.39034
-7.43958
-7.81781
-8.06687
-8.28662
-8.5378
-8.82895
-9.15923
-9.5414
-10.0103
-10.5936
203.437
279.529
271.365
257.998
238.19
212.419
180.332
135.828
79.1822
27.3239
-5.72298
-5.54457
-5.87645
-7.80682
-8.03634
-8.17878
-8.3947
-8.6658
-8.98785
-9.36321
-9.79555
-10.2757
-10.7353
48.3597
118.997
108.788
95.1931
73.2532
45.8057
26.957
0.643862
-6.16693
-6.2493
-6.0376
-5.97027
-5.99771
-7.81281
-8.04239
-8.22439
-8.46214
-8.75662
-9.11137
-9.532
-10.0231
-10.5793
-11.1691
-4.93448
-0.513105
-2.19939
-4.52542
-4.88199
-5.33038
-5.56954
-5.70112
-6.05659
-6.27314
-6.27013
-6.25881
-6.45789
-7.87552
-8.01059
-8.21904
-8.48039
-8.79963
-9.18763
-9.65685
-10.2237
-10.9141
-11.803
-5.05672
-5.00495
-5.07511
-5.15653
-5.22256
-5.40565
-5.63264
-5.86965
-6.17422
-6.44849
-6.57081
-6.58418
-6.69434
-7.78089
-7.93583
-8.16898
-8.44802
-8.78808
-9.20527
-9.71954
-10.36
-11.1742
-12.2642
-5.18627
-5.14063
-5.19044
-5.26244
-5.36139
-5.51506
-5.72695
-6.00852
-6.39824
-6.83654
-7.10809
-7.15339
-7.23758
-7.60448
-7.80785
-8.07634
-8.36504
-8.71631
-9.15194
-9.6972
-10.3934
-11.2926
-12.4721
-5.29436
-5.26113
-5.30349
-5.37162
-5.47113
-5.61608
-5.82531
-6.13982
-6.68455
-7.38098
-7.86821
-7.72264
-7.40464
-7.50784
-7.70559
-7.95041
-8.23407
-8.58157
-9.01667
-9.57135
-10.2986
-11.2558
-12.5236
-5.38408
-5.3608
-5.39924
-5.46243
-5.55655
-5.693
-5.89229
-6.21624
-6.83049
-7.57509
-7.96933
-7.82528
-7.54525
-7.47098
-7.60052
-7.80086
-8.05958
-8.38302
-8.79209
-9.32317
-10.0392
-11.0431
-12.4839
-5.45593
-5.43938
-5.47465
-5.5326
-5.61806
-5.74101
-5.91982
-6.20989
-6.74127
-7.2032
-7.5068
-7.53052
-7.39844
-7.35683
-7.45348
-7.62109
-7.84379
-8.12419
-8.47849
-8.94029
-9.57438
-10.5146
-12.0614
-5.50912
-5.49901
-5.53073
-5.58171
-5.65606
-5.76204
-5.91202
-6.14273
-6.5701
-6.96795
-7.15346
-7.18407
-7.14885
-7.17739
-7.26908
-7.40931
-7.59036
-7.81354
-8.0881
-8.43617
-8.9005
-9.5705
-10.6701
-5.54702
-5.54176
-5.56917
-5.61259
-5.67502
-5.76157
-5.87862
-6.03624
-6.29457
-6.65272
-6.85911
-6.83093
-6.88966
-6.96196
-7.05475
-7.17082
-7.30824
-7.46709
-7.64914
-7.86018
-8.10925
-8.40407
-8.75529
-5.57294
-5.57116
-5.59388
-5.63035
-5.68196
-5.75103
-5.84061
-5.9521
-6.09187
-6.25336
-6.40606
-6.52218
-6.63398
-6.73514
-6.82593
-6.91767
-7.0119
-7.1068
-7.19826
-7.27888
-7.33273
-7.32164
-7.16515
-5.58942
-5.59012
-5.60921
-5.63975
-5.68201
-5.73687
-5.80571
-5.8898
-5.98968
-6.10025
-6.21606
-6.32874
-6.43516
-6.52477
-6.6002
-6.6646
-6.71739
-6.7549
-6.76913
-6.74553
-6.65842
-6.46245
-6.08029
-5.59999
-5.60213
-5.618
-5.64308
-5.67749
-5.72135
-5.77534
-5.84056
-5.91703
-6.00234
-6.09261
-6.18207
-6.26479
-6.33382
-6.3872
-6.42341
-6.43903
-6.42905
-6.38424
-6.28838
-6.1168
-5.83402
-5.39229
-5.60604
-5.60894
-5.62182
-5.64225
-5.67011
-5.70532
-5.7481
-5.79901
-5.85801
-5.92324
-5.99108
-6.05703
-6.11604
-6.16259
-6.19247
-6.20209
-6.18693
-6.14081
-6.05471
-5.91472
-5.70194
-5.39325
-4.96488
-5.60912
-5.61228
-5.62261
-5.63893
-5.66121
-5.6893
-5.72301
-5.7622
-5.80636
-5.854
-5.90231
-5.94758
-5.98541
-6.0108
-6.01894
-6.00569
-5.96654
-5.89521
-5.78332
-5.62043
-5.39411
-5.09119
-4.7024
-5.60996
-5.61323
-5.62133
-5.63412
-5.65155
-5.67339
-5.69912
-5.72798
-5.75916
-5.79167
-5.82354
-5.85144
-5.87113
-5.87812
-5.86808
-5.83689
-5.78016
-5.69237
-5.56673
-5.39581
-5.17216
-4.88944
-4.54523
-5.60953
-5.61248
-5.61863
-5.62828
-5.6413
-5.65732
-5.67568
-5.69547
-5.71587
-5.73605
-5.75438
-5.76785
-5.77256
-5.7646
-5.74031
-5.69588
-5.6272
-5.52974
-5.39866
-5.22914
-5.01693
-4.75944
-4.45761
-5.60868
-5.61099
-5.61539
-5.6222
-5.63117
-5.64192
-5.65385
-5.6662
-5.67807
-5.68836
-5.69544
-5.69685
-5.6894
-5.66976
-5.6347
-5.58092
-5.50496
-5.40331
-5.27268
-5.11009
-4.91335
-4.6818
-4.41764
-5.60767
-5.60948
-5.61234
-5.61664
-5.62213
-5.62846
-5.63515
-5.64148
-5.6464
-5.64853
-5.64629
-5.63779
-5.62066
-5.59217
-5.54948
-5.4898
-5.41045
-5.30883
-5.18266
-5.03013
-4.8503
-4.64347
-4.41214
-5.60609
-5.60767
-5.60922
-5.61144
-5.61411
-5.61689
-5.61928
-5.62054
-5.61961
-5.61515
-5.60567
-5.58964
-5.56531
-5.53058
-5.48315
-5.42069
-5.34108
-5.24239
-5.12305
-4.98202
-4.81907
-4.63508
-4.43225
-5.60452
-5.60546
-5.60594
-5.6065
-5.6069
-5.60678
-5.60563
-5.60274
-5.59717
-5.58776
-5.5732
-5.55213
-5.5231
-5.48454
-5.4347
-5.37178
-5.29407
-5.20012
-5.08883
-4.95969
-4.81288
-4.64942
-4.47166
-5.60463
-5.6041
-5.60372
-5.60293
-5.6015
-5.59906
-5.59515
-5.58911
-5.58015
-5.56729
-5.54943
-5.52532
-5.49372
-5.45334
-5.40287
-5.34099
-5.26645
-5.17817
-5.07545
-4.95808
-4.82647
-4.68177
-4.52576
-5.60772
-5.60529
-5.60422
-5.60236
-5.59949
-5.59528
-5.58929
-5.58097
-5.56963
-5.55446
-5.53451
-5.50874
-5.47606
-5.43538
-5.38567
-5.32596
-5.2554
-5.17328
-5.0792
-4.97317
-4.85567
-4.72773
-4.591
-5.61395
-5.60977
-5.60816
-5.60548
-5.60152
-5.59599
-5.5885
-5.57857
-5.56562
-5.54897
-5.52782
-5.50133
-5.46858
-5.42869
-5.38081
-5.32422
-5.25833
-5.18271
-5.09721
-5.00197
-4.89749
-4.78469
-4.66499
-5.6228
-5.61723
-5.61523
-5.61195
-5.60721
-5.60075
-5.59225
-5.58129
-5.56738
-5.54994
-5.52833
-5.50187
-5.46984
-5.43153
-5.38629
-5.33354
-5.27288
-5.20405
-5.12704
-5.04208
-4.94968
-4.85062
-4.74611
-5.6338
-5.6271
-5.62484
-5.62118
-5.61595
-5.60895
-5.59988
-5.5884
-5.5741
-5.55651
-5.53511
-5.50937
-5.47871
-5.44262
-5.40057
-5.35216
-5.29709
-5.23521
-5.16657
-5.09146
-5.01033
-4.92387
-4.83312
-5.6467
-5.63903
-5.63664
-5.63279
-5.62734
-5.62012
-5.61088
-5.59934
-5.58517
-5.56799
-5.54738
-5.52294
-5.49423
-5.46085
-5.42243
-5.37868
-5.32939
-5.27449
-5.21406
-5.14838
-5.07786
-5.00309
-4.92493
-5.66138
-5.65282
-5.65041
-5.64654
-5.64111
-5.63395
-5.62488
-5.61368
-5.60008
-5.58378
-5.56447
-5.54182
-5.51552
-5.48527
-5.45081
-5.41193
-5.36852
-5.32055
-5.26812
-5.21148
-5.15102
-5.08718
-5.02068
-5.67771
-5.66836
-5.66602
-5.66227
-5.65703
-5.65018
-5.64158
-5.63104
-5.61837
-5.60334
-5.58572
-5.56526
-5.54174
-5.51495
-5.4847
-5.45087
-5.4134
-5.3723
-5.32766
-5.27973
-5.22881
-5.17531
-5.11974
-5.69553
-5.6855
-5.68331
-5.6798
-5.67492
-5.66858
-5.66068
-5.65107
-5.63961
-5.62616
-5.61054
-5.59257
-5.57212
-5.54903
-5.5232
-5.49454
-5.46304
-5.42873
-5.39171
-5.35218
-5.31042
-5.26672
-5.22148
-5.71467
-5.70409
-5.70211
-5.69895
-5.69457
-5.6889
-5.68187
-5.67339
-5.66338
-5.65173
-5.63834
-5.62311
-5.60594
-5.58674
-5.56546
-5.54205
-5.51653
-5.48896
-5.45941
-5.42805
-5.39511
-5.36083
-5.32546
-5.73487
-5.72392
-5.72222
-5.7195
-5.7157
-5.71082
-5.70481
-5.69763
-5.68924
-5.67958
-5.6686
-5.65627
-5.64253
-5.62736
-5.61071
-5.59261
-5.57307
-5.55217
-5.52998
-5.50661
-5.48226
-5.4571
-5.43128
-5.75615
-5.74474
-5.74341
-5.74118
-5.73805
-5.73404
-5.72915
-5.72338
-5.71672
-5.70918
-5.70076
-5.69144
-5.68125
-5.67018
-5.65825
-5.64548
-5.63192
-5.61764
-5.6027
-5.58721
-5.57128
-5.55504
-5.53856
-5.77523
-5.76711
-5.76624
-5.76452
-5.76206
-5.75893
-5.75519
-5.75085
-5.74596
-5.74057
-5.73472
-5.72844
-5.7218
-5.71483
-5.70759
-5.70012
-5.69249
-5.68476
-5.67701
-5.66928
-5.66166
-5.65424
-5.64701
-97.0933
5.15318
4.72488
4.73197
463.617
72.5764
3.13337
4.60057
372.882
217.073
105.292
6.17982
159.865
127.782
104.072
96.7293
7.01754
28.4103
32.9191
27.2481
-10.115
-9.69105
-7.69679
1.80211
-10.7078
-10.9201
-11.1497
-11.4351
-11.0331
-11.2151
-11.3919
-11.4888
-11.1132
-11.3633
-11.5742
-11.828
-11.8642
-12.3905
-12.9257
-13.2451
-12.9568
-13.665
-14.3543
-15.3165
-13.5963
-14.2736
-15.1437
-22.1643
-13.7384
-14.2628
-14.6376
-39.648
-13.8041
-14.3554
-14.7365
-33.8651
-14.1235
-14.9871
-15.5777
-7.30335
-14.5805
-16.7214
-18.9969
-30.4701
-12.665
-14.7348
-17.8887
-22.2074
-9.03282
-9.03844
-8.70492
-7.66496
-6.71441
-6.25216
-5.55944
-4.57022
-5.48032
-5.02447
-4.4617
-3.80634
-4.82904
-4.45049
-4.02517
-3.56503
-4.47848
-4.17306
-3.84479
-3.50124
-4.29039
-4.04247
-3.78241
-3.51458
-4.1974
-3.99326
-3.78184
-3.56595
-4.16239
-3.99203
-3.81689
-3.63876
-4.16473
-4.02046
-3.87317
-3.72404
-4.19399
-4.0705
-3.94507
-3.81863
-4.24333
-4.13705
-4.02939
-3.92099
-4.30761
-4.21571
-4.12269
-4.02901
-4.38297
-4.30318
-4.22241
-4.14108
-4.46658
-4.39722
-4.32701
-4.2563
-4.55661
-4.49636
-4.43542
-4.37402
-4.65189
-4.59965
-4.54688
-4.49372
-4.75158
-4.70645
-4.66092
-4.61511
-4.85492
-4.81622
-4.77723
-4.73804
-4.96132
-4.92854
-4.89554
-4.86239
-5.07027
-5.04301
-5.01558
-4.98803
-5.18135
-5.15927
-5.13707
-5.11478
-5.29421
-5.27704
-5.25981
-5.24252
-5.40856
-5.39613
-5.38365
-5.37114
-5.52417
-5.51633
-5.50847
-5.50059
-5.64084
-5.63751
-5.63417
-5.63083
4.73947
4.72226
4.73187
4.76541
4.80679
4.8425
4.86503
4.87286
4.86769
4.85265
4.83094
4.8055
4.77878
4.75269
4.72874
4.70812
4.69165
4.67993
4.67333
4.73531
4.54257
4.55579
4.61542
4.68522
4.73972
4.77024
4.77809
4.76835
4.7466
4.7176
4.68519
4.65227
4.6209
4.59259
4.56854
4.54956
4.53619
4.52872
2.22137
4.26309
4.33021
4.44821
4.57244
4.65418
4.69217
4.69647
4.67791
4.64565
4.60634
4.5646
4.52372
4.48581
4.45225
4.42413
4.4022
4.3869
4.37841
48.6677
3.97025
3.91279
4.2638
4.48702
4.59926
4.63806
4.63077
4.59691
4.54913
4.49593
4.44237
4.39178
4.34617
4.30662
4.27394
4.24871
4.23126
4.22165
38.5689
3.0033
3.22853
4.14136
4.4706
4.59238
4.61472
4.58297
4.52441
4.45508
4.38418
4.31644
4.25466
4.20042
4.15436
4.11684
4.08813
4.06841
4.05761
-46.2425
-19.4595
4.02238
4.17259
4.54922
4.64418
4.62418
4.55027
4.4566
4.35969
4.26772
4.18401
4.1101
4.04678
3.994
3.95158
3.91941
3.89742
3.88542
-23.6658
-41.4917
2.63861
4.30697
4.7471
4.7625
4.66142
4.52499
4.38612
4.25696
4.14193
4.04155
3.95547
3.88322
3.82396
3.7769
3.7415
3.71739
3.70426
-10.9729
-33.0903
3.93273
5.03868
5.16997
4.94803
4.70901
4.49102
4.30132
4.13886
4.00124
3.88517
3.78798
3.70772
3.64268
3.59157
3.5534
3.5275
3.51339
-12.3508
-9.51136
7.75885
6.21623
5.62424
5.10483
4.71926
4.42241
4.18711
3.99623
3.83983
3.71098
3.60491
3.51832
3.44875
3.3945
3.35423
3.32699
3.31217
-12.469
1.30314
9.95924
6.80341
5.79058
5.10497
4.6349
4.29202
4.02926
3.8209
3.65276
3.51577
3.40407
3.3135
3.24108
3.1849
3.14338
3.11536
3.10014
-34.4146
3.58256
7.6941
6.48863
5.52221
4.88418
4.4267
4.08519
3.81979
3.60808
3.43696
3.29753
3.18407
3.09226
3.01898
2.96229
2.92048
2.89234
2.87708
-27.8736
4.09425
5.56829
5.53793
4.93451
4.4779
4.10702
3.80582
3.55953
3.35761
3.19192
3.05573
2.94448
2.85429
2.78227
2.72657
2.68551
2.65792
2.643
-8.00464
4.08637
4.20266
4.38491
4.22592
3.98147
3.71735
3.47193
3.25644
3.0731
2.91932
2.79123
2.68584
2.59999
2.53127
2.47804
2.43875
2.41238
2.39818
-3.70258
2.56167
2.69571
3.47533
3.60219
3.48949
3.30148
3.10419
2.9208
2.76
2.62225
2.50599
2.40951
2.33036
2.26677
2.21736
2.18079
2.15628
2.14315
-10.8215
3.42126
2.35476
3.13067
3.16697
3.04388
2.88112
2.71527
2.56074
2.42356
2.30427
2.20258
2.11737
2.04688
1.98998
1.94554
1.91251
1.89041
1.87864
-29.5235
2.78896
3.60533
3.08882
2.79856
2.60676
2.44888
2.3076
2.18065
2.06793
1.96897
1.88388
1.8117
1.75138
1.70239
1.66384
1.63502
1.61579
1.6056
-13.2512
1.87466
2.81192
2.52777
2.28286
2.11577
1.98801
1.87933
1.78312
1.69679
1.61997
1.55292
1.49497
1.44593
1.40573
1.37369
1.3496
1.33358
1.32511
-4.24677
0.587544
1.55322
1.67363
1.62949
1.56278
1.49624
1.43248
1.3719
1.31431
1.26101
1.21283
1.16984
1.13275
1.10181
1.0767
1.05769
1.04506
1.03837
-2.94047
-0.659595
0.377756
0.783352
0.932238
0.980872
0.987635
0.975376
0.953085
0.925384
0.896017
0.866827
0.839037
0.814112
0.792537
0.774521
0.760758
0.751573
0.746649
-2.86891
-1.41924
-0.502335
0.00224369
0.268569
0.40892
0.482579
0.519332
0.53394
0.53531
0.52905
0.518238
0.505315
0.492233
0.479806
0.468845
0.460291
0.45446
0.451238
-2.93308
-1.91213
-1.14939
-0.64378
-0.324842
-0.126193
-0.00229524
0.0747661
0.121674
0.149219
0.164009
0.170237
0.171231
0.169196
0.165454
0.161289
0.157698
0.155022
0.153393
-3.03702
-2.2687
-1.63946
-1.1716
-0.841257
-0.613405
-0.457306
-0.350595
-0.277838
-0.228485
-0.195622
-0.174336
-0.16096
-0.153042
-0.148777
-0.146646
-0.145697
-0.145479
-0.145594
-3.15448
-2.54981
-2.02677
-1.60791
-1.28859
-1.05179
-0.878456
-0.752318
-0.660837
-0.594703
-0.547177
-0.513309
-0.489413
-0.472801
-0.461408
-0.453712
-0.448764
-0.44593
-0.444616
-3.27647
-2.78575
-2.34623
-1.97624
-1.67833
-1.44517
-1.26571
-1.12901
-1.02553
-0.947424
-0.888763
-0.845006
-0.812538
-0.788602
-0.771172
-0.758789
-0.750412
-0.745242
-0.742616
-3.40013
-2.99308
-2.61984
-2.29457
-2.02193
-1.79965
-1.62188
-1.48149
-1.37144
-1.28567
-1.21933
-1.16828
-1.12913
-1.09937
-1.07713
-1.06096
-1.04969
-1.04248
-1.0387
-3.52442
-3.1816
-2.86191
-2.57617
-2.3294
-2.12185
-1.95066
-1.81134
-1.69906
-1.60944
-1.53843
-1.48239
-1.43844
-1.40442
-1.37858
-1.35942
-1.34579
-1.33689
-1.33214
-3.64955
-3.35756
-3.08179
-2.83061
-2.6087
-2.41741
-2.25562
-2.12076
-2.00976
-1.91929
-1.84603
-1.78708
-1.74015
-1.70335
-1.67494
-1.65351
-1.63806
-1.62787
-1.6224
-3.77601
-3.52495
-3.28565
-3.06459
-2.86582
-2.69113
-2.54044
-2.41246
-2.30514
-2.21597
-2.14249
-2.08254
-2.03427
-1.99587
-1.96577
-1.94279
-1.92609
-1.915
-1.90903
-3.90366
-3.68632
-3.4778
-3.28308
-3.10563
-2.94729
-2.80856
-2.68879
-2.58667
-2.50049
-2.42857
-2.36924
-2.32084
-2.28178
-2.25081
-2.22701
-2.20963
-2.19803
-2.19175
-4.03224
-3.84339
-3.66126
-3.48981
-3.33188
-3.18924
-3.06259
-2.95174
-2.85596
-2.77417
-2.70516
-2.64754
-2.59993
-2.56109
-2.53008
-2.50614
-2.48857
-2.47678
-2.47037
-4.16165
-3.99728
-3.83814
-3.68735
-3.54728
-3.41949
-3.30479
-3.20329
-3.11466
-3.03819
-2.97294
-2.91783
-2.87182
-2.83405
-2.80376
-2.78027
-2.76292
-2.75122
-2.74484
-4.29177
-4.14879
-4.00993
-3.87767
-3.75396
-3.6402
-3.53719
-3.44521
-3.36412
-3.29347
-3.23256
-3.18066
-3.13706
-3.10111
-3.07215
-3.04954
-3.03276
-3.02139
-3.01518
-4.42248
-4.29848
-4.17774
-4.06225
-3.95363
-3.85308
-3.76136
-3.6788
-3.60539
-3.54089
-3.48486
-3.43684
-3.39632
-3.36274
-3.33553
-3.31418
-3.29825
-3.28743
-3.28151
-4.55375
-4.44678
-4.3424
-4.24221
-4.14754
-4.05941
-3.97851
-3.9052
-3.83957
-3.78153
-3.73086
-3.68723
-3.65022
-3.61939
-3.59427
-3.57446
-3.55964
-3.54956
-3.54402
-4.68558
-4.59405
-4.50456
-4.41843
-4.33673
-4.26034
-4.18984
-4.12562
-4.06785
-4.01651
-3.97149
-3.93254
-3.89932
-3.8715
-3.84874
-3.83074
-3.81724
-3.80804
-3.80299
-4.81803
-4.74062
-4.66484
-4.59174
-4.52221
-4.45696
-4.39651
-4.34122
-4.29129
-4.24674
-4.20748
-4.17336
-4.14414
-4.11956
-4.09939
-4.0834
-4.07139
-4.06319
-4.05868
-4.95117
-4.88683
-4.82381
-4.76292
-4.70489
-4.65027
-4.59953
-4.55297
-4.51077
-4.47297
-4.43954
-4.41035
-4.38527
-4.36413
-4.34673
-4.33291
-4.32251
-4.3154
-4.3115
-5.08496
-5.03289
-4.98188
-4.93254
-4.88543
-4.84101
-4.79965
-4.76158
-4.72696
-4.69587
-4.66828
-4.64412
-4.62331
-4.60572
-4.59123
-4.57969
-4.57099
-4.56505
-4.56178
-5.21937
-5.17895
-5.13934
-5.10102
-5.06438
-5.02977
-4.99748
-4.9677
-4.94055
-4.9161
-4.89436
-4.87529
-4.85882
-4.84487
-4.83337
-4.8242
-4.81728
-4.81255
-4.80994
-5.35439
-5.32514
-5.29648
-5.26874
-5.24219
-5.21709
-5.19364
-5.17197
-5.15218
-5.13433
-5.11843
-5.10446
-5.09237
-5.08213
-5.07366
-5.06691
-5.06181
-5.05832
-5.0564
-5.49003
-5.47159
-5.45354
-5.43607
-5.41933
-5.4035
-5.38869
-5.375
-5.36247
-5.35116
-5.34107
-5.3322
-5.32452
-5.318
-5.31261
-5.3083
-5.30505
-5.30283
-5.3016
-5.62633
-5.61847
-5.61079
-5.60335
-5.59624
-5.5895
-5.58319
-5.57735
-5.57202
-5.56719
-5.56288
-5.55909
-5.55581
-5.55302
-5.55071
-5.54887
-5.54747
-5.54652
-5.54599
2133.59
2134.72
2132.69
2130.34
2128.32
2126.33
2124.23
2122.14
2120.41
2119.73
2121.24
2126.77
2139.06
2161.98
2200.7
2261.96
2354
2483.69
2652.77
2820.47
2895.31
2810.44
3013.58
2073.49
2074.6
2072.57
2070.24
2068.19
2066.13
2063.94
2061.73
2059.85
2058.98
2060.24
2065.45
2077.33
2099.72
2137.71
2197.43
2285.61
2407.84
2561.53
2723.68
2830.17
2723.51
2910.12
2011.74
2012.79
2010.78
2008.47
2006.35
2004.14
2001.73
1999.25
1997.03
1995.71
1996.4
2000.86
2011.78
2032.93
2069.31
2126.82
2211.45
2326.84
2467.43
2607.97
2708.23
2711.68
2931.39
1948.39
1949.32
1947.34
1945.05
1942.82
1940.36
1937.62
1934.72
1931.95
1929.93
1929.7
1932.98
1942.37
1961.58
1995.45
2049.67
2129.62
2237.87
2368.65
2501.94
2611.51
2721.07
2968.92
1883.49
1884.25
1882.3
1880.03
1877.61
1874.82
1871.62
1868.13
1864.61
1861.62
1860.14
1861.78
1869.05
1885.55
1915.99
1965.83
2040.09
2140.88
2263.25
2392.17
2513
2651.25
2884.08
1817.09
1817.63
1815.71
1813.42
1810.75
1807.53
1803.75
1799.51
1795.03
1790.8
1787.69
1787.21
1791.74
1804.71
1830.72
1875.06
1942.57
2035.31
2149.45
2273.54
2397.59
2533.72
2702.83
1749.26
1749.54
1747.63
1745.27
1742.28
1738.52
1734.03
1728.88
1723.22
1717.46
1712.35
1709.25
1710.35
1718.93
1739.42
1777.02
1836.51
1920.17
2025.15
2141.49
2257.03
2364.19
2432
1680.12
1680.05
1678.13
1675.64
1672.23
1667.84
1662.51
1656.26
1649.21
1641.62
1634.11
1627.84
1624.77
1627.98
1641.72
1671.1
1721.02
1794.1
1888.11
1992.72
2087.97
2132.96
1974.25
5.25842
5.26417
5.27377
5.28607
5.2989
5.30965
5.3162
5.31742
5.31309
5.30374
5.29046
5.27456
5.25747
5.2405
5.2248
5.21135
5.20093
5.19408
5.19111
5.1987
5.20453
5.21432
5.22699
5.24022
5.25129
5.25802
5.25928
5.25488
5.2454
5.23193
5.21584
5.19858
5.18146
5.16563
5.15208
5.14158
5.13468
5.1317
5.13796
5.14395
5.15414
5.16765
5.18185
5.19369
5.20084
5.20218
5.1976
5.18774
5.1738
5.15727
5.13959
5.12209
5.10595
5.09215
5.08147
5.07445
5.07142
5.07616
5.08223
5.09305
5.10803
5.12384
5.13691
5.14473
5.14617
5.14124
5.13077
5.11609
5.09882
5.08046
5.06237
5.04575
5.03157
5.0206
5.01338
5.01026
5.01328
5.01939
5.03098
5.04806
5.06618
5.08102
5.08977
5.09132
5.08587
5.07451
5.05881
5.04051
5.0212
5.00229
4.985
4.9703
4.95893
4.95145
4.94822
4.94901
4.95457
4.96758
4.98769
5.00895
5.02612
5.03605
5.03769
5.03152
5.019
5.00199
4.98234
4.96179
4.94183
4.92369
4.90831
4.89645
4.88865
4.88527
4.88373
4.88766
4.90269
4.92686
4.95226
4.97241
4.98373
4.98538
4.97828
4.9643
4.94562
4.9243
4.90222
4.88096
4.86175
4.84556
4.83311
4.82494
4.8214
4.81788
4.81803
4.83584
4.86552
4.89633
4.92015
4.93306
4.93456
4.92621
4.91041
4.88969
4.86638
4.84248
4.81964
4.79916
4.78199
4.76885
4.76027
4.75655
1589.69
1589.13
1587.19
1584.42
1580.36
1575.02
1568.43
1560.57
1551.42
1541.12
1530.03
1518.98
1509.59
1504.53
1507.8
1524.35
1559.19
1615.62
1692.02
1776.11
1833.09
1753.55
887.416
1435.19
1433.86
1431.54
1427.92
1422.41
1415.06
1405.84
1394.55
1380.98
1364.88
1346.06
1324.59
1301.11
1277.37
1256.59
1243.33
1242.84
1259.8
1295.74
1338.34
1342.47
1191.62
794.468
1276.26
1274.02
1271.02
1266.1
1258.7
1248.82
1236.3
1220.75
1201.65
1178.25
1149.64
1114.68
1072.45
1022.96
967.952
910.686
855.55
809.949
775.478
778.248
802.24
727.305
500.471
1113.78
1110.57
1106.57
1099.94
1090.24
1077.35
1060.9
1040.27
1014.57
982.467
942.027
890.482
824.34
740.725
638.796
518.127
363.73
149.055
16.7827
5.09223
24.1112
109.716
179.899
948.712
944.529
939.235
930.609
918.287
901.98
881.083
854.699
821.498
779.439
725.36
654.326
558.534
433.364
270.067
69.6927
-3.64276
-8.08409
-8.33483
-8.40208
-8.60943
-8.07611
-3.14101
782.052
776.965
770.196
759.425
744.312
724.356
698.7
666.13
624.848
571.973
502.784
410.649
280.363
105.857
-0.776169
-7.48861
-8.01317
-8.32838
-8.59142
-8.82937
-9.10409
-9.46493
-9.99072
614.832
608.98
600.697
587.797
569.9
546.323
515.929
477.17
427.867
364.537
281.143
163.36
14.0974
-6.84805
-7.61954
-7.98051
-8.25648
-8.52055
-8.78818
-9.08247
-9.43124
-9.909
-10.5227
448.195
441.738
432.09
417.231
396.689
369.835
335.116
290.829
234.658
162.533
61.0019
-4.2879
-6.9991
-7.67663
-7.94656
-8.17683
-8.40663
-8.67878
-8.98867
-9.34248
-9.76102
-10.2927
-10.872
282.457
275.905
265.378
249.023
225.953
197.394
159.195
111.266
47.5837
0.89515
-5.69566
-5.64779
-6.89357
-7.99546
-8.09471
-8.27926
-8.52385
-8.82039
-9.16856
-9.57232
-10.0321
-10.5161
-10.9408
122.464
113.89
102.437
86.7107
59.0637
33.9504
8.97006
-4.31442
-6.40244
-6.127
-5.97336
-5.96344
-7.2501
-7.9688
-8.12576
-8.33646
-8.60212
-8.92611
-9.3131
-9.76868
-10.2943
-10.8734
-11.5056
-1.58955
-1.18483
-3.33726
-4.8719
-5.09907
-5.5383
-5.58414
-5.87715
-6.19871
-6.28621
-6.24332
-6.26934
-7.71221
-7.91226
-8.10696
-8.34338
-8.63205
-8.98437
-9.41116
-9.92683
-10.5511
-11.325
-12.3897
-4.98304
-5.03633
-5.11746
-5.18168
-5.29887
-5.52182
-5.74345
-6.01642
-6.32523
-6.52971
-6.57431
-6.5697
-7.62755
-7.83719
-8.04886
-8.3018
-8.6095
-8.98589
-9.44877
-10.0217
-10.7411
-11.6733
-12.9719
-5.12552
-5.1622
-5.22406
-5.30668
-5.43047
-5.61387
-5.85706
-6.18784
-6.62586
-7.00086
-7.14641
-7.13063
-7.42669
-7.7203
-7.96069
-8.21399
-8.53192
-8.9221
-9.40915
-10.0235
-10.8135
-11.8421
-13.1879
-5.25015
-5.27938
-5.33408
-5.41692
-5.53683
-5.7114
-5.96444
-6.37778
-7.02822
-7.68832
-7.85969
-7.53065
-7.4438
-7.63185
-7.82652
-8.08559
-8.39851
-8.7864
-9.27681
-9.90959
-10.7481
-11.8512
-13.2615
-5.35104
-5.37712
-5.42758
-5.50494
-5.61861
-5.78275
-6.02972
-6.49152
-7.20195
-7.84294
-7.94582
-7.63881
-7.48683
-7.53111
-7.69307
-7.92297
-8.21221
-8.57501
-9.03927
-9.65275
-10.4968
-11.6993
-13.3987
-5.42965
-5.4544
-5.50045
-5.57151
-5.67387
-5.82199
-6.04131
-6.45416
-6.99242
-7.38104
-7.55385
-7.47081
-7.3487
-7.39506
-7.53006
-7.7257
-7.97611
-8.29051
-8.69286
-9.22985
-9.993
-11.1819
-13.2792
-5.48968
-5.51257
-5.55364
-5.6156
-5.70431
-5.83076
-6.01081
-6.33064
-6.79826
-7.08498
-7.17784
-7.16641
-7.1533
-7.21631
-7.33389
-7.49483
-7.6963
-7.94339
-8.2509
-8.64985
-9.20086
-10.0398
-11.6006
-5.53381
-5.55352
-5.58879
-5.6411
-5.71489
-5.81597
-5.95057
-6.14719
-6.46942
-6.80024
-6.84373
-6.85833
-6.92338
-7.00529
-7.11008
-7.2369
-7.38496
-7.55492
-7.75053
-7.97939
-8.25048
-8.57189
-8.94152
-5.56461
-5.58087
-5.61029
-5.65417
-5.71412
-5.7931
-5.89354
-6.01766
-6.17308
-6.33071
-6.47088
-6.57582
-6.68717
-6.78063
-6.87152
-6.96451
-7.05949
-7.15332
-7.2406
-7.31084
-7.33888
-7.27046
-6.96553
-5.58475
-5.59825
-5.62305
-5.65938
-5.70778
-5.76946
-5.8458
-5.93786
-6.04415
-6.15783
-6.27316
-6.3833
-6.48226
-6.5639
-6.63374
-6.69261
-6.73841
-6.76566
-6.76331
-6.71218
-6.5779
-6.30181
-5.77593
-5.59758
-5.60891
-5.62937
-5.65912
-5.69822
-5.74701
-5.80649
-5.87748
-5.95879
-6.04719
-6.13778
-6.22477
-6.30124
-6.36253
-6.40761
-6.43406
-6.43768
-6.41183
-6.34401
-6.21395
-5.99204
-5.63665
-5.09279
-5.60528
-5.61444
-5.6311
-5.65526
-5.68679
-5.72572
-5.77252
-5.82757
-5.89004
-5.95711
-6.02458
-6.08777
-6.14117
-6.17984
-6.20006
-6.19794
-6.16822
-6.1035
-5.99254
-5.81877
-5.56112
-5.19547
-4.69961
-5.60934
-5.6167
-5.63002
-5.64933
-5.67454
-5.70546
-5.74194
-5.78372
-5.82989
-5.87829
-5.92558
-5.96773
-5.99997
-6.01729
-6.01524
-5.9897
-5.93537
-5.84494
-5.70898
-5.51603
-5.253
-4.9078
-4.47412
-5.61091
-5.61669
-5.62715
-5.64227
-5.66195
-5.68582
-5.71321
-5.74333
-5.77533
-5.80786
-5.83823
-5.86259
-5.87649
-5.87549
-5.85538
-5.81204
-5.74055
-5.63473
-5.48739
-5.29101
-5.03846
-4.72513
-4.35059
-5.61071
-5.61512
-5.62302
-5.63438
-5.64897
-5.66626
-5.68545
-5.70564
-5.72606
-5.7456
-5.76195
-5.77155
-5.77039
-5.75473
-5.72086
-5.66485
-5.58237
-5.46871
-5.319
-5.12859
-4.8939
-4.61387
-4.29132
-5.60972
-5.61288
-5.6185
-5.62643
-5.63635
-5.64778
-5.66003
-5.67226
-5.6835
-5.69243
-5.69704
-5.69444
-5.68131
-5.65436
-5.61036
-5.54593
-5.45755
-5.34181
-5.19554
-5.01608
-4.80189
-4.55358
-4.27462
-5.60864
-5.61071
-5.61432
-5.61925
-5.62521
-5.6318
-5.63842
-5.6442
-5.64791
-5.64807
-5.64296
-5.63046
-5.60801
-5.57278
-5.52194
-5.45275
-5.36257
-5.24894
-5.10978
-4.94364
-4.75018
-4.53067
-4.28844
-5.60721
-5.60835
-5.61026
-5.61274
-5.61551
-5.61817
-5.62011
-5.62043
-5.61791
-5.61113
-5.59858
-5.57864
-5.54938
-5.5086
-5.45393
-5.38316
-5.29423
-5.18539
-5.05529
-4.90326
-4.7296
-4.5358
-4.32487
-5.6053
-5.60567
-5.60622
-5.60674
-5.60693
-5.60637
-5.60445
-5.60036
-5.59303
-5.58121
-5.56357
-5.53871
-5.50512
-5.46114
-5.40498
-5.33487
-5.2492
-5.14668
-5.0265
-4.88845
-4.73314
-4.56219
-4.37824
-5.60419
-5.60394
-5.60338
-5.60231
-5.60043
-5.59733
-5.59244
-5.58505
-5.57427
-5.55906
-5.53823
-5.51054
-5.47471
-5.42945
-5.37344
-5.30538
-5.22408
-5.12864
-5.01858
-4.894
-4.75565
-4.605
-4.44433
-5.60559
-5.60484
-5.6034
-5.60107
-5.59758
-5.59254
-5.58546
-5.57572
-5.56258
-5.54515
-5.52243
-5.49334
-5.45679
-5.41172
-5.35712
-5.29208
-5.21582
-5.12775
-5.02766
-4.9158
-4.79291
-4.66033
-4.51996
-5.61023
-5.60909
-5.60696
-5.60367
-5.59897
-5.59252
-5.58387
-5.57251
-5.5578
-5.53901
-5.5153
-5.48579
-5.44958
-5.40579
-5.35364
-5.29247
-5.22175
-5.1412
-5.05079
-4.95084
-4.84205
-4.7256
-4.60304
-5.6178
-5.61638
-5.61376
-5.60977
-5.60421
-5.59678
-5.58711
-5.57474
-5.55914
-5.5397
-5.51575
-5.4866
-5.45151
-5.40981
-5.36088
-5.30422
-5.23949
-5.16656
-5.08553
-4.99677
-4.90091
-4.79896
-4.69221
-5.62773
-5.62614
-5.62319
-5.61877
-5.61269
-5.60469
-5.59446
-5.58163
-5.56575
-5.54632
-5.52282
-5.49469
-5.46138
-5.42236
-5.37718
-5.32547
-5.267
-5.20172
-5.1298
-5.05161
-4.96772
-4.87896
-4.78645
-5.63969
-5.63801
-5.6349
-5.63027
-5.62397
-5.61577
-5.60542
-5.59261
-5.57698
-5.55814
-5.53567
-5.50915
-5.47815
-5.44229
-5.40124
-5.35473
-5.30264
-5.24495
-5.18185
-5.11369
-5.04097
-4.96437
-4.88484
-5.65349
-5.65179
-5.64866
-5.64403
-5.63775
-5.62967
-5.61956
-5.6072
-5.59228
-5.57452
-5.55358
-5.52914
-5.5009
-5.46858
-5.43193
-5.3908
-5.3451
-5.29488
-5.24031
-5.1817
-5.11949
-5.05417
-4.98667
-5.66902
-5.66736
-5.66432
-5.65985
-5.65382
-5.64611
-5.63656
-5.62499
-5.61117
-5.59487
-5.57586
-5.55389
-5.52877
-5.50027
-5.46824
-5.4326
-5.3933
-5.35041
-5.30409
-5.25462
-5.20236
-5.14775
-5.09139
-5.68613
-5.68457
-5.68172
-5.67754
-5.67194
-5.66483
-5.65609
-5.64558
-5.63314
-5.61863
-5.60186
-5.58267
-5.56091
-5.53647
-5.50923
-5.47914
-5.44623
-5.41055
-5.37225
-5.33156
-5.28879
-5.24426
-5.19846
-5.70466
-5.70325
-5.70068
-5.69692
-5.69189
-5.68556
-5.67782
-5.66858
-5.65777
-5.64526
-5.63096
-5.61477
-5.5966
-5.57636
-5.55402
-5.52955
-5.503
-5.47442
-5.44395
-5.41177
-5.37813
-5.34326
-5.30752
-5.72441
-5.7232
-5.72099
-5.71774
-5.7134
-5.70796
-5.70137
-5.69359
-5.68457
-5.67426
-5.66261
-5.64957
-5.63513
-5.61922
-5.60184
-5.58302
-5.56279
-5.54123
-5.51843
-5.49455
-5.46977
-5.44426
-5.41822
-5.74511
-5.7442
-5.74241
-5.73972
-5.73615
-5.7317
-5.72638
-5.72016
-5.71307
-5.70508
-5.69621
-5.68645
-5.67582
-5.66432
-5.65196
-5.63879
-5.62486
-5.61025
-5.59502
-5.57929
-5.56319
-5.54683
-5.53027
-5.76738
-5.76681
-5.76547
-5.76337
-5.76057
-5.75713
-5.75309
-5.74847
-5.74333
-5.7377
-5.73163
-5.72517
-5.71835
-5.71124
-5.70388
-5.69632
-5.68864
-5.68089
-5.67313
-5.66545
-5.65792
-5.65061
-5.64344
2.02647
4.69719
4.72513
4.74203
242.716
-3.09162
4.14584
4.78566
288.643
161.702
56.4582
-27.0713
142.959
114.624
97.3843
105.504
18.3941
33.6522
29.5135
36.277
-10.047
-8.85759
-4.35523
-10.2061
-10.8095
-11.0381
-11.2527
-11.0454
-11.1251
-11.3054
-11.4433
-11.4449
-11.2392
-11.4698
-11.7057
-11.9345
-12.1298
-12.6488
-13.19
-13.1472
-13.3299
-13.97
-14.8652
-16.2156
-13.9682
-14.5476
-18.012
-30.3581
-14.0468
-14.4314
-41.3369
-22.5818
-14.1307
-14.5691
-29.0064
-19.0199
-14.5744
-15.2914
-14.6125
-3.61525
-15.5849
-17.8883
-21.0845
-33.8339
-13.563
-16.1648
-20.1922
-20.9449
-9.05737
-8.93941
-8.29996
-6.65682
-6.50815
-5.94255
-5.10069
-3.98335
-5.26695
-4.75591
-4.14335
-3.45867
-4.64607
-4.24313
-3.7982
-3.32915
-4.32902
-4.01137
-3.67427
-3.32757
-4.1682
-3.91371
-3.64911
-3.37981
-4.09641
-3.88829
-3.67423
-3.45761
-4.07791
-3.90495
-3.72805
-3.54944
-4.09304
-3.94712
-3.79874
-3.64935
-4.13255
-4.00797
-3.88192
-3.75538
-4.1904
-4.08335
-3.97524
-3.86676
-4.26183
-4.16931
-4.0759
-3.98213
-4.34322
-4.26289
-4.18178
-4.10037
-4.43202
-4.3622
-4.29169
-4.2209
-4.52658
-4.46597
-4.40476
-4.34326
-4.62585
-4.57332
-4.52033
-4.46708
-4.72907
-4.68373
-4.63804
-4.59217
-4.83562
-4.79676
-4.75765
-4.71843
-4.94496
-4.91206
-4.87897
-4.8458
-5.05666
-5.02931
-5.00181
-4.97425
-5.17033
-5.14818
-5.12593
-5.10363
-5.28564
-5.26843
-5.25117
-5.23386
-5.40235
-5.38989
-5.3774
-5.36488
-5.52025
-5.5124
-5.50453
-5.49665
-5.63918
-5.63584
-5.6325
-5.62915
4.72811
4.72413
4.74668
4.78605
4.826
4.85561
4.87073
4.87172
4.8612
4.84244
4.81852
4.79217
4.76555
4.74036
4.71796
4.69932
4.68517
4.67597
4.67202
4.5934
4.54209
4.58226
4.65103
4.71525
4.75804
4.77672
4.77505
4.75865
4.73275
4.70161
4.66865
4.63629
4.60628
4.57997
4.55837
4.54215
4.53171
4.52724
4.16922
4.30431
4.38225
4.51442
4.61919
4.67809
4.69782
4.6895
4.66301
4.62655
4.58553
4.54389
4.5043
4.46841
4.43746
4.41236
4.3937
4.3818
4.37673
2.38298
3.7759
4.09159
4.39191
4.5545
4.6259
4.63884
4.6163
4.57413
4.52284
4.46896
4.41654
4.36827
4.32558
4.28938
4.26037
4.23901
4.22549
4.21975
-20.2811
3.40993
3.81033
4.34392
4.54781
4.61268
4.60346
4.55585
4.49038
4.41946
4.34972
4.28468
4.22654
4.17635
4.13451
4.10137
4.07715
4.06191
4.05547
-41.6737
3.50749
3.83198
4.41262
4.6168
4.64416
4.59123
4.50462
4.40789
4.3128
4.22472
4.14576
4.0771
4.01909
3.97151
3.93422
3.90715
3.89019
3.88305
-62.7341
1.36076
3.70322
4.63393
4.77488
4.72033
4.59477
4.45484
4.31993
4.19759
4.08993
3.99674
3.91766
3.85202
3.79895
3.75777
3.72805
3.70948
3.70166
-46.0211
-4.13718
5.01265
5.17796
5.06878
4.82737
4.59655
4.39264
4.21682
4.06714
3.94071
3.83434
3.74585
3.67339
3.61545
3.57092
3.53894
3.519
3.51062
-9.56241
2.47983
6.97592
5.90274
5.34459
4.89888
4.56165
4.29838
4.08685
3.9142
3.77231
3.65532
3.55935
3.48153
3.4198
3.37269
3.33902
3.31806
3.30925
-4.17015
6.67548
7.69781
6.26646
5.41183
4.84982
4.45114
4.15261
3.91934
3.73245
3.58079
3.45704
3.35636
3.27516
3.21106
3.1624
3.12773
3.10619
3.09714
-8.57637
6.66466
6.85501
5.95987
5.17543
4.63746
4.24446
3.94469
3.70818
3.51809
3.3637
3.23785
3.13569
3.05344
2.98867
2.93962
2.90475
2.88314
2.87408
-4.1928
6.17851
5.83525
5.21126
4.69391
4.28273
3.94871
3.67658
3.45355
3.27071
3.12046
2.99723
2.89697
2.81614
2.75249
2.7043
2.67008
2.64892
2.64007
2.39852
3.93002
4.33871
4.32815
4.10948
3.84855
3.59125
3.36019
3.16082
2.99278
2.85226
2.7359
2.64066
2.5636
2.50282
2.45673
2.424
2.40381
2.3954
1.08775
2.58982
3.13838
3.59357
3.56203
3.3992
3.20205
3.00998
2.83743
2.68835
2.56152
2.45543
2.3679
2.2967
2.24038
2.19753
2.16707
2.14835
2.14058
4.03868
2.30703
2.84314
3.18997
3.11443
2.96427
2.79743
2.63604
2.48988
2.36169
2.25126
2.15803
2.08037
2.01679
1.96628
1.92764
1.90012
1.88329
1.87634
-5.47211
4.14769
3.29684
2.92424
2.69618
2.52523
2.37644
2.24233
2.12255
2.01672
1.92473
1.84626
1.78009
1.72552
1.68187
1.64822
1.62422
1.60962
1.60362
-1.45249
2.72794
2.67812
2.39283
2.1924
2.04866
1.93188
1.82988
1.73878
1.65717
1.58526
1.52284
1.46933
1.42476
1.38872
1.36064
1.3406
1.32846
1.32346
-1.09842
1.26889
1.65175
1.65746
1.59667
1.52923
1.46397
1.40181
1.34268
1.28705
1.23627
1.19065
1.15052
1.11653
1.08852
1.0664
1.05059
1.04101
1.03706
-1.60393
-0.0269622
0.628759
0.87661
0.964153
0.987603
0.983128
0.965168
0.939636
0.910764
0.881331
0.852658
0.826162
0.802902
0.783046
0.767068
0.755604
0.748604
0.745682
-2.08074
-0.897421
-0.210629
0.156641
0.349844
0.451758
0.504423
0.52876
0.535859
0.532909
0.524065
0.511888
0.498729
0.485897
0.474077
0.464229
0.45704
0.452527
0.450606
-2.39625
-1.49558
-0.868448
-0.4656
-0.213802
-0.0569921
0.0408558
0.101219
0.137368
0.157915
0.167967
0.171221
0.170501
0.16746
0.163348
0.159388
0.156238
0.154067
0.15314
-2.63971
-1.93372
-1.38627
-0.991419
-0.716631
-0.527985
-0.39886
-0.310736
-0.250738
-0.210331
-0.183789
-0.166837
-0.156441
-0.150556
-0.14752
-0.146059
-0.145519
-0.145519
-0.145525
-2.84471
-2.27588
-1.80415
-1.43672
-1.16111
-0.958287
-0.810356
-0.7029
-0.625071
-0.568958
-0.528791
-0.500303
-0.480338
-0.466559
-0.45717
-0.450938
-0.44712
-0.445114
-0.444274
-3.02654
-2.55804
-2.15207
-1.81858
-1.55432
-1.34944
-1.19265
-1.07365
-0.983717
-0.915972
-0.865266
-0.827554
-0.799643
-0.779177
-0.764424
-0.754152
-0.747471
-0.743642
-0.742032
-3.19362
-2.80113
-2.45071
-2.15168
-1.90481
-1.70563
-1.54746
-1.42308
-1.32585
-1.25035
-1.19212
-1.14739
-1.11321
-1.08741
-1.06836
-1.05477
-1.04562
-1.04019
-1.0379
-3.35101
-3.01806
-2.71436
-2.4478
-2.22085
-2.03197
-1.87732
-1.7521
-1.65168
-1.57185
-1.50874
-1.45905
-1.4203
-1.39058
-1.36824
-1.35197
-1.34079
-1.33402
-1.33118
-3.50218
-3.21705
-2.95275
-2.71583
-2.50926
-2.33297
-2.18501
-2.06248
-1.96217
-1.8807
-1.81492
-1.76224
-1.7206
-1.68819
-1.66343
-1.64509
-1.63234
-1.62456
-1.6213
-3.64949
-3.40338
-3.17253
-2.96225
-2.77544
-2.61284
-2.47373
-2.35637
-2.25844
-2.17741
-2.11094
-2.05707
-2.01394
-1.97987
-1.95345
-1.9337
-1.91988
-1.9114
-1.90784
-3.79425
-3.58062
-3.37846
-3.19204
-3.02401
-2.87549
-2.74637
-2.63563
-2.5417
-2.46285
-2.39743
-2.34377
-2.30023
-2.26535
-2.23807
-2.21756
-2.20314
-2.19424
-2.19051
-3.93725
-3.75122
-3.574
-3.40901
-3.25858
-3.12391
-3.00522
-2.90203
-2.81339
-2.73815
-2.67501
-2.62257
-2.57948
-2.54465
-2.51727
-2.4966
-2.48198
-2.47292
-2.46912
-4.07902
-3.91685
-3.76154
-3.61586
-3.48178
-3.36048
-3.2524
-3.15741
-3.07496
-3.00423
-2.94419
-2.89375
-2.85195
-2.81801
-2.79121
-2.77086
-2.75639
-2.74738
-2.7436
-4.21993
-4.07868
-3.94284
-3.81464
-3.69578
-3.58732
-3.48982
-3.40333
-3.32753
-3.26184
-3.20553
-3.15786
-3.11817
-3.08579
-3.06009
-3.04045
-3.02642
-3.01765
-3.01398
-4.36021
-4.23758
-4.11923
-4.007
-3.90229
-3.80609
-3.71893
-3.64096
-3.57205
-3.51184
-3.45988
-3.41568
-3.3787
-3.34838
-3.32415
-3.30556
-3.29222
-3.28386
-3.28037
-4.50005
-4.39417
-4.29169
-4.19411
-4.10261
-4.01803
-3.9409
-3.87142
-3.80961
-3.7553
-3.70819
-3.66793
-3.63406
-3.60614
-3.58372
-3.56644
-3.55402
-3.54623
-3.54297
-4.63964
-4.54897
-4.461
-4.37696
-4.29783
-4.22432
-4.15693
-4.09592
-4.04138
-3.99323
-3.95128
-3.91523
-3.88476
-3.85951
-3.83916
-3.82344
-3.81211
-3.805
-3.80203
-4.77918
-4.70246
-4.6279
-4.55648
-4.48901
-4.42611
-4.36821
-4.31558
-4.26834
-4.22646
-4.18979
-4.15815
-4.13129
-4.10894
-4.09089
-4.07691
-4.06682
-4.06048
-4.05783
-4.91889
-4.8551
-4.79305
-4.73351
-4.67712
-4.6244
-4.57571
-4.53132
-4.49132
-4.45571
-4.42442
-4.39731
-4.37422
-4.35498
-4.33939
-4.32729
-4.31855
-4.31305
-4.31077
-5.05883
-5.00721
-4.95696
-4.90867
-4.86286
-4.81993
-4.78018
-4.74383
-4.71098
-4.68164
-4.65578
-4.6333
-4.61411
-4.59809
-4.5851
-4.57499
-4.56768
-4.56309
-4.56118
-5.19909
-5.15902
-5.11999
-5.08246
-5.0468
-5.01332
-4.98226
-4.95379
-4.92799
-4.9049
-4.8845
-4.86674
-4.85154
-4.83882
-4.8285
-4.82046
-4.81464
-4.81098
-4.80947
-5.33971
-5.31071
-5.28247
-5.2553
-5.22945
-5.20515
-5.18257
-5.16183
-5.14301
-5.12613
-5.1112
-5.09818
-5.08702
-5.07768
-5.07008
-5.06416
-5.05987
-5.05717
-5.05606
-5.48077
-5.46251
-5.44472
-5.4276
-5.4113
-5.39597
-5.3817
-5.36858
-5.35666
-5.34596
-5.33649
-5.32821
-5.32112
-5.31517
-5.31032
-5.30655
-5.30382
-5.30209
-5.3014
-5.62238
-5.6146
-5.60703
-5.59975
-5.59282
-5.58629
-5.58021
-5.57462
-5.56954
-5.56497
-5.56092
-5.55739
-5.55435
-5.55181
-5.54973
-5.54811
-5.54694
-5.54621
-5.54592
2131.17
2104.86
2104.04
2101.63
2099.46
2097.48
2095.41
2093.25
2091.23
2089.86
2090.02
2093.16
2101.54
2118.43
2148.32
2196.97
2270.73
2377.24
2522.82
2699.96
2841.57
2863.19
2757.62
2071.09
2043.9
2043.07
2040.68
2038.51
2036.44
2034.24
2031.9
2029.67
2028.02
2027.81
2030.49
2038.27
2054.38
2083.25
2130.48
2202.39
2304.87
2439.09
2590.93
2725.13
2772.69
2689.49
2009.4
1981.29
1980.42
1978.09
1975.88
1973.66
1971.22
1968.58
1965.95
1963.79
1962.94
1964.77
1971.45
1986.16
2013.23
2058.1
2126.68
2223.78
2349.07
2489.02
2612.19
2694.33
2802.43
1946.13
1917.08
1916.14
1913.87
1911.6
1909.16
1906.37
1903.28
1900.08
1897.19
1895.39
1895.99
1901.07
1913.72
1938.17
1979.67
2043.83
2134.78
2251.71
2383.24
2507.99
2620.41
2799.32
1881.31
1851.3
1850.28
1848.07
1845.7
1842.95
1839.71
1836.03
1832.08
1828.22
1825.15
1824.11
1827.05
1836.95
1857.9
1895.01
1953.64
2037.62
2146.34
2270.85
2396.41
2521.99
2689.7
1815.01
1784.03
1782.91
1780.73
1778.2
1775.06
1771.26
1766.85
1761.95
1756.88
1752.23
1749.11
1749.35
1755.75
1772.27
1803.86
1855.77
1931.77
2031.72
2148.53
2270.09
2391.52
2516.07
1747.29
1715.35
1714.1
1711.92
1709.15
1705.52
1701.04
1695.75
1689.72
1683.17
1676.6
1670.96
1667.88
1669.98
1681.02
1705.85
1749.66
1816.36
1906.3
2013.33
2124.27
2221.37
2266.53
1678.23
1645.3
1643.9
1641.68
1638.6
1634.39
1629.12
1622.79
1615.44
1607.18
1598.36
1589.75
1582.74
1579.67
1584.09
1600.7
1634.65
1690.16
1768.15
1862.68
1956.58
2011.49
1921.14
5.25718
5.23105
5.23887
5.25013
5.26314
5.27537
5.28431
5.28831
5.28673
5.27974
5.26822
5.2534
5.23667
5.21944
5.20292
5.1882
5.17615
5.16744
5.1625
5.19745
5.17087
5.17885
5.19058
5.20428
5.21714
5.2265
5.23068
5.22906
5.22189
5.21007
5.19491
5.17788
5.16036
5.14361
5.12868
5.11648
5.10767
5.10267
5.13676
5.10962
5.11791
5.1305
5.14546
5.15949
5.16964
5.17412
5.1724
5.16484
5.15245
5.13669
5.11909
5.10105
5.08385
5.06858
5.0561
5.04709
5.04197
5.07509
5.04726
5.0558
5.06973
5.08667
5.10248
5.11379
5.11871
5.1168
5.10862
5.0954
5.07874
5.06029
5.04149
5.02365
5.00787
4.995
4.98569
4.98041
5.01254
4.98339
4.99232
5.00823
5.02791
5.04616
5.05903
5.06452
5.06232
5.05327
5.03894
5.02109
5.00148
4.98167
4.96299
4.94653
4.93313
4.92346
4.91796
4.94904
4.91742
4.92682
4.94577
4.96919
4.99066
5.00551
5.01164
5.00901
4.99886
4.9831
4.96374
4.94266
4.92156
4.90182
4.88451
4.87047
4.86035
4.85461
4.88454
4.84984
4.85918
4.88224
4.9106
4.9362
4.95345
4.96024
4.95697
4.94542
4.92789
4.90667
4.88382
4.86116
4.84011
4.82177
4.80697
4.79634
4.79031
4.82159
4.77947
4.78886
4.81726
4.85225
4.88308
4.90315
4.91056
4.90635
4.89301
4.87328
4.84983
4.82492
4.80042
4.77782
4.75826
4.74256
4.73135
4.72502
1588
1512.91
1511.15
1508.64
1504.73
1499.21
1492.17
1483.54
1473.2
1461.08
1447.18
1431.79
1415.68
1400.55
1389.36
1386.42
1396.86
1425.56
1474.86
1538.42
1590.99
1555.3
1216.98
1433.87
1355.56
1353.26
1349.99
1344.69
1337.21
1327.57
1315.56
1300.86
1283.04
1261.59
1236
1205.93
1171.77
1135.29
1099.91
1070.3
1051.97
1048.8
1060.32
1077.41
1038.06
831.3
1275.37
1194.16
1191.14
1186.7
1179.59
1169.69
1156.87
1140.74
1120.71
1095.93
1065.21
1026.89
978.932
919.501
848.249
766.396
675.848
576.232
483.162
364.402
369.87
425.499
406.323
1113.38
1029.69
1025.79
1019.81
1010.53
997.805
981.295
960.381
934.155
901.26
859.652
806.214
736.414
644.501
528.672
384.78
192.439
20.0819
-7.14279
-7.98463
-7.48655
-4.27293
16.1883
948.833
863.166
858.256
850.495
838.824
822.985
802.41
776.218
743.136
701.217
647.381
576.683
481.366
350.68
178.638
18.2182
-7.29425
-8.05645
-8.32855
-8.53957
-8.80268
-9.06731
-9.28097
782.712
695.692
689.696
680.063
665.931
646.874
622.097
590.419
550.204
498.921
432.272
344.008
219.053
44.7156
-5.62434
-7.64168
-7.99347
-8.29176
-8.5706
-8.81619
-9.0967
-9.44634
-9.95997
616.01
528.338
521.299
509.887
493.388
471.256
442.517
405.553
358.544
299.123
221.475
109.014
2.19594
-7.04642
-7.6361
-7.96347
-8.21738
-8.46506
-8.74162
-9.04676
-9.39779
-9.84443
-10.4375
449.804
362.12
354.124
341.185
322.436
297.595
265.832
224.374
171.011
105.447
31.5827
-6.26962
-6.10472
-7.63403
-7.96141
-8.13356
-8.34445
-8.60553
-8.91189
-9.2653
-9.67325
-10.1469
-10.6708
284.971
198.651
190.196
176.661
155.574
128.115
97.24
50.5832
9.72921
-6.48808
-5.78105
-5.7602
-5.7935
-7.83655
-8.05248
-8.20885
-8.43436
-8.71668
-9.05485
-9.45234
-9.91166
-10.4184
-10.8952
122.544
41.1102
33.0117
23.7037
9.16922
0.311048
-5.33198
-5.56407
-5.97537
-6.25437
-6.1773
-6.122
-6.26234
-7.85906
-8.02879
-8.22735
-8.47754
-8.78456
-9.15606
-9.60084
-10.1286
-10.7492
-11.493
5.41128
-4.94647
-5.02748
-5.1321
-5.11557
-5.35625
-5.60498
-5.80026
-6.09874
-6.32953
-6.39469
-6.40199
-6.57078
-7.83894
-7.97958
-8.19963
-8.47058
-8.80105
-9.20457
-9.69741
-10.3026
-11.0595
-12.0655
-4.98617
-5.07089
-5.13133
-5.20615
-5.29691
-5.4591
-5.67595
-5.93938
-6.27566
-6.6186
-6.81044
-6.83706
-6.99848
-7.6998
-7.87969
-8.12762
-8.41277
-8.76002
-9.18814
-9.72039
-10.3914
-11.2524
-12.3957
-5.12488
-5.20314
-5.24857
-5.31865
-5.41918
-5.5679
-5.77841
-6.07722
-6.5418
-7.09578
-7.47827
-7.45999
-7.31224
-7.53333
-7.74217
-8.01643
-8.30522
-8.65704
-9.09553
-9.64678
-10.3633
-11.2944
-12.5095
-5.24267
-5.31379
-5.35397
-5.41969
-5.51696
-5.65811
-5.86382
-6.18857
-6.78852
-7.5834
-8.06315
-7.86918
-7.5012
-7.49511
-7.65782
-7.87895
-8.1521
-8.49013
-8.91565
-9.46381
-10.1919
-11.1793
-12.5201
-5.34133
-5.40256
-5.43944
-5.50014
-5.59027
-5.72064
-5.91078
-6.22184
-6.80548
-7.40113
-7.74225
-7.68401
-7.50029
-7.42396
-7.53205
-7.71506
-7.9567
-8.26078
-8.64605
-9.14852
-9.83466
-10.8287
-12.362
-5.42244
-5.47149
-5.50503
-5.55967
-5.63985
-5.75476
-5.92013
-6.18321
-6.66263
-7.05398
-7.30447
-7.35503
-7.27258
-7.27235
-7.3656
-7.51902
-7.72139
-7.97451
-8.29146
-8.70109
-9.26002
-10.0905
-11.4957
-5.48469
-5.5223
-5.55194
-5.59916
-5.66748
-5.76375
-5.8971
-6.09072
-6.44449
-6.87963
-7.05969
-7.04014
-7.02805
-7.07335
-7.16492
-7.2928
-7.45208
-7.64351
-7.87244
-8.153
-8.51095
-8.99314
-9.70713
-5.52976
-5.55794
-5.58294
-5.62275
-5.67959
-5.75702
-5.85943
-5.98982
-6.16985
-6.39472
-6.58136
-6.65434
-6.75433
-6.84756
-6.94092
-7.04515
-7.16083
-7.2872
-7.42291
-7.56629
-7.71215
-7.83942
-7.89648
-5.56132
-5.5817
-5.6025
-5.63592
-5.68266
-5.7442
-5.82257
-5.91897
-6.03493
-6.16557
-6.29658
-6.41381
-6.52964
-6.6275
-6.71192
-6.79028
-6.86347
-6.92855
-6.97926
-7.00388
-6.97975
-6.86166
-6.56401
-5.58211
-5.59687
-5.61433
-5.64206
-5.68021
-5.72921
-5.79004
-5.86396
-5.95113
-6.04868
-6.15101
-6.25208
-6.34696
-6.42684
-6.49171
-6.54194
-6.57543
-6.58787
-6.57022
-6.50659
-6.37088
-6.12164
-5.6958
-5.59534
-5.60607
-5.6204
-5.64307
-5.67406
-5.71336
-5.76141
-5.81907
-5.88638
-5.96132
-6.03997
-6.11741
-6.18802
-6.24575
-6.28732
-6.3099
-6.30926
-6.27977
-6.21223
-6.09118
-5.89461
-5.59338
-5.15316
-5.60347
-5.61095
-5.62252
-5.64082
-5.66578
-5.69728
-5.73533
-5.78016
-5.8315
-5.88766
-5.94536
-6.00054
-6.04859
-6.08429
-6.10293
-6.10054
-6.07257
-6.01258
-5.91184
-5.75818
-5.53597
-5.22762
-4.8179
-5.60789
-5.61301
-5.62219
-5.63669
-5.65647
-5.68136
-5.711
-5.74488
-5.78231
-5.82204
-5.86174
-5.89793
-5.92629
-5.94207
-5.94063
-5.91777
-5.86907
-5.78856
-5.66854
-5.50015
-5.27367
-4.9797
-4.61316
-5.60975
-5.61301
-5.62012
-5.63129
-5.64647
-5.66536
-5.68731
-5.71145
-5.73694
-5.76295
-5.78771
-5.80807
-5.81988
-5.81897
-5.80133
-5.763
-5.69965
-5.60626
-5.47703
-5.30592
-5.08725
-4.81687
-4.49436
-5.60984
-5.61176
-5.61701
-5.62521
-5.63615
-5.64944
-5.66444
-5.6803
-5.69619
-5.71117
-5.72362
-5.73079
-5.7291
-5.71493
-5.68484
-5.63529
-5.56244
-5.46227
-5.33081
-5.16423
-4.95946
-4.71501
-4.43263
-5.60912
-5.61024
-5.61384
-5.61934
-5.62649
-5.63492
-5.64409
-5.65329
-5.66153
-5.66754
-5.66972
-5.6659
-5.65331
-5.62891
-5.58965
-5.5325
-5.4544
-5.35233
-5.22353
-5.0657
-4.87734
-4.65832
-4.41121
-5.60821
-5.60863
-5.61082
-5.61402
-5.61802
-5.62248
-5.62693
-5.63062
-5.63247
-5.6311
-5.62497
-5.61239
-5.59134
-5.55942
-5.51402
-5.45261
-5.37279
-5.27235
-5.14938
-5.0025
-4.83118
-4.63614
-4.41945
-5.60693
-5.60655
-5.60755
-5.6089
-5.61037
-5.61162
-5.61215
-5.61121
-5.60781
-5.60066
-5.58839
-5.56955
-5.54257
-5.50564
-5.45675
-5.39383
-5.31497
-5.21848
-5.10307
-4.96797
-4.8132
-4.63973
-4.44986
-5.6052
-5.60456
-5.60458
-5.60444
-5.60386
-5.60251
-5.59989
-5.5953
-5.58789
-5.5766
-5.5602
-5.5374
-5.50686
-5.46717
-5.41682
-5.35426
-5.27802
-5.18682
-5.07978
-4.95657
-4.8175
-4.66373
-4.49712
-5.60427
-5.60431
-5.60355
-5.6022
-5.6
-5.59662
-5.59158
-5.58431
-5.57405
-5.55992
-5.54089
-5.51581
-5.48352
-5.44283
-5.39259
-5.33166
-5.25902
-5.17378
-5.07538
-4.96374
-4.83933
-4.70321
-4.55716
-5.60578
-5.60714
-5.60576
-5.60346
-5.60001
-5.59509
-5.58828
-5.57908
-5.56685
-5.55084
-5.5302
-5.50397
-5.47114
-5.43074
-5.38183
-5.32358
-5.25527
-5.17636
-5.08659
-4.98602
-4.87516
-4.75498
-4.62701
-5.61048
-5.61317
-5.61134
-5.60833
-5.60395
-5.5979
-5.58985
-5.57934
-5.56583
-5.5487
-5.52724
-5.50067
-5.46819
-5.42901
-5.38236
-5.32762
-5.26428
-5.19203
-5.11079
-5.02075
-4.92242
-4.81664
-4.70474
-5.61809
-5.6219
-5.61975
-5.61624
-5.61123
-5.60445
-5.59561
-5.58433
-5.57016
-5.55257
-5.53099
-5.50481
-5.47339
-5.43612
-5.39241
-5.34179
-5.28388
-5.21852
-5.14572
-5.06573
-4.97905
-4.88642
-4.78895
-5.62805
-5.63282
-5.63049
-5.6267
-5.62134
-5.61418
-5.60498
-5.59342
-5.57913
-5.56167
-5.54061
-5.51545
-5.4857
-5.4509
-5.41062
-5.36451
-5.31231
-5.25392
-5.18941
-5.11907
-5.04333
-4.96281
-4.87848
-5.64002
-5.6457
-5.64329
-5.6394
-5.63394
-5.62672
-5.61752
-5.60611
-5.59217
-5.57538
-5.55536
-5.53177
-5.50421
-5.47235
-5.43587
-5.39453
-5.34817
-5.29675
-5.24034
-5.17923
-5.1138
-5.04458
-4.97236
-5.65383
-5.66038
-5.65799
-5.65417
-5.64881
-5.64178
-5.63291
-5.62201
-5.60883
-5.59312
-5.57461
-5.55302
-5.52806
-5.4995
-5.46712
-5.43075
-5.39031
-5.34578
-5.29727
-5.24502
-5.18939
-5.1308
-5.06985
-5.66935
-5.67674
-5.67446
-5.67082
-5.66575
-5.65913
-5.65085
-5.64075
-5.62865
-5.61438
-5.59772
-5.57848
-5.55645
-5.53149
-5.50343
-5.47217
-5.43769
-5.39999
-5.35918
-5.31548
-5.26919
-5.22064
-5.17031
-5.68644
-5.69463
-5.69253
-5.68919
-5.68454
-5.67852
-5.67103
-5.66196
-5.65121
-5.63863
-5.6241
-5.60748
-5.58864
-5.56748
-5.54391
-5.51786
-5.48936
-5.45842
-5.42516
-5.38974
-5.35242
-5.31348
-5.27322
-5.70495
-5.71386
-5.71201
-5.70907
-5.70496
-5.69967
-5.69314
-5.6853
-5.67608
-5.6654
-5.6532
-5.6394
-5.62393
-5.60673
-5.58775
-5.56699
-5.54447
-5.52024
-5.49438
-5.46704
-5.43842
-5.40873
-5.37816
-5.72467
-5.7342
-5.73268
-5.7302
-5.72673
-5.72227
-5.71682
-5.71033
-5.7028
-5.69419
-5.68447
-5.67363
-5.66166
-5.64853
-5.63424
-5.6188
-5.60225
-5.58466
-5.56611
-5.54669
-5.52657
-5.50589
-5.48476
-5.74528
-5.75583
-5.75471
-5.75274
-5.74994
-5.74637
-5.74205
-5.73698
-5.73121
-5.72473
-5.71758
-5.70978
-5.70136
-5.69233
-5.68274
-5.67263
-5.66203
-5.65103
-5.6397
-5.6281
-5.61633
-5.60451
-5.59266
-5.76708
-5.77602
-5.77536
-5.77392
-5.77186
-5.76927
-5.76621
-5.76272
-5.75888
-5.75473
-5.75034
-5.74578
-5.74111
-5.73638
-5.73168
-5.72705
-5.72256
-5.71826
-5.71422
-5.71049
-5.7071
-5.70414
-5.7016
236.274
-10.277
4.52063
4.64586
452.793
186.375
27.0182
-1.50003
273.295
190.198
124.734
78.3634
70.1026
69.9378
62.6542
68.5658
-8.33949
-4.51775
13.1473
9.0748
-10.4524
-10.6045
-10.6788
-9.7986
-10.9243
-11.1296
-11.3416
-11.452
-11.0505
-11.2316
-11.3962
-11.5934
-11.3704
-11.7554
-12.0996
-12.3478
-12.4612
-13.1063
-13.7902
-14.2522
-13.3381
-14.0215
-14.8702
-16.7344
-13.7053
-14.2848
-14.8038
-30.3923
-13.7538
-14.2667
-14.2905
-44.1724
-13.9267
-14.6192
-15.4999
-14.845
-14.4281
-15.7468
-16.7195
-17.3809
-14.0861
-16.7446
-20.7578
-31.8837
-10.7435
-11.5642
-12.5598
-13.176
-7.70047
-7.36143
-6.70413
-5.51175
-5.99778
-5.52082
-4.8799
-4.07794
-5.10446
-4.68499
-4.19627
-3.65214
-4.62715
-4.287
-3.91461
-3.51949
-4.36941
-4.09468
-3.80343
-3.5015
-4.23475
-4.01019
-3.77641
-3.53682
-4.17426
-3.98811
-3.79605
-3.60038
-4.15969
-4.00319
-3.84287
-3.68015
-4.17646
-4.0431
-3.90735
-3.77025
-4.21651
-4.10201
-3.98591
-3.86897
-4.27386
-4.1751
-4.07511
-3.97442
-4.34411
-4.2585
-4.17186
-4.08461
-4.42388
-4.34948
-4.27417
-4.19833
-4.51088
-4.44622
-4.38079
-4.31488
-4.60365
-4.54753
-4.4908
-4.43364
-4.70124
-4.65265
-4.6036
-4.55422
-4.80284
-4.76099
-4.71881
-4.67639
-4.90777
-4.87209
-4.83615
-4.80004
-5.01551
-4.98553
-4.95536
-4.92506
-5.12557
-5.10093
-5.07616
-5.05128
-5.23758
-5.21798
-5.1983
-5.17854
-5.35121
-5.33643
-5.3216
-5.30672
-5.46622
-5.4561
-5.44594
-5.43577
-5.58238
-5.5768
-5.57121
-5.56562
-5.69955
-5.69844
-5.69734
-5.69623
4.68112
4.63903
4.6483
4.69209
4.74544
4.78956
4.81594
4.82405
4.81699
4.79899
4.77397
4.74532
4.71571
4.68714
4.66113
4.63888
4.62121
4.60871
4.6017
4.57879
4.39525
4.45156
4.53456
4.62702
4.69409
4.72869
4.73542
4.72194
4.69551
4.66176
4.62499
4.58833
4.55384
4.52301
4.49699
4.47659
4.46229
4.45433
11.0508
4.23183
4.16143
4.35597
4.52427
4.62181
4.66164
4.66149
4.63624
4.59692
4.55114
4.5038
4.45827
4.41665
4.38017
4.34983
4.32628
4.30993
4.30089
65.4861
2.75468
3.62164
4.18351
4.46696
4.58886
4.62226
4.60486
4.55977
4.50199
4.44041
4.38003
4.32399
4.27417
4.23141
4.19633
4.16937
4.1508
4.1406
-4.45225
-3.78847
3.11977
4.15222
4.49945
4.61072
4.61553
4.56506
4.49028
4.40787
4.3268
4.25124
4.18346
4.12471
4.07529
4.03531
4.00485
3.98399
3.97258
-50.7445
-33.2161
4.20669
4.20995
4.62408
4.69395
4.63994
4.53747
4.42232
4.30971
4.20632
4.11428
4.03422
3.96637
3.91029
3.8655
3.83167
3.80859
3.79601
-10.9244
-42.1493
2.12046
4.5827
4.93549
4.84941
4.68605
4.51052
4.3464
4.2004
4.07382
3.96535
3.87351
3.79709
3.73482
3.68564
3.64878
3.62373
3.61008
-12.097
-20.6676
5.48828
5.62542
5.41284
5.03833
4.72271
4.46288
4.24887
4.07118
3.92347
3.80052
3.69854
3.61486
3.54737
3.49456
3.45524
3.4286
3.41411
-12.0481
-2.06116
9.58572
6.63912
5.76099
5.13093
4.69168
4.36628
4.11434
3.91305
3.74975
3.61616
3.50682
3.41792
3.34669
3.29131
3.2503
3.22259
3.20752
-20.8427
1.85054
8.98809
6.73587
5.70642
5.02197
4.54646
4.19834
3.93113
3.71929
3.54854
3.4096
3.29651
3.20497
3.13186
3.07524
3.03344
3.00528
2.98999
-37.1375
1.29892
6.4717
6.07118
5.25736
4.69897
4.2786
3.95366
3.69563
3.4874
3.31804
3.17955
3.06671
2.97536
2.90245
2.84606
2.8045
2.77654
2.7614
-9.70837
4.81856
4.91131
4.95458
4.58108
4.23434
3.91793
3.64431
3.41269
3.21928
3.05889
2.92622
2.81747
2.72914
2.65852
2.60387
2.56358
2.53651
2.5219
-6.35668
3.15873
3.40981
3.87679
3.89338
3.73055
3.51062
3.29123
3.0921
2.91977
2.77362
2.65106
2.54978
2.46701
2.40064
2.34916
2.31113
2.28561
2.2719
-4.84378
2.64711
2.23795
3.22092
3.36189
3.26148
3.09175
2.91201
2.74348
2.59441
2.46565
2.35638
2.26528
2.19024
2.12982
2.08277
2.04788
2.02451
2.01202
-18.2283
5.61832
3.1301
3.1435
2.99175
2.82894
2.66767
2.5139
2.37304
2.24791
2.13856
2.04496
1.96607
1.90051
1.84743
1.80584
1.77484
1.75413
1.74312
-20.5894
2.53231
3.26284
2.86627
2.56288
2.36997
2.22262
2.09608
1.98389
1.88405
1.79596
1.71974
1.65455
1.59976
1.55508
1.51972
1.49321
1.47556
1.46621
-7.21315
1.46473
2.22253
2.12282
1.9673
1.84545
1.74538
1.65784
1.57888
1.50668
1.4415
1.38381
1.33329
1.29017
1.25455
1.22595
1.20437
1.19003
1.18244
-3.17192
-0.126327
0.92622
1.21963
1.28061
1.27286
1.2428
1.20453
1.16299
1.12033
1.07902
1.04035
1.00498
0.973975
0.947718
0.926153
0.909758
0.898852
0.893048
-2.87739
-1.08437
-0.0963394
0.375922
0.593003
0.691576
0.733477
0.746505
0.743079
0.730176
0.712498
0.692647
0.672381
0.653443
0.636484
0.622018
0.610878
0.603386
0.599323
-2.89275
-1.68854
-0.84986
-0.337095
-0.0378248
0.135756
0.236857
0.295055
0.326546
0.341466
0.346055
0.343978
0.338175
0.330731
0.322719
0.315209
0.309176
0.304951
0.302544
-2.98239
-2.10264
-1.41013
-0.920772
-0.592363
-0.376009
-0.23389
-0.140668
-0.079962
-0.040907
-0.0166717
-0.00262388
0.00477485
0.00786269
0.00822711
0.00728832
0.00602609
0.00483163
0.00397173
-3.09483
-2.41633
-1.8434
-1.3996
-1.07287
-0.838528
-0.672204
-0.554569
-0.471557
-0.413184
-0.372547
-0.344642
-0.325765
-0.313333
-0.305379
-0.300364
-0.297346
-0.295783
-0.29517
-3.21515
-2.67219
-2.19338
-1.79932
-1.48992
-1.25376
-1.07619
-0.94377
-0.845522
-0.772836
-0.719298
-0.680152
-0.651726
-0.631271
-0.616714
-0.60656
-0.59983
-0.595791
-0.593802
-3.33818
-2.89227
-2.48772
-2.14073
-1.85524
-1.62684
-1.44744
-1.30819
-1.20082
-1.11838
-1.05546
-1.00775
-0.971709
-0.944666
-0.924677
-0.910291
-0.900402
-0.894173
-0.890947
-3.46221
-3.08924
-2.74415
-2.43929
-2.17962
-1.9644
-1.78947
-1.64912
-1.53746
-1.44934
-1.38033
-1.32651
-1.28472
-1.25264
-1.22846
-1.2107
-1.19818
-1.19008
-1.18579
-3.58684
-3.27086
-2.97418
-2.70631
-2.47216
-2.27266
-2.10589
-1.96843
-1.85643
-1.76606
-1.69366
-1.63591
-1.59025
-1.55467
-1.52743
-1.50704
-1.49243
-1.48284
-1.4777
-3.71261
-3.44214
-3.18542
-2.94981
-2.7397
-2.55671
-2.40032
-2.26867
-2.15927
-2.06922
-1.99561
-1.93594
-1.88816
-1.85043
-1.82107
-1.79877
-1.78263
-1.77194
-1.76618
-3.8397
-3.60626
-3.38297
-3.17551
-2.98762
-2.82117
-2.67641
-2.55242
-2.44754
-2.35967
-2.28677
-2.22696
-2.1785
-2.13966
-2.10902
-2.08554
-2.06843
-2.05704
-2.05089
-3.96784
-3.76531
-3.57046
-3.38773
-3.22026
-3.06987
-2.93719
-2.82182
-2.72273
-2.6386
-2.568
-2.50942
-2.46131
-2.42225
-2.39116
-2.36721
-2.34968
-2.33794
-2.33158
-4.09685
-3.92067
-3.75042
-3.5896
-3.44079
-3.30568
-3.18503
-3.07882
-2.98654
-2.90732
-2.84011
-2.78366
-2.73674
-2.69833
-2.6676
-2.64382
-2.62632
-2.61454
-2.60812
-4.22663
-4.07329
-3.9246
-3.78331
-3.65159
-3.53092
-3.4221
-3.32537
-3.24048
-3.16687
-3.10373
-3.05013
-3.00523
-2.96829
-2.9386
-2.9155
-2.8984
-2.88683
-2.88052
-4.35705
-4.22383
-4.09427
-3.9706
-3.85459
-3.74753
-3.65023
-3.56297
-3.48572
-3.41809
-3.35956
-3.30952
-3.2674
-3.23258
-3.20444
-3.18242
-3.16603
-3.15491
-3.14883
-4.48804
-4.37278
-4.26042
-4.15275
-4.05124
-3.95699
-3.87074
-3.79282
-3.72329
-3.66198
-3.60859
-3.56271
-3.52391
-3.49166
-3.46546
-3.44484
-3.42944
-3.41897
-3.41323
-4.61959
-4.52052
-4.42375
-4.33073
-4.24266
-4.16048
-4.08483
-4.01608
-3.95437
-3.89967
-3.8518
-3.81048
-3.77534
-3.74598
-3.72201
-3.70308
-3.68889
-3.67924
-3.67393
-4.75172
-4.6674
-4.5849
-4.50539
-4.42987
-4.35912
-4.29369
-4.23396
-4.18011
-4.13217
-4.09002
-4.05347
-4.02223
-3.99601
-3.97451
-3.9575
-3.94472
-3.93601
-3.93122
-4.88452
-4.81375
-4.74446
-4.67756
-4.61385
-4.55398
-4.49843
-4.44753
-4.40148
-4.36031
-4.32396
-4.2923
-4.26513
-4.24225
-4.22345
-4.20853
-4.19731
-4.18964
-4.18543
-5.01798
-4.95987
-4.90294
-4.8479
-4.79539
-4.74593
-4.69991
-4.65763
-4.61923
-4.58479
-4.55428
-4.5276
-4.50464
-4.48526
-4.46931
-4.45662
-4.44705
-4.44052
-4.43693
-5.15209
-5.10591
-5.06067
-5.01689
-4.97507
-4.93561
-4.89881
-4.8649
-4.83404
-4.80628
-4.78161
-4.75999
-4.74134
-4.72556
-4.71256
-4.7022
-4.69438
-4.68904
-4.6861
-5.2868
-5.25202
-5.21794
-5.18495
-5.1534
-5.12358
-5.09573
-5.07002
-5.04657
-5.02543
-5.00661
-4.99009
-4.97581
-4.96371
-4.95372
-4.94575
-4.93974
-4.93562
-4.93336
-5.42213
-5.39832
-5.375
-5.35243
-5.33082
-5.31038
-5.29127
-5.2736
-5.25745
-5.24288
-5.22989
-5.21847
-5.20859
-5.20021
-5.19327
-5.18774
-5.18357
-5.1807
-5.17913
-5.5581
-5.54497
-5.53212
-5.51969
-5.50779
-5.49653
-5.48598
-5.47622
-5.4673
-5.45924
-5.45205
-5.44572
-5.44024
-5.43559
-5.43174
-5.42866
-5.42634
-5.42475
-5.42387
-5.69473
-5.69212
-5.68957
-5.6871
-5.68474
-5.6825
-5.68041
-5.67847
-5.6767
-5.6751
-5.67366
-5.6724
-5.67132
-5.67039
-5.66962
-5.669
-5.66854
-5.66822
-5.66804
2103.75
2104.87
2102.85
2100.5
2098.47
2096.46
2094.33
2092.19
2090.42
2089.67
2091.1
2096.52
2108.68
2131.42
2169.89
2230.32
2319.41
2444.99
2609.41
2782.84
2873.5
2765.94
2954.9
2042.82
2043.9
2041.89
2039.56
2037.48
2035.36
2033.08
2030.75
2028.73
2027.66
2028.68
2033.57
2045.03
2066.89
2104.19
2162.95
2249.52
2368.38
2514.65
2663.08
2767.63
2699.29
2903.62
1980.27
1981.26
1979.27
1976.96
1974.79
1972.47
1969.92
1967.24
1964.77
1963.13
1963.4
1967.33
1977.56
1997.83
2033.07
2089.07
2171.49
2283.34
2418.81
2555.06
2658.19
2727.42
2961.85
1916.13
1916.98
1915.02
1912.74
1910.42
1907.81
1904.86
1901.68
1898.56
1896.09
1895.28
1897.8
1906.21
1924.16
1956.43
2008.6
2085.83
2190.41
2316.87
2447.84
2563.7
2693.17
2942.27
1850.47
1851.13
1849.19
1846.92
1844.38
1841.39
1837.92
1834.07
1830.1
1826.53
1824.28
1824.92
1830.9
1845.74
1874.09
1921.33
1992.35
2089.22
2207.53
2334.28
2458.05
2598.31
2802.78
1783.35
1783.77
1781.85
1779.53
1776.71
1773.24
1769.12
1764.45
1759.41
1754.45
1750.39
1748.66
1751.56
1762.46
1785.84
1826.98
1890.65
1979.01
2088.75
2209.43
2330.75
2456.12
2582.04
1714.85
1714.97
1713.05
1710.63
1707.45
1703.39
1698.49
1692.81
1686.48
1679.84
1673.58
1668.96
1668.08
1674.1
1691.38
1725.08
1780.02
1858.62
1958.37
2069.36
2176.14
2256.83
2238.01
1645.06
1644.77
1642.87
1640.27
1636.63
1631.89
1626.09
1619.24
1611.4
1602.8
1593.96
1585.92
1580.52
1580.67
1590.55
1615.2
1659.55
1726.51
1814.11
1911.38
1992.93
1994.24
1610.33
5.22869
5.23448
5.24414
5.25657
5.26953
5.28038
5.28699
5.28823
5.28387
5.27448
5.26114
5.24518
5.22804
5.21102
5.19528
5.18179
5.17134
5.16448
5.16152
5.16846
5.17436
5.18432
5.19735
5.21099
5.22239
5.2293
5.2306
5.22613
5.21648
5.20281
5.18654
5.1691
5.15182
5.13586
5.1222
5.11162
5.10467
5.10167
5.10719
5.11324
5.12373
5.13788
5.1528
5.1652
5.17265
5.17403
5.1693
5.15917
5.14489
5.12803
5.11004
5.09227
5.07591
5.06195
5.05113
5.04402
5.04095
5.04486
5.05098
5.06214
5.07808
5.09496
5.10885
5.11711
5.1186
5.11343
5.10254
5.08739
5.06965
5.05085
5.03238
5.01544
5.00103
4.98986
4.98253
4.97935
4.98134
4.98725
4.99948
5.01793
5.03751
5.05344
5.06275
5.06435
5.05856
5.04666
5.03034
5.01141
4.99151
4.97211
4.95442
4.9394
4.9278
4.92016
4.91686
4.91644
4.92141
4.93532
4.95733
4.98053
4.9991
5.00971
5.01137
5.00476
4.99155
4.97375
4.9533
4.93202
4.91145
4.8928
4.87704
4.86489
4.85691
4.85346
4.85086
4.85319
4.86955
4.89627
4.92418
4.94607
4.95817
4.95977
4.95209
4.93725
4.9176
4.89533
4.87237
4.85036
4.83054
4.81388
4.8011
4.79273
4.7891
4.78405
4.78208
4.80154
4.83464
4.86873
4.89467
4.90842
4.90977
4.90065
4.88377
4.86187
4.83743
4.81252
4.7888
4.7676
4.74988
4.73637
4.72756
4.72375
1513.05
1512.12
1510.03
1506.89
1502.16
1495.88
1488.06
1478.59
1467.36
1454.34
1439.64
1423.74
1407.84
1394.22
1386.54
1389.64
1408.68
1447.7
1505.87
1568.79
1592.33
1434.51
796.139
1356.22
1354.45
1351.84
1347.62
1341.22
1332.67
1321.88
1308.57
1292.37
1272.8
1249.35
1221.53
1189.29
1153.64
1117.19
1084.07
1059.36
1048.22
1053.84
1068.38
1072.4
963.827
660.598
1195.4
1192.68
1189.22
1183.49
1174.99
1163.66
1149.25
1131.26
1108.98
1081.4
1047.12
1004.25
950.718
885.305
808.425
722.18
626.933
525.152
441.277
337.967
402.141
433.901
340.773
1031.51
1027.81
1023.19
1015.59
1004.61
990.056
971.437
948.003
918.649
881.708
834.66
773.717
693.505
589.601
460.266
294.361
76.8072
-0.0397702
-8.24908
-7.72096
-6.6927
1.47197
49.3643
865.514
860.866
854.85
845.159
831.453
813.337
790.084
760.64
723.439
676.034
614.548
532.796
420.922
271.442
79.9179
-3.19447
-7.67442
-8.24505
-8.4203
-8.65778
-8.94756
-9.17644
-9.14317
698.451
692.96
685.427
673.578
657.059
635.265
607.208
571.509
526.156
467.844
391.101
289.21
130.521
4.76821
-7.22683
-7.83907
-8.14799
-8.43826
-8.69061
-8.95103
-9.25814
-9.67813
-10.277
531.361
525.194
516.204
502.303
483.071
457.801
425.165
383.466
330.572
263.058
171.361
44.8343
-6.05842
-7.46335
-7.79955
-8.09673
-8.33959
-8.59958
-8.89
-9.21463
-9.60375
-10.1263
-10.7436
365.252
358.548
348.33
332.594
310.782
282.725
246.242
200.01
139.153
63.0709
0.674032
-6.0214
-6.9522
-7.87797
-8.04123
-8.23281
-8.46919
-8.75308
-9.08234
-9.4619
-9.90118
-10.4088
-10.9036
201.146
194.86
184.084
167.469
142.404
112.761
73.3969
33.4759
-1.69712
-6.12486
-5.69746
-5.78918
-6.96546
-8.00366
-8.11936
-8.3142
-8.56864
-8.87859
-9.24591
-9.67449
-10.1617
-10.6696
-11.1252
44.6014
36.8426
28.3816
19.17
4.39732
-3.35759
-5.30558
-5.78208
-6.18285
-6.23183
-6.12178
-6.12622
-7.5593
-7.9407
-8.1205
-8.3461
-8.62344
-8.96174
-9.36871
-9.85374
-10.4268
-11.1013
-11.969
-4.93392
-4.98238
-5.08505
-5.10304
-5.21192
-5.50125
-5.68993
-5.94439
-6.23469
-6.3788
-6.38625
-6.40386
-7.68213
-7.87932
-8.08354
-8.32854
-8.62755
-8.99279
-9.43858
-9.98412
-10.6584
-11.5203
-12.7302
-5.04881
-5.09808
-5.16806
-5.24543
-5.36846
-5.56334
-5.79974
-6.09932
-6.45673
-6.73845
-6.82992
-6.81019
-7.54835
-7.7829
-8.00542
-8.26347
-8.57761
-8.96266
-9.43953
-10.0359
-10.7939
-11.7798
-13.1129
-5.19031
-5.22285
-5.28035
-5.36416
-5.48653
-5.66477
-5.91354
-6.28341
-6.82551
-7.32817
-7.50487
-7.36549
-7.38888
-7.6798
-7.89051
-8.15429
-8.47196
-8.86372
-9.35696
-9.98196
-10.7984
-11.8647
-13.2242
-5.30375
-5.33093
-5.38342
-5.46377
-5.58101
-5.75105
-6.00424
-6.45315
-7.17357
-7.89606
-8.03137
-7.6202
-7.50169
-7.57801
-7.76247
-8.00852
-8.31182
-8.69011
-9.17155
-9.80084
-10.6479
-11.8019
-13.3195
-5.39286
-5.4182
-5.46657
-5.54098
-5.64948
-5.80625
-6.04119
-6.48771
-7.12
-7.61665
-7.75872
-7.58022
-7.43027
-7.46928
-7.61579
-7.82871
-8.10011
-8.44151
-8.87942
-9.46273
-10.2818
-11.5083
-13.4397
-5.46173
-5.48583
-5.52943
-5.59622
-5.69207
-5.83008
-6.03111
-6.40114
-6.88739
-7.1926
-7.36097
-7.3163
-7.25462
-7.31028
-7.43594
-7.61421
-7.84106
-8.12368
-8.48202
-8.9566
-9.62889
-10.687
-12.6902
-5.51363
-5.535
-5.57327
-5.63032
-5.71153
-5.82525
-5.98228
-6.24165
-6.66869
-7.02353
-7.05045
-7.03277
-7.04377
-7.11409
-7.2248
-7.36857
-7.54358
-7.75264
-8.00499
-8.32006
-8.73213
-9.30847
-10.2401
-5.5507
-5.56866
-5.60088
-5.64883
-5.71545
-5.80491
-5.92071
-6.07112
-6.28156
-6.49729
-6.62716
-6.70089
-6.80192
-6.893
-6.99162
-7.10156
-7.2228
-7.35396
-7.49378
-7.6397
-7.78031
-7.88306
-7.8408
-5.57581
-5.59055
-5.61759
-5.65757
-5.71146
-5.78117
-5.86845
-5.9745
-6.0991
-6.2326
-6.35608
-6.47251
-6.58125
-6.67059
-6.75173
-6.82762
-6.89732
-6.95629
-6.99586
-7.00005
-6.93649
-6.74397
-6.29003
-5.5919
-5.60433
-5.62691
-5.65982
-5.70331
-5.75806
-5.82531
-5.90598
-5.9989
-6.09969
-6.20192
-6.30091
-6.38896
-6.46105
-6.51873
-6.561
-6.58468
-6.58362
-6.5455
-6.44989
-6.2638
-5.93609
-5.3869
-5.60199
-5.61219
-5.63068
-5.65753
-5.69267
-5.73625
-5.789
-5.85158
-5.92311
-6.00048
-6.07915
-6.15399
-6.21874
-6.26871
-6.30121
-6.3128
-6.29858
-6.25155
-6.15963
-6.00397
-5.75916
-5.39297
-4.86951
-5.60766
-5.6159
-5.63083
-5.65248
-5.68072
-5.71547
-5.75689
-5.80507
-5.85915
-5.91656
-5.97353
-6.02578
-6.0683
-6.096
-6.10462
-6.0901
-6.04706
-5.96798
-5.84252
-5.65673
-5.39366
-5.03612
-4.571
-5.61039
-5.61694
-5.62877
-5.64593
-5.66829
-5.69561
-5.72745
-5.76321
-5.80201
-5.84209
-5.88053
-5.91338
-5.93606
-5.94377
-5.93212
-5.89698
-5.83324
-5.73403
-5.59098
-5.39479
-5.13562
-4.80546
-4.40239
-5.61097
-5.61606
-5.6252
-5.63839
-5.65549
-5.67601
-5.69917
-5.72407
-5.74996
-5.77565
-5.79869
-5.81531
-5.82127
-5.81249
-5.78501
-5.73474
-5.65705
-5.5465
-5.39709
-5.20284
-4.95868
-4.66202
-4.31459
-5.61025
-5.61401
-5.62075
-5.63035
-5.64253
-5.65677
-5.67231
-5.68829
-5.70386
-5.71785
-5.72808
-5.73129
-5.72379
-5.70208
-5.66273
-5.60202
-5.51602
-5.4007
-5.25212
-5.06677
-4.84218
-4.57834
-4.27854
-5.60919
-5.61179
-5.61637
-5.62273
-5.63057
-5.63945
-5.64874
-5.6576
-5.66491
-5.66924
-5.66872
-5.66089
-5.64278
-5.61133
-5.5635
-5.49626
-5.40654
-5.29143
-5.14837
-4.97538
-4.77161
-4.5381
-4.27827
-5.60799
-5.60959
-5.61231
-5.61595
-5.62022
-5.62475
-5.62893
-5.63186
-5.63229
-5.62873
-5.6196
-5.60306
-5.57689
-5.53856
-5.48547
-5.41514
-5.32527
-5.21378
-5.07899
-4.91989
-4.7365
-4.53023
-4.30423
-5.60625
-5.607
-5.60819
-5.60964
-5.61106
-5.61202
-5.61192
-5.60989
-5.60479
-5.59526
-5.57988
-5.55718
-5.52547
-5.48282
-5.42717
-5.3565
-5.26902
-5.1632
-5.038
-4.89301
-4.7287
-4.54666
-4.34972
-5.60453
-5.60457
-5.60454
-5.60422
-5.60331
-5.6014
-5.59789
-5.59201
-5.5828
-5.56911
-5.54968
-5.52318
-5.48825
-5.44342
-5.38716
-5.31794
-5.23436
-5.13532
-5.0202
-4.88896
-4.74233
-4.58183
-4.40992
-5.60451
-5.60399
-5.60296
-5.60122
-5.59848
-5.59434
-5.58827
-5.5796
-5.56753
-5.55108
-5.52918
-5.50064
-5.4643
-5.41897
-5.36353
-5.29687
-5.21801
-5.12624
-5.0212
-4.90308
-4.77264
-4.63129
-4.48111
-5.60751
-5.60655
-5.60474
-5.6019
-5.59775
-5.59195
-5.58402
-5.57339
-5.55937
-5.54116
-5.51785
-5.48844
-5.45195
-5.40741
-5.35392
-5.29072
-5.21717
-5.13284
-5.03763
-4.93182
-4.81615
-4.69185
-4.56067
-5.61368
-5.61239
-5.61
-5.60633
-5.60115
-5.59416
-5.58493
-5.573
-5.55776
-5.53856
-5.51464
-5.48522
-5.44949
-5.40666
-5.35604
-5.29705
-5.22928
-5.15253
-5.06684
-4.97257
-4.87039
-4.76137
-4.64693
-5.6225
-5.62098
-5.61817
-5.61394
-5.60808
-5.60031
-5.59031
-5.57764
-5.56183
-5.54232
-5.51851
-5.48979
-5.45552
-5.4151
-5.36799
-5.31376
-5.25214
-5.18303
-5.1066
-5.02318
-4.93342
-4.83821
-4.73876
-5.63347
-5.63182
-5.62878
-5.62423
-5.618
-5.60985
-5.59952
-5.58664
-5.57082
-5.55162
-5.52857
-5.50117
-5.46896
-5.43147
-5.38831
-5.33918
-5.28389
-5.22242
-5.15495
-5.08183
-5.00362
-4.92106
-4.83518
-5.64636
-5.64467
-5.64153
-5.63688
-5.63056
-5.62238
-5.61211
-5.59948
-5.58415
-5.5658
-5.54404
-5.51851
-5.48883
-5.4547
-5.41582
-5.37198
-5.32309
-5.26915
-5.21035
-5.14702
-5.07963
-5.00878
-4.93537
-5.66105
-5.65936
-5.65626
-5.65169
-5.64552
-5.63758
-5.62772
-5.61572
-5.60131
-5.58423
-5.56422
-5.54097
-5.51425
-5.4838
-5.44944
-5.41104
-5.36855
-5.32201
-5.27159
-5.2176
-5.16044
-5.10061
-5.03871
-5.67739
-5.67577
-5.67282
-5.66847
-5.66264
-5.6552
-5.64603
-5.63496
-5.6218
-5.60636
-5.58844
-5.56782
-5.54435
-5.51786
-5.48821
-5.45533
-5.41923
-5.37996
-5.33767
-5.29264
-5.24517
-5.19566
-5.14465
-5.69523
-5.69373
-5.69102
-5.68703
-5.6817
-5.67497
-5.6667
-5.6568
-5.64515
-5.63162
-5.61606
-5.59835
-5.57835
-5.556
-5.5312
-5.50392
-5.47419
-5.44207
-5.4077
-5.3713
-5.33314
-5.29348
-5.25276
-5.7144
-5.71307
-5.71068
-5.70716
-5.70247
-5.69657
-5.68939
-5.68086
-5.67093
-5.6595
-5.6465
-5.63187
-5.61555
-5.59746
-5.57759
-5.55595
-5.53256
-5.5075
-5.48089
-5.45287
-5.4237
-5.39354
-5.36268
-5.73464
-5.73357
-5.73156
-5.72858
-5.72462
-5.71967
-5.7137
-5.7067
-5.69863
-5.68947
-5.67919
-5.66779
-5.65524
-5.64153
-5.62666
-5.61066
-5.59358
-5.5755
-5.5565
-5.53671
-5.51629
-5.49538
-5.47409
-5.75615
-5.7554
-5.75383
-5.75144
-5.74825
-5.7443
-5.73961
-5.73418
-5.72806
-5.72124
-5.71376
-5.70565
-5.69692
-5.68761
-5.67775
-5.66738
-5.65658
-5.6454
-5.63392
-5.62223
-5.61043
-5.59859
-5.58673
-5.77618
-5.77583
-5.77472
-5.77296
-5.77062
-5.76779
-5.76451
-5.76084
-5.75683
-5.75256
-5.74808
-5.74345
-5.73875
-5.73402
-5.72935
-5.72478
-5.72038
-5.71621
-5.71231
-5.70874
-5.70556
-5.70282
-5.70041
51.0529
2.19485
4.67058
4.72155
307.704
107.938
-17.7309
4.67405
229.744
155.08
100.221
47.9632
73.1556
65.0297
64.9698
87.408
-7.27063
2.99019
16.4896
-2.67454
-10.5302
-10.6746
-10.4871
-9.97746
-11.0257
-11.2385
-11.3995
-11.0821
-11.1425
-11.3139
-11.485
-11.723
-11.5627
-11.929
-12.277
-12.3019
-12.7974
-13.4227
-14.1624
-14.4387
-13.71
-14.3162
-15.828
-18.9216
-14.0407
-14.4802
-24.7954
-33.1363
-14.0669
-14.3713
-46.1272
-23.9576
-14.2878
-14.9785
-15.1483
-8.86628
-15.1016
-16.2352
-16.8027
-17.4739
-15.2554
-18.5339
-24.3397
-32.235
-11.1169
-12.0596
-13.0503
-11.9386
-7.56096
-7.08279
-6.1834
-4.69702
-5.77515
-5.2216
-4.49652
-3.63635
-4.90376
-4.44877
-3.92945
-3.36939
-4.46155
-4.10434
-3.719
-3.3187
-4.23443
-3.95078
-3.65331
-3.34932
-4.12383
-3.89425
-3.65707
-3.41644
-4.08206
-3.89268
-3.69848
-3.50223
-4.082
-3.92342
-3.76169
-3.59858
-4.11015
-3.97546
-3.83889
-3.70163
-4.15951
-4.04411
-3.92749
-3.81049
-4.22467
-4.12522
-4.02481
-3.92403
-4.30146
-4.21529
-4.12828
-4.04093
-4.38682
-4.31192
-4.23629
-4.16038
-4.47866
-4.41359
-4.34788
-4.28188
-4.57568
-4.51923
-4.46226
-4.40501
-4.677
-4.62817
-4.57894
-4.52948
-4.78196
-4.73994
-4.69762
-4.65516
-4.88997
-4.85414
-4.81811
-4.78198
-5.00054
-4.97046
-4.94022
-4.9099
-5.11327
-5.08856
-5.06373
-5.03883
-5.22779
-5.20815
-5.18842
-5.16865
-5.34383
-5.32902
-5.31417
-5.29927
-5.46117
-5.45102
-5.44086
-5.43067
-5.5796
-5.57401
-5.56842
-5.56281
-5.699
-5.69789
-5.69679
-5.69568
4.65761
4.63888
4.66751
4.71897
4.76943
4.80512
4.82212
4.82216
4.8091
4.78713
4.75991
4.7305
4.7012
4.67373
4.64947
4.62943
4.61429
4.6045
4.6003
4.34823
4.42688
4.48861
4.58257
4.66463
4.7153
4.73508
4.73065
4.70995
4.67926
4.64353
4.6065
4.57071
4.53789
4.50934
4.48605
4.46865
4.45751
4.45274
4.58708
4.14669
4.25226
4.4488
4.58138
4.64779
4.66555
4.65126
4.61778
4.57449
4.52742
4.48065
4.43689
4.3977
4.36418
4.33717
4.31719
4.3045
4.2991
-2.10046
3.3557
3.92271
4.35362
4.5422
4.61384
4.61815
4.58464
4.5318
4.47129
4.40984
4.35132
4.29824
4.25186
4.21288
4.18182
4.15903
4.14466
4.13858
-27.0244
2.53722
3.8182
4.36561
4.57294
4.62282
4.59485
4.52945
4.44932
4.36683
4.28817
4.21628
4.15293
4.09883
4.05412
4.01888
3.99323
3.97712
3.97033
-58.6764
5.24275
3.76619
4.49372
4.68101
4.6767
4.59178
4.48027
4.36514
4.25666
4.15884
4.07272
3.99878
3.93689
3.88651
3.84723
3.8188
3.80101
3.79353
-57.6968
-6.27987
4.16879
4.86392
4.90351
4.77259
4.59765
4.42643
4.27098
4.13473
4.01743
3.91743
3.83345
3.76426
3.70865
3.66571
3.6348
3.61551
3.60739
-25.4871
-1.52267
5.97489
5.54245
5.22053
4.87327
4.58632
4.35085
4.15593
3.99392
3.85918
3.74709
3.65456
3.5792
3.51921
3.47328
3.44037
3.41987
3.41125
-4.1347
5.38348
7.6292
6.16531
5.4146
4.89359
4.51774
4.23289
4.00831
3.82723
3.67964
3.55872
3.46001
3.38022
3.31711
3.26909
3.23482
3.21351
3.20456
-7.47942
5.50897
7.31567
6.1899
5.33067
4.76415
4.36
4.05659
3.81935
3.62945
3.47552
3.35012
3.24828
3.16624
3.1016
3.05258
3.01771
2.99607
2.98698
-6.55187
6.97016
6.42821
5.61891
4.95754
4.47448
4.1063
3.81758
3.58605
3.39843
3.24531
3.1202
3.01857
2.93673
2.8723
2.82352
2.78887
2.76741
2.75843
0.861714
4.88234
5.0889
4.76857
4.40477
4.07111
3.77564
3.52348
3.31149
3.13533
2.98935
2.86907
2.77095
2.69173
2.62931
2.58202
2.54844
2.5277
2.51904
1.63845
3.2476
3.66909
3.92656
3.82462
3.62277
3.39914
3.18853
3.0025
2.8436
2.70953
2.59793
2.50624
2.43187
2.37313
2.32854
2.29684
2.27733
2.26922
2.78731
2.05054
2.82975
3.34869
3.32677
3.18008
3.0014
2.8256
2.66635
2.52755
2.40863
2.30869
2.22586
2.15828
2.10471
2.06385
2.03479
2.01696
2.00958
4.06928
3.91213
3.12826
3.07436
2.91058
2.7477
2.58948
2.44159
2.30848
2.19127
2.08982
2.00378
1.93168
1.87246
1.82527
1.78904
1.76322
1.74747
1.74098
-3.67306
3.2546
3.08203
2.69475
2.4579
2.29278
2.15737
2.03835
1.9325
1.83852
1.7564
1.68583
1.62587
1.5762
1.53629
1.50536
1.48329
1.4699
1.4644
-0.9425
2.07941
2.18889
2.03776
1.90299
1.7934
1.70038
1.61744
1.54196
1.47316
1.41173
1.35766
1.31077
1.27145
1.23939
1.21426
1.1963
1.18544
1.18096
-1.30631
0.55097
1.12099
1.26429
1.28116
1.25942
1.22423
1.18403
1.14164
1.09939
1.05932
1.02219
0.988876
0.960266
0.936331
0.917271
0.903631
0.895349
0.891915
-1.87246
-0.504741
0.184487
0.5054
0.652091
0.717367
0.742597
0.746359
0.737458
0.721774
0.702758
0.682435
0.662682
0.644697
0.628886
0.615992
0.606684
0.600943
0.598526
-2.25083
-1.22219
-0.559888
-0.16714
0.0606406
0.193098
0.2701
0.313415
0.335603
0.344791
0.34566
0.341377
0.334582
0.326742
0.318829
0.311969
0.306836
0.303516
0.302093
-2.52426
-1.72979
-1.14211
-0.7397
-0.472854
-0.297516
-0.182339
-0.107039
-0.0582368
-0.0272532
-0.0086206
0.00172993
0.00675349
0.00829445
0.00783975
0.00666557
0.00540594
0.00434171
0.00389067
-2.74582
-2.11408
-1.6056
-1.22304
-0.945761
-0.748209
-0.608287
-0.50945
-0.439774
-0.390996
-0.357265
-0.334255
-0.318876
-0.308905
-0.302576
-0.298644
-0.29641
-0.295388
-0.294962
-2.9379
-2.42292
-1.98538
-1.63458
-1.36361
-1.15855
-1.00508
-0.890962
-0.80643
-0.744005
-0.698178
-0.664789
-0.640646
-0.623362
-0.611158
-0.602814
-0.597515
-0.59457
-0.593337
-3.11156
-2.68351
-2.30653
-1.99043
-1.73437
-1.53157
-1.37333
-1.25099
-1.15686
-1.08477
-1.02994
-0.98846
-0.957198
-0.933889
-0.916859
-0.904841
-0.896875
-0.892213
-0.890251
-3.27328
-2.91227
-2.58622
-2.30374
-2.06666
-1.87224
-1.71535
-1.59005
-1.49075
-1.4127
-1.35173
-1.30427
-1.26759
-1.23966
-1.21885
-1.20384
-1.19362
-1.18748
-1.1849
-3.42719
-3.11942
-2.83623
-2.58487
-2.36815
-2.18538
-2.03374
-1.90949
-1.80877
-1.72784
-1.66313
-1.6117
-1.57131
-1.54011
-1.51646
-1.49907
-1.48705
-1.47973
-1.47666
-3.57621
-3.31154
-3.06463
-2.84141
-2.64482
-2.47529
-2.33154
-2.21136
-2.11202
-2.03053
-1.96417
-1.91068
-1.86815
-1.83479
-1.8091
-1.78998
-1.77664
-1.76846
-1.76504
-3.72213
-3.49296
-3.27699
-3.07895
-2.90167
-2.74611
-2.61191
-2.49772
-2.40161
-2.32147
-2.25533
-2.20142
-2.15798
-2.12339
-2.09644
-2.07623
-2.06205
-2.05333
-2.04968
-3.86593
-3.66663
-3.47736
-3.30194
-3.14287
-3.00132
-2.87739
-2.77032
-2.67889
-2.6017
-2.5373
-2.48415
-2.44072
-2.40576
-2.37834
-2.35768
-2.34312
-2.33411
-2.33033
-4.00826
-3.83457
-3.66865
-3.51356
-3.37146
-3.24354
-3.13014
-3.03098
-2.94536
-2.87229
-2.81062
-2.75908
-2.71653
-2.68205
-2.65489
-2.63433
-2.61974
-2.61068
-2.60688
-4.14957
-3.99818
-3.85288
-3.71615
-3.58981
-3.475
-3.37223
-3.28147
-3.20231
-3.13405
-3.07579
-3.02664
-2.98581
-2.95258
-2.92626
-2.90623
-2.89194
-2.88303
-2.87929
-4.29013
-4.15845
-4.03158
-3.91154
-3.79988
-3.69763
-3.60534
-3.52312
-3.45073
-3.38773
-3.33352
-3.28751
-3.24911
-3.21771
-3.1927
-3.17355
-3.15983
-3.15125
-3.14766
-4.43017
-4.31612
-4.2059
-4.10115
-4.00315
-3.91284
-3.83073
-3.75701
-3.69163
-3.63432
-3.58473
-3.54246
-3.507
-3.47783
-3.45447
-3.43651
-3.4236
-3.41551
-3.41213
-4.56986
-4.47176
-4.37669
-4.28601
-4.20079
-4.12181
-4.04958
-3.98434
-3.92615
-3.87489
-3.83034
-3.79216
-3.75996
-3.73334
-3.71193
-3.69541
-3.68351
-3.67605
-3.67292
-4.7094
-4.62585
-4.54471
-4.46708
-4.39386
-4.32571
-4.26309
-4.2063
-4.15541
-4.11038
-4.07106
-4.0372
-4.00851
-3.98468
-3.96546
-3.95059
-3.93987
-3.93313
-3.93031
-4.84901
-4.77886
-4.71066
-4.64526
-4.5834
-4.52564
-4.47238
-4.4239
-4.38029
-4.34154
-4.30756
-4.27817
-4.25317
-4.23236
-4.21551
-4.20246
-4.19304
-4.18711
-4.18464
-4.98882
-4.93121
-4.87514
-4.82129
-4.77025
-4.72247
-4.67829
-4.63794
-4.60152
-4.56905
-4.54047
-4.51566
-4.49451
-4.47686
-4.46256
-4.45145
-4.44342
-4.43836
-4.43626
-5.12892
-5.08314
-5.03856
-4.99571
-4.95503
-4.91686
-4.88148
-4.84909
-4.81977
-4.79356
-4.77043
-4.7503
-4.7331
-4.71873
-4.70706
-4.69798
-4.69141
-4.68727
-4.68556
-5.26935
-5.23487
-5.20128
-5.16897
-5.13826
-5.1094
-5.0826
-5.05801
-5.03571
-5.01573
-4.99806
-4.98267
-4.96949
-4.95845
-4.94948
-4.9425
-4.93745
-4.93426
-4.93295
-5.41018
-5.38658
-5.36361
-5.34149
-5.32044
-5.30065
-5.28225
-5.26533
-5.24997
-5.23619
-5.22399
-5.21334
-5.20421
-5.19656
-5.19034
-5.18549
-5.18197
-5.17976
-5.17886
-5.55151
-5.5385
-5.52585
-5.51367
-5.50207
-5.49116
-5.481
-5.47166
-5.46316
-5.45553
-5.44877
-5.44288
-5.43781
-5.43356
-5.4301
-5.4274
-5.42545
-5.42422
-5.42373
-5.69342
-5.69083
-5.68832
-5.6859
-5.6836
-5.68144
-5.67942
-5.67756
-5.67587
-5.67436
-5.67301
-5.67184
-5.67083
-5.66998
-5.66929
-5.66875
-5.66836
-5.66812
-5.66802
)
;

boundaryField
{
    leftWall
    {
        type            calculated;
        value           nonuniform List<scalar> 
100
(
2131.17
2071.09
2009.4
1946.13
1881.31
1815.01
1747.29
1678.23
1588
1433.87
1275.37
1113.38
948.833
782.712
616.01
449.804
284.971
122.544
5.41128
-4.98617
-5.12488
-5.24267
-5.34133
-5.42244
-5.48469
-5.52976
-5.56132
-5.58211
-5.59534
-5.60347
-5.60789
-5.60975
-5.60984
-5.60912
-5.60821
-5.60693
-5.6052
-5.60427
-5.60578
-5.61048
-5.61809
-5.62805
-5.64002
-5.65383
-5.66935
-5.68644
-5.70495
-5.72467
-5.74528
-5.76708
2101.33
2040.45
1977.96
1913.91
1848.34
1781.32
1712.92
1643.22
1511.53
1355.11
1194.75
1031.37
865.906
699.372
532.779
367.136
203.437
48.3597
-4.93448
-5.05672
-5.18627
-5.29436
-5.38408
-5.45593
-5.50912
-5.54702
-5.57294
-5.58942
-5.59999
-5.60604
-5.60912
-5.60996
-5.60953
-5.60868
-5.60767
-5.60609
-5.60452
-5.60463
-5.60772
-5.61395
-5.6228
-5.6338
-5.6467
-5.66138
-5.67771
-5.69553
-5.71467
-5.73487
-5.75615
-5.77523
)
;
    }
    rightWall
    {
        type            calculated;
        value           nonuniform List<scalar> 
100
(
5.16152
5.10167
5.04095
4.97935
4.91686
4.85346
4.7891
4.72375
4.6003
4.45274
4.2991
4.13858
3.97033
3.79353
3.60739
3.41125
3.20456
2.98698
2.75843
2.51904
2.26922
2.00958
1.74098
1.4644
1.18096
0.891915
0.598526
0.302093
0.00389067
-0.294962
-0.593337
-0.890251
-1.1849
-1.47666
-1.76504
-2.04968
-2.33033
-2.60688
-2.87929
-3.14766
-3.41213
-3.67292
-3.93031
-4.18464
-4.43626
-4.68556
-4.93295
-5.17886
-5.42373
-5.66802
5.19111
5.1317
5.07142
5.01026
4.94822
4.88527
4.8214
4.75655
4.67202
4.52724
4.37673
4.21975
4.05547
3.88305
3.70166
3.51062
3.30925
3.09714
2.87408
2.64007
2.3954
2.14058
1.87634
1.60362
1.32346
1.03706
0.745682
0.450606
0.15314
-0.145525
-0.444274
-0.742032
-1.0379
-1.33118
-1.6213
-1.90784
-2.19051
-2.46912
-2.7436
-3.01398
-3.28037
-3.54297
-3.80203
-4.05783
-4.31077
-4.56118
-4.80947
-5.05606
-5.3014
-5.54592
)
;
    }
    lowerWall
    {
        type            calculated;
        value           nonuniform List<scalar> 
124
(
2148.3
2149.44
2147.41
2145.05
2143.03
2141.05
2138.95
2136.85
2135.12
2134.44
2135.95
2141.48
2153.77
2176.7
2215.41
2276.67
2368.71
2498.4
2667.49
2835.18
2906.44
2818.66
3028.13
2954.9
2903.62
2961.85
2942.27
2802.78
2582.04
2238.01
1610.33
13.4024
4.73448
4.75643
4.77333
5.25718
5.19745
5.13676
5.07509
5.01254
4.94904
4.88454
4.82159
5.27314
5.27888
5.28849
5.30079
5.31362
5.32436
5.33092
5.33213
5.3278
5.31845
5.30517
5.28927
5.27218
5.25522
5.23951
5.22606
5.21564
5.20879
5.20583
2145.88
2149.42
2148.6
2146.18
2144.02
2142.05
2140.01
2137.88
2135.91
2134.59
2134.83
2138.07
2146.57
2163.61
2193.71
2242.69
2318.43
2428.41
2578.8
2757.5
2884.37
2883.8
2864.02
-65.8169
5.19359
4.75621
4.76327
5.27189
5.27548
5.28325
5.29441
5.3073
5.3194
5.32826
5.33222
5.33064
5.32369
5.31222
5.29746
5.28079
5.26361
5.24714
5.23245
5.22043
5.21175
5.20681
3013.58
2910.12
2931.39
2968.92
2884.08
2702.83
2432
1974.25
5.22745
5.16723
5.10604
5.04392
4.98093
4.91693
4.85291
4.79087
)
;
    }
    atmosphere
    {
        type            calculated;
        value           nonuniform List<scalar> 
92
(
-5.7784
-5.77797
-5.77698
-5.77543
-5.7734
-5.77097
-5.76818
-5.76511
-5.76181
-5.75837
-5.75484
-5.75131
-5.74784
-5.74449
-5.74133
-5.73843
-5.73583
-5.7336
-5.73176
-5.73036
-5.72943
-5.72905
-5.72904
-5.72904
-5.72904
-5.72904
-5.72904
-5.72904
-5.72904
-5.72904
-5.72904
-5.72904
-5.72904
-5.72904
-5.72904
-5.72904
-5.72904
-5.72904
-5.72904
-5.72904
-5.72904
-5.72904
-5.72904
-5.72904
-5.72904
-5.72904
-5.77644
-5.77816
-5.77755
-5.77627
-5.77447
-5.77223
-5.76961
-5.76668
-5.76348
-5.7601
-5.75661
-5.75308
-5.74956
-5.74614
-5.74288
-5.73985
-5.73709
-5.73467
-5.73262
-5.731
-5.72983
-5.72917
-5.72904
-5.72904
-5.72904
-5.72904
-5.72904
-5.72904
-5.72904
-5.72904
-5.72904
-5.72904
-5.72904
-5.72904
-5.72904
-5.72904
-5.72904
-5.72904
-5.72904
-5.72904
-5.72904
-5.72904
-5.72904
-5.72904
-5.72904
-5.72904
)
;
    }
    defaultFaces
    {
        type            empty;
    }
}


// ************************************************************************* //
