/*--------------------------------*- C++ -*----------------------------------*\
| =========                 |                                                 |
| \\      /  F ield         | OpenFOAM: The Open Source CFD Toolbox           |
|  \\    /   O peration     | Version:  v1912                                 |
|   \\  /    A nd           | Website:  www.openfoam.com                      |
|    \\/     M anipulation  |                                                 |
\*---------------------------------------------------------------------------*/
FoamFile
{
    version     2.0;
    format      ascii;
    class       volScalarField;
    location    "0.2";
    object      p_rgh;
}
// * * * * * * * * * * * * * * * * * * * * * * * * * * * * * * * * * * * * * //

dimensions      [1 -1 -2 0 0 0 0];


internalField   nonuniform List<scalar> 
9072
(
2145.48
2149.42
2148.6
2146.18
2144.02
2142.05
2140.01
2137.88
2135.91
2134.59
2134.83
2138.07
2146.57
2163.61
2193.71
2242.69
2318.43
2428.41
2578.8
2757.5
2884.37
2883.8
2864.02
2143.45
2148.16
2147.34
2144.93
2142.77
2140.75
2138.63
2136.39
2134.29
2132.81
2132.82
2135.78
2143.92
2160.49
2189.97
2238.03
2311.11
2415.91
2555.07
2717.74
2863.11
2893.88
2759.91
2139.82
2145.23
2144.39
2142.02
2139.83
2137.7
2135.39
2132.92
2130.51
2128.63
2128.14
2130.44
2137.74
2153.22
2181.3
2227.47
2297.85
2397.75
2527.42
2672.59
2798.14
2859.49
2884.67
2134.63
2140.67
2139.78
2137.47
2135.24
2132.92
2130.32
2127.47
2124.58
2122.08
2120.79
2122.05
2128
2141.76
2167.63
2210.94
2277.45
2371.57
2492.62
2628.06
2751.71
2851.78
3010.16
2127.92
2134.53
2133.56
2131.31
2129
2126.42
2123.42
2120.05
2116.5
2113.15
2110.76
2110.58
2114.67
2126.03
2148.84
2188.29
2249.82
2337.4
2450.24
2578.23
2703.8
2824.58
3003.59
2119.76
2126.86
2125.79
2123.6
2121.16
2118.22
2114.71
2110.69
2106.29
2101.85
2098.04
2096.01
2097.67
2105.92
2124.77
2159.27
2214.7
2294.84
2399.28
2520.13
2644.45
2770.45
2919.95
2110.22
2117.73
2116.55
2114.37
2111.73
2108.36
2104.23
2099.4
2093.96
2088.19
2082.62
2078.3
2076.96
2081.32
2095.24
2123.62
2171.66
2243.2
2338.33
2450.57
2567.69
2679.43
2770.07
2099.38
2107.23
2105.9
2103.7
2100.79
2096.88
2092.02
2086.22
2079.55
2072.17
2064.52
2057.44
2052.46
2052.08
2059.95
2080.85
2119.97
2181.37
2265.65
2366.81
2469.91
2547.68
2531.18
5.2716
5.27548
5.28325
5.29441
5.3073
5.3194
5.32826
5.33222
5.33064
5.32369
5.31222
5.29746
5.28079
5.26361
5.24714
5.23245
5.22043
5.21175
5.20681
5.27023
5.27466
5.28254
5.29399
5.30728
5.31976
5.32887
5.33294
5.33135
5.32429
5.31265
5.29769
5.28085
5.2635
5.24689
5.23209
5.21998
5.21123
5.20626
5.2679
5.27283
5.28096
5.29305
5.3073
5.32067
5.33038
5.3347
5.33303
5.3257
5.31362
5.2982
5.28092
5.26317
5.24622
5.23114
5.21882
5.20991
5.20486
5.26464
5.26986
5.27827
5.29149
5.30736
5.3222
5.33287
5.33756
5.33576
5.32792
5.31515
5.29897
5.28098
5.2626
5.2451
5.22959
5.21693
5.20778
5.20259
5.26051
5.26574
5.27446
5.28924
5.30744
5.32438
5.33641
5.34161
5.33957
5.33098
5.31724
5.30003
5.28104
5.26176
5.24353
5.22743
5.21431
5.20483
5.19944
5.25537
5.25963
5.2688
5.28613
5.30755
5.32731
5.34111
5.34692
5.34452
5.33495
5.31995
5.30139
5.28108
5.26066
5.24148
5.22461
5.21092
5.20103
5.19541
5.25021
5.25174
5.2612
5.28203
5.30774
5.33115
5.34715
5.35361
5.35069
5.33988
5.32328
5.30304
5.28112
5.25927
5.2389
5.2211
5.2067
5.19633
5.19044
5.24703
5.24182
5.25109
5.27666
5.30811
5.33618
5.35479
5.36189
5.3582
5.34581
5.32724
5.30495
5.28111
5.25756
5.23577
5.21684
5.20161
5.19069
5.18452
2076.3
2091.94
2090.4
2088.11
2084.72
2080.02
2074.05
2066.83
2058.32
2048.57
2037.8
2026.59
2016.11
2008.46
2007
2016.26
2041.38
2086.79
2153.92
2236.68
2314.03
2328.32
2077.18
2045.07
2062.17
2060.15
2057.32
2052.77
2046.33
2038.06
2027.83
2015.43
2000.62
1983.18
1963
1940.39
1916.47
1893.71
1876.06
1868.53
1876.29
1903.05
1945.17
1978.55
1925
1643.21
2009.91
2027.86
2025.23
2021.42
2015.26
2006.63
1995.47
1981.49
1964.24
1943.1
1917.22
1885.58
1847.07
1801.1
1748.54
1691.92
1635.03
1583.94
1543.4
1520.78
1550.38
1532.45
1383.97
1971.72
1989.99
1986.56
1981.39
1973.23
1961.96
1947.35
1928.91
1905.88
1877.17
1841.19
1795.6
1737.21
1662.55
1569.88
1459.36
1324.34
1147.18
808.831
383.098
320.232
559.513
1042.2
1931.45
1949.56
1945.17
1938.33
1927.87
1913.61
1895.1
1871.6
1842.01
1804.69
1757.11
1695.3
1613.04
1502.27
1361.17
1170.93
546.914
-6.30062
-7.2034
-7.3652
-7.48528
-7.03053
-1.32842
1890.11
1907.63
1902.18
1893.48
1880.58
1863.13
1840.45
1811.52
1774.87
1728.25
1667.98
1588.11
1479.99
1319.38
731.07
-5.21271
-6.69616
-7.04338
-7.33154
-7.58405
-7.83119
-8.13575
-8.5092
1848.71
1865.26
1858.73
1848.18
1832.85
1812.22
1785.41
1751.05
1707.34
1651.63
1579.26
1481.31
1232.45
0.780497
-5.99484
-6.56977
-6.86655
-7.13841
-7.39861
-7.67772
-7.99337
-8.39485
-8.95398
1808.26
1823.62
1816.09
1803.86
1786.22
1762.64
1732.14
1692.76
1642.69
1579.78
1492.58
801.338
-4.06663
-6.00779
-6.43841
-6.68835
-6.9081
-7.15927
-7.45042
-7.7807
-8.16287
-8.63176
-9.21498
1769.72
1783.24
1775.07
1761.7
1741.87
1716.03
1683.73
1638.33
1561.71
1019.89
28.2825
-4.02612
-4.2409
-3.33056
-6.53253
-6.67506
-6.89098
-7.16208
-7.48413
-7.85949
-8.29183
-8.772
-9.2313
1665.45
1746.43
1735.82
1721.23
1673.17
1482.09
1038.71
341.079
-4.53183
-4.62107
-4.40877
-4.34133
4.59246
-2.7511
-6.41347
-6.59547
-6.83323
-7.1277
-7.48245
-7.90308
-8.39423
-8.95036
-9.54014
-3.11777
245.975
154.679
40.2179
-3.12788
-3.57627
-3.81543
-3.94701
-4.30248
-4.51903
-4.516
-4.50468
3.69151
-5.99054
-6.25648
-6.46493
-6.72627
-7.04551
-7.43352
-7.90274
-8.46959
-9.16004
-10.0489
-3.11481
-3.12564
-3.1958
-3.27722
-3.34325
-3.52634
-3.75333
-3.99034
-4.29491
-4.56916
-4.69137
-4.70483
3.77518
-5.89443
-6.05652
-6.28968
-6.56872
-6.90877
-7.32596
-7.84023
-8.48065
-9.29486
-10.3849
-3.11917
-3.13613
-3.18594
-3.25794
-3.35689
-3.51056
-3.72245
-4.00401
-4.39374
-4.8307
-5.05066
-5.14389
-4.18321
-5.58901
-5.80335
-6.07183
-6.36054
-6.71181
-7.14744
-7.6927
-8.38888
-9.28806
-10.4676
-3.10207
-3.13144
-3.17379
-3.24192
-3.34143
-3.48639
-3.69562
-4.01012
-4.55485
-4.36174
-4.4138
-5.21891
-5.27464
-5.37796
-5.57589
-5.82071
-6.10438
-6.45188
-6.88698
-7.44166
-8.16895
-9.12607
-10.3939
-3.06659
-3.10591
-3.14435
-3.20754
-3.30166
-3.43811
-3.6374
-3.96135
-4.57412
-3.9446
-4.59731
-5.55757
-5.222
-5.21609
-5.34562
-5.54597
-5.80468
-6.12813
-6.5372
-7.06828
-7.7843
-8.78825
-10.229
-3.01324
-3.05929
-3.09457
-3.15251
-3.23797
-3.36092
-3.53973
-3.82981
-4.36103
-4.17259
-5.10845
-5.12688
-4.98794
-4.97674
-5.07339
-5.241
-5.4637
-5.74411
-6.0984
-6.5602
-7.1943
-8.13455
-9.68122
-2.94124
-2.99372
-3.02545
-3.07642
-3.15077
-3.25675
-3.40674
-3.63744
-4.06339
-4.22746
-2.7215
-3.63198
-4.64357
-4.67211
-4.7638
-4.90403
-5.08508
-5.30825
-5.58281
-5.93089
-6.39522
-7.06522
-8.16452
-2.85394
-2.91128
-2.93869
-2.98212
-3.04454
-3.13109
-3.24814
-3.40576
-3.66348
-2.36231
-0.890464
-1.10282
-4.25918
-4.33148
-4.42428
-4.54034
-4.67777
-4.83661
-5.01866
-5.2297
-5.47877
-5.77359
-6.12481
-2.75467
-2.81549
-2.8382
-2.87468
-2.92629
-2.99536
-3.08494
-3.19643
-3.33619
-3.49769
-3.65039
-3.76651
-3.87802
-3.97947
-4.07026
-4.162
-4.25623
-4.35112
-4.44259
-4.52321
-4.57706
-4.56597
-4.40948
-2.64595
-2.70925
-2.72835
-2.75888
-2.80115
-2.856
-2.92484
-3.00894
-3.10881
-3.21938
-3.33519
-3.44787
-3.55429
-3.6439
-3.71933
-3.78373
-3.83652
-3.87403
-3.88827
-3.86466
-3.77755
-3.58158
-3.19942
-2.53134
-2.59607
-2.61193
-2.63702
-2.67143
-2.71529
-2.76928
-2.8345
-2.91096
-2.99628
-3.08655
-3.17601
-3.25873
-3.32775
-3.38114
-3.41734
-3.43297
-3.42299
-3.37818
-3.28232
-3.11074
-2.82796
-2.38622
-2.41219
-2.47769
-2.49057
-2.511
-2.53886
-2.57407
-2.61685
-2.66777
-2.72676
-2.79199
-2.85983
-2.92578
-2.98479
-3.03134
-3.06122
-3.07084
-3.05568
-3.00956
-2.92346
-2.78347
-2.57069
-2.262
-1.83363
-2.29008
-2.35584
-2.36617
-2.38249
-2.40477
-2.43285
-2.46657
-2.50576
-2.54992
-2.59755
-2.64587
-2.69114
-2.72896
-2.75435
-2.76249
-2.74924
-2.7101
-2.63877
-2.52688
-2.36398
-2.13766
-1.83475
-1.44595
-2.16573
-2.23159
-2.23969
-2.25248
-2.26991
-2.29175
-2.31748
-2.34634
-2.37752
-2.41003
-2.4419
-2.4698
-2.48949
-2.49648
-2.48644
-2.45525
-2.39852
-2.31073
-2.18509
-2.01417
-1.79052
-1.5078
-1.16359
-2.0401
-2.10564
-2.1118
-2.12144
-2.13446
-2.15049
-2.16884
-2.18863
-2.20903
-2.22921
-2.24754
-2.26101
-2.26572
-2.25777
-2.23347
-2.18905
-2.12037
-2.0229
-1.89183
-1.72231
-1.5101
-1.25261
-0.950773
-1.91406
-1.97896
-1.98336
-1.99017
-1.99914
-2.00989
-2.02182
-2.03417
-2.04604
-2.05633
-2.06341
-2.06482
-2.05738
-2.03773
-2.00267
-1.94889
-1.87293
-1.77128
-1.64065
-1.47806
-1.28132
-1.04977
-0.785613
-1.78785
-1.85226
-1.85511
-1.85941
-1.8649
-1.87123
-1.87793
-1.88426
-1.88917
-1.89131
-1.88907
-1.88056
-1.86343
-1.83495
-1.79226
-1.73258
-1.65322
-1.5516
-1.42543
-1.27291
-1.09307
-0.886246
-0.65492
-1.66108
-1.72525
-1.7268
-1.72902
-1.73169
-1.73447
-1.73686
-1.73812
-1.73719
-1.73273
-1.72325
-1.70722
-1.68289
-1.64816
-1.60073
-1.53827
-1.45866
-1.35997
-1.24063
-1.0996
-0.936651
-0.752657
-0.549829
-1.53431
-1.59784
-1.59832
-1.59888
-1.59928
-1.59916
-1.59801
-1.59512
-1.58956
-1.58015
-1.56559
-1.54451
-1.51548
-1.47692
-1.42708
-1.36416
-1.28646
-1.1925
-1.08121
-0.952071
-0.805269
-0.641803
-0.464043
-1.40922
-1.47129
-1.4709
-1.47012
-1.46869
-1.46625
-1.46234
-1.4563
-1.44733
-1.43448
-1.41662
-1.39251
-1.36091
-1.32053
-1.27006
-1.20818
-1.13364
-1.04536
-0.942637
-0.825265
-0.693658
-0.548959
-0.392949
-1.28712
-1.34729
-1.34621
-1.34435
-1.34148
-1.33727
-1.33128
-1.32296
-1.31162
-1.29645
-1.27651
-1.25074
-1.21806
-1.17738
-1.12766
-1.06796
-0.997391
-0.915274
-0.821199
-0.715164
-0.597664
-0.469719
-0.332993
-1.16815
-1.22657
-1.22496
-1.22228
-1.21832
-1.21278
-1.2053
-1.19537
-1.18242
-1.16576
-1.14462
-1.11812
-1.08538
-1.04549
-0.997608
-0.941018
-0.875126
-0.799511
-0.714013
-0.61877
-0.514293
-0.401486
-0.281789
-1.05181
-1.10884
-1.10683
-1.10355
-1.09881
-1.09236
-1.08385
-1.07289
-1.05898
-1.04154
-1.01994
-0.993476
-0.961446
-0.923138
-0.87789
-0.825147
-0.764485
-0.695655
-0.618648
-0.533687
-0.441284
-0.342219
-0.237717
-0.937611
-0.993511
-0.991252
-0.987586
-0.982362
-0.975356
-0.966285
-0.954808
-0.940511
-0.922919
-0.901522
-0.875775
-0.845123
-0.809025
-0.766978
-0.718569
-0.663498
-0.601614
-0.532981
-0.457866
-0.376742
-0.290282
-0.199525
-0.825323
-0.880239
-0.877853
-0.873999
-0.868556
-0.861332
-0.852091
-0.840555
-0.826384
-0.809198
-0.788598
-0.764158
-0.735447
-0.702067
-0.663646
-0.619891
-0.570604
-0.515701
-0.45527
-0.389589
-0.319078
-0.244306
-0.166142
-0.714815
-0.768845
-0.766436
-0.762567
-0.757133
-0.749975
-0.740906
-0.729707
-0.716106
-0.699804
-0.680493
-0.657848
-0.631544
-0.601295
-0.566833
-0.527957
-0.48455
-0.436581
-0.384148
-0.327511
-0.267043
-0.203204
-0.13671
-0.605944
-0.65919
-0.656848
-0.653103
-0.647867
-0.641016
-0.632409
-0.621875
-0.609204
-0.594175
-0.576553
-0.556094
-0.532571
-0.505781
-0.475536
-0.441707
-0.404237
-0.363132
-0.318495
-0.270559
-0.219647
-0.166145
-0.110576
-0.498568
-0.551138
-0.548943
-0.54544
-0.540561
-0.534222
-0.526315
-0.516705
-0.50525
-0.491795
-0.476173
-0.458211
-0.437756
-0.414672
-0.388837
-0.360176
-0.328678
-0.29437
-0.257352
-0.217821
-0.176057
-0.132362
-0.0871218
-0.392515
-0.444532
-0.442551
-0.439397
-0.435009
-0.429337
-0.42231
-0.413834
-0.403821
-0.392174
-0.378785
-0.363551
-0.346378
-0.327184
-0.305898
-0.282489
-0.256975
-0.229399
-0.199854
-0.168496
-0.135556
-0.101275
-0.0659068
-0.287522
-0.339165
-0.337469
-0.334744
-0.33095
-0.326066
-0.320059
-0.31288
-0.304486
-0.294827
-0.283852
-0.271515
-0.257777
-0.242602
-0.22596
-0.207854
-0.188319
-0.167415
-0.145222
-0.12186
-0.0975047
-0.0723455
-0.0465248
-0.183604
-0.234793
-0.233459
-0.231228
-0.228098
-0.224087
-0.219201
-0.21343
-0.206776
-0.199237
-0.190807
-0.181494
-0.1713
-0.16023
-0.148297
-0.135528
-0.12197
-0.107688
-0.0927562
-0.0772615
-0.0613293
-0.0450957
-0.0286161
-0.0774839
-0.131968
-0.131096
-0.129372
-0.126913
-0.123788
-0.120042
-0.115704
-0.110818
-0.105428
-0.0995719
-0.0933003
-0.0866566
-0.0796867
-0.0724414
-0.0649752
-0.057347
-0.049621
-0.0418615
-0.0341339
-0.0265134
-0.0190925
-0.0118713
404.723
5.80147
5.22748
5.23414
1090.96
695.133
311.985
6.27886
1125.44
969.547
856.782
737.241
1037.67
1005.41
981.328
973.47
215.583
799.729
1034.29
1028.26
-8.30487
-5.63778
19.6811
436.704
-9.44068
-9.62083
-9.54672
-7.78287
-9.65424
-9.83586
-9.99948
-10.0158
-9.60929
-9.85933
-10.0693
-10.3151
-10.235
-10.7611
-11.2766
-11.5927
-11.195
-11.9067
-12.2459
-8.98582
-11.7148
-12.383
-6.39811
111.506
-11.732
-12.2194
93.0912
1349.83
-11.666
-11.9902
-4.18461
1509.04
-11.846
-12.3466
-12.7606
1378.39
-12.1746
-13.7579
-13.9159
89.5849
-10.141
-11.9261
-12.7316
-1.27338
-6.40175
-6.40266
-5.95249
-4.25924
-3.95873
-3.49644
-2.80164
-1.8086
-2.59945
-2.1436
-1.58082
-0.925452
-1.82298
-1.44443
-1.01911
-0.558965
-1.34723
-1.04181
-0.713546
-0.369987
-1.03394
-0.786029
-0.525971
-0.258134
-0.815756
-0.611625
-0.400202
-0.184314
-0.655551
-0.485198
-0.310052
-0.131927
-0.532696
-0.388425
-0.241136
-0.0920144
-0.436766
-0.313275
-0.187848
-0.0614013
-0.360907
-0.254629
-0.146974
-0.0385697
-0.29999
-0.208092
-0.115076
-0.0213992
-0.250162
-0.170368
-0.0895979
-0.00826517
-0.208578
-0.139211
-0.0690023
0.00170941
-0.173409
-0.113161
-0.0522212
0.00918053
-0.143496
-0.0912557
-0.0384811
0.0146772
-0.117989
-0.0728579
-0.0273313
0.0184772
-0.0961377
-0.0574372
-0.0184452
0.0207441
-0.0773451
-0.0445639
-0.0115632
0.0215859
-0.0611072
-0.0338385
-0.00640958
0.021139
-0.0469886
-0.0249032
-0.00270677
0.0195789
-0.034651
-0.0174869
-0.00025205
0.01704
-0.0238102
-0.0113735
0.0011034
0.0136112
-0.0142227
-0.00637983
0.00148214
0.00935397
-0.00569905
-0.00236565
0.000974728
0.00431375
5.24164
5.22443
5.23404
5.26758
5.30896
5.34467
5.3672
5.37503
5.36986
5.35482
5.33311
5.30767
5.28095
5.25486
5.23091
5.21029
5.19382
5.1821
5.1755
5.36269
5.16993
5.18315
5.24279
5.31258
5.36708
5.3976
5.40546
5.39572
5.37397
5.34497
5.31255
5.27964
5.24827
5.21995
5.1959
5.17692
5.16355
5.15609
70.8102
5.0163
5.08277
5.20077
5.325
5.40673
5.44472
5.44903
5.43047
5.39821
5.35889
5.31715
5.27628
5.23837
5.20481
5.17669
5.15475
5.13946
5.13097
922.023
5.2792
4.79109
5.14155
5.36477
5.47701
5.51582
5.50852
5.47466
5.42688
5.37369
5.32012
5.26953
5.22392
5.18437
5.15169
5.12646
5.10902
5.09941
1037.89
205.271
4.32879
5.1449
5.47355
5.59533
5.61767
5.58592
5.52736
5.45803
5.38713
5.31939
5.2576
5.20337
5.15731
5.11979
5.09108
5.07136
5.06056
1071.8
805.029
6.70386
5.31506
5.67744
5.77233
5.75233
5.67842
5.58474
5.48783
5.39587
5.31215
5.23824
5.17492
5.12215
5.07973
5.04756
5.02557
5.01356
828.985
1118.94
9.64998
5.62834
6.00099
6.01584
5.91476
5.77833
5.63946
5.5103
5.39527
5.29489
5.20881
5.13656
5.0773
5.03024
4.99484
4.97073
4.9576
303.068
1177.42
31.7638
6.6051
6.55047
6.32657
6.08754
5.86954
5.67985
5.51739
5.37976
5.2637
5.1665
5.08625
5.02121
4.9701
4.93192
4.90602
4.89192
147.965
1244.06
29.304
7.95893
7.13113
6.60858
6.22298
5.92613
5.69083
5.49995
5.34355
5.2147
5.10863
5.02204
4.95247
4.89823
4.85795
4.83071
4.81589
345.102
1203.07
18.1035
8.57999
7.42141
6.7339
6.26382
5.92094
5.65817
5.44981
5.28167
5.14468
5.03298
4.94242
4.87
4.81382
4.77229
4.74427
4.72905
972.611
876.708
12.1244
8.28608
7.2768
6.63829
6.18081
5.83931
5.5739
5.36219
5.19107
5.05164
4.93818
4.84637
4.77309
4.7164
4.6746
4.64645
4.63119
1032.74
55.5095
7.93855
7.42081
6.81386
6.35721
5.98633
5.68513
5.43883
5.23691
5.07123
4.93503
4.82378
4.7336
4.66158
4.60588
4.56482
4.53722
4.5223
711.195
8.68764
6.24545
6.38957
6.23043
5.98597
5.72185
5.47644
5.26094
5.0776
4.92383
4.79573
4.69034
4.6045
4.53577
4.48254
4.44325
4.41688
4.40268
1050.38
5.07071
4.82837
5.60505
5.73189
5.61919
5.43118
5.23388
5.0505
4.8897
4.75195
4.63568
4.5392
4.46006
4.39647
4.34706
4.31049
4.28598
4.27284
1614.08
45.017
4.66251
5.38595
5.42187
5.29877
5.13601
4.97016
4.81563
4.67845
4.55916
4.45747
4.37226
4.30177
4.24487
4.20044
4.1674
4.14531
4.13353
1057.2
147.012
6.11146
5.46957
5.17865
4.98685
4.82897
4.68769
4.56074
4.44802
4.34906
4.26397
4.19179
4.13146
4.08248
4.04392
4.0151
3.99588
3.98569
3.58417
6.2879
5.47393
5.03329
4.78814
4.62105
4.49329
4.38461
4.2884
4.20208
4.12525
4.0582
4.00025
3.95121
3.91101
3.87897
3.85488
3.83886
3.83039
-1.17249
3.30422
4.18409
4.30411
4.25996
4.19326
4.12672
4.06295
4.00238
3.94479
3.89149
3.8433
3.80031
3.76323
3.73229
3.70718
3.68817
3.67554
3.66885
-0.178509
2.09849
3.13344
3.53902
3.68791
3.73654
3.74331
3.73105
3.70876
3.68106
3.65169
3.6225
3.59471
3.56979
3.54821
3.53019
3.51643
3.50725
3.50232
0.0120126
1.46166
2.37853
2.88311
3.14944
3.28979
3.36345
3.4002
3.41481
3.41618
3.40992
3.39911
3.38618
3.3731
3.36067
3.34971
3.34116
3.33533
3.33211
0.0729859
1.09394
1.85667
2.36228
2.68122
2.87987
3.00377
3.08083
3.12774
3.15528
3.17007
3.1763
3.17729
3.17526
3.17152
3.16735
3.16376
3.16109
3.15946
0.0942292
0.86255
1.49179
1.95965
2.28999
2.51784
2.67394
2.78065
2.85341
2.90276
2.93563
2.95691
2.97029
2.97821
2.98247
2.9846
2.98555
2.98577
2.98566
0.101969
0.706633
1.22968
1.64854
1.96785
2.20466
2.37799
2.50413
2.59561
2.66174
2.70927
2.74314
2.76703
2.78364
2.79504
2.80273
2.80768
2.81051
2.81183
0.10517
0.595886
1.03541
1.4054
1.7033
1.93647
2.11593
2.25263
2.35611
2.43422
2.49288
2.53663
2.5691
2.59304
2.61047
2.62285
2.63123
2.6364
2.63902
0.106709
0.513752
0.886993
1.21227
1.48491
1.70719
1.88496
2.02534
2.1354
2.22116
2.28751
2.33856
2.3777
2.40746
2.4297
2.44588
2.45714
2.46435
2.46814
0.107609
0.450426
0.770116
1.05586
1.30263
1.51018
1.68137
1.82069
1.93297
2.02259
2.0936
2.14964
2.19359
2.22761
2.25345
2.27261
2.28624
2.29514
2.29988
0.10767
0.399666
0.675435
0.926619
1.14853
1.33981
1.50161
1.63646
1.74746
1.83793
1.91119
1.97015
2.01707
2.05387
2.08228
2.10371
2.11916
2.12936
2.13483
0.106414
0.357473
0.596767
0.817834
1.0166
1.19129
1.34198
1.46996
1.57728
1.66645
1.73993
1.79988
1.84815
1.88655
1.91665
1.93963
1.95633
1.96742
1.97339
0.103959
0.321292
0.52982
0.724532
0.90199
1.06032
1.19906
1.31882
1.42095
1.50712
1.57905
1.63838
1.68678
1.72583
1.7568
1.78061
1.79799
1.80959
1.81587
0.100566
0.289425
0.471549
0.643006
0.800932
0.943572
1.07022
1.18107
1.27686
1.35864
1.42766
1.48527
1.53288
1.57173
1.60273
1.62667
1.64424
1.65603
1.66244
0.0963553
0.260726
0.419862
0.570651
0.710727
0.838514
0.953217
1.05471
1.14335
1.21982
1.28506
1.34018
1.38619
1.42396
1.45424
1.47774
1.49508
1.50679
1.51317
0.0914344
0.234412
0.373272
0.505533
0.62924
0.743
0.84601
0.937992
1.01908
1.08973
1.15064
1.20255
1.24614
1.28209
1.31106
1.33366
1.35044
1.36181
1.36803
0.0859165
0.209914
0.330656
0.446143
0.554765
0.655315
0.747035
0.829598
0.903003
0.96751
1.02353
1.07155
1.11208
1.14565
1.17286
1.19422
1.21015
1.22097
1.22689
0.0798464
0.186808
0.291192
0.391381
0.486052
0.57418
0.655077
0.728395
0.794025
0.85206
0.902728
0.946362
0.983368
1.0142
1.03933
1.05913
1.07395
1.08404
1.08957
0.073209
0.16474
0.254223
0.340358
0.422054
0.498451
0.568944
0.633166
0.69094
0.742273
0.787294
0.82625
0.859464
0.887284
0.910045
0.928045
0.941546
0.950746
0.955798
0.0659413
0.143355
0.219131
0.292232
0.361763
0.427015
0.487461
0.542748
0.592683
0.637236
0.676488
0.710611
0.739835
0.764408
0.78458
0.80057
0.812582
0.820784
0.825289
0.0579999
0.122338
0.185357
0.246244
0.304281
0.358893
0.409634
0.456196
0.498401
0.536198
0.569632
0.598814
0.623894
0.645038
0.662433
0.676255
0.686657
0.693766
0.697672
0.0494052
0.10147
0.152487
0.201826
0.248931
0.293348
0.334718
0.372787
0.407398
0.438494
0.466085
0.49024
0.511056
0.528645
0.543134
0.554671
0.563368
0.569312
0.572582
0.0401912
0.0806074
0.120215
0.158543
0.195181
0.229785
0.262078
0.291862
0.319007
0.343455
0.365195
0.384268
0.400739
0.414684
0.426188
0.435358
0.442278
0.447011
0.449617
0.0303679
0.0596172
0.0882743
0.116015
0.142559
0.167659
0.191116
0.212786
0.232575
0.250427
0.266326
0.280298
0.292381
0.302624
0.311091
0.317843
0.322938
0.326431
0.328352
0.0199175
0.0383564
0.0564077
0.073883
0.0906134
0.106444
0.121255
0.134953
0.147477
0.158789
0.168875
0.177748
0.185428
0.191944
0.197339
0.201644
0.204894
0.207121
0.208348
0.00881547
0.016676
0.024357
0.0317907
0.0389074
0.0456434
0.0519503
0.057789
0.0631283
0.067955
0.0722638
0.0760537
0.0793343
0.0821229
0.0844331
0.0862775
0.0876729
0.0886238
0.0891546
2148.3
2149.44
2147.41
2145.05
2143.03
2141.05
2138.95
2136.85
2135.12
2134.44
2135.95
2141.48
2153.77
2176.7
2215.41
2276.67
2368.71
2498.4
2667.49
2835.18
2906.44
2818.66
3028.13
2147.06
2148.17
2146.15
2143.81
2141.76
2139.71
2137.51
2135.3
2133.43
2132.55
2133.81
2139.02
2150.9
2173.29
2211.28
2271
2359.19
2481.41
2635.1
2797.25
2903.75
2769.63
2983.4
2144.18
2145.22
2143.21
2140.9
2138.78
2136.57
2134.17
2131.68
2129.46
2128.14
2128.83
2133.29
2144.21
2165.36
2201.74
2259.25
2343.89
2459.27
2599.86
2740.41
2840.66
2844.06
3063.5
2139.68
2140.61
2138.63
2136.35
2134.11
2131.65
2128.91
2126.01
2123.24
2121.22
2120.99
2124.27
2133.66
2152.87
2186.74
2240.96
2320.91
2429.16
2559.94
2693.23
2802.8
2912.36
3160.21
2133.64
2134.4
2132.45
2130.18
2127.76
2124.97
2121.77
2118.28
2114.76
2111.77
2110.29
2111.93
2119.2
2135.7
2166.14
2215.98
2290.24
2391.03
2513.4
2642.32
2763.15
2901.4
3132.52
2126.1
2126.64
2124.72
2122.42
2119.76
2116.54
2112.76
2108.52
2104.04
2099.81
2096.7
2096.22
2100.75
2113.72
2139.73
2184.07
2251.57
2344.32
2458.46
2582.55
2706.59
2842.73
3009.04
2117.13
2117.41
2115.5
2113.14
2110.14
2106.39
2101.9
2096.75
2091.09
2085.33
2080.22
2077.12
2078.22
2086.8
2107.29
2144.88
2204.38
2288.04
2393.01
2509.36
2624.9
2732.06
2796.53
2106.85
2106.78
2104.86
2102.36
2098.96
2094.57
2089.24
2082.99
2075.93
2068.34
2060.83
2054.56
2051.5
2054.7
2068.44
2097.83
2147.75
2220.83
2314.83
2419.45
2514.69
2559.69
2397.18
5.27314
5.27888
5.28849
5.30079
5.31362
5.32436
5.33092
5.33213
5.3278
5.31845
5.30517
5.28927
5.27218
5.25522
5.23951
5.22606
5.21564
5.20879
5.20583
5.27227
5.2781
5.28789
5.30056
5.31379
5.32486
5.3316
5.33286
5.32846
5.31897
5.3055
5.28942
5.27216
5.25503
5.2392
5.22565
5.21515
5.20826
5.20527
5.27039
5.27639
5.28657
5.30009
5.31429
5.32612
5.33327
5.33461
5.33003
5.32017
5.30624
5.2897
5.27202
5.25452
5.23838
5.22458
5.2139
5.20688
5.20385
5.26745
5.27352
5.28434
5.29932
5.31513
5.3282
5.33602
5.33746
5.33253
5.32206
5.30738
5.29011
5.27176
5.25366
5.23704
5.22286
5.21189
5.20467
5.20155
5.26343
5.26954
5.28113
5.29821
5.31633
5.33117
5.33992
5.34147
5.33602
5.32465
5.30896
5.29066
5.27135
5.25244
5.23515
5.22045
5.20908
5.2016
5.19837
5.25802
5.26358
5.27659
5.2967
5.31796
5.33513
5.34506
5.3467
5.34053
5.32801
5.311
5.29135
5.27079
5.25084
5.23269
5.21732
5.20546
5.19766
5.19428
5.2516
5.25552
5.27055
5.29473
5.32013
5.34028
5.3516
5.35325
5.34615
5.33217
5.31349
5.29217
5.27009
5.24883
5.22962
5.21343
5.20098
5.1928
5.18927
5.2446
5.24475
5.26257
5.29225
5.32306
5.34687
5.35978
5.36128
5.35294
5.33714
5.31641
5.2931
5.2692
5.24637
5.22589
5.20872
5.19558
5.18699
5.18328
2091.86
2091.3
2089.36
2086.58
2082.53
2077.19
2070.6
2062.74
2053.59
2043.29
2032.2
2021.15
2011.75
2006.7
2009.97
2026.52
2061.35
2117.79
2194.19
2278.28
2335.26
2255.71
1385.43
2062.55
2061.22
2058.9
2055.28
2049.78
2042.43
2033.2
2021.92
2008.35
1992.24
1973.42
1951.96
1928.48
1904.73
1883.95
1870.7
1870.2
1887.16
1923.11
1965.7
1969.84
1818.98
1421.83
2028.81
2026.57
2023.58
2018.66
2011.25
2001.38
1988.86
1973.31
1954.2
1930.81
1902.19
1867.24
1825
1775.52
1720.51
1663.24
1608.11
1562.51
1528.04
1530.81
1554.8
1479.86
1253.03
1991.53
1988.32
1984.32
1977.69
1967.99
1955.1
1938.65
1918.02
1892.32
1860.22
1819.78
1768.23
1702.09
1618.48
1516.54
1395.85
1241.26
983.287
662.469
276.702
411.157
834.57
1057.66
1951.66
1947.48
1942.18
1933.56
1921.24
1904.93
1884.03
1857.65
1824.45
1782.39
1728.31
1657.27
1561.48
1436.24
1272.03
933.326
29.4504
-7.0446
-7.33156
-7.39629
-7.46498
-5.57883
69.0795
1910.2
1905.11
1898.34
1887.57
1872.46
1852.5
1826.85
1794.27
1752.99
1700.12
1630.93
1538.77
1407.86
1157.21
90.9634
-6.29974
-6.88385
-7.20022
-7.46328
-7.70123
-7.97572
-8.32173
-8.5114
1868.17
1862.32
1854.04
1841.14
1823.24
1799.66
1769.27
1730.51
1681.21
1617.87
1534.35
1413.96
592.834
-5.19583
-6.35713
-6.72714
-7.00314
-7.26721
-7.53484
-7.82912
-8.1779
-8.65561
-9.26333
1826.72
1820.26
1810.62
1795.76
1775.21
1748.36
1713.64
1669.33
1613.05
1540.03
1342.88
115.019
-5.27859
-6.29123
-6.56803
-6.79831
-7.0281
-7.30025
-7.61014
-7.96395
-8.3825
-8.91409
-9.49334
1786.16
1779.61
1769.08
1752.71
1729.61
1700.92
1662.35
1612.43
1391.73
469.613
-4.09594
-4.14264
-0.0831323
-6.42465
-6.59099
-6.77554
-7.02013
-7.31667
-7.66484
-8.0686
-8.52838
-9.01216
-9.43692
1749.29
1741.21
1729.05
1708.41
1602.66
1297.72
668.518
83.4372
-4.77269
-4.49809
-4.34444
-4.3345
4.0664
-6.33926
-6.49684
-6.70754
-6.9732
-7.29719
-7.68418
-8.13976
-8.66534
-9.24452
-9.87638
177.357
207.746
97.5553
-3.11779
-3.34496
-3.78419
-3.83003
-4.12304
-4.44459
-4.53209
-4.48918
-4.5152
0.31247
-6.15812
-6.35285
-6.58927
-6.87794
-7.23026
-7.65705
-8.17272
-8.79704
-9.57086
-10.6333
-3.10373
-3.15702
-3.23815
-3.30238
-3.41957
-3.64252
-3.86415
-4.13711
-4.44593
-4.6503
-4.69492
-4.69036
-0.975126
-5.95787
-6.16955
-6.4225
-6.73019
-7.10659
-7.56946
-8.14239
-8.86177
-9.79396
-11.0906
-3.12102
-3.1577
-3.21956
-3.30218
-3.42597
-3.60937
-3.85256
-4.18334
-4.62136
-4.99122
-5.11946
-5.12602
-4.46267
-5.71579
-5.95619
-6.20948
-6.52742
-6.9176
-7.40465
-8.01902
-8.80902
-9.83761
-11.1816
-3.12045
-3.14968
-3.20438
-3.28722
-3.40713
-3.5817
-3.83474
-4.24808
-4.89839
-4.23567
-4.40704
-5.39998
-5.30165
-5.50216
-5.69683
-5.95589
-6.26882
-6.6567
-7.14711
-7.77989
-8.61837
-9.72148
-11.1299
-3.09614
-3.12223
-3.17269
-3.25004
-3.36371
-3.52785
-3.77483
-4.23659
-3.58032
-4.2036
-5.2934
-5.37152
-5.23194
-5.27621
-5.43818
-5.66808
-5.95732
-6.32011
-6.78438
-7.39785
-8.24191
-9.44443
-11.1408
-3.04956
-3.07432
-3.12036
-3.19143
-3.29378
-3.44191
-3.66122
-4.07407
-4.58288
-4.97455
-5.15549
-5.03283
-4.96861
-5.01497
-5.14997
-5.34561
-5.59602
-5.91042
-6.31278
-6.84976
-7.61292
-8.80182
-10.8953
-2.9844
-3.00729
-3.04836
-3.11031
-3.19903
-3.32548
-3.50553
-3.82532
-4.24869
-4.13992
-1.4735
-4.66112
-4.64802
-4.71102
-4.82861
-4.98955
-5.19102
-5.43811
-5.74562
-6.14456
-6.69558
-7.53445
-9.09261
-2.90333
-2.92304
-2.95832
-3.01063
-3.08441
-3.18549
-3.32009
-3.51666
-3.82368
-0.913569
-0.854328
-3.79456
-4.29291
-4.37481
-4.4796
-4.60642
-4.75448
-4.92444
-5.12006
-5.34891
-5.62
-5.94141
-6.31098
-2.80894
-2.8252
-2.85462
-2.8985
-2.95845
-3.03743
-3.13786
-3.26199
-3.4174
-3.57503
-3.7152
-3.82015
-3.93149
-4.02495
-4.11585
-4.20884
-4.30382
-4.39764
-4.48493
-4.55517
-4.58321
-4.51479
-4.20985
-2.70389
-2.71738
-2.74218
-2.77851
-2.82691
-2.88859
-2.96493
-3.057
-3.16328
-3.27697
-3.39229
-3.50243
-3.60139
-3.68303
-3.75287
-3.81174
-3.85755
-3.88479
-3.88244
-3.83131
-3.69703
-3.42094
-2.89506
-2.59152
-2.60285
-2.62331
-2.65305
-2.69216
-2.74095
-2.80043
-2.87142
-2.95272
-3.04113
-3.13171
-3.21871
-3.29517
-3.35646
-3.40155
-3.428
-3.43162
-3.40577
-3.33795
-3.20789
-2.98597
-2.63059
-2.08672
-2.47403
-2.48319
-2.49985
-2.52401
-2.55554
-2.59447
-2.64127
-2.69632
-2.75879
-2.82586
-2.89333
-2.95652
-3.00992
-3.04859
-3.06881
-3.06669
-3.03697
-2.97225
-2.86129
-2.68752
-2.42987
-2.06422
-1.56836
-2.35289
-2.36026
-2.37358
-2.39289
-2.4181
-2.44902
-2.4855
-2.52728
-2.57345
-2.62185
-2.66914
-2.71129
-2.74353
-2.76084
-2.7588
-2.73325
-2.67893
-2.5885
-2.45254
-2.25959
-1.99655
-1.65136
-1.21768
-2.22927
-2.23505
-2.24551
-2.26063
-2.28031
-2.30418
-2.33157
-2.36169
-2.3937
-2.42622
-2.45659
-2.48095
-2.49485
-2.49385
-2.47374
-2.4304
-2.35891
-2.25309
-2.10575
-1.90937
-1.65682
-1.34349
-0.968949
-2.10388
-2.10828
-2.11619
-2.12755
-2.14213
-2.15943
-2.17861
-2.1988
-2.21923
-2.23877
-2.25512
-2.26471
-2.26356
-2.2479
-2.21403
-2.15801
-2.07553
-1.96188
-1.81216
-1.62175
-1.38706
-1.10704
-0.784485
-1.97769
-1.98085
-1.98647
-1.9944
-2.00432
-2.01575
-2.028
-2.04023
-2.05147
-2.0604
-2.06501
-2.06242
-2.04928
-2.02233
-1.97833
-1.9139
-1.82552
-1.70979
-1.56351
-1.38405
-1.16986
-0.921553
-0.642586
-1.85141
-1.85349
-1.8571
-1.86203
-1.86799
-1.87458
-1.8812
-1.88697
-1.89068
-1.89084
-1.88573
-1.87324
-1.85079
-1.81555
-1.76471
-1.69553
-1.60535
-1.49172
-1.35255
-1.18642
-0.992951
-0.773447
-0.531217
-1.72479
-1.72593
-1.72784
-1.73032
-1.73309
-1.73575
-1.73769
-1.73801
-1.73549
-1.72871
-1.71616
-1.69622
-1.66696
-1.62618
-1.57151
-1.50074
-1.41181
-1.30297
-1.17286
-1.02084
-0.847175
-0.653378
-0.442448
-1.59768
-1.59806
-1.59861
-1.59912
-1.59931
-1.59875
-1.59684
-1.59274
-1.58541
-1.5736
-1.55595
-1.53109
-1.4975
-1.45353
-1.39737
-1.32726
-1.24159
-1.13907
-1.01888
-0.880833
-0.725526
-0.554571
-0.37062
-1.47138
-1.47113
-1.47057
-1.4695
-1.46762
-1.46451
-1.45963
-1.45224
-1.44146
-1.42625
-1.40542
-1.37773
-1.3419
-1.29664
-1.24063
-1.17257
-1.09127
-0.995831
-0.885772
-0.761187
-0.622837
-0.472191
-0.311517
-1.34758
-1.34684
-1.34539
-1.34306
-1.33957
-1.33453
-1.32745
-1.31771
-1.30457
-1.28714
-1.26442
-1.23533
-1.19878
-1.15371
-1.09912
-1.03408
-0.957809
-0.869743
-0.769657
-0.657794
-0.534909
-0.402326
-0.261955
-1.22702
-1.22589
-1.22376
-1.22047
-1.21577
-1.20931
-1.20067
-1.18931
-1.1746
-1.15581
-1.1321
-1.10259
-1.06638
-1.02259
-0.970442
-0.909266
-0.83855
-0.757999
-0.667587
-0.567638
-0.458853
-0.3424
-0.219841
-1.1094
-1.10799
-1.10536
-1.10138
-1.09582
-1.08838
-1.07871
-1.06634
-1.05074
-1.0313
-1.00736
-0.978202
-0.943118
-0.901418
-0.852485
-0.795826
-0.731096
-0.658166
-0.577136
-0.488372
-0.392518
-0.290564
-0.183818
-0.994141
-0.992549
-0.989602
-0.98518
-0.979098
-0.971096
-0.960871
-0.948039
-0.932158
-0.912728
-0.889227
-0.861095
-0.827789
-0.788773
-0.743592
-0.69188
-0.633409
-0.568129
-0.496211
-0.418016
-0.334126
-0.245369
-0.152857
-0.880902
-0.879223
-0.876115
-0.871485
-0.86518
-0.85698
-0.846629
-0.833822
-0.818192
-0.79935
-0.776885
-0.750363
-0.719364
-0.683507
-0.64245
-0.595948
-0.543854
-0.486164
-0.423064
-0.354903
-0.282183
-0.205585
-0.126057
-0.76952
-0.767819
-0.764689
-0.760057
-0.753781
-0.745693
-0.735588
-0.723226
-0.708312
-0.690545
-0.669608
-0.645172
-0.616928
-0.584605
-0.547954
-0.506824
-0.461132
-0.41091
-0.356334
-0.297727
-0.235513
-0.170202
-0.102703
-0.659855
-0.658191
-0.655157
-0.650679
-0.644653
-0.636941
-0.627395
-0.61582
-0.602
-0.585704
-0.566695
-0.544727
-0.519598
-0.4911
-0.459076
-0.423428
-0.384134
-0.341243
-0.294921
-0.245451
-0.193193
-0.138581
-0.0822179
-0.551767
-0.550203
-0.54736
-0.543176
-0.537579
-0.530471
-0.521732
-0.511217
-0.498782
-0.484266
-0.467495
-0.448305
-0.426551
-0.402105
-0.374863
-0.344781
-0.311871
-0.27619
-0.237883
-0.1972
-0.154432
-0.1099
-0.0640984
-0.445105
-0.443688
-0.441123
-0.43736
-0.432335
-0.425999
-0.418259
-0.409025
-0.398207
-0.385704
-0.371404
-0.355213
-0.337038
-0.316806
-0.294458
-0.269993
-0.243441
-0.214866
-0.18439
-0.152207
-0.11857
-0.0837029
-0.047958
-0.33966
-0.338447
-0.33624
-0.332982
-0.328646
-0.323207
-0.316619
-0.308839
-0.299819
-0.289506
-0.277856
-0.264821
-0.250373
-0.234464
-0.217089
-0.198263
-0.178033
-0.156474
-0.133679
-0.109793
-0.0850175
-0.0595066
-0.0334632
-0.235157
-0.234252
-0.232459
-0.229774
-0.226202
-0.221755
-0.216428
-0.210213
-0.203117
-0.195132
-0.186259
-0.176506
-0.165873
-0.15437
-0.142015
-0.128843
-0.114915
-0.100298
-0.0850723
-0.0693393
-0.053245
-0.0368858
-0.0203211
-0.132233
-0.13167
-0.13033
-0.12823
-0.12543
-0.121991
-0.117946
-0.113326
-0.108184
-0.102555
-0.0964845
-0.0900233
-0.0832088
-0.0760955
-0.0687328
-0.0611768
-0.0534922
-0.0457414
-0.0379893
-0.0303028
-0.0227757
-0.015463
-0.00830027
184.549
5.29538
5.2273
5.2442
869.984
573.393
4.84761
5.42383
1041.19
913.951
806.774
631.274
1020.71
992.025
974.507
981.323
423.945
1033.51
1030.85
1036.69
-7.57976
-2.0397
166.535
1091.64
-9.52462
-9.69007
-8.97462
-1.75482
-9.74574
-9.92414
-10.0241
-9.79492
-9.73525
-9.96552
-10.1989
-10.4065
-10.5006
-11.0166
-11.494
-11.4783
-11.5691
-12.1579
-11.3105
12.2484
-12.0425
-12.5283
24.5305
906.388
-11.9404
-12.3928
667.115
1412.95
-11.9021
-12.3848
1324.5
1528
-12.1618
-12.3973
142.082
1634.35
-13.0198
-14.1996
10.7503
749.877
-10.9514
-12.9012
0.625093
-7.03542
-6.42514
-6.29485
-4.86423
-3.38645
-3.75247
-3.18628
-2.33999
-1.22267
-2.38608
-1.87504
-1.26247
-0.577768
-1.64001
-1.23707
-0.79214
-0.323086
-1.19777
-0.880123
-0.543018
-0.196324
-0.911758
-0.657267
-0.392661
-0.123367
-0.714772
-0.506654
-0.292594
-0.0759675
-0.57108
-0.398116
-0.221213
-0.0426034
-0.461013
-0.315085
-0.166713
-0.0173182
-0.375322
-0.250747
-0.124691
0.00184141
-0.307981
-0.200934
-0.0928198
0.0156568
-0.254211
-0.161697
-0.068284
0.0254841
-0.210412
-0.13008
-0.0489711
0.0324413
-0.174018
-0.104191
-0.0336851
0.0371103
-0.143382
-0.0827649
-0.0215584
0.0399392
-0.11745
-0.0649275
-0.0119329
0.0413132
-0.0954799
-0.0501394
-0.0044505
0.0414194
-0.0768291
-0.0379724
0.00113485
0.040357
-0.0609864
-0.0280866
0.00500188
0.0381693
-0.0474964
-0.0201421
0.00735496
0.0349209
-0.0359625
-0.013817
0.00842775
0.0307297
-0.0260802
-0.0088759
0.00838778
0.0256942
-0.0175984
-0.00513831
0.00735259
0.0198745
-0.0103048
-0.00245006
0.00541581
0.0132992
-0.00403367
-0.000695756
0.00264364
0.00598929
5.23028
5.2263
5.24885
5.28822
5.32817
5.35778
5.37289
5.37389
5.36337
5.3446
5.32069
5.29434
5.26772
5.24253
5.22013
5.20149
5.18734
5.17814
5.17418
5.22077
5.16945
5.20962
5.2784
5.34262
5.3854
5.40408
5.40241
5.38602
5.36012
5.32898
5.29601
5.26366
5.23364
5.20733
5.18574
5.16951
5.15907
5.1546
4.94049
5.0569
5.13481
5.26698
5.37175
5.43065
5.45038
5.44205
5.41557
5.37911
5.33809
5.29645
5.25686
5.22097
5.19001
5.16492
5.14626
5.13436
5.12929
213.979
4.67183
4.96937
5.26966
5.43225
5.50365
5.51659
5.49406
5.45188
5.40059
5.34671
5.2943
5.24602
5.20333
5.16713
5.13812
5.11676
5.10324
5.0975
953.476
6.21004
4.81948
5.34691
5.55076
5.61562
5.60641
5.5588
5.49333
5.42241
5.35267
5.28762
5.22949
5.1793
5.13746
5.10432
5.0801
5.06486
5.05842
1062.91
90.8512
5.10929
5.54178
5.74495
5.7723
5.71938
5.63277
5.53604
5.44095
5.35286
5.2739
5.20525
5.14723
5.09965
5.06236
5.03529
5.01834
5.01119
1137.66
400.925
5.61837
5.8937
6.02827
5.97367
5.84811
5.70819
5.57327
5.45093
5.34327
5.25009
5.171
5.10536
5.05229
5.01111
4.98139
4.96282
4.95501
1143.77
683.503
7.87543
6.5769
6.44748
6.2059
5.97508
5.77116
5.59534
5.44567
5.31923
5.21287
5.12437
5.05192
4.99398
4.94944
4.91747
4.89752
4.88914
1118.66
627.91
10.126
7.43604
6.84861
6.4026
6.06537
5.8021
5.59057
5.41792
5.27603
5.15905
5.06307
4.98525
4.92352
4.87642
4.84274
4.82178
4.81297
1157.56
410.786
10.3792
7.91335
7.04092
6.47874
6.08005
5.78152
5.54826
5.36136
5.20971
5.08596
4.98528
4.90407
4.83998
4.79131
4.75665
4.7351
4.72606
1224.94
104.748
8.96728
7.71879
6.92959
6.39157
5.99857
5.6988
5.46229
5.2722
5.11781
4.99196
4.8898
4.80755
4.74279
4.69373
4.65887
4.63725
4.62819
616.149
14.8559
7.74684
7.09096
6.57322
6.16204
5.82802
5.55589
5.33285
5.15002
4.99976
4.87654
4.77627
4.69545
4.6318
4.58361
4.54939
4.52822
4.51938
19.795
6.14226
6.34478
6.33267
6.11398
5.85306
5.59575
5.36469
5.16532
4.99728
4.85676
4.7404
4.64516
4.5681
4.50732
4.46123
4.4285
4.40831
4.3999
30.3801
4.75106
5.26844
5.72327
5.69173
5.52889
5.33174
5.13967
4.96713
4.81805
4.69122
4.58512
4.4976
4.4264
4.37008
4.32723
4.29676
4.27804
4.27028
935.277
5.01197
5.10342
5.44489
5.36932
5.21917
5.05232
4.89094
4.74477
4.61659
4.50615
4.41293
4.33526
4.27168
4.22117
4.18253
4.15502
4.13819
4.13124
714.98
7.98668
5.6872
5.30436
5.07627
4.90532
4.75653
4.62242
4.50264
4.3968
4.30482
4.22635
4.16017
4.1056
4.06196
4.02831
4.00431
3.98971
3.98371
10.5656
7.65665
5.19011
4.89812
4.69769
4.55394
4.43716
4.33516
4.24406
4.16245
4.09054
4.02812
3.97461
3.93004
3.89401
3.86592
3.84588
3.83374
3.82874
1.92702
3.90633
4.28224
4.28794
4.22714
4.15971
4.09445
4.03229
3.97315
3.91753
3.86675
3.82113
3.781
3.74701
3.719
3.69688
3.68107
3.67149
3.66754
1.15887
2.7289
3.38443
3.63228
3.71983
3.74328
3.7388
3.72084
3.69531
3.66644
3.637
3.60833
3.58184
3.55857
3.53872
3.52274
3.51128
3.50428
3.50136
0.800194
1.98345
2.67024
3.03751
3.23071
3.33263
3.38529
3.40963
3.41673
3.41378
3.40493
3.39276
3.3796
3.36677
3.35495
3.3451
3.33791
3.33339
3.33147
0.609817
1.51048
2.13762
2.54046
2.79226
2.94907
3.04692
3.10728
3.14343
3.16398
3.17403
3.17728
3.17656
3.17352
3.16941
3.16545
3.1623
3.16013
3.1592
0.491534
1.19753
1.74497
2.13983
2.41462
2.60326
2.73239
2.82051
2.88051
2.92092
2.94746
2.96441
2.97481
2.98069
2.98373
2.98519
2.98573
2.98573
2.98572
0.41173
0.980561
1.45229
1.81972
2.09534
2.29816
2.44609
2.55354
2.63137
2.68749
2.72765
2.75614
2.77611
2.78988
2.79927
2.80551
2.80932
2.81133
2.81217
0.355098
0.823602
1.22957
1.56306
1.82732
2.0322
2.18899
2.30799
2.39792
2.46567
2.51637
2.55409
2.582
2.60246
2.61722
2.62749
2.63417
2.638
2.63961
0.313213
0.705704
1.05612
1.35515
1.60202
1.8012
1.95937
2.08375
2.18099
2.25649
2.31471
2.35944
2.39363
2.41942
2.43847
2.45206
2.46121
2.46665
2.46893
0.281021
0.613967
0.917672
1.18423
1.41118
1.60006
1.75471
1.87993
1.98035
2.06018
2.12329
2.17298
2.21173
2.24145
2.26379
2.28006
2.29124
2.29801
2.30085
0.255047
0.54018
0.804479
1.04139
1.24797
1.42426
1.57222
1.69474
1.79505
1.87652
1.9423
1.99499
2.03662
2.06903
2.0938
2.11213
2.12488
2.13266
2.13593
0.232935
0.47904
0.70989
0.92017
1.10699
1.26958
1.40869
1.52605
1.62398
1.70501
1.77148
1.82536
1.86848
1.90255
1.92897
1.94872
1.96254
1.97102
1.97458
0.213368
0.426998
0.629155
0.815574
0.983604
1.13212
1.26124
1.37199
1.46592
1.54476
1.61019
1.66384
1.70738
1.74226
1.76955
1.79006
1.80448
1.81337
1.8171
0.195563
0.381594
0.558815
0.723799
0.874228
1.0089
1.12759
1.23078
1.31942
1.39466
1.4578
1.51024
1.55333
1.58816
1.61554
1.63621
1.65083
1.65989
1.66369
0.178982
0.341155
0.496466
0.642149
0.776221
0.897522
1.00561
1.1006
1.18305
1.25378
1.31382
1.36426
1.40605
1.43999
1.4668
1.48714
1.50162
1.51063
1.51441
0.163272
0.304518
0.440363
0.56856
0.687424
0.795877
0.893382
0.979875
1.05567
1.12136
1.17767
1.22534
1.26503
1.29741
1.32311
1.34275
1.35679
1.36555
1.36922
0.148191
0.270821
0.389166
0.5014
0.606106
0.70231
0.78947
0.867434
0.936345
0.996552
1.04852
1.09272
1.1297
1.16002
1.18424
1.20284
1.21618
1.22453
1.22803
0.133544
0.239427
0.3419
0.439479
0.530985
0.615562
0.692696
0.762169
0.823979
0.878296
0.925401
0.965665
0.999529
1.02745
1.04987
1.06715
1.07957
1.08736
1.09062
0.119146
0.209819
0.297783
0.381822
0.460957
0.534463
0.601856
0.662862
0.717405
0.76556
0.807511
0.843553
0.874026
0.899279
0.919622
0.935344
0.946674
0.953783
0.956758
0.104788
0.181513
0.256076
0.327495
0.394958
0.457864
0.515767
0.568389
0.615629
0.657515
0.694178
0.725819
0.752686
0.775031
0.793086
0.80706
0.817151
0.823493
0.826139
0.0902824
0.154063
0.216115
0.275659
0.332045
0.384771
0.433453
0.477849
0.517849
0.553454
0.584746
0.611857
0.634947
0.654192
0.66978
0.681875
0.690616
0.696116
0.698402
0.0755284
0.127149
0.177404
0.22569
0.2715
0.314432
0.354178
0.390531
0.423385
0.452724
0.478585
0.501059
0.520248
0.536268
0.549262
0.559369
0.566679
0.571277
0.573186
0.0604699
0.100541
0.139566
0.177097
0.212755
0.246234
0.277294
0.30577
0.33157
0.354662
0.375063
0.392823
0.408023
0.420735
0.43106
0.439095
0.444914
0.448574
0.45009
0.0450456
0.0740394
0.102278
0.129454
0.155302
0.179604
0.202182
0.222919
0.241746
0.258619
0.273551
0.286574
0.297729
0.307076
0.314677
0.320593
0.324882
0.327584
0.328689
0.0291736
0.0474424
0.0652281
0.0823514
0.0986496
0.113983
0.128246
0.141365
0.153286
0.163985
0.173461
0.181736
0.18883
0.19478
0.199626
0.203398
0.206133
0.207857
0.208548
0.0127648
0.0205433
0.0281092
0.0353931
0.042326
0.0488518
0.0549301
0.0605229
0.0656055
0.070175
0.0742238
0.0777556
0.0807893
0.0833363
0.0854117
0.0870325
0.0882032
0.0889382
0.0892229
2145.88
2149
2148.18
2145.77
2143.6
2141.62
2139.55
2137.39
2135.37
2134
2134.16
2137.31
2145.69
2162.58
2192.46
2241.11
2314.88
2421.38
2566.96
2744.1
2885.71
2886.06
2801.27
2144.67
2146.91
2146.07
2143.68
2141.51
2139.44
2137.24
2134.9
2132.67
2131.02
2130.82
2133.49
2141.27
2157.38
2186.25
2233.49
2305.39
2407.87
2542.09
2693.93
2828.14
2875.68
2789.54
2141.84
2143.16
2142.28
2139.95
2137.74
2135.52
2133.08
2130.44
2127.81
2125.65
2124.8
2126.63
2133.31
2148.02
2175.09
2219.96
2288.54
2385.65
2510.93
2650.88
2774.05
2856.19
2964.29
2137.42
2137.8
2136.86
2134.59
2132.32
2129.88
2127.09
2124
2120.8
2117.91
2116.11
2116.71
2121.79
2134.44
2158.89
2200.39
2264.55
2355.5
2472.43
2603.96
2728.71
2841.13
3020.04
2131.46
2130.88
2129.86
2127.64
2125.28
2122.53
2119.29
2115.61
2111.66
2107.8
2104.73
2103.69
2106.63
2116.53
2137.48
2174.59
2233.22
2317.2
2425.92
2550.43
2675.99
2801.57
2969.28
2124.02
2122.47
2121.35
2119.17
2116.64
2113.5
2109.69
2105.28
2100.39
2095.31
2090.67
2087.55
2087.79
2094.19
2110.71
2142.3
2194.21
2270.21
2370.16
2486.97
2608.53
2729.96
2854.51
2115.16
2112.65
2111.4
2109.21
2106.45
2102.82
2098.34
2093.04
2087.01
2080.47
2073.9
2068.26
2065.18
2067.28
2078.32
2103.14
2146.95
2213.66
2303.59
2410.63
2521.56
2618.66
2663.83
2104.95
2101.45
2100.05
2097.84
2094.75
2090.55
2085.27
2078.95
2071.59
2063.33
2054.52
2045.91
2038.89
2035.82
2040.25
2056.85
2090.81
2146.32
2224.31
2318.83
2412.74
2467.64
2377.29
5.27189
5.2752
5.28301
5.29427
5.30729
5.31951
5.32846
5.33246
5.33087
5.32389
5.31237
5.29754
5.28081
5.26358
5.24707
5.23234
5.22029
5.21159
5.20664
5.27103
5.27388
5.28186
5.29358
5.30729
5.32014
5.32951
5.33369
5.33206
5.32489
5.31307
5.29791
5.28088
5.26337
5.24661
5.23168
5.21949
5.21067
5.20567
5.2692
5.27149
5.27977
5.29236
5.30732
5.32135
5.3315
5.33598
5.33426
5.3267
5.31431
5.29855
5.28095
5.26291
5.24571
5.23044
5.21797
5.20895
5.20383
5.26638
5.26798
5.27652
5.29045
5.30739
5.3232
5.33451
5.33943
5.33752
5.32934
5.31612
5.29946
5.28101
5.26221
5.24437
5.22859
5.21572
5.20641
5.20113
5.26269
5.26297
5.27189
5.28781
5.30749
5.32574
5.33861
5.3441
5.34189
5.33285
5.31852
5.30067
5.28106
5.26125
5.24256
5.2261
5.21271
5.20304
5.19754
5.25805
5.25586
5.26526
5.28421
5.30763
5.3291
5.34395
5.35008
5.34744
5.33729
5.32154
5.30218
5.2811
5.26
5.24026
5.22294
5.20891
5.19879
5.19304
5.25241
5.24714
5.25648
5.27953
5.3079
5.3335
5.35075
5.35753
5.35427
5.34272
5.32518
5.30396
5.28112
5.25846
5.23741
5.21906
5.20426
5.19363
5.1876
5.24831
5.23562
5.24501
5.27341
5.3084
5.33924
5.35931
5.36671
5.36251
5.34916
5.32944
5.30598
5.28108
5.25658
5.23398
5.21441
5.19872
5.1875
5.18117
2090.17
2077.68
2075.92
2073.41
2069.49
2063.98
2056.93
2048.3
2037.97
2025.84
2011.95
1996.55
1980.44
1965.31
1954.12
1951.18
1961.62
1990.33
2039.63
2103.19
2155.76
2120.06
1781.75
2061.23
2045.52
2043.22
2039.95
2034.65
2027.17
2017.53
2005.52
1990.82
1973
1951.55
1925.96
1895.89
1861.73
1825.25
1789.87
1760.26
1741.93
1738.76
1750.28
1767.37
1728.02
1521.26
2027.92
2009.31
2006.3
2001.86
1994.74
1984.84
1972.02
1955.9
1935.87
1911.09
1880.36
1842.04
1794.09
1734.66
1663.4
1581.55
1491
1391.37
1298.31
1179.56
1185.03
1240.65
1221.48
1991.13
1970.03
1966.14
1960.16
1950.88
1938.15
1921.64
1900.73
1874.5
1841.61
1800
1746.56
1676.76
1584.85
1469
1324.95
1125.86
641.633
-2.60831
-6.98328
-5.82352
13.4342
282.334
1951.78
1928.71
1923.8
1916.04
1904.37
1888.53
1867.96
1841.77
1808.68
1766.76
1712.93
1642.23
1546.9
1415.95
1241.41
584.149
-5.93905
-6.98461
-7.26294
-7.47402
-7.73621
-7.96048
-7.55422
1910.86
1886.43
1880.44
1870.81
1856.67
1837.62
1812.84
1781.16
1740.95
1689.66
1623.01
1534.69
1408.38
884.918
-3.60608
-6.43428
-6.80282
-7.10102
-7.37985
-7.62545
-7.90596
-8.25555
-8.76147
1869.35
1844.27
1837.23
1825.82
1809.32
1787.19
1758.45
1721.48
1674.47
1615.02
1537.04
1416.8
313.726
-5.41537
-6.31421
-6.64749
-6.90144
-7.14913
-7.42569
-7.73083
-8.08186
-8.52846
-9.12149
1828.33
1803.24
1795.25
1782.31
1763.56
1738.71
1706.93
1665.38
1611.61
1543.05
1035.88
-3.92845
-4.14283
-6.02533
-6.52009
-6.69243
-6.90332
-7.1644
-7.47076
-7.82418
-8.23213
-8.70578
-9.22938
1788.69
1764.83
1756.34
1742.72
1721.43
1693.2
1659.6
1454.83
751.494
7.64555
-4.21612
-4.19395
0.0580998
-1.81737
-6.48614
-6.64253
-6.86804
-7.15036
-7.48853
-7.88602
-8.34534
-8.8521
-9.32883
1750.98
1468.58
1355.81
1130.7
735.454
311.888
9.60853
-3.87255
-4.28389
-4.56285
-4.48577
-4.43047
4.46312
-4.80006
-6.33727
-6.53583
-6.78603
-7.09305
-7.46455
-7.90933
-8.4371
-9.05773
-9.80151
562.411
-3.12977
-3.21077
-3.31539
-3.29886
-3.53954
-3.78827
-3.98355
-4.28203
-4.51282
-4.57795
-4.58525
3.72983
-6.01525
-6.16287
-6.38292
-6.65387
-6.98434
-7.38786
-7.8807
-8.48592
-9.24279
-10.2488
-3.10686
-3.12899
-3.18942
-3.26424
-3.35501
-3.51719
-3.73405
-3.99748
-4.33376
-4.6765
-4.86761
-4.89506
2.69025
-5.7578
-5.93778
-6.18571
-6.47086
-6.81812
-7.24623
-7.77849
-8.44946
-9.31052
-10.4538
-3.12038
-3.13604
-3.18147
-3.25155
-3.35208
-3.5008
-3.71131
-4.01012
-4.4747
-4.99852
-4.32893
-5.3073
-5.24419
-5.46205
-5.67507
-5.94933
-6.23812
-6.58994
-7.02843
-7.57968
-8.29625
-9.22732
-10.4424
-3.11297
-3.12149
-3.16168
-3.22739
-3.32467
-3.46582
-3.67153
-3.99628
-4.59621
-4.0451
-4.50902
-5.39581
-5.30876
-5.30281
-5.46553
-5.68666
-5.95981
-6.29783
-6.72336
-7.27152
-7.9996
-8.98699
-10.3278
-3.08644
-3.08507
-3.12195
-3.18265
-3.27278
-3.40315
-3.59329
-3.90435
-4.47378
-3.67896
-5.40701
-5.34014
-5.10907
-5.10647
-5.21456
-5.39757
-5.63921
-5.94329
-6.32856
-6.83103
-7.51717
-8.51123
-10.0445
-3.04235
-3.02881
-3.06235
-3.11698
-3.19716
-3.31207
-3.47744
-3.74052
-4.21918
-4.59378
-4.72912
-4.90877
-4.82989
-4.82967
-4.92291
-5.07634
-5.27871
-5.53183
-5.84877
-6.25841
-6.81733
-7.64782
-9.05279
-2.97941
-2.95442
-2.98406
-3.03128
-3.0996
-3.19587
-3.32922
-3.52283
-3.87558
-2.79746
-1.21282
-1.19327
-4.46017
-4.50547
-4.59704
-4.72492
-4.8842
-5.07563
-5.30456
-5.58512
-5.94307
-6.42526
-7.13915
-2.89928
-2.86487
-2.88987
-2.92967
-2.98652
-3.06395
-3.16635
-3.29674
-3.47677
-3.70166
-2.83599
-3.82802
-4.06125
-4.15449
-4.24784
-4.35207
-4.46775
-4.59413
-4.72983
-4.87322
-5.01907
-5.14634
-5.2034
-2.80565
-2.76343
-2.78423
-2.81765
-2.86439
-2.92593
-3.0043
-3.1007
-3.21665
-3.3473
-3.47831
-3.59554
-3.71137
-3.80923
-3.89365
-3.972
-4.0452
-4.11028
-4.16099
-4.18561
-4.16148
-4.04339
-3.74574
-2.70124
-2.65341
-2.67086
-2.69859
-2.73674
-2.78575
-2.84658
-2.92049
-3.00766
-3.10521
-3.20754
-3.30861
-3.40349
-3.48338
-3.54824
-3.59847
-3.63197
-3.6444
-3.62675
-3.56312
-3.42742
-3.17817
-2.75233
-2.58928
-2.53742
-2.55174
-2.57441
-2.60541
-2.64471
-2.69276
-2.75041
-2.81773
-2.89266
-2.97131
-3.04876
-3.11937
-3.17709
-3.21866
-3.24124
-3.24061
-3.21111
-3.14358
-3.02252
-2.82596
-2.52472
-2.0845
-2.47222
-2.41711
-2.42867
-2.44697
-2.47194
-2.50343
-2.54149
-2.58631
-2.63765
-2.69381
-2.75151
-2.80669
-2.85474
-2.89044
-2.90909
-2.9067
-2.87873
-2.81873
-2.71799
-2.56434
-2.34213
-2.03377
-1.62406
-2.35145
-2.29397
-2.30315
-2.31764
-2.33743
-2.36232
-2.39196
-2.42583
-2.46326
-2.503
-2.5427
-2.57889
-2.60725
-2.62303
-2.62158
-2.59873
-2.55003
-2.46952
-2.3495
-2.18111
-1.95463
-1.66066
-1.29412
-2.22811
-2.16877
-2.17588
-2.18706
-2.20224
-2.22113
-2.24308
-2.26721
-2.29271
-2.31871
-2.34348
-2.36383
-2.37565
-2.37473
-2.35709
-2.31876
-2.25541
-2.16202
-2.0328
-1.86168
-1.64302
-1.37264
-1.05013
-2.103
-2.04233
-2.04758
-2.05577
-2.06671
-2.08001
-2.095
-2.11087
-2.12676
-2.14174
-2.15419
-2.16136
-2.15967
-2.14549
-2.1154
-2.06585
-1.993
-1.89284
-1.76137
-1.5948
-1.39003
-1.14558
-0.863201
-1.97709
-1.91561
-1.91921
-1.92472
-1.93186
-1.94029
-1.94946
-1.95867
-1.9669
-1.97292
-1.9751
-1.97127
-1.95868
-1.93428
-1.89502
-1.83787
-1.75977
-1.6577
-1.5289
-1.37108
-1.18272
-0.963695
-0.71658
-1.85098
-1.78881
-1.79099
-1.7942
-1.7982
-1.80266
-1.8071
-1.81079
-1.81265
-1.81128
-1.80515
-1.79257
-1.77151
-1.73959
-1.6942
-1.63278
-1.55296
-1.45252
-1.32955
-1.18268
-1.01135
-0.816322
-0.599623
-1.72451
-1.66153
-1.66253
-1.66388
-1.66535
-1.66661
-1.66713
-1.66619
-1.66279
-1.65564
-1.64337
-1.62453
-1.59755
-1.56063
-1.51173
-1.44881
-1.36995
-1.27346
-1.15805
-1.02295
-0.868187
-0.694714
-0.504837
-1.59759
-1.53434
-1.53437
-1.53422
-1.53365
-1.5323
-1.52967
-1.52509
-1.51768
-1.50639
-1.48998
-1.46719
-1.43664
-1.39695
-1.34661
-1.28405
-1.20781
-1.11661
-1.00957
-0.886356
-0.747284
-0.593516
-0.426912
-1.47146
-1.4089
-1.40814
-1.40679
-1.40459
-1.40121
-1.39618
-1.3889
-1.37864
-1.36451
-1.34548
-1.3204
-1.28811
-1.24742
-1.19718
-1.13626
-1.06361
-0.978367
-0.879971
-0.768335
-0.643918
-0.507806
-0.361752
-1.34778
-1.28653
-1.28516
-1.28286
-1.27941
-1.27448
-1.26768
-1.25847
-1.24625
-1.23024
-1.2096
-1.18336
-1.15054
-1.11014
-1.06123
-1.00297
-0.934664
-0.85576
-0.765984
-0.665412
-0.554552
-0.434372
-0.306411
-1.22728
-1.16737
-1.16554
-1.16253
-1.15815
-1.1521
-1.14405
-1.13354
-1.12003
-1.1029
-1.08144
-1.05487
-1.0224
-0.983207
-0.936561
-0.88182
-0.818485
-0.746234
-0.664994
-0.574949
-0.476617
-0.370839
-0.258944
-1.10969
-1.0509
-1.04875
-1.04525
-1.04023
-1.03346
-1.02462
-1.01334
-0.999168
-0.981578
-0.959997
-0.933813
-0.902396
-0.865123
-0.821415
-0.770791
-0.712891
-0.647522
-0.574721
-0.494735
-0.408061
-0.315426
-0.217957
-0.994462
-0.936631
-0.934296
-0.930512
-0.925147
-0.917993
-0.90879
-0.897232
-0.882938
-0.865483
-0.844417
-0.819256
-0.789511
-0.754714
-0.714433
-0.66832
-0.616125
-0.557732
-0.493225
-0.422877
-0.347137
-0.266624
-0.182292
-0.881234
-0.824318
-0.821908
-0.818024
-0.812562
-0.80534
-0.796143
-0.784731
-0.770795
-0.753996
-0.733985
-0.710388
-0.682827
-0.650966
-0.614489
-0.573149
-0.526793
-0.475366
-0.418961
-0.357847
-0.292423
-0.223202
-0.150978
-0.769854
-0.713807
-0.71142
-0.707598
-0.702243
-0.695208
-0.686337
-0.675435
-0.66226
-0.646551
-0.628041
-0.606445
-0.581489
-0.552935
-0.520553
-0.484182
-0.443739
-0.39921
-0.350699
-0.298454
-0.24282
-0.184232
-0.123284
-0.660184
-0.604974
-0.602696
-0.599058
-0.593981
-0.587363
-0.579081
-0.568981
-0.556885
-0.54261
-0.525956
-0.506711
-0.48469
-0.459727
-0.431668
-0.400409
-0.365922
-0.328222
-0.287416
-0.243716
-0.197423
-0.148879
-0.0985412
-0.552077
-0.497667
-0.495571
-0.492229
-0.487579
-0.481558
-0.474072
-0.465005
-0.454245
-0.44167
-0.427139
-0.410516
-0.39168
-0.370522
-0.346948
-0.320903
-0.292397
-0.261464
-0.228198
-0.192779
-0.155463
-0.116517
-0.0762609
-0.445391
-0.391705
-0.389858
-0.386912
-0.382809
-0.377518
-0.370988
-0.363144
-0.353921
-0.343247
-0.331045
-0.317241
-0.30177
-0.284572
-0.265598
-0.244836
-0.222313
-0.198082
-0.172225
-0.144885
-0.116263
-0.0865723
-0.0560092
-0.339914
-0.286853
-0.285329
-0.282845
-0.279375
-0.274922
-0.269466
-0.26298
-0.255445
-0.246835
-0.23712
-0.226282
-0.214308
-0.20118
-0.186887
-0.171448
-0.154899
-0.137312
-0.118761
-0.0993433
-0.0792152
-0.0585392
-0.0374074
-0.235333
-0.183281
-0.182164
-0.180189
-0.177392
-0.173819
-0.1695
-0.164438
-0.158659
-0.152187
-0.145035
-0.137236
-0.128813
-0.119788
-0.110197
-0.10008
-0.089489
-0.078489
-0.0671515
-0.0555498
-0.0437854
-0.0319665
-0.0201155
-0.131937
-0.0782794
-0.0776207
-0.0761745
-0.0741142
-0.0715253
-0.0684658
-0.0649815
-0.0611344
-0.0569861
-0.0525992
-0.0480383
-0.0433651
-0.0386436
-0.0339353
-0.0293057
-0.0248143
-0.0205216
-0.0164822
-0.012744
-0.00935757
-0.00639461
-0.00386122
800.933
326.002
9.05846
5.21063
1142.75
875.854
702.672
251.813
1088.45
1005.33
939.511
891.603
1009.37
1009.94
1002.33
1007.4
-2.80643
91.9459
486.939
1069.87
-9.1654
-8.94936
-7.59377
6.84375
-9.60639
-9.80802
-9.95872
-9.66252
-9.60915
-9.79019
-9.95214
-10.1291
-9.80387
-10.1889
-10.5295
-10.768
-10.767
-11.4132
-12.0307
-12.3876
-11.5155
-12.2001
-11.2446
2.20799
-11.7614
-12.3198
23.6555
712.307
-11.6851
-11.978
135.579
1435.79
-11.7209
-12.0712
-12.9759
1577.65
-12.0848
-12.8876
-12.8302
542.793
-11.625
-13.8643
-14.7083
37.1822
-8.16926
-8.947
-9.36424
-6.67396
-5.00736
-4.66787
-3.98631
-2.74378
-3.17951
-2.70254
-2.06151
-1.25928
-2.161
-1.74153
-1.25281
-0.708672
-1.55849
-1.21834
-0.845958
-0.45083
-1.17556
-0.900828
-0.609579
-0.307652
-0.915713
-0.691148
-0.457368
-0.217778
-0.730025
-0.543876
-0.351812
-0.15614
-0.590254
-0.433757
-0.273433
-0.110713
-0.481834
-0.348476
-0.212725
-0.0756242
-0.396686
-0.282189
-0.166084
-0.0491452
-0.328846
-0.23008
-0.130091
-0.0294003
-0.273894
-0.188291
-0.101648
-0.0143939
-0.228475
-0.154075
-0.0787638
-0.00292633
-0.190274
-0.125617
-0.0601913
0.00571953
-0.157852
-0.101734
-0.0450042
0.0121545
-0.130241
-0.0816535
-0.0326046
0.0167789
-0.106647
-0.0648038
-0.0226217
0.0197959
-0.0863916
-0.0507065
-0.0147689
0.0213365
-0.0689366
-0.0389566
-0.00878846
0.0215127
-0.0538056
-0.0291657
-0.00439146
0.0204879
-0.0406166
-0.0210206
-0.00133493
0.0184241
-0.0290591
-0.014279
0.000555506
0.0154332
-0.0188731
-0.00874699
0.00140822
0.0115831
-0.00983741
-0.00425701
0.00133451
0.00692862
-0.00180757
-0.000703634
0.000402856
0.00150862
5.24589
5.2038
5.21306
5.25686
5.31021
5.35432
5.3807
5.38881
5.38176
5.36375
5.33874
5.31009
5.28048
5.25191
5.22589
5.20364
5.18598
5.17348
5.16646
5.27096
5.08522
5.14152
5.22452
5.31698
5.38406
5.41865
5.42538
5.4119
5.38547
5.35172
5.31495
5.27829
5.2438
5.21297
5.18695
5.16655
5.15225
5.14429
427.711
5.06772
4.97662
5.17113
5.33942
5.43697
5.47679
5.47665
5.45139
5.41208
5.36629
5.31895
5.27343
5.23181
5.19533
5.16498
5.14143
5.12508
5.11605
1003.46
28.9384
4.57033
5.12392
5.40731
5.52921
5.56261
5.5452
5.50012
5.44233
5.38076
5.32038
5.26434
5.21451
5.17176
5.13668
5.10972
5.09115
5.08095
1054.87
497.591
4.71473
5.22283
5.56501
5.67627
5.68108
5.63061
5.55583
5.47342
5.39235
5.31679
5.24901
5.19026
5.14084
5.10086
5.0704
5.04954
5.03813
1025.32
1020.81
8.5913
5.43143
5.81504
5.88469
5.83068
5.72821
5.61306
5.50045
5.39706
5.30502
5.22496
5.15711
5.10103
5.05624
5.02241
4.99934
4.98675
508.134
1131.22
25.4509
6.02473
6.25256
6.16535
6.00198
5.82646
5.66234
5.51633
5.38975
5.28129
5.18944
5.11302
5.05075
5.00157
4.96471
4.93966
4.92601
153.761
1224.25
32.7977
7.30259
6.85685
6.47948
6.16384
5.904
5.69
5.5123
5.36459
5.24165
5.13967
5.05599
4.9885
4.93568
4.89637
4.86973
4.85523
193.096
1246.16
21.0453
8.40647
7.33002
6.69727
6.258
5.9326
5.68065
5.47937
5.31607
5.18248
5.07314
4.98424
4.913
4.85763
4.81662
4.78891
4.77384
706.796
1116.65
15.361
8.51984
7.39905
6.71349
6.23798
5.88986
5.62264
5.41081
5.24005
5.10111
4.98803
4.89648
4.82337
4.76675
4.72496
4.69679
4.68151
1018.79
405.229
9.35242
7.90224
7.07422
6.51568
6.09531
5.77037
5.51234
5.30411
5.13474
4.99626
4.88342
4.79207
4.71916
4.66277
4.62121
4.59325
4.57811
1033.06
14.2362
7.06825
6.89724
6.52299
6.17624
5.85983
5.58621
5.35459
5.16118
5.0008
4.86812
4.75937
4.67104
4.60042
4.54578
4.50548
4.47841
4.46381
557.984
6.12399
5.4814
5.94393
5.96048
5.79765
5.57772
5.35833
5.1592
4.98687
4.84072
4.71815
4.61688
4.53411
4.46774
4.41626
4.37822
4.35271
4.339
1587.65
5.42312
4.43584
5.41328
5.55418
5.45377
5.28404
5.10431
4.93578
4.7867
4.65794
4.54868
4.45757
4.38254
4.32212
4.27506
4.24018
4.21681
4.20431
1621.49
131.152
5.59139
5.46193
5.30925
5.14643
4.98516
4.83139
4.69053
4.56539
4.45605
4.36245
4.28356
4.21799
4.16492
4.12333
4.09233
4.07162
4.06061
118.895
71.3577
5.88066
5.30932
5.00556
4.81265
4.6653
4.53877
4.42657
4.32674
4.23865
4.16242
4.09724
4.04245
3.99777
3.96241
3.9359
3.91824
3.9089
-1.81271
4.43635
4.79591
4.69072
4.53518
4.41333
4.31326
4.22572
4.14676
4.07456
4.00938
3.95169
3.90117
3.85805
3.82243
3.79383
3.77225
3.75791
3.75032
-0.421645
2.58269
3.61936
3.91271
3.97369
3.96594
3.93587
3.8976
3.85606
3.81341
3.77209
3.73343
3.69805
3.66705
3.64079
3.61923
3.60283
3.59193
3.58612
-0.0585149
1.73418
2.72193
3.19419
3.41127
3.50985
3.55175
3.56478
3.56135
3.54845
3.53077
3.51092
3.49065
3.47171
3.45475
3.44029
3.42915
3.42166
3.41759
0.0507173
1.25493
2.09361
2.60637
2.90564
3.07922
3.18032
3.23852
3.27001
3.28493
3.28952
3.28744
3.28164
3.2742
3.26619
3.25867
3.25264
3.24842
3.24601
0.0862661
0.966021
1.65853
2.14788
2.47629
2.69265
2.83477
2.92799
2.98869
3.02775
3.05198
3.06603
3.07343
3.07652
3.07688
3.07594
3.07468
3.07349
3.07263
0.0990127
0.777515
1.35045
1.79425
2.12098
2.35532
2.52164
2.63928
2.72229
2.78066
2.8213
2.8492
2.86808
2.88051
2.88847
2.89348
2.8965
2.89806
2.89868
0.103891
0.646847
1.12566
1.51973
1.82912
2.06528
2.24285
2.37527
2.47352
2.54621
2.59974
2.63889
2.66732
2.68777
2.70233
2.71248
2.71921
2.72325
2.72524
0.106054
0.551966
0.956517
1.30351
1.589
1.8174
1.99679
2.13604
2.24342
2.32586
2.38877
2.43649
2.47253
2.49957
2.51956
2.53395
2.54384
2.55006
2.55329
0.107222
0.480192
0.825283
1.13014
1.38981
1.60503
1.77996
1.92031
2.03197
2.12009
2.18911
2.24293
2.28471
2.31679
2.34097
2.35874
2.37125
2.37935
2.38364
0.107788
0.423766
0.720445
0.988319
1.22247
1.42197
1.58874
1.72619
1.8382
1.92856
2.00097
2.05872
2.10438
2.13996
2.1672
2.18758
2.20219
2.21179
2.21693
0.107211
0.377685
0.634402
0.87001
1.08012
1.26311
1.41951
1.55115
1.66055
1.7506
1.82421
1.88388
1.93166
1.96939
1.99875
2.02105
2.0372
2.04789
2.05364
0.105316
0.338754
0.562043
0.769508
0.957399
1.12385
1.26861
1.39259
1.49748
1.58535
1.65825
1.71806
1.76652
1.80536
1.836
1.85948
1.87659
1.88798
1.89413
0.10237
0.304901
0.499749
0.68248
0.849953
1.00034
1.13303
1.2484
1.34748
1.43161
1.50221
1.5608
1.60891
1.64796
1.67905
1.703
1.72054
1.73227
1.73864
0.098558
0.274737
0.444987
0.605813
0.754616
0.889725
1.01038
1.11658
1.20887
1.28809
1.35529
1.41175
1.45866
1.49707
1.52781
1.55159
1.56909
1.58087
1.58728
0.0939757
0.247311
0.396007
0.537292
0.669012
0.789683
0.898499
0.995238
1.08012
1.15373
1.21688
1.27048
1.31537
1.35232
1.38201
1.4051
1.42221
1.43377
1.44009
0.0887458
0.221965
0.351525
0.475199
0.591214
0.698267
0.795574
0.882824
0.960081
1.02771
1.08624
1.13627
1.1784
1.21322
1.24135
1.26337
1.27977
1.29089
1.29697
0.0829505
0.19821
0.310573
0.41824
0.519755
0.614002
0.700251
0.778172
0.847705
0.909011
0.962405
1.00828
1.04709
1.07933
1.10554
1.12615
1.14156
1.15203
1.15777
0.0766015
0.175665
0.272435
0.365455
0.453527
0.535714
0.61136
0.680111
0.741818
0.796521
0.844389
0.88571
0.920849
0.950209
0.974181
0.993112
1.0073
1.01695
1.02226
0.0696585
0.153984
0.236481
0.315985
0.391506
0.462261
0.52769
0.587421
0.641265
0.68921
0.731356
0.767911
0.799151
0.825374
0.846867
0.863884
0.876657
0.885373
0.890158
0.0620549
0.132817
0.202108
0.269011
0.332718
0.392589
0.448142
0.499037
0.545089
0.586258
0.622605
0.65427
0.681441
0.704316
0.723121
0.738044
0.749262
0.756931
0.761141
0.053782
0.111897
0.16883
0.223869
0.276375
0.325838
0.371853
0.41414
0.452532
0.486971
0.517485
0.544163
0.567125
0.586504
0.602457
0.615149
0.624711
0.631243
0.634836
0.0448737
0.0910459
0.136294
0.180068
0.221885
0.261353
0.298151
0.332056
0.362918
0.390682
0.415348
0.436966
0.455617
0.471396
0.484397
0.49476
0.502577
0.507918
0.51086
0.0353561
0.0701364
0.10422
0.137207
0.168758
0.198576
0.226424
0.252132
0.275586
0.29673
0.315547
0.332069
0.34635
0.35845
0.36844
0.376406
0.382417
0.386533
0.388798
0.0252228
0.0490309
0.0723482
0.0949211
0.116529
0.13697
0.156083
0.173749
0.189897
0.204472
0.217458
0.228881
0.238765
0.247144
0.254079
0.259609
0.263782
0.266646
0.26822
0.014448
0.0275773
0.0404214
0.0528535
0.0647563
0.0760205
0.0865642
0.0963213
0.105244
0.113306
0.1205
0.126828
0.132306
0.136957
0.140811
0.143886
0.146211
0.147798
0.148677
0.00300685
0.00562321
0.0081741
0.0106417
0.0130029
0.0152376
0.0173313
0.0192709
0.0210426
0.0226461
0.0240792
0.0253389
0.0264262
0.0273553
0.0281258
0.0287375
0.0292058
0.0295174
0.0296983
2147.89
2149.02
2146.99
2144.64
2142.61
2140.61
2138.47
2136.34
2134.56
2133.82
2135.24
2140.67
2152.82
2175.56
2214.03
2274.46
2363.55
2489.14
2653.56
2826.99
2916.7
2792.03
2998.56
2145.82
2146.9
2144.89
2142.56
2140.48
2138.36
2136.08
2133.75
2131.73
2130.66
2131.68
2136.57
2148.04
2169.9
2207.19
2265.95
2352.52
2471.38
2617.66
2766.08
2870.63
2793.9
3006.36
2142.13
2143.12
2141.13
2138.83
2136.65
2134.33
2131.78
2129.1
2126.63
2124.99
2125.27
2129.19
2139.42
2159.69
2194.93
2250.93
2333.35
2445.2
2580.67
2716.92
2820.05
2889.28
3123.48
2136.85
2137.7
2135.74
2133.46
2131.14
2128.53
2125.58
2122.4
2119.28
2116.81
2116
2118.52
2126.93
2144.88
2177.15
2229.32
2306.55
2411.13
2537.59
2668.56
2784.42
2913.89
3162.99
2130.05
2130.71
2128.77
2126.49
2123.96
2120.97
2117.5
2113.65
2109.68
2106.1
2103.85
2104.5
2110.48
2125.32
2153.67
2200.91
2271.93
2368.8
2487.11
2613.86
2737.63
2877.88
3079.83
2121.79
2122.2
2120.29
2117.97
2115.15
2111.68
2107.56
2102.88
2097.85
2092.88
2088.82
2087.1
2090
2100.89
2124.28
2165.42
2229.09
2317.45
2427.19
2547.87
2669.19
2794.56
2917.41
2112.15
2112.27
2110.35
2107.93
2104.74
2100.68
2095.79
2090.11
2083.78
2077.14
2070.88
2066.26
2065.37
2071.4
2088.67
2122.37
2177.32
2255.92
2355.67
2466.65
2573.44
2654.12
2631.73
2101.22
2100.93
2099.02
2096.43
2092.79
2088.04
2082.24
2075.39
2067.56
2058.96
2050.12
2042.08
2036.67
2036.83
2046.7
2071.35
2115.7
2182.66
2270.26
2367.54
2449.09
2450.4
2062.48
5.27284
5.27862
5.28829
5.30071
5.31367
5.32452
5.33114
5.33237
5.32801
5.31862
5.30528
5.28932
5.27218
5.25517
5.23942
5.22594
5.21549
5.20863
5.20566
5.27146
5.27736
5.28732
5.30035
5.314
5.32539
5.33231
5.3336
5.32913
5.31949
5.30582
5.28954
5.2721
5.25482
5.23886
5.2252
5.21462
5.20767
5.20467
5.26905
5.2751
5.28559
5.29974
5.31466
5.32706
5.33451
5.33589
5.33116
5.32103
5.30676
5.28989
5.2719
5.25413
5.23778
5.22381
5.21299
5.20588
5.20281
5.26558
5.2717
5.28286
5.2988
5.31568
5.32957
5.33783
5.33932
5.33415
5.32326
5.30811
5.29037
5.27157
5.2531
5.23616
5.22175
5.21058
5.20325
5.20007
5.26092
5.26683
5.27905
5.29751
5.31709
5.33302
5.34233
5.34393
5.33814
5.32623
5.30992
5.29098
5.27109
5.25169
5.234
5.21898
5.20738
5.19974
5.19644
5.25488
5.25985
5.27376
5.29577
5.31896
5.33754
5.34814
5.3498
5.3432
5.32999
5.31219
5.29174
5.27046
5.24989
5.23124
5.21547
5.20333
5.19535
5.19189
5.24816
5.25048
5.26685
5.29356
5.32148
5.34337
5.35547
5.35707
5.34939
5.33455
5.3149
5.29262
5.26967
5.24766
5.22784
5.21118
5.19839
5.19002
5.1864
5.2402
5.23824
5.2577
5.29079
5.32489
5.35082
5.36458
5.36592
5.3568
5.33993
5.31802
5.29359
5.26867
5.24496
5.22376
5.20604
5.19252
5.18371
5.17991
2077.81
2076.89
2074.79
2071.65
2066.93
2060.65
2052.82
2043.35
2032.13
2019.11
2004.4
1988.51
1972.6
1958.98
1951.31
1954.4
1973.44
2012.47
2070.63
2133.56
2157.1
1999.27
1360.16
2046.18
2044.41
2041.8
2037.58
2031.18
2022.63
2011.84
1998.53
1982.33
1962.76
1939.31
1911.49
1879.25
1843.6
1807.15
1774.03
1749.32
1738.18
1743.8
1758.34
1762.36
1653.79
1350.56
2010.56
2007.84
2004.38
1998.65
1990.14
1978.82
1964.41
1946.41
1924.13
1896.56
1862.27
1819.4
1765.87
1700.46
1623.58
1537.33
1442.08
1340.29
1251.65
1153.12
1217.3
1249.06
1155.93
1971.86
1968.16
1963.54
1955.94
1944.96
1930.41
1911.79
1888.35
1859
1822.06
1775.01
1714.07
1633.85
1529.94
1400.55
1234.1
917.082
201.728
-7.25965
-6.57142
-2.42136
72.6081
752.119
1931.06
1926.41
1920.4
1910.71
1897
1878.88
1855.63
1826.19
1788.99
1741.58
1680.1
1598.34
1486.41
1336.1
986.165
45.4099
-6.56508
-7.17869
-7.35475
-7.59217
-7.87485
-7.93824
-5.76809
1889.19
1883.7
1876.17
1864.32
1847.8
1826.01
1797.95
1762.25
1716.9
1658.59
1581.83
1479.66
1302.09
265.015
-5.92262
-6.64592
-6.95729
-7.24752
-7.49987
-7.76029
-8.06739
-8.48653
-9.03869
1847.29
1841.13
1832.14
1818.24
1799
1773.73
1741.1
1699.4
1646.49
1578.88
1486.05
1089.03
-2.92129
-6.09226
-6.48303
-6.7808
-7.02366
-7.28365
-7.57407
-7.8987
-8.28782
-8.81035
-9.42696
1806.37
1799.67
1789.45
1773.71
1751.9
1723.83
1687.31
1640.88
1578.92
1420.92
394.446
-4.45425
-5.19437
-6.4245
-6.6001
-6.79168
-7.02806
-7.31195
-7.64122
-8.02078
-8.46005
-8.9675
-9.4623
1767.26
1761.04
1750.19
1733.45
1707.99
1677.01
1601.17
1187.63
329.038
-4.54605
-4.13079
-4.22284
3.91615
-6.43499
-6.55305
-6.74788
-7.00232
-7.31228
-7.6796
-8.10817
-8.59538
-9.10328
-9.55867
1379.43
1426.34
1258.7
962.585
513.986
144.571
-3.61406
-4.09057
-4.49134
-4.5403
-4.43025
-4.43468
4.19208
-6.24907
-6.42898
-6.65459
-6.93193
-7.27023
-7.6772
-8.16222
-8.73525
-9.40976
-10.2751
-3.11721
-3.16567
-3.26834
-3.28634
-3.39521
-3.68454
-3.87323
-4.12768
-4.41798
-4.56208
-4.56951
-4.58713
-1.33993
-6.06261
-6.26683
-6.51183
-6.81084
-7.17608
-7.62187
-8.16742
-8.8417
-9.70356
-10.9134
-3.10691
-3.15618
-3.22616
-3.30353
-3.42656
-3.62144
-3.85783
-4.15741
-4.51482
-4.79584
-4.88758
-4.86824
-2.86056
-5.84099
-6.06351
-6.32156
-6.63571
-7.02075
-7.49762
-8.09398
-8.85201
-9.83789
-11.1681
-3.12321
-3.15575
-3.21325
-3.29706
-3.41943
-3.59768
-3.84644
-4.21632
-4.7584
-4.80472
-4.70888
-5.2976
-5.2612
-5.6127
-5.82341
-6.08719
-6.40486
-6.79662
-7.28986
-7.91486
-8.73131
-9.79762
-11.1558
-3.11146
-3.13864
-3.19112
-3.27147
-3.38871
-3.55875
-3.81195
-4.26086
-4.44428
-4.35076
-4.47587
-5.42758
-5.30939
-5.38571
-5.57017
-5.81622
-6.11953
-6.49781
-6.97926
-7.60854
-8.45559
-9.60956
-11.1247
-3.07537
-3.10071
-3.14908
-3.22349
-3.33199
-3.48876
-3.7237
-4.17022
-4.00005
-4.77063
-5.42344
-5.18523
-5.11278
-5.15179
-5.2983
-5.51122
-5.78262
-6.12402
-6.56193
-7.14524
-7.96435
-9.1908
-11.1187
-3.01904
-3.04314
-3.08675
-3.15354
-3.24938
-3.38739
-3.58842
-3.95844
-4.42867
-4.71978
-4.59958
-4.87306
-4.81193
-4.8676
-4.99326
-5.17153
-5.39838
-5.681
-6.03934
-6.51391
-7.18621
-8.24432
-10.2446
-2.94575
-2.96712
-3.00539
-3.06244
-3.14364
-3.25737
-3.4144
-3.67369
-4.08472
-1.41658
-1.20358
-3.93825
-4.47589
-4.54621
-4.65692
-4.80068
-4.9757
-5.18476
-5.43711
-5.75218
-6.16425
-6.74058
-7.67136
-2.85762
-2.87559
-2.9078
-2.95575
-3.02238
-3.11184
-3.22764
-3.37805
-3.58849
-3.15168
-3.69694
-3.887
-4.10884
-4.19993
-4.29855
-4.40849
-4.52973
-4.66088
-4.8007
-4.94663
-5.08723
-5.18999
-5.14772
-2.75754
-2.77228
-2.79932
-2.8393
-2.89319
-2.9629
-3.05018
-3.15623
-3.28083
-3.41433
-3.53781
-3.65424
-3.76298
-3.85232
-3.93346
-4.00934
-4.07905
-4.13802
-4.17759
-4.18177
-4.11822
-3.9257
-3.47176
-2.64844
-2.66086
-2.68344
-2.71636
-2.75984
-2.8146
-2.88184
-2.96252
-3.05544
-3.15622
-3.25846
-3.35745
-3.44549
-3.51758
-3.57526
-3.61753
-3.64122
-3.64015
-3.60203
-3.50642
-3.32034
-2.99262
-2.44344
-2.53333
-2.54353
-2.56203
-2.58888
-2.62401
-2.66759
-2.72034
-2.78293
-2.85445
-2.93182
-3.0105
-3.08534
-3.15009
-3.20005
-3.23255
-3.24414
-3.22992
-3.18289
-3.09098
-2.93532
-2.69051
-2.32431
-1.80085
-2.41381
-2.42205
-2.43698
-2.45863
-2.48687
-2.52162
-2.56304
-2.61122
-2.66531
-2.72272
-2.77968
-2.83194
-2.87446
-2.90215
-2.91077
-2.89626
-2.85321
-2.77413
-2.64867
-2.46289
-2.19982
-1.84227
-1.37715
-2.29135
-2.2979
-2.30973
-2.32688
-2.34925
-2.37657
-2.40841
-2.44417
-2.48296
-2.52305
-2.56148
-2.59434
-2.61701
-2.62473
-2.61308
-2.57793
-2.5142
-2.41499
-2.27194
-2.07574
-1.81658
-1.48642
-1.08334
-2.16673
-2.17182
-2.18097
-2.19416
-2.21125
-2.23178
-2.25493
-2.27984
-2.30572
-2.33141
-2.35445
-2.37107
-2.37703
-2.36825
-2.34077
-2.29051
-2.21282
-2.10227
-1.95285
-1.7586
-1.51444
-1.21778
-0.87035
-2.04082
-2.04458
-2.05131
-2.06092
-2.0731
-2.08734
-2.10288
-2.11886
-2.13443
-2.14842
-2.15865
-2.16185
-2.15436
-2.13265
-2.0933
-2.03259
-1.94659
-1.83127
-1.68269
-1.49733
-1.27275
-1.00891
-0.709112
-1.91456
-1.91716
-1.92174
-1.9281
-1.93594
-1.94482
-1.95411
-1.96298
-1.97028
-1.97461
-1.9741
-1.96626
-1.94815
-1.9167
-1.86888
-1.80163
-1.71191
-1.5968
-1.45374
-1.28075
-1.07698
-0.843469
-0.58364
-1.78817
-1.78977
-1.79249
-1.79612
-1.8004
-1.80493
-1.80911
-1.81203
-1.81246
-1.80891
-1.79978
-1.78324
-1.75707
-1.71874
-1.66565
-1.59532
-1.50545
-1.39396
-1.25916
-1.10006
-0.916681
-0.710409
-0.484407
-1.66123
-1.66198
-1.66318
-1.66462
-1.66604
-1.667
-1.6669
-1.66488
-1.65977
-1.65024
-1.63487
-1.61216
-1.58045
-1.5378
-1.48215
-1.41149
-1.324
-1.21819
-1.09298
-0.947992
-0.783683
-0.601643
-0.404705
-1.53432
-1.53436
-1.53433
-1.53401
-1.5331
-1.53118
-1.52768
-1.5218
-1.51259
-1.4989
-1.47947
-1.45297
-1.41804
-1.3732
-1.31695
-1.24772
-1.16414
-1.0651
-0.949984
-0.818751
-0.672119
-0.511618
-0.339703
-1.4091
-1.40858
-1.40755
-1.40581
-1.40307
-1.39893
-1.39286
-1.38419
-1.37212
-1.35568
-1.33377
-1.30524
-1.26889
-1.22357
-1.16812
-1.10146
-1.02261
-0.930832
-0.825793
-0.70767
-0.577227
-0.435877
-0.285699
-1.28691
-1.28595
-1.28414
-1.28129
-1.27715
-1.27134
-1.26341
-1.25278
-1.23877
-1.22056
-1.19724
-1.16784
-1.13135
-1.0868
-1.03332
-0.970114
-0.896562
-0.812235
-0.717028
-0.611217
-0.495547
-0.371248
-0.240064
-1.16789
-1.1666
-1.1642
-1.16053
-1.15535
-1.14836
-1.13913
-1.1272
-1.11197
-1.09276
-1.06884
-1.03942
-1.00369
-0.960859
-0.910238
-0.851253
-0.783483
-0.706735
-0.621046
-0.526775
-0.424587
-0.315566
-0.201135
-1.05151
-1.04999
-1.04718
-1.04295
-1.03708
-1.02932
-1.01931
-1.00665
-0.990835
-0.971323
-0.947519
-0.918799
-0.884529
-0.844105
-0.796993
-0.742768
-0.681142
-0.612041
-0.535602
-0.452191
-0.362431
-0.267219
-0.167765
-0.937281
-0.935635
-0.932592
-0.928039
-0.921808
-0.913663
-0.90333
-0.890451
-0.874633
-0.85543
-0.832381
-0.804985
-0.772773
-0.735282
-0.692125
-0.642991
-0.587704
-0.526229
-0.458759
-0.385644
-0.307429
-0.224868
-0.138986
-0.824984
-0.82329
-0.820154
-0.815501
-0.809183
-0.801003
-0.79073
-0.778099
-0.762774
-0.744416
-0.722657
-0.697127
-0.667452
-0.633323
-0.594439
-0.550604
-0.501711
-0.447773
-0.38897
-0.325644
-0.258249
-0.187401
-0.113987
-0.714478
-0.712791
-0.709694
-0.705122
-0.698946
-0.691014
-0.681155
-0.669148
-0.654739
-0.637664
-0.617647
-0.594402
-0.567679
-0.537234
-0.502873
-0.464474
-0.421981
-0.37544
-0.325025
-0.271033
-0.213866
-0.154036
-0.092138
-0.605623
-0.604003
-0.601054
-0.596704
-0.590874
-0.583438
-0.574269
-0.563194
-0.550033
-0.534593
-0.516672
-0.496056
-0.472589
-0.44609
-0.416442
-0.383569
-0.347469
-0.308198
-0.265909
-0.220873
-0.17341
-0.123897
-0.0728878
-0.49827
-0.496772
-0.494059
-0.490072
-0.484744
-0.478006
-0.469742
-0.459843
-0.448193
-0.434658
-0.419095
-0.401385
-0.381394
-0.359043
-0.334235
-0.306956
-0.27723
-0.245114
-0.210743
-0.174341
-0.136177
-0.0965229
-0.0558033
-0.392247
-0.390919
-0.388525
-0.385007
-0.380313
-0.374412
-0.367234
-0.358709
-0.34877
-0.337342
-0.324349
-0.309717
-0.293392
-0.275309
-0.255439
-0.233793
-0.210406
-0.185348
-0.158731
-0.130719
-0.10154
-0.0713815
-0.0405242
-0.287287
-0.286219
-0.284212
-0.281231
-0.277274
-0.272321
-0.266353
-0.259347
-0.251276
-0.242116
-0.231843
-0.220437
-0.207891
-0.194177
-0.179309
-0.163309
-0.146231
-0.128152
-0.109152
-0.0893567
-0.0689375
-0.0480253
-0.0267393
-0.183601
-0.182854
-0.181282
-0.178892
-0.1757
-0.171753
-0.167062
-0.161635
-0.15551
-0.148695
-0.141213
-0.133104
-0.124371
-0.115062
-0.105202
-0.0948381
-0.084037
-0.0728578
-0.0613779
-0.0496795
-0.0378799
-0.0260469
-0.0141825
-0.0784429
-0.0780855
-0.0769814
-0.0752146
-0.0728824
-0.0700514
-0.0667724
-0.0631004
-0.0590935
-0.0548179
-0.050337
-0.0457112
-0.0410067
-0.0362832
-0.0316066
-0.027039
-0.0226392
-0.0184672
-0.0145723
-0.0110027
-0.00781959
-0.00508062
-0.00267124
588.975
4.85111
5.23583
5.28632
997.65
796.412
616.467
5.48185
1044.89
970.12
914.524
859.049
1012.84
1004.92
1004.24
1025.94
5.30563
181.473
1044.92
1059.01
-9.12377
-8.69661
-4.00741
217.773
-9.70469
-9.90617
-9.87758
-8.28326
-9.70109
-9.87169
-10.0351
-10.219
-9.99619
-10.3618
-10.7014
-10.7136
-11.1052
-11.715
-12.1319
-12.6859
-11.8871
-12.2427
-5.94383
191.312
-12.0079
-12.5091
130.927
1313.22
-11.9097
-12.2667
1306.39
1473.6
-11.9809
-12.5482
907.914
1583.63
-12.5994
-12.9086
-12.8281
1512.59
-12.6772
-14.9483
13.0394
35.3892
-8.53082
-9.36696
-5.75898
-6.36707
-4.86776
-4.38812
-3.41404
-1.93106
-2.95688
-2.40329
-1.67798
-0.817691
-1.96029
-1.5053
-0.985979
-0.425924
-1.39289
-1.03568
-0.650347
-0.250044
-1.04058
-0.756931
-0.459466
-0.155473
-0.804789
-0.575208
-0.338023
-0.097395
-0.637824
-0.448444
-0.254245
-0.0579939
-0.512569
-0.353989
-0.192257
-0.0291493
-0.415521
-0.280835
-0.144266
-0.00700677
-0.339691
-0.224289
-0.107665
0.00933732
-0.279649
-0.180206
-0.0797949
0.0209852
-0.23125
-0.145074
-0.0580667
0.0292782
-0.191411
-0.116511
-0.0408834
0.0350326
-0.158056
-0.0929847
-0.0272736
0.0387272
-0.129879
-0.0734352
-0.0164604
0.0407921
-0.106011
-0.0571806
-0.00794147
0.0415171
-0.0857733
-0.0437504
-0.00143153
0.0410313
-0.0685858
-0.0327642
0.00327311
0.0394016
-0.0539741
-0.023893
0.00635285
0.0366714
-0.0415056
-0.016794
0.00803868
0.0329358
-0.0308333
-0.0111876
0.00853653
0.0283112
-0.021678
-0.00686611
0.00798901
0.0228808
-0.0138149
-0.0036716
0.00649214
0.0166804
-0.00704943
-0.00146133
0.00413084
0.00973444
-0.0012563
-0.000150813
0.000955341
0.00206492
5.22237
5.20364
5.23228
5.28373
5.33419
5.36989
5.38689
5.38692
5.37386
5.3519
5.32468
5.29527
5.26596
5.2385
5.21424
5.1942
5.17906
5.16927
5.16506
5.03838
5.11684
5.17857
5.27253
5.35459
5.40526
5.42504
5.42061
5.39991
5.36922
5.33349
5.29646
5.26067
5.22785
5.1993
5.17601
5.15861
5.14747
5.1427
7.68317
4.96277
5.06742
5.26395
5.39654
5.46295
5.48071
5.46642
5.43294
5.38964
5.34258
5.2958
5.25204
5.21286
5.17934
5.15233
5.13234
5.11965
5.11425
556.335
4.52348
4.86462
5.29397
5.48255
5.55419
5.5585
5.52499
5.47215
5.41164
5.35019
5.29167
5.23859
5.19221
5.15323
5.12217
5.09938
5.08501
5.07893
1028.98
18.2406
4.92382
5.43141
5.63849
5.68837
5.6604
5.595
5.51487
5.43238
5.35372
5.28182
5.21847
5.16438
5.11966
5.08443
5.05877
5.04267
5.03588
1095.26
213.436
5.27455
5.68714
5.87177
5.86744
5.78252
5.67101
5.55588
5.4474
5.34958
5.26346
5.18952
5.12763
5.07725
5.03797
5.00954
4.99176
4.98427
1160.69
620.248
6.5867
6.19247
6.21954
6.08853
5.91358
5.74236
5.58691
5.45066
5.33336
5.23336
5.14938
5.08019
5.02458
4.98164
4.95074
4.93144
4.92332
1107.85
677.698
9.11293
7.01156
6.66192
6.3144
6.02744
5.79197
5.59705
5.43504
5.3003
5.18822
5.09568
5.02032
4.96034
4.9144
4.8815
4.86099
4.85237
1121.72
534.101
10.5787
7.75667
6.98117
6.45991
6.08406
5.79921
5.57463
5.39355
5.24596
5.12504
5.02633
4.94654
4.88343
4.83541
4.80114
4.77983
4.77087
1186.57
258.783
9.71197
7.89215
7.02229
6.45566
6.05151
5.7481
5.51087
5.32096
5.16704
5.04163
4.93979
4.85776
4.79311
4.74409
4.70922
4.68758
4.6785
1189.83
26.8619
8.37042
7.43718
6.77426
6.29119
5.923
5.63429
5.40276
5.21514
5.06202
4.93691
4.83528
4.75344
4.68901
4.64023
4.60558
4.58412
4.57514
87.7054
8.54976
7.03766
6.71056
6.34668
6.01302
5.71755
5.46539
5.25339
5.07723
4.93125
4.81098
4.71286
4.63363
4.57121
4.52392
4.49034
4.4696
4.46095
9.52603
5.38732
5.73663
5.99367
5.89172
5.68987
5.46624
5.25563
5.0696
4.9107
4.77663
4.66502
4.57334
4.49897
4.44023
4.39564
4.36394
4.34443
4.33632
152.051
4.29323
5.02307
5.54099
5.51907
5.37237
5.1937
5.0179
4.85865
4.71984
4.60092
4.50099
4.41816
4.35057
4.29701
4.25615
4.22708
4.20926
4.20188
1350.4
7.39919
5.45913
5.3919
5.22807
5.06519
4.90697
4.75908
4.62597
4.50876
4.40731
4.32127
4.24917
4.18995
4.14276
4.10653
4.08071
4.06496
4.05847
46.7213
12.6521
5.53359
5.13744
4.90059
4.73546
4.60005
4.48103
4.37518
4.28121
4.19908
4.12851
4.06855
4.01889
3.97897
3.94804
3.92598
3.91259
3.90708
3.80485
4.68279
4.75732
4.60564
4.47087
4.36128
4.26826
4.18532
4.10984
4.04104
3.97961
3.92554
3.87866
3.83933
3.80727
3.78214
3.76418
3.75332
3.74884
1.44494
3.24529
3.81407
3.95737
3.97423
3.95249
3.91731
3.8771
3.83472
3.79246
3.7524
3.71526
3.68195
3.65334
3.62941
3.61035
3.59671
3.58842
3.58499
0.946559
2.31356
3.00276
3.32367
3.47036
3.53564
3.56087
3.56463
3.55573
3.54004
3.52103
3.50071
3.48095
3.46297
3.44716
3.43426
3.42496
3.41921
3.4168
0.692645
1.72127
2.38358
2.77633
3.00411
3.13656
3.21357
3.25688
3.27907
3.28826
3.28913
3.28484
3.27805
3.27021
3.2623
3.25544
3.2503
3.24698
3.24556
0.544394
1.33887
1.92655
2.32896
2.5958
2.77114
2.88632
2.96162
3.01042
3.0414
3.06004
3.07039
3.07541
3.07695
3.0765
3.07532
3.07406
3.073
3.07255
0.448028
1.07977
1.58824
1.97081
2.24809
2.44564
2.58556
2.6844
2.75407
2.80285
2.83658
2.85959
2.87497
2.88494
2.89127
2.8952
2.89744
2.89846
2.89889
0.381144
0.896125
1.33367
1.68446
1.95543
2.16049
2.31396
2.42808
2.51261
2.57504
2.62086
2.65425
2.6784
2.69568
2.70788
2.71623
2.72153
2.72447
2.7257
0.332678
0.760726
1.13771
1.4538
1.70986
1.91267
2.0709
2.19324
2.28738
2.35947
2.4143
2.45578
2.48704
2.51035
2.52738
2.5394
2.54736
2.55202
2.55399
0.29615
0.657159
0.983213
1.26569
1.50277
1.6972
1.85408
1.97938
2.07868
2.15673
2.2177
2.26516
2.30184
2.32977
2.35058
2.36559
2.37581
2.38195
2.38453
0.267433
0.57521
0.858397
1.10975
1.32648
1.50925
1.66089
1.78514
1.88586
1.96679
2.0315
2.08292
2.12331
2.15452
2.17817
2.19556
2.20758
2.21489
2.21797
0.243608
0.508283
0.75519
0.978411
1.17501
1.34454
1.48828
1.60846
1.70781
1.78929
1.85566
1.90914
1.95167
1.98503
2.01072
2.02984
2.04319
2.05136
2.05478
0.22289
0.452059
0.668032
0.866064
1.04335
1.19891
1.33311
1.4473
1.54341
1.62355
1.68968
1.7436
1.78704
1.82163
1.84858
1.86879
1.88296
1.89168
1.89534
0.204283
0.403585
0.592857
0.768276
0.927345
1.06889
1.19282
1.29989
1.39132
1.46851
1.53291
1.58606
1.62949
1.66445
1.69187
1.71253
1.7271
1.73611
1.73988
0.187145
0.360836
0.526763
0.681846
0.823947
0.951871
1.06526
1.16442
1.25005
1.32312
1.38479
1.43632
1.47888
1.51335
1.54052
1.56108
1.57567
1.58473
1.58853
0.171035
0.322422
0.467726
0.604458
0.730791
0.845601
0.948376
1.03914
1.11829
1.18655
1.24482
1.29396
1.33479
1.36803
1.39434
1.41437
1.42866
1.43757
1.44131
0.155666
0.287346
0.414219
0.53426
0.64592
0.748168
0.840463
0.922684
0.995064
1.05807
1.11228
1.15829
1.19669
1.22809
1.25309
1.27225
1.28597
1.29455
1.29814
0.140824
0.25487
0.365093
0.469848
0.56784
0.658154
0.740264
0.81398
0.879367
0.936675
0.98626
1.02853
1.064
1.09316
1.11652
1.13448
1.14739
1.15548
1.15886
0.126327
0.224429
0.319495
0.410176
0.495401
0.574382
0.646612
0.711847
0.770037
0.821294
0.865847
0.904028
0.936226
0.962846
0.984256
1.00078
1.01268
1.02014
1.02326
0.111976
0.195534
0.276672
0.354299
0.427519
0.49567
0.558285
0.615083
0.665972
0.710997
0.750315
0.784178
0.812871
0.836695
0.855919
0.870788
0.881514
0.88825
0.891065
0.0975597
0.167705
0.235912
0.301309
0.363166
0.42093
0.474187
0.522674
0.566281
0.605027
0.639015
0.668402
0.693402
0.714214
0.731056
0.744107
0.753532
0.759461
0.761932
0.0829412
0.140554
0.196629
0.250474
0.301514
0.349297
0.393478
0.433829
0.470245
0.502714
0.531296
0.556101
0.577251
0.5949
0.609201
0.620315
0.628349
0.633402
0.635504
0.068041
0.113819
0.158396
0.201249
0.241934
0.280102
0.315476
0.347872
0.377188
0.4034
0.426534
0.446657
0.463862
0.478235
0.489902
0.498979
0.505552
0.509686
0.5114
0.0528079
0.0872898
0.120874
0.153182
0.183899
0.212759
0.239554
0.264145
0.286448
0.306427
0.324094
0.339486
0.352668
0.363702
0.372673
0.379651
0.38471
0.387894
0.389203
0.0371712
0.060766
0.0837422
0.10586
0.126906
0.1467
0.165103
0.182017
0.197383
0.211163
0.223363
0.234014
0.243137
0.250791
0.257015
0.261863
0.265377
0.267591
0.268488
0.0210407
0.034043
0.0466957
0.0588783
0.0704746
0.0813865
0.091544
0.10089
0.109382
0.117012
0.123771
0.12967
0.134736
0.138982
0.142444
0.145141
0.147094
0.148324
0.148812
0.00432304
0.00690729
0.00941981
0.0118368
0.0141364
0.0163039
0.0183213
0.0201772
0.0218666
0.0233835
0.0247307
0.0259042
0.0269109
0.0277601
0.0284499
0.02899
0.029379
0.0296223
0.0297196
)
;

boundaryField
{
    leftWall
    {
        type            fixedFluxPressure;
        gradient        uniform 0;
        value           nonuniform List<scalar> 
100
(
2145.88
2144.67
2141.84
2137.42
2131.46
2124.02
2115.16
2104.95
2090.17
2061.23
2027.92
1991.13
1951.78
1910.86
1869.35
1828.33
1788.69
1750.98
562.411
-3.10686
-3.12038
-3.11297
-3.08644
-3.04235
-2.97941
-2.89928
-2.80565
-2.70124
-2.58928
-2.47222
-2.35145
-2.22811
-2.103
-1.97709
-1.85098
-1.72451
-1.59759
-1.47146
-1.34778
-1.22728
-1.10969
-0.994462
-0.881234
-0.769854
-0.660184
-0.552077
-0.445391
-0.339914
-0.235333
-0.131937
2145.48
2143.45
2139.82
2134.63
2127.92
2119.76
2110.22
2099.38
2076.3
2045.07
2009.91
1971.72
1931.45
1890.11
1848.71
1808.26
1769.72
1665.45
-3.11777
-3.11481
-3.11917
-3.10207
-3.06659
-3.01324
-2.94124
-2.85394
-2.75467
-2.64595
-2.53134
-2.41219
-2.29008
-2.16573
-2.0401
-1.91406
-1.78785
-1.66108
-1.53431
-1.40922
-1.28712
-1.16815
-1.05181
-0.937611
-0.825323
-0.714815
-0.605944
-0.498568
-0.392515
-0.287522
-0.183604
-0.0774839
)
;
    }
    rightWall
    {
        type            fixedFluxPressure;
        gradient        uniform 0;
        value           nonuniform List<scalar> 
100
(
5.20566
5.20467
5.20281
5.20007
5.19644
5.19189
5.1864
5.17991
5.16506
5.1427
5.11425
5.07893
5.03588
4.98427
4.92332
4.85237
4.77087
4.6785
4.57514
4.46095
4.33632
4.20188
4.05847
3.90708
3.74884
3.58499
3.4168
3.24556
3.07255
2.89889
2.7257
2.55399
2.38453
2.21797
2.05478
1.89534
1.73988
1.58853
1.44131
1.29814
1.15886
1.02326
0.891065
0.761932
0.635504
0.5114
0.389203
0.268488
0.148812
0.0297196
5.20583
5.20527
5.20385
5.20155
5.19837
5.19428
5.18927
5.18328
5.17418
5.1546
5.12929
5.0975
5.05842
5.01119
4.95501
4.88914
4.81297
4.72606
4.62819
4.51938
4.3999
4.27028
4.13124
3.98371
3.82874
3.66754
3.50136
3.33147
3.1592
2.98572
2.81217
2.63961
2.46893
2.30085
2.13593
1.97458
1.8171
1.66369
1.51441
1.36922
1.22803
1.09062
0.956758
0.826139
0.698402
0.573186
0.45009
0.328689
0.208548
0.0892229
)
;
    }
    lowerWall
    {
        type            fixedFluxPressure;
        gradient        uniform 0;
        value           nonuniform List<scalar> 
124
(
2148.3
2149.44
2147.41
2145.05
2143.03
2141.05
2138.95
2136.85
2135.12
2134.44
2135.95
2141.48
2153.77
2176.7
2215.41
2276.67
2368.71
2498.4
2667.49
2835.18
2906.44
2818.66
3028.13
2998.56
3006.36
3123.48
3162.99
3079.83
2917.41
2631.73
2062.48
184.549
5.29538
5.2273
5.2442
5.27189
5.27103
5.2692
5.26638
5.26269
5.25805
5.25241
5.24831
5.27314
5.27888
5.28849
5.30079
5.31362
5.32436
5.33092
5.33213
5.3278
5.31845
5.30517
5.28927
5.27218
5.25522
5.23951
5.22606
5.21564
5.20879
5.20583
2145.88
2149.42
2148.6
2146.18
2144.02
2142.05
2140.01
2137.88
2135.91
2134.59
2134.83
2138.07
2146.57
2163.61
2193.71
2242.69
2318.43
2428.41
2578.8
2757.5
2884.37
2883.8
2864.02
404.723
5.80147
5.22748
5.23414
5.27189
5.27548
5.28325
5.29441
5.3073
5.3194
5.32826
5.33222
5.33064
5.32369
5.31222
5.29746
5.28079
5.26361
5.24714
5.23245
5.22043
5.21175
5.20681
3028.13
2983.4
3063.5
3160.21
3132.52
3009.04
2796.53
2397.18
5.2716
5.27023
5.2679
5.26464
5.26051
5.25537
5.25021
5.24703
)
;
    }
    atmosphere
    {
        type            totalPressure;
        rho             rho;
        psi             none;
        gamma           1;
        p0              uniform 0;
        value           nonuniform List<scalar> 
92
(
-0.0493576
-0.0489295
-0.0479397
-0.0463865
-0.0443592
-0.0419252
-0.0391415
-0.0360678
-0.0327718
-0.029327
-0.0258042
-0.0222716
-0.0187977
-0.01545
-0.0122937
-0.00939018
-0.00679475
-0.0045562
-0.00271704
-0.00131811
-0.000385933
-1.01781e-05
0
0
0
0
0
0
0
0
0
0
0
0
0
0
0
0
0
0
0
0
0
0
0
0
-0.0474017
-0.0491167
-0.04851
-0.0472277
-0.0454281
-0.0431901
-0.0405741
-0.0376374
-0.0344434
-0.031064
-0.0275715
-0.0240352
-0.0205234
-0.0171044
-0.0138444
-0.0108071
-0.00805105
-0.00562812
-0.00358438
-0.00195902
-0.000786862
-0.000129155
0
0
0
0
0
0
0
0
0
0
0
0
0
0
0
0
0
0
0
0
0
0
0
0
)
;
    }
    defaultFaces
    {
        type            empty;
    }
}


// ************************************************************************* //
