/*--------------------------------*- C++ -*----------------------------------*\
| =========                 |                                                 |
| \\      /  F ield         | OpenFOAM: The Open Source CFD Toolbox           |
|  \\    /   O peration     | Version:  v1912                                 |
|   \\  /    A nd           | Website:  www.openfoam.com                      |
|    \\/     M anipulation  |                                                 |
\*---------------------------------------------------------------------------*/
FoamFile
{
    version     2.0;
    format      ascii;
    class       volScalarField;
    location    "0.55";
    object      p;
}
// * * * * * * * * * * * * * * * * * * * * * * * * * * * * * * * * * * * * * //

dimensions      [1 -1 -2 0 0 0 0];


internalField   nonuniform List<scalar> 
9072
(
528.513
556.661
562.695
571.998
578.882
583.736
590.296
599.935
612.315
627.215
644.643
664.622
687.075
711.781
738.467
766.797
795.392
818.272
829.742
843.097
847.484
843.922
893.248
467.71
496.205
502.059
511.58
518.989
524.101
530.836
540.549
552.995
567.924
585.348
605.331
627.795
652.477
678.987
706.766
734.582
758.875
773.804
779.974
796.21
755.591
801.925
405.8
434.152
439.14
449.279
458.014
463.658
470.739
480.649
493.148
508.053
525.458
545.473
568.018
592.771
619.221
646.592
673.446
697.127
713.995
727.162
757.181
681.114
708.299
343.732
370.845
374.049
385.266
396.606
402.858
410.253
420.32
432.805
447.623
464.978
485.043
507.734
532.66
559.194
586.442
613.035
636.937
656.268
673.743
694.519
645.053
663.137
283.107
306.609
305.788
318.192
335.21
342.038
349.537
359.622
371.981
386.624
403.89
424.023
446.94
472.164
498.955
526.35
553.082
577.602
598.723
617.445
632.967
614.689
637.577
226.251
242.032
234.318
247.552
273.849
281.177
288.523
298.512
310.636
325.016
342.146
362.373
385.616
411.29
438.537
466.344
493.542
518.903
541.562
561.7
578.123
582.112
612.459
174.889
180.094
165.359
180.248
212.64
219.819
227.048
236.889
248.69
262.712
279.671
300.023
323.727
350.036
377.959
406.431
434.359
460.726
484.832
506.529
525.243
540.501
573.023
128.13
125.267
104.393
119.504
149.187
156.927
164.925
174.649
186.057
199.631
216.396
236.863
261.2
288.372
317.225
346.611
375.491
402.995
428.536
451.871
472.831
492.562
521.866
428.762
427.388
432.351
530.879
896.097
889.196
458.351
856.649
520.612
192.877
155.603
149.304
150.685
179.047
190.128
204.692
219.485
509.864
737.436
414.099
412.758
414.327
428.925
781.448
700.127
96.1281
362.719
191.883
147.157
143.303
142.187
145.019
150.053
154.646
157.996
159.909
198.298
581.527
413.837
412.377
414.233
415.533
600.665
431.649
65.4326
107.093
152.63
144.905
140.238
139.527
143.68
149.62
153.983
157.902
159.287
158.847
357.245
414.273
412.737
414.083
411.915
440.944
284.982
162.022
137.211
144.791
140.639
138.317
138.089
142.882
148.921
153.152
157.243
158.555
152.087
225.971
414.341
413.488
413.925
385.409
348.886
189.383
151.14
141.122
140.261
137.664
135.923
135.973
141.418
147.856
151.94
155.488
157.035
151.549
164.453
414.259
413.781
409.292
341.724
312.408
189.833
146.863
141.2
138.815
135.885
134.146
133.665
139.718
146.805
150.988
154.07
155.673
150.946
152.475
414.217
414.132
370.299
296.859
213.439
157.866
144.921
140.657
138.483
134.632
132.063
131.413
137.936
145.68
149.897
152.071
153.235
149.474
148.208
407.403
397.464
333.73
248.44
127.345
138.627
142.904
140.154
138.358
133.742
129.774
129.341
136.581
144.626
148.719
149.59
149.36
148.637
151.093
42.4538
65.6947
25.8966
31.3649
62.5827
74.0783
83.9824
94.1355
104.988
118.009
134.118
154.517
180.124
208.754
239.193
270.04
300.411
329.539
356.94
382.36
405.846
427.605
443.489
1.42346
1.69602
1.34419
1.69194
1.66121
1.49706
2.37752
3.71304
5.41518
8.26896
13.3419
23.6771
43.4289
74.1945
109.715
143.342
176.704
209.135
239.563
268.25
295.191
320.889
345.809
1.28471
1.36503
1.25384
1.34444
1.2662
1.14884
1.10092
1.13611
1.21566
1.29729
1.37048
1.40847
1.39808
1.88651
7.10536
25.4498
52.9468
91.3504
122.932
155.431
185.033
213.726
242.815
1.11183
1.18963
1.15125
1.15286
1.12673
1.08084
1.05314
1.06585
1.10681
1.15659
1.20397
1.23871
1.26604
1.28925
1.35378
1.38334
1.50862
5.07734
20.9889
43.33
73.0933
102.018
135.024
0.944023
1.02136
1.006
0.996453
0.978578
0.959267
0.950049
0.95954
0.984908
1.01908
1.05699
1.09255
1.12713
1.16241
1.20092
1.23384
1.26134
1.28621
1.37655
1.43918
1.87377
10.7134
30.7527
0.780701
0.856954
0.849296
0.841625
0.832268
0.82532
0.824985
0.835181
0.855438
0.883122
0.915618
0.949254
0.983467
1.01892
1.05551
1.09247
1.13107
1.1765
1.24035
1.27767
1.29983
1.39389
1.45841
0.618595
0.695555
0.691236
0.687257
0.684167
0.683794
0.688469
0.700007
0.718554
0.743162
0.772148
0.803966
0.837574
0.873145
0.910726
0.950542
0.993051
1.04338
1.09784
1.1506
1.20481
1.2693
1.33221
0.455054
0.534464
0.532758
0.532117
0.533129
0.536868
0.544672
0.557483
0.575638
0.598717
0.625925
0.656402
0.689588
0.725414
0.764032
0.805824
0.851505
0.902004
0.956854
1.01544
1.07561
1.13044
1.18333
0.288283
0.371968
0.373114
0.375304
0.379229
0.385687
0.395538
0.409429
0.427632
0.450041
0.476304
0.506006
0.538869
0.574849
0.6141
0.656925
0.703735
0.754785
0.809887
0.868245
0.923586
0.973468
1.01112
0.122102
0.207849
0.212302
0.216771
0.222744
0.231013
0.242239
0.256909
0.27528
0.297391
0.323131
0.352347
0.384938
0.420919
0.460426
0.503655
0.550769
0.601691
0.655713
0.711121
0.758753
0.811908
0.838803
-0.0387506
0.0450367
0.0509738
0.0567263
0.063937
0.0733239
0.0854095
0.100576
0.119065
0.140985
0.166359
0.195183
0.227472
0.263288
0.302762
0.346018
0.393063
0.443571
0.496407
0.54888
0.592087
0.625228
0.644507
-0.199056
-0.11621
-0.110887
-0.104842
-0.0970715
-0.0870993
-0.0745614
-0.0591632
-0.0406887
-0.0189972
0.00600734
0.0344074
0.0662882
0.10176
0.140969
0.184025
0.230898
0.281251
0.334048
0.387179
0.435309
0.478641
0.508063
-0.362098
-0.278751
-0.274113
-0.268225
-0.260306
-0.250122
-0.237444
-0.222052
-0.203757
-0.182407
-0.157866
-0.130009
-0.0987009
-0.0637856
-0.0250778
0.0175673
0.0641997
0.114675
0.16844
0.224427
0.280828
0.337272
0.390776
-0.527772
-0.443454
-0.439435
-0.43371
-0.425835
-0.415683
-0.4031
-0.387917
-0.369972
-0.349113
-0.32519
-0.298053
-0.267532
-0.233432
-0.195521
-0.153585
-0.107443
-0.056975
-0.00223515
0.0565424
0.119142
0.185928
0.256184
-0.695992
-0.610619
-0.606963
-0.601407
-0.59369
-0.58373
-0.571416
-0.556614
-0.539187
-0.51899
-0.495873
-0.469673
-0.4402
-0.40723
-0.370493
-0.329703
-0.284549
-0.234673
-0.179742
-0.119437
-0.0532648
0.0196393
0.10031
-0.866594
-0.780027
-0.776705
-0.771324
-0.763842
-0.754189
-0.742279
-0.728007
-0.711257
-0.691901
-0.669794
-0.64477
-0.616636
-0.585159
-0.55005
-0.51097
-0.467539
-0.419192
-0.365324
-0.305281
-0.238092
-0.162363
-0.076113
-1.03941
-0.951621
-0.948546
-0.943397
-0.936215
-0.92696
-0.915569
-0.901957
-0.886034
-0.867689
-0.84679
-0.823186
-0.796695
-0.767101
-0.734118
-0.69739
-0.656444
-0.610791
-0.55969
-0.502077
-0.436605
-0.361309
-0.273114
-1.21431
-1.12545
-1.12246
-1.11754
-1.11071
-1.10192
-1.09114
-1.0783
-1.06333
-1.04615
-1.02665
-1.00469
-0.980144
-0.952822
-0.922488
-0.888831
-0.851449
-0.809826
-0.763204
-0.710473
-0.649999
-0.579184
-0.493734
-1.39116
-1.30127
-1.29833
-1.29365
-1.28719
-1.27892
-1.26883
-1.25685
-1.24294
-1.22705
-1.2091
-1.189
-1.16666
-1.14196
-1.11475
-1.08484
-1.05194
-1.01569
-0.975506
-0.930483
-0.879052
-0.818414
-0.743379
-1.56977
-1.47893
-1.47601
-1.47157
-1.4655
-1.4578
-1.44844
-1.43739
-1.42463
-1.41012
-1.39383
-1.37575
-1.35582
-1.33402
-1.31032
-1.28468
-1.25705
-1.22735
-1.19546
-1.16104
-1.12331
-1.08044
-1.02816
-1.74987
-1.65822
-1.65533
-1.65114
-1.64549
-1.63838
-1.62979
-1.61971
-1.60813
-1.59507
-1.58053
-1.56454
-1.54714
-1.5284
-1.50842
-1.48738
-1.46551
-1.44318
-1.42091
-1.39944
-1.37973
-1.36288
-1.34976
-1.93112
-1.83885
-1.83612
-1.83217
-1.82696
-1.82046
-1.81266
-1.80356
-1.79319
-1.78159
-1.76881
-1.75493
-1.74008
-1.72442
-1.70819
-1.69178
-1.67575
-1.66095
-1.6487
-1.64109
-1.64153
-1.65595
-1.69523
-2.11342
-2.02063
-2.01824
-2.01456
-2.00977
-2.00387
-1.99686
-1.98874
-1.97957
-1.96941
-1.95835
-1.94652
-1.93413
-1.92141
-1.90875
-1.89671
-1.88612
-1.87828
-1.87519
-1.88016
-1.89889
-1.94188
-2.03002
-2.29671
-2.20369
-2.20138
-2.19806
-2.19373
-2.18843
-2.18218
-2.17502
-2.16701
-2.15822
-2.14879
-2.13889
-2.12876
-2.11873
-2.10927
-2.10105
-2.09509
-2.09293
-2.09697
-2.11111
-2.142
-2.20161
-2.31312
-2.48111
-2.38773
-2.38561
-2.3826
-2.37871
-2.37397
-2.36845
-2.3622
-2.35527
-2.34777
-2.33984
-2.33168
-2.32356
-2.31585
-2.30907
-2.30393
-2.3015
-2.30335
-2.31185
-2.3307
-2.36587
-2.42732
-2.5324
-2.66647
-2.57268
-2.57075
-2.56802
-2.56454
-2.56035
-2.55551
-2.55009
-2.54416
-2.53782
-2.53123
-2.52458
-2.51818
-2.51239
-2.50771
-2.50485
-2.50478
-2.50891
-2.51924
-2.53867
-2.5715
-2.62405
-2.70547
-2.85267
-2.75845
-2.75668
-2.7542
-2.7511
-2.74741
-2.74321
-2.73855
-2.73351
-2.7282
-2.72276
-2.7174
-2.7124
-2.7081
-2.70498
-2.70364
-2.70488
-2.70982
-2.71993
-2.7371
-2.76378
-2.80291
-2.85747
-3.03956
-2.94494
-2.94329
-2.94102
-2.93826
-2.93507
-2.93144
-2.92744
-2.92318
-2.91876
-2.9143
-2.91
-2.90611
-2.90293
-2.90087
-2.90041
-2.90216
-2.9069
-2.91554
-2.9291
-2.94856
-2.97458
-3.00674
-3.22689
-3.13202
-3.13042
-3.12834
-3.12591
-3.12313
-3.12002
-3.11664
-3.11306
-3.10939
-3.10576
-3.10231
-3.09928
-3.09692
-3.09553
-3.0955
-3.09724
-3.10121
-3.10792
-3.11771
-3.13067
-3.14625
-3.1626
-3.41434
-3.31949
-3.3179
-3.31604
-3.31392
-3.31154
-3.30891
-3.30607
-3.30309
-3.30006
-3.29709
-3.29433
-3.29195
-3.29016
-3.28919
-3.28931
-3.29077
-3.29383
-3.29867
-3.30526
-3.31326
-3.32164
-3.32831
-3.60168
-3.50712
-3.50561
-3.50403
-3.50224
-3.50023
-3.49803
-3.49567
-3.4932
-3.49071
-3.4883
-3.48608
-3.4842
-3.48281
-3.48209
-3.48222
-3.48335
-3.48558
-3.48892
-3.49319
-3.49791
-3.50206
-3.50383
-3.78889
-3.69474
-3.69349
-3.69224
-3.69079
-3.68915
-3.68734
-3.6854
-3.68337
-3.68134
-3.67939
-3.6776
-3.6761
-3.67502
-3.67446
-3.67456
-3.6754
-3.67701
-3.67934
-3.68217
-3.68509
-3.68732
-3.6876
-3.97618
-3.88235
-3.88155
-3.88066
-3.87956
-3.87826
-3.87681
-3.87523
-3.87359
-3.87194
-3.87036
-3.86893
-3.86774
-3.86689
-3.86647
-3.86656
-3.86722
-3.86847
-3.87023
-3.87236
-3.8746
-3.87651
-3.87743
-4.16381
-4.0701
-4.06983
-4.0693
-4.06852
-4.06754
-4.0664
-4.06515
-4.06383
-4.06251
-4.06124
-4.06011
-4.05918
-4.05853
-4.05823
-4.05836
-4.05896
-4.06006
-4.06163
-4.0636
-4.06589
-4.06839
-4.07095
-4.35203
-4.25828
-4.25841
-4.25819
-4.25769
-4.25698
-4.25611
-4.25514
-4.2541
-4.25305
-4.25206
-4.25117
-4.25046
-4.25
-4.24983
-4.25004
-4.25069
-4.2518
-4.25342
-4.25557
-4.25832
-4.2618
-4.26621
-4.5409
-4.44698
-4.44732
-4.44732
-4.44704
-4.44655
-4.44591
-4.44517
-4.44438
-4.44357
-4.4428
-4.44213
-4.44162
-4.44132
-4.44131
-4.44163
-4.44238
-4.44362
-4.44543
-4.44792
-4.45129
-4.45583
-4.46198
-4.73035
-4.63619
-4.63661
-4.63674
-4.63661
-4.63629
-4.63583
-4.63529
-4.63469
-4.63409
-4.63353
-4.63305
-4.63271
-4.63257
-4.63271
-4.63317
-4.63405
-4.63545
-4.6375
-4.64036
-4.64435
-4.64987
-4.65754
-4.92022
-4.8258
-4.82622
-4.8264
-4.82636
-4.82616
-4.82585
-4.82546
-4.82504
-4.82461
-4.82423
-4.82391
-4.82373
-4.82375
-4.82402
-4.82462
-4.82563
-4.8272
-4.82946
-4.83265
-4.83712
-4.84339
-4.85222
-5.11037
-5.01571
-5.01607
-5.01626
-5.01627
-5.01616
-5.01596
-5.0157
-5.01542
-5.01514
-5.01491
-5.01475
-5.01471
-5.01486
-5.01525
-5.01595
-5.01707
-5.01876
-5.02117
-5.02456
-5.02929
-5.03592
-5.04528
-5.3007
-5.20584
-5.20613
-5.20629
-5.20632
-5.20626
-5.20614
-5.20599
-5.20583
-5.20569
-5.20559
-5.20556
-5.20565
-5.20591
-5.20639
-5.20717
-5.20836
-5.2101
-5.21257
-5.216
-5.22073
-5.2273
-5.23645
-5.49113
-5.39615
-5.39635
-5.39646
-5.39649
-5.39647
-5.39641
-5.39635
-5.39629
-5.39626
-5.39628
-5.39636
-5.39656
-5.39692
-5.39748
-5.39832
-5.39955
-5.40128
-5.4037
-5.40703
-5.41155
-5.41773
-5.42621
-5.68127
-5.5862
-5.58631
-5.58639
-5.58642
-5.58644
-5.58645
-5.58647
-5.58651
-5.58658
-5.58669
-5.58687
-5.58716
-5.58758
-5.58819
-5.58905
-5.59024
-5.59188
-5.59413
-5.59718
-5.60132
-5.60692
-5.6145
343.881
384.558
387.872
386.861
359.016
361.829
365.428
366.022
267.8
280.167
290.768
297.867
164.714
182.204
199.384
214.611
53.7773
73.2496
96.4139
121.637
1.56517
2.38656
6.87487
26.1185
1.36522
1.42564
1.46493
1.45755
1.23767
1.28943
1.35837
1.44091
1.02052
1.0386
1.08097
1.14608
0.792717
0.766065
0.782583
0.847591
0.630982
0.608782
0.605002
0.64757
0.513998
0.517092
0.530181
0.561452
0.427195
0.444686
0.471821
0.514962
0.320769
0.359612
0.405229
0.459604
0.179301
0.226921
0.279325
0.336867
0.0106393
0.0632316
0.12042
0.182185
-0.181658
-0.125176
-0.0632193
0.00412529
-0.401216
-0.342026
-0.275272
-0.20074
-0.657613
-0.599626
-0.530857
-0.449712
-0.965876
-0.920306
-0.861715
-0.785334
-1.34019
-1.33197
-1.31864
-1.29367
-1.77013
-1.83521
-1.9318
-2.07849
-2.18388
-2.32337
-2.53676
-2.87949
-2.49256
-2.64706
-2.8665
-3.19205
-2.6855
-2.80499
-2.96009
-3.16243
-2.81053
-2.88444
-2.97142
-3.07308
-2.91911
-2.95771
-2.99789
-3.03808
-3.03745
-3.0537
-3.06754
-3.07739
-3.17419
-3.17793
-3.17831
-3.17418
-3.32963
-3.32732
-3.32181
-3.31225
-3.50099
-3.49681
-3.49004
-3.48007
-3.68469
-3.68129
-3.67618
-3.66899
-3.87672
-3.87551
-3.87358
-3.87082
-4.0732
-4.07446
-4.07585
-4.07748
-4.27117
-4.27447
-4.27834
-4.283
-4.46917
-4.47399
-4.47958
-4.48619
-4.66667
-4.67282
-4.68003
-4.68866
-4.86291
-4.87022
-4.8789
-4.88933
-5.05669
-5.06457
-5.07398
-5.08524
-5.24736
-5.25474
-5.26332
-5.27316
-5.43607
-5.44257
-5.44995
-5.45824
-5.6233
-5.62911
-5.63581
-5.64354
369.662
354.467
298.179
189.413
112.466
143.589
142.23
140.004
138.332
133.335
127.965
129.179
135.655
143.93
147.157
147.333
145.571
147.599
150.493
359.497
319
240.495
163.565
153.33
147.189
143.956
141.215
138.703
134.639
131.514
132.25
137.471
143.443
146.2
145.834
143.188
146.804
150.242
299.09
264.407
165.797
154.603
154.597
148.233
145.408
142.882
139.746
136.438
133.691
135.818
140.582
142.654
147.056
147.069
145.22
146.749
149.155
227.174
204.341
154.206
153.915
153.623
149.285
146.669
144.746
141.434
137.104
134.528
137.546
142.206
143.193
148.786
148.628
147.634
147.043
159.753
153.086
158.831
154.268
154.115
154.194
154.766
156.154
151.891
143.038
136.819
136.25
139.763
144.396
146.267
149.333
148.994
148.055
147.255
164.327
76.0577
149.613
154.466
154.357
154.896
155.833
171.25
179.629
141.112
130.292
136.202
143.996
149.891
151.158
149.63
149.026
148.243
147.968
171.287
5.40397
89.6314
154.469
153.746
154.429
156.464
138.493
97.8373
100.895
98.5663
140.544
147.833
151.249
151.499
149.766
149.319
148.734
167.994
336.688
1.49463
11.2709
142.093
152.974
148.936
149.362
94.1452
45.726
77.9959
119.205
145.702
149.372
150.512
150.464
149.752
149.912
155.202
299.781
556.314
1.24761
1.39412
10.9635
127.358
137.703
118.982
54.0328
21.0333
29.4056
73.9572
149.699
150.865
150.614
150.58
151.313
152.13
173.969
405.423
696.552
0.982347
1.25803
1.41357
2.1892
10.7712
9.46841
2.5167
2.88563
2.63207
13.4278
105.805
150.666
150.516
151.229
151.885
152.208
170.607
490.29
746.599
0.774683
1.09088
1.30701
1.59451
1.82313
1.9479
2.12471
2.33907
2.3054
2.12719
18.9657
127.314
150.459
151.418
152.362
152.528
210.163
471.582
646.694
0.663085
1.00675
1.31882
1.45495
1.51326
1.64251
1.90429
2.08469
2.04192
1.88789
1.60454
12.2503
95.0807
144.065
150.275
270.893
321.63
349.472
481.439
0.593128
0.860928
1.12824
1.26413
1.34417
1.46831
1.6394
1.75222
1.75723
1.67793
1.32035
1.90745
-11.2641
-5.28672
408.763
373.711
316.838
324.859
377.448
0.542608
0.737843
0.930335
1.07335
1.18349
1.2938
1.39748
1.46263
1.46205
1.37169
1.11162
0.499982
-2.31656
-12.76
68.9409
179.598
311.989
281.604
325.339
0.420773
0.59354
0.764197
0.908302
1.02386
1.11573
1.18169
1.21306
1.19442
1.10217
0.911359
0.647772
-0.988698
1.00791
4.05035
10.4401
194.582
203.537
303.488
0.270539
0.443939
0.61635
0.765779
0.880404
0.955481
0.992837
0.996675
0.963326
0.876321
0.717844
0.404158
-0.242737
0.875349
2.59406
2.89597
87.3533
174.536
302.682
0.101011
0.292381
0.48376
0.648281
0.764693
0.821468
0.827021
0.799754
0.751133
0.680118
0.607142
0.630767
0.693188
0.723897
-5.43796
2.34925
75.0068
193.517
318.83
-0.0905645
0.138016
0.367117
0.561311
0.687528
0.718002
0.673723
0.598063
0.519484
0.453654
0.440738
0.622608
0.855074
-15.629
-29.9935
-8.82171
73.2803
211.553
291.75
-0.322606
-0.0247939
0.264753
0.504896
0.662098
0.642065
0.507502
0.351818
0.210323
0.103016
0.0129975
0.457101
-0.233216
-10.3775
-9.21591
25.231
86.1134
193.425
225.862
-0.655314
-0.22401
0.16655
0.451454
0.697967
0.560272
0.267856
0.00352748
-0.238159
-0.492669
-1.022
-0.950114
-3.57699
-4.55587
-1.9858
15.9799
43.3443
102.739
150.29
-1.27474
-0.655926
0.0809377
0.232658
0.5699
0.274271
-0.19116
-0.505972
-0.831792
-1.34138
-2.84404
-4.77189
-4.16969
-4.32871
-4.13296
-3.54896
-2.28879
2.08188
64.9678
-2.62628
-2.24005
-0.652811
-0.843548
-1.19321
-1.01869
-1.10989
-1.18038
-1.44715
-1.99322
-3.17653
-4.50584
-4.33115
-4.41377
-4.28354
-3.48815
-2.73127
-2.56899
15.8338
-3.75484
-3.77944
-2.0232
-2.23935
-2.68409
-3.71058
-2.42678
-1.85993
-1.9237
-2.31305
-3.04238
-3.89403
-4.08341
-4.58623
-4.65162
-3.935
-3.18538
-3.46388
4.08113
-3.86331
-4.51763
-3.32131
-2.89237
-3.53582
-5.54212
-2.9837
-2.19
-2.14943
-2.42388
-2.91435
-3.48491
-3.89773
-4.78202
-5.06909
-4.33511
-3.40581
-2.88141
5.54519
-3.5347
-4.00737
-4.08579
-3.67109
-3.05595
-2.60475
-2.2811
-2.04604
-2.13677
-2.40853
-2.81397
-3.34425
-4.00678
-4.90929
-5.46212
-4.47346
-3.31951
-2.86313
-2.91609
-3.22633
-3.54271
-3.43079
-3.01676
-2.21744
-1.475
-1.53532
-1.78357
-2.03824
-2.3409
-2.68642
-3.08517
-3.69552
-4.37653
-4.90169
-3.82384
-3.00175
-2.75281
-2.63525
-3.08662
-3.13071
-3.04292
-2.76672
-2.41786
-1.55072
-1.48374
-1.68667
-1.99694
-2.30372
-2.57782
-2.81155
-3.02789
-3.20042
-3.13269
-2.70625
-2.50129
-2.65759
-1.33001
-3.0815
-3.04424
-2.92304
-2.69866
-2.43767
-2.2478
-1.69627
-1.71275
-2.0536
-2.34353
-2.53508
-2.63203
-2.62251
-2.49993
-2.29308
-2.11735
-2.09191
-2.26274
-5.29777
-3.16025
-3.09997
-2.97941
-2.79647
-2.59569
-2.45984
-2.22107
-1.93514
-2.2599
-2.49163
-2.57545
-2.56823
-2.46899
-2.29572
-2.10041
-1.97352
-1.90973
-2.03528
5.26923
-3.2924
-3.22866
-3.11837
-2.95778
-2.7773
-2.71163
-2.46652
-2.28375
-2.68376
-2.77887
-2.70348
-2.59966
-2.45068
-2.27875
-2.14584
-2.13061
-2.18333
-2.73817
-2.36324
-3.46127
-3.40561
-3.31054
-3.15218
-2.87022
-2.8092
-3.12252
-2.91411
-3.03622
-3.10441
-2.91874
-2.70731
-2.51963
-2.35133
-2.25889
-2.33352
-2.72645
-3.18537
-2.73813
-3.65591
-3.61892
-3.55765
-3.44589
-3.04989
-3.23179
-4.21294
-4.2904
-3.71705
-3.52113
-3.20859
-2.8716
-2.63487
-2.44602
-2.32193
-2.27449
-2.3279
-2.36328
-2.18523
-3.86593
-3.85437
-3.84648
-3.86204
-4.09539
-4.42702
-4.66217
-4.7942
-4.33941
-3.8599
-3.50743
-3.06665
-2.76724
-2.51262
-2.27873
-2.12894
-2.0782
-2.02788
-1.92843
-4.08034
-4.09172
-4.14399
-4.19376
-4.39234
-4.16299
-4.84667
-4.63267
-4.38948
-4.01687
-3.74579
-3.27297
-2.91967
-2.58546
-2.24936
-1.99546
-1.90526
-1.81415
-1.77203
-4.29081
-4.31489
-4.38603
-4.46557
-4.62216
-4.82374
-4.78542
-4.74242
-4.46257
-4.15288
-3.95018
-3.49682
-3.1275
-2.75722
-2.37569
-1.94363
-1.62735
-1.69419
-1.54764
-4.49675
-4.52321
-4.56396
-4.57921
-4.9422
-5.06002
-5.12472
-4.955
-4.8029
-4.4378
-4.15136
-3.76454
-3.4272
-3.12205
-2.89895
-3.15713
-1.77397
-2.1906
-1.73563
-4.70279
-4.74305
-4.81328
-4.90342
-5.09563
-5.22659
-5.38205
-5.41741
-5.2655
-4.83005
-4.4201
-4.09131
-3.83157
-3.70455
-3.71043
-4.90051
-5.47705
-6.0029
-3.71954
-4.9066
-4.95019
-5.02474
-5.07985
-5.24586
-5.40651
-5.62316
-5.74339
-5.57499
-5.16652
-4.63235
-4.45602
-4.31317
-4.31255
-5.34549
-6.11268
-6.02878
-6.17762
-6.03397
-5.10383
-5.15338
-5.25327
-5.29361
-5.40287
-5.55723
-5.79585
-5.91014
-5.7446
-5.5111
-5.05404
-4.90835
-4.87277
-4.4029
-5.93325
-5.88126
-6.04495
-6.1826
-6.40348
-5.28821
-5.32117
-5.38023
-5.44403
-5.54585
-5.67638
-5.88602
-5.96377
-5.80111
-5.73872
-5.46914
-5.51029
-5.35683
-5.29501
-5.64776
-5.95138
-6.10756
-6.31761
-6.46379
-5.47048
-5.49511
-5.53561
-5.60939
-5.69684
-5.78406
-5.88982
-5.91842
-5.81801
-5.93205
-5.96927
-6.27312
-6.53759
-5.56056
-5.73778
-6.00007
-6.18421
-6.54988
-6.6873
-5.65556
-5.68382
-5.72879
-5.79732
-5.86835
-5.91518
-5.91194
-5.79504
-5.8296
-6.13375
-6.26938
-7.0358
-11.8269
-5.60298
-6.03058
-6.11868
-6.17975
-6.35585
-7.12555
556.539
558.757
567.383
575.903
581.301
586.653
594.735
605.808
619.451
635.611
654.314
675.55
699.164
724.894
752.462
781.271
807.901
826.622
832.235
853.407
849.76
850.1
912.717
496.261
498.269
506.715
515.777
521.556
527.113
535.324
546.451
560.153
576.318
595.02
616.266
639.881
665.533
692.768
720.795
747.513
768.399
772.615
794.043
787.308
755.131
840.311
434.442
435.806
443.764
454.241
460.897
466.857
475.349
486.595
500.298
516.433
535.138
556.444
580.146
605.824
632.858
660.217
685.887
706.765
718.241
744.78
733.214
671.915
761.624
371.579
371.588
378.64
391.842
399.893
406.227
414.965
426.275
439.913
455.968
474.67
496.078
519.952
545.774
572.799
599.932
625.467
647.209
664.308
686.604
681.333
637.044
704.319
308.379
305.48
309.569
328.277
339.028
345.453
354.277
365.529
378.998
394.908
413.594
435.155
459.305
485.418
512.648
539.891
565.717
588.601
608.148
626.889
629.349
615.107
672.077
246.327
237.979
236.193
263.21
278.388
284.464
293.233
304.315
317.514
333.206
351.866
373.643
398.2
424.775
452.441
480.096
506.524
530.587
551.898
570.868
581.763
590.838
642.127
189.122
172.345
166.372
199.83
217.303
223.018
231.705
242.549
255.379
270.786
289.411
311.487
336.62
363.857
392.198
420.529
447.793
473.084
495.98
516.404
532.999
552.966
598.389
140.532
112.692
106.162
137.288
153.663
160.715
169.565
180.139
192.506
207.563
226.158
248.586
274.521
302.648
331.928
361.171
389.458
416.039
440.481
462.68
482.535
504.963
538.609
432.592
429.684
467.425
657.597
981.429
678.719
393.419
870.914
279.444
164.889
150.081
152.143
158.375
189.819
194.356
213.342
282.946
764.914
711.051
411.894
413.838
414.938
550.018
837.911
434.744
-240.409
351.808
157.742
143.831
142.432
143.233
147.451
152.75
156.156
159.595
162.044
399.525
681.055
410.682
413.718
413.952
415.375
620.21
246.586
-5.29937
154.531
149.7
141.834
139.357
141.086
146.723
152.07
155.866
159.316
157.84
190.669
728.36
411.932
413.685
413.925
386.078
391.147
229.576
124.42
145.355
143.234
139.412
137.584
139.998
146.033
151.287
155.03
158.859
156.285
157.993
702.084
413.654
413.673
411.54
357.756
348.755
172.447
141.924
141.288
138.765
137.225
135.267
138.201
144.831
150.241
153.402
157.448
154.864
148.109
515.824
414.096
413.839
380.48
314.984
375.8
156.706
143.17
140.257
137.061
135.418
133.086
136.123
143.513
149.344
152.067
156.153
152.902
149.185
279.903
414.153
404.226
334.553
251.187
197.004
149.6
142.541
139.895
136.233
133.475
130.762
134.161
142.071
148.331
150.75
153.689
151.265
149.963
169.341
413.236
365.372
296.184
177.775
102.391
144.914
141.621
139.668
135.905
131.715
128.532
132.63
140.798
147.252
149.593
150.351
148.82
150.094
151.878
86.9759
45.3548
17.7161
49.3025
69.0069
78.9685
89.0238
99.3976
111.134
125.675
143.361
166.811
194.193
223.79
254.654
285.34
315.148
343.499
369.883
394.349
416.869
436.741
420.786
3.26624
1.37676
1.95804
1.67084
1.57047
1.78314
3.0235
4.48455
6.62539
10.4745
17.4226
31.6563
58.119
91.682
126.495
160.311
192.895
224.713
254.072
281.927
308.154
333.598
356.694
1.33826
1.28212
1.31514
1.31621
1.20848
1.10828
1.1112
1.17434
1.25678
1.33672
1.39864
1.40687
1.46776
3.55715
14.5536
38.7616
71.7246
107.349
139.383
170.373
199.518
228.148
257.492
1.1905
1.17573
1.15967
1.14451
1.10407
1.06173
1.05502
1.08375
1.13173
1.18161
1.22316
1.2513
1.2791
1.32021
1.38267
1.36046
2.51075
11.4268
33.3231
57.152
87.5796
118.194
151.576
1.0244
1.01602
1.00192
0.98744
0.968279
0.952674
0.952396
0.970698
1.00106
1.03816
1.07494
1.10994
1.14449
1.18149
1.22362
1.2352
1.2608
1.33783
1.3791
1.52883
5.11854
19.6874
40.5787
0.859602
0.853295
0.845121
0.836352
0.828319
0.823988
0.828696
0.844225
0.868382
0.899038
0.932464
0.966239
1.00105
1.03703
1.07452
1.11037
1.15968
1.20613
1.25874
1.30624
1.33267
1.44767
1.46959
0.697535
0.693314
0.689062
0.685432
0.683491
0.685356
0.693326
0.708463
0.73013
0.757191
0.787883
0.820526
0.855112
0.891676
0.930347
0.971492
1.01956
1.06946
1.1247
1.17918
1.23294
1.30742
1.34892
0.535458
0.533416
0.532243
0.53235
0.534574
0.540184
0.550392
0.565914
0.586601
0.611859
0.640806
0.672666
0.707167
0.744357
0.784496
0.828116
0.876357
0.928784
0.985803
1.04598
1.1031
1.15799
1.20928
0.371603
0.372355
0.374014
0.377002
0.382085
0.390141
0.40195
0.417991
0.438329
0.462718
0.490747
0.52205
0.556463
0.59405
0.635041
0.679806
0.728744
0.781815
0.838743
0.897988
0.946608
0.998462
1.01563
0.20416
0.210125
0.214399
0.219516
0.226546
0.236221
0.249122
0.265625
0.285872
0.309818
0.337313
0.368223
0.402499
0.44022
0.481563
0.526723
0.575776
0.628394
0.683381
0.737124
0.782253
0.837029
0.821044
0.0404745
0.0482149
0.0537382
0.0600971
0.0683214
0.0790014
0.0925886
0.109396
0.129595
0.153242
0.18034
0.210893
0.244932
0.28256
0.323912
0.369075
0.41793
0.469821
0.522942
0.572158
0.611015
0.635355
0.643768
-0.1179
-0.113357
-0.108029
-0.101207
-0.092386
-0.0811722
-0.0672364
-0.0503209
-0.0302514
-0.00691439
0.0197774
0.0499071
0.0835658
0.120888
0.162012
0.206995
0.255682
0.307454
0.360774
0.412107
0.457792
0.495599
0.515039
-0.278841
-0.276163
-0.2714
-0.264535
-0.255513
-0.24411
-0.2301
-0.213278
-0.193473
-0.170543
-0.14436
-0.114795
-0.0817059
-0.0449173
-0.00425495
0.0403868
0.0889795
0.141202
0.196253
0.252652
0.309073
0.364819
0.413261
-0.443757
-0.441411
-0.436831
-0.430048
-0.421053
-0.409706
-0.395844
-0.3793
-0.359917
-0.337543
-0.312033
-0.283227
-0.250943
-0.214967
-0.175069
-0.13105
-0.0827517
-0.0301281
0.0266708
0.08735
0.152
0.220738
0.292538
-0.610898
-0.608842
-0.604452
-0.597821
-0.588996
-0.577875
-0.564334
-0.548238
-0.529444
-0.507806
-0.483169
-0.455357
-0.424168
-0.38935
-0.350624
-0.307694
-0.260224
-0.207859
-0.150285
-0.0871298
-0.0177158
0.0589059
0.144381
-0.780367
-0.778584
-0.774273
-0.767848
-0.759291
-0.748522
-0.735444
-0.719949
-0.701913
-0.6812
-0.657658
-0.631105
-0.601332
-0.568078
-0.53103
-0.489827
-0.444041
-0.392981
-0.336128
-0.272658
-0.201395
-0.120743
-0.0278878
-0.95229
-0.950349
-0.946224
-0.940062
-0.931849
-0.921536
-0.909045
-0.89429
-0.877171
-0.857567
-0.835337
-0.810313
-0.782301
-0.751053
-0.716247
-0.677483
-0.634139
-0.585996
-0.531768
-0.470426
-0.400343
-0.319097
-0.22262
-1.12621
-1.1242
-1.12024
-1.11437
-1.10656
-1.09678
-1.08498
-1.07109
-1.05502
-1.0367
-1.01599
-0.992754
-0.966842
-0.938048
-0.906097
-0.870635
-0.831204
-0.787203
-0.737688
-0.681338
-0.616099
-0.538676
-0.443258
-1.30212
-1.30002
-1.29621
-1.29064
-1.28328
-1.27411
-1.26307
-1.25014
-1.23525
-1.21833
-1.19932
-1.17812
-1.15461
-1.12868
-1.10015
-1.06878
-1.03426
-0.996134
-0.953677
-0.905703
-0.850133
-0.783182
-0.697433
-1.47989
-1.47765
-1.47399
-1.46874
-1.46186
-1.45333
-1.44313
-1.43123
-1.41759
-1.4022
-1.38502
-1.36601
-1.34515
-1.3224
-1.29774
-1.27112
-1.24247
-1.21169
-1.1786
-1.14267
-1.10271
-1.05589
-0.99562
-1.65927
-1.65693
-1.65341
-1.6485
-1.64212
-1.63427
-1.62494
-1.61411
-1.60179
-1.58798
-1.57271
-1.55601
-1.53793
-1.51856
-1.49802
-1.47653
-1.45438
-1.43199
-1.41002
-1.3893
-1.37089
-1.35578
-1.3448
-1.83993
-1.83764
-1.83431
-1.82973
-1.82387
-1.81672
-1.80827
-1.79853
-1.78754
-1.77534
-1.762
-1.74762
-1.73234
-1.71636
-1.69998
-1.68368
-1.66813
-1.6544
-1.64414
-1.64001
-1.64648
-1.67141
-1.73147
-2.02178
-2.01953
-2.01653
-2.0123
-2.00696
-2.0005
-1.99293
-1.98428
-1.97461
-1.96398
-1.95252
-1.94038
-1.92779
-1.91505
-1.90261
-1.89117
-1.88175
-1.87597
-1.87639
-1.8873
-1.91638
-1.97835
-2.10388
-2.20467
-2.20265
-2.19985
-2.19602
-2.1912
-2.18542
-2.17871
-2.17111
-2.1627
-2.15358
-2.14388
-2.13384
-2.12371
-2.11389
-2.10495
-2.0977
-2.09341
-2.09398
-2.10245
-2.12389
-2.16713
-2.24872
-2.40111
-2.38857
-2.3868
-2.38421
-2.38076
-2.37644
-2.37131
-2.36541
-2.35881
-2.35158
-2.34384
-2.33577
-2.32759
-2.31963
-2.3123
-2.30624
-2.30229
-2.30176
-2.30658
-2.31968
-2.34574
-2.39245
-2.47287
-2.60991
-2.57356
-2.57189
-2.56948
-2.56637
-2.56253
-2.558
-2.55287
-2.54719
-2.54104
-2.53455
-2.5279
-2.52133
-2.51518
-2.50987
-2.506
-2.50439
-2.50621
-2.51314
-2.52759
-2.55308
-2.59481
-2.66043
-2.76056
-2.75953
-2.75779
-2.75552
-2.75272
-2.74933
-2.74533
-2.74094
-2.73608
-2.73088
-2.72549
-2.72006
-2.71484
-2.71014
-2.70636
-2.70404
-2.70388
-2.70681
-2.71412
-2.72749
-2.74908
-2.78159
-2.82809
-2.89104
-2.9463
-2.94435
-2.94222
-2.9397
-2.93672
-2.93331
-2.92948
-2.92534
-2.92098
-2.91652
-2.91212
-2.90799
-2.90441
-2.90174
-2.90041
-2.90097
-2.9041
-2.91067
-2.92164
-2.93804
-2.96074
-2.98998
-3.02431
-3.13364
-3.1314
-3.12942
-3.12717
-3.12456
-3.12161
-3.11836
-3.11487
-3.11123
-3.10756
-3.104
-3.10073
-3.098
-3.09608
-3.09532
-3.09612
-3.09891
-3.1042
-3.11241
-3.12381
-3.13821
-3.15451
-3.16992
-3.32119
-3.31877
-3.317
-3.31501
-3.31276
-3.31025
-3.30751
-3.30459
-3.30157
-3.29856
-3.29567
-3.29308
-3.29097
-3.28956
-3.2891
-3.28985
-3.29208
-3.29602
-3.30176
-3.30913
-3.3175
-3.32538
-3.32992
-3.5086
-3.50635
-3.50484
-3.50316
-3.50126
-3.49915
-3.49686
-3.49444
-3.49195
-3.48949
-3.48716
-3.48509
-3.48343
-3.48236
-3.48204
-3.48265
-3.48432
-3.48712
-3.49096
-3.49554
-3.50015
-3.5034
-3.50296
-3.69575
-3.69406
-3.69289
-3.69154
-3.68999
-3.68826
-3.68638
-3.68439
-3.68235
-3.68035
-3.67847
-3.67681
-3.6755
-3.67467
-3.67442
-3.67488
-3.67611
-3.67809
-3.68071
-3.68366
-3.68635
-3.68781
-3.68646
-3.88279
-3.88192
-3.88113
-3.88013
-3.87893
-3.87755
-3.87603
-3.87442
-3.87276
-3.87114
-3.86962
-3.8683
-3.86727
-3.86662
-3.86644
-3.86682
-3.86778
-3.86929
-3.87126
-3.87349
-3.87563
-3.87714
-3.87727
-4.07008
-4.06999
-4.0696
-4.06894
-4.06805
-4.06699
-4.06579
-4.0645
-4.06317
-4.06187
-4.06066
-4.05961
-4.05882
-4.05833
-4.05824
-4.0586
-4.05945
-4.06079
-4.06257
-4.06471
-4.06712
-4.06966
-4.07223
-4.25793
-4.2584
-4.25834
-4.25797
-4.25735
-4.25656
-4.25564
-4.25463
-4.25358
-4.25255
-4.25159
-4.25079
-4.2502
-4.24987
-4.24989
-4.25031
-4.25118
-4.25255
-4.25443
-4.25686
-4.25996
-4.26387
-4.26888
-4.44645
-4.44721
-4.44737
-4.44721
-4.44682
-4.44625
-4.44555
-4.44478
-4.44397
-4.44318
-4.44245
-4.44185
-4.44144
-4.44128
-4.44142
-4.44195
-4.44293
-4.44445
-4.44658
-4.44948
-4.45339
-4.45867
-4.46582
-4.63564
-4.63646
-4.63671
-4.6367
-4.63647
-4.63607
-4.63557
-4.63499
-4.63439
-4.6338
-4.63327
-4.63285
-4.63261
-4.6326
-4.63289
-4.63355
-4.63468
-4.63639
-4.63881
-4.64219
-4.64689
-4.65339
-4.66241
-4.82534
-4.82606
-4.82634
-4.8264
-4.82628
-4.82602
-4.82566
-4.82525
-4.82482
-4.82441
-4.82406
-4.8238
-4.82371
-4.82385
-4.82428
-4.82507
-4.82634
-4.82823
-4.83092
-4.8347
-4.83999
-4.84743
-4.85791
-5.01537
-5.01594
-5.0162
-5.01629
-5.01623
-5.01607
-5.01583
-5.01556
-5.01528
-5.01502
-5.01481
-5.01471
-5.01476
-5.01502
-5.01556
-5.01645
-5.01784
-5.01986
-5.02272
-5.02673
-5.03232
-5.04019
-5.05134
-5.20561
-5.20604
-5.20624
-5.20632
-5.2063
-5.20621
-5.20607
-5.20591
-5.20576
-5.20563
-5.20556
-5.20558
-5.20575
-5.20612
-5.20674
-5.20771
-5.20915
-5.21123
-5.21414
-5.21818
-5.22375
-5.2315
-5.24229
-5.39604
-5.39632
-5.39643
-5.39648
-5.39648
-5.39644
-5.39638
-5.39632
-5.39628
-5.39626
-5.39631
-5.39645
-5.39672
-5.39717
-5.39786
-5.39888
-5.40034
-5.40239
-5.40523
-5.40911
-5.4144
-5.42164
-5.43152
-5.58626
-5.58631
-5.58636
-5.58641
-5.58643
-5.58645
-5.58646
-5.58648
-5.58654
-5.58663
-5.58677
-5.587
-5.58735
-5.58786
-5.58859
-5.5896
-5.59099
-5.59291
-5.59554
-5.5991
-5.60391
-5.61042
-5.61925
360.512
390.956
386.263
385.181
359.829
364.032
366.099
364.771
274.145
285.775
294.89
299.413
173.444
190.884
207.435
220.47
63.5026
84.2251
108.925
134.074
1.73926
4.0483
13.9909
41.1319
1.38828
1.45621
1.49746
1.67924
1.2612
1.32132
1.40099
1.47515
1.02683
1.05674
1.11147
1.18472
0.775374
0.767928
0.809413
0.893558
0.619131
0.603248
0.619374
0.689357
0.513803
0.521986
0.541645
0.589279
0.435871
0.455905
0.491818
0.540804
0.339611
0.381314
0.431509
0.48904
0.20261
0.252428
0.307587
0.367056
0.036393
0.0912138
0.150822
0.214364
-0.15408
-0.0949098
-0.0301333
0.0393814
-0.372516
-0.309652
-0.238879
-0.161063
-0.629816
-0.566762
-0.491721
-0.405093
-0.944386
-0.893039
-0.825611
-0.741874
-1.3364
-1.32645
-1.30695
-1.28724
-1.79953
-1.87926
-1.99078
-2.25718
-2.24665
-2.41832
-2.684
-3.1685
-2.56311
-2.74692
-3.01231
-3.42472
-2.74136
-2.87748
-3.05478
-3.29034
-2.84596
-2.92616
-3.02056
-3.13015
-2.93814
-2.97766
-3.0182
-3.05723
-3.04578
-3.061
-3.07309
-3.08008
-3.17641
-3.17861
-3.17689
-3.16999
-3.32883
-3.32502
-3.31759
-3.30566
-3.49919
-3.49379
-3.4855
-3.47368
-3.68318
-3.67897
-3.67287
-3.6645
-3.8762
-3.87464
-3.8723
-3.86911
-4.07383
-4.07513
-4.07662
-4.07845
-4.27277
-4.27632
-4.28056
-4.28573
-4.4715
-4.47668
-4.48275
-4.48995
-4.66963
-4.67627
-4.68415
-4.69368
-4.86641
-4.87437
-4.88386
-4.8953
-5.06045
-5.06907
-5.07935
-5.09161
-5.2509
-5.25887
-5.26809
-5.27854
-5.43921
-5.44615
-5.45399
-5.46272
-5.6261
-5.63234
-5.63954
-5.64784
363.72
333.018
253.062
133.502
136.278
143.362
141.232
139.482
135.973
130.154
127.806
131.968
140.117
146.013
147.792
146.63
146.47
149.338
154.635
343.933
284.88
187.245
154.568
150.467
144.757
142.582
140.079
136.788
132.657
131.415
134.381
140.85
144.927
146.377
144.714
144.659
148.726
153.347
287.278
223.85
154.59
154.685
152.783
146.12
144.235
141.397
138.066
134.935
133.714
138.224
142.015
144.058
147.943
145.918
145.597
148.323
151.05
224.865
158.479
154.005
153.565
153.385
147.405
145.899
143.271
139.33
135.147
135.375
140.534
142.873
145.693
148.854
148.097
147.356
145.446
163.205
166.932
154.182
154.21
154.038
154.672
154.941
156.377
146.845
139.378
135.78
137.691
142.319
145.021
148.546
149.249
148.579
147.584
147.332
183.746
113.145
154.455
154.409
154.476
155.421
158.61
179.683
171.589
126.338
132.504
140.109
147.17
151.79
149.718
149.44
148.641
147.864
146.981
224.981
37.0066
151.895
154.094
153.392
156.51
153.185
104.662
100.713
93.4081
129.356
144.88
150.103
151.698
150.068
149.621
149.015
146.683
234.382
415.162
1.47606
64.6059
153.911
150.918
147.06
150.994
46.4547
62.6248
96.505
139.921
147.189
150.213
150.694
149.824
149.948
149.975
200.791
426.931
648.456
1.31799
1.52419
58.8674
134.846
133.097
85.6279
31.0749
29.2495
41.2007
116.939
151.274
150.662
150.684
150.893
151.33
165.28
254.619
565.524
780.255
1.12131
1.34194
1.47273
6.49924
11.6922
3.72636
2.77399
2.57053
3.41929
39.3062
149.522
150.543
150.812
151.599
152.08
152.435
326.47
632.469
810.397
0.930069
1.20554
1.43448
1.73851
1.89267
1.99342
2.31361
2.2965
2.28196
2.26368
66.3795
148.869
150.668
151.925
152.476
152.909
345.983
561.834
690.965
0.82126
1.18359
1.40255
1.49705
1.55566
1.76985
2.01487
2.06966
1.99029
1.7627
1.21057
49.9368
131.818
151.272
160.095
324.376
322.583
422.692
516.147
0.711194
1.0099
1.20933
1.30544
1.39538
1.55741
1.70698
1.76682
1.72672
1.57581
1.12851
-0.21327
-28.2158
180.753
440.771
330.187
322.415
350.225
404.984
0.635552
0.839189
1.00804
1.13018
1.23759
1.34877
1.43682
1.47171
1.43109
1.27956
0.790605
-0.223181
-8.02337
16.2248
94.3854
285.065
287.578
295.442
356.077
0.505128
0.681269
0.840076
0.9693
1.07264
1.15241
1.2024
1.21155
1.15879
1.02075
0.798134
0.0850487
-1.02181
3.11629
4.59552
131.193
171.795
249.513
328.264
0.355766
0.531876
0.69488
0.827887
0.922922
0.978555
0.998847
0.985577
0.927302
0.808326
0.597291
0.063503
-0.014095
1.86981
3.23769
47.3228
124.041
252.344
318.517
0.194873
0.389911
0.570788
0.713674
0.800459
0.82949
0.816485
0.777984
0.718312
0.640159
0.599298
0.673888
0.758235
-1.94297
-11.9835
34.0111
128.271
272.671
318.586
0.020372
0.255354
0.470181
0.63557
0.714635
0.702333
0.637607
0.557993
0.484079
0.433289
0.500739
0.820846
-2.38095
-26.7231
-24.0728
21.1793
141.458
266.806
291.312
-0.180315
0.127677
0.389911
0.601897
0.673841
0.58167
0.42906
0.278425
0.150933
0.0542306
0.113494
0.814687
-5.373
-19.0521
7.15019
49.6998
137.762
223
227.807
-0.467108
0.0123081
0.304009
0.601462
0.674194
0.415245
0.130476
-0.117055
-0.363141
-0.702201
-0.88455
-2.4035
-3.87149
-5.91643
3.09914
35.9939
55.9548
144.229
150.597
-1.08404
-0.119226
0.131641
0.404952
0.491355
0.012763
-0.355914
-0.658948
-1.05064
-1.83887
-4.40426
-4.23836
-4.2818
-4.28105
-3.92116
-3.10236
-1.196
17.8375
79.3393
-2.62947
-1.36641
-0.634691
-1.13591
-1.08987
-1.00722
-1.12636
-1.28976
-1.6717
-2.459
-4.23265
-4.38374
-4.37659
-4.41143
-3.94526
-3.05683
-2.55571
-1.97577
47.8321
-4.42538
-2.79594
-2.00091
-2.43389
-3.06838
-2.94436
-2.03638
-1.84828
-2.07741
-2.6345
-3.57704
-3.98997
-4.41576
-4.68986
-4.3683
-3.49919
-3.07002
-4.6406
17.9195
-4.5355
-3.63409
-2.84234
-3.13998
-4.61276
-3.77525
-2.44005
-2.12211
-2.25386
-2.64921
-3.2264
-3.67371
-4.53428
-4.97571
-4.83619
-3.78818
-3.18205
-2.3947
7.69745
-3.91907
-4.00348
-3.6487
-3.35443
-2.82932
-2.52999
-2.08113
-2.06657
-2.25298
-2.59755
-3.06153
-3.64801
-4.47567
-5.22489
-5.16115
-3.7829
-3.02182
-2.61851
-2.90474
-3.39613
-3.57387
-3.26284
-2.6738
-1.62715
-1.47865
-1.65132
-1.90717
-2.1834
-2.50891
-2.8764
-3.35643
-4.02485
-4.791
-4.4863
-3.28908
-2.83877
-2.6413
-0.791894
-3.11599
-3.11297
-2.92853
-2.57352
-2.005
-1.471
-1.55468
-1.83997
-2.15306
-2.44591
-2.70066
-2.91458
-3.13905
-3.2078
-2.93973
-2.54903
-2.49295
-2.91678
1.36779
-3.07114
-2.99705
-2.82151
-2.5645
-2.32174
-1.95339
-1.63681
-1.87467
-2.21188
-2.45086
-2.59596
-2.64088
-2.57635
-2.40095
-2.19195
-2.07481
-2.1297
-2.92938
-1.74387
-3.13646
-3.04823
-2.89406
-2.69337
-2.52218
-2.40023
-1.9848
-2.07088
-2.40956
-2.54336
-2.58391
-2.52939
-2.38968
-2.19506
-2.02399
-1.9344
-1.76844
3.03512
1.70765
-3.26561
-3.17992
-3.0439
-2.86473
-2.72484
-2.6455
-2.2895
-2.44493
-2.78182
-2.74255
-2.65704
-2.53044
-2.36465
-2.20173
-2.11874
-2.18881
-2.97946
-2.30272
-0.245611
-3.43748
-3.36395
-3.24199
-3.03553
-2.73585
-3.02774
-3.0325
-2.97228
-3.08561
-3.03676
-2.80593
-2.61307
-2.43043
-2.29173
-2.2768
-2.47263
-2.91329
-2.55241
7.54955
-3.63993
-3.59184
-3.51212
-3.35301
-3.0305
-3.85219
-4.36609
-4.07001
-3.56582
-3.40969
-3.01937
-2.74745
-2.53261
-2.37246
-2.29352
-2.26912
-2.36722
-2.13085
-1.62085
-3.86056
-3.84849
-3.85149
-3.88481
-4.08267
-4.74668
-4.71828
-4.67738
-3.94531
-3.74289
-3.26209
-2.90795
-2.63556
-2.39505
-2.18798
-2.09515
-2.06236
-1.86169
-1.10749
-4.08481
-4.10561
-4.19943
-4.21076
-4.43108
-4.61255
-4.72482
-4.59499
-4.11622
-3.94124
-3.49522
-3.08665
-2.75532
-2.41301
-2.10733
-1.93038
-1.86633
-1.72377
-1.18466
-4.30079
-4.33902
-4.44161
-4.48072
-4.73884
-4.79355
-4.86908
-4.54471
-4.3275
-4.06762
-3.72398
-3.30297
-2.94865
-2.55936
-2.20475
-1.72732
-1.68021
-1.62789
-0.981808
-4.50835
-4.54053
-4.57457
-4.75816
-5.01704
-5.12679
-4.65355
-4.89364
-4.67244
-4.24087
-3.9755
-3.58635
-3.2736
-2.98499
-2.88455
-2.6572
-1.49825
-1.77247
2.29022
-4.71984
-4.77832
-4.81507
-5.02132
-5.16144
-5.29815
-5.42563
-5.42691
-5.06038
-4.5639
-4.28442
-3.94954
-3.7475
-3.67864
-4.78063
-4.99198
-5.70938
-5.75783
1.99557
-4.92679
-4.99676
-5.03071
-5.16553
-5.32286
-5.50348
-5.72187
-5.71748
-5.34471
-4.88301
-4.58965
-4.37816
-4.27905
-4.53078
-5.35342
-6.00566
-6.07586
-6.07324
-3.60922
-5.12259
-5.20901
-5.2715
-5.34149
-5.4727
-5.65503
-5.91006
-5.85327
-5.57834
-5.3341
-4.98014
-4.88952
-4.63792
-5.43861
-6.00541
-5.97299
-6.05396
-6.05179
-5.6287
-5.30277
-5.34898
-5.40873
-5.49143
-5.60664
-5.7516
-5.96519
-5.8703
-5.73938
-5.67484
-5.46013
-5.49841
-5.78115
-5.54335
-5.82309
-6.00134
-6.18616
-6.25248
-5.68334
-5.48242
-5.5113
-5.56934
-5.65261
-5.74114
-5.82437
-5.93876
-5.83079
-5.83423
-6.02763
-6.01443
-6.54116
-5.10718
-5.54998
-5.85883
-6.07511
-6.28239
-6.45181
-5.6607
-5.66842
-5.7032
-5.76102
-5.83417
-5.89667
-5.91972
-5.87517
-5.76103
-5.87456
-6.80932
-6.38476
-8.14591
-4.69499
-5.80618
-6.04068
-6.14269
-6.22409
-6.05288
-7.18136
558.027
526.618
532.671
542.047
549.105
554.045
560.662
570.29
582.712
597.646
615.075
635.049
657.491
682.16
708.748
736.926
765.64
789.238
802.832
810.979
816.512
803.747
852.774
498.318
465.37
470.874
480.641
488.6
493.954
500.853
510.661
523.137
538.059
555.477
575.474
597.971
622.677
649.139
676.666
703.846
727.825
743.54
751.937
778.873
713.406
749.152
436.841
402.615
406.88
417.527
427.323
433.274
440.53
450.532
463.036
477.907
495.292
515.33
537.939
562.765
589.237
616.514
643.185
666.892
685.077
701.194
727.836
659.567
681.344
374.706
338.837
340.44
352.291
365.904
372.442
379.923
390.018
402.454
417.196
434.512
454.609
477.402
502.459
529.098
556.385
583.003
607.181
627.461
645.585
662.613
630.034
648.791
313.105
274.2
270.199
283.007
304.508
311.628
319.079
329.126
341.379
355.898
373.104
393.281
416.346
441.774
468.767
496.336
523.265
548.181
570.089
589.494
605.069
599.202
626.31
254.087
210.458
199.081
212.91
243.288
250.622
257.853
267.768
279.743
293.956
311.007
331.292
354.745
380.711
408.267
436.376
463.909
489.755
513.143
534.045
551.589
562.456
594.774
199.851
151.667
134.051
149.996
181.409
188.593
196.068
205.851
217.468
231.279
248.133
268.549
292.555
319.262
347.61
376.507
404.888
431.809
456.631
479.143
499.007
517.009
548.612
151.132
101.437
71.6493
82.1455
115.878
124.859
133.652
143.398
154.541
167.805
184.411
204.988
229.772
257.413
286.783
316.712
346.169
374.287
400.544
424.697
446.687
467.509
494.338
441.282
412.969
414.347
485.848
848.859
804.302
313.56
732.848
330.807
153.011
148.95
146.285
147.454
157.821
160.258
165.437
171.372
378.021
643.575
416.518
412.471
414.269
416.718
694.239
564.22
21.5944
110.099
161.337
146.68
140.458
139.535
143.701
149.683
154.155
157.93
159.585
167.543
506.786
413.753
412.458
414.169
415.48
512.407
346.95
144.494
126.585
148.219
142.753
139.4
138.999
143.432
149.382
153.714
157.709
159.064
154.454
271.095
414.075
413.143
414.008
404.341
385.487
222.193
157.026
140.355
142.101
138.964
137.066
137.014
142.175
148.325
152.427
156.405
157.884
151.55
186.505
414.354
413.692
414.112
363.832
331.24
189.24
148.216
141.294
139.25
136.669
135.026
134.873
140.596
147.35
151.495
154.768
156.305
151.399
160.636
414.297
413.838
393.936
319.86
270.682
176.231
145.915
140.954
138.628
135.225
133.099
132.514
138.811
146.244
150.453
153.231
154.699
150.153
145.02
414.235
409.721
350.275
272.978
160.586
144.01
143.831
140.376
138.388
134.118
130.99
130.314
137.185
145.135
149.315
150.733
151.308
149.041
150.643
414.19
377.125
318.533
224.209
113.205
140.285
142.385
140.017
138.36
133.505
128.717
128.962
136.128
144.227
148.075
148.661
147.71
148.21
150.917
92.3963
20.2763
5.15608
5.50008
16.0274
19.6581
25.1151
31.3709
37.6748
46.5859
62.0858
84.3404
112.744
142.535
174.276
206.51
238.479
269.122
298.043
325.133
350.419
373.64
392.393
7.89014
1.37765
1.37733
1.36711
1.36907
1.2689
1.1735
1.20214
1.28459
1.37336
1.45543
2.05579
7.24437
19.4363
44.471
80.138
115.304
149.488
181.324
211.904
240.168
267.582
293.492
1.36315
1.28306
1.20941
1.24386
1.20515
1.14109
1.08751
1.10845
1.16516
1.22641
1.27741
1.2866
1.33769
1.40857
1.43916
3.19068
11.5041
36.6852
65.4457
98.0308
128.788
159.126
190.478
1.19263
1.10607
1.08311
1.07598
1.05246
1.02261
1.00545
1.01574
1.04669
1.08445
1.12675
1.16268
1.20028
1.23991
1.26374
1.28093
1.37249
1.3451
3.31041
9.43543
26.1077
46.9347
78.387
1.02715
0.938509
0.92787
0.91928
0.905623
0.893422
0.889158
0.898858
0.921133
0.951342
0.986487
1.02117
1.05616
1.09181
1.12549
1.16056
1.19643
1.2193
1.29811
1.35385
1.38261
1.40729
3.45919
0.862019
0.776072
0.77025
0.764445
0.75857
0.755331
0.757813
0.768662
0.787798
0.813845
0.844046
0.876912
0.910761
0.946209
0.983028
1.02117
1.0619
1.1059
1.16241
1.21509
1.27289
1.31458
1.37911
0.699672
0.6151
0.612102
0.609865
0.609019
0.610917
0.61732
0.629528
0.647782
0.671477
0.699446
0.730499
0.763885
0.799588
0.837723
0.878654
0.923071
0.973022
1.02694
1.08432
1.14453
1.20271
1.26281
0.53714
0.453459
0.453107
0.453934
0.45652
0.461753
0.470678
0.484068
0.502218
0.524892
0.551551
0.58159
0.614603
0.650523
0.68951
0.731916
0.77831
0.829163
0.884293
0.943283
1.00178
1.05163
1.0965
0.372167
0.289742
0.292803
0.296237
0.30129
0.308751
0.319363
0.333678
0.351964
0.374198
0.400167
0.429603
0.462329
0.49833
0.53775
0.580839
0.627871
0.678925
0.733535
0.79065
0.842709
0.896752
0.926783
0.204842
0.1262
0.131678
0.136928
0.143618
0.152523
0.164236
0.179189
0.197633
0.219646
0.245195
0.274212
0.306662
0.342581
0.382103
0.42538
0.472485
0.523196
0.576546
0.630169
0.674638
0.716329
0.740051
0.0408941
-0.035627
-0.0298471
-0.0238536
-0.0162942
-0.00655818
0.00579897
0.0211132
0.0396154
0.0614319
0.0866274
0.11525
0.147353
0.18302
0.222388
0.265569
0.312533
0.362913
0.415557
0.467901
0.512551
0.548684
0.567952
-0.11851
-0.197301
-0.192258
-0.186285
-0.178407
-0.168291
-0.155649
-0.140227
-0.12182
-0.100282
-0.075494
-0.0473453
-0.015727
0.0194941
0.0584848
0.101366
0.148135
0.198536
0.251752
0.306209
0.358547
0.408677
0.450699
-0.280323
-0.3608
-0.356501
-0.350694
-0.342781
-0.332589
-0.319932
-0.304622
-0.286481
-0.265356
-0.241102
-0.213578
-0.182635
-0.148093
-0.109741
-0.0674051
-0.0209713
0.0295473
0.0838578
0.141343
0.201197
0.263299
0.326007
-0.444587
-0.526735
-0.522921
-0.517279
-0.509472
-0.4994
-0.486932
-0.47192
-0.454214
-0.433663
-0.410118
-0.38342
-0.353389
-0.319811
-0.282435
-0.241009
-0.195283
-0.145013
-0.0900446
-0.0303022
0.0344
0.104705
0.180958
-0.611584
-0.694997
-0.691574
-0.68609
-0.678482
-0.668664
-0.656536
-0.641982
-0.624874
-0.605075
-0.582437
-0.556795
-0.527953
-0.495683
-0.459701
-0.419688
-0.375291
-0.326044
-0.271466
-0.211046
-0.144043
-0.0693371
0.0145801
-0.780995
-0.865515
-0.86236
-0.857095
-0.849756
-0.840292
-0.828629
-0.814671
-0.798317
-0.779447
-0.757919
-0.733575
-0.706224
-0.67564
-0.641531
-0.603546
-0.561302
-0.514153
-0.461393
-0.402262
-0.335567
-0.259614
-0.171917
-0.952734
-1.03827
-1.03525
-1.03022
-1.0232
-1.01417
-1.00308
-0.989841
-0.97438
-0.956599
-0.936377
-0.913572
-0.888012
-0.859507
-0.827786
-0.792503
-0.753219
-0.709412
-0.660312
-0.604806
-0.541378
-0.467731
-0.380184
-1.12661
-1.21312
-1.21016
-1.20536
-1.19871
-1.19018
-1.17973
-1.16731
-1.15286
-1.13631
-1.11757
-1.09652
-1.07304
-1.04699
-1.01817
-0.986302
-0.951056
-0.911955
-0.868306
-0.81906
-0.762553
-0.695992
-0.61453
-1.3025
-1.38988
-1.38695
-1.38239
-1.37613
-1.36814
-1.35841
-1.34689
-1.33354
-1.31833
-1.3012
-1.28209
-1.26093
-1.23766
-1.21216
-1.18433
-1.15399
-1.12088
-1.08463
-1.04457
-0.999393
-0.946591
-0.881067
-1.48026
-1.56838
-1.56547
-1.56116
-1.5553
-1.54789
-1.53892
-1.52834
-1.51617
-1.50238
-1.48696
-1.46991
-1.45124
-1.43096
-1.4091
-1.38574
-1.36095
-1.33487
-1.30767
-1.2795
-1.25033
-1.21951
-1.18468
-1.65966
-1.74838
-1.74555
-1.74148
-1.73605
-1.72924
-1.72105
-1.71146
-1.70048
-1.68815
-1.67449
-1.65956
-1.64344
-1.62625
-1.60815
-1.58944
-1.57051
-1.55197
-1.53474
-1.52021
-1.51053
-1.50905
-1.52119
-1.84036
-1.92956
-1.92703
-1.92323
-1.91821
-1.91201
-1.9046
-1.896
-1.88623
-1.87536
-1.86344
-1.8506
-1.837
-1.82284
-1.80843
-1.79426
-1.78102
-1.76982
-1.76234
-1.76133
-1.77143
-1.80109
-1.8667
-2.02215
-2.11203
-2.10966
-2.10617
-2.10162
-2.09602
-2.08939
-2.08176
-2.07317
-2.06371
-2.05347
-2.04263
-2.0314
-2.02007
-2.00906
-1.99902
-1.99086
-1.98605
-1.98684
-1.99693
-2.02272
-2.07602
-2.18079
-2.20491
-2.2956
-2.29337
-2.2902
-2.28611
-2.28109
-2.27521
-2.26851
-2.26105
-2.25292
-2.24425
-2.23525
-2.22616
-2.21734
-2.20929
-2.20271
-2.19866
-2.19873
-2.20535
-2.22241
-2.2564
-2.31861
-2.42999
-2.38879
-2.48009
-2.47807
-2.4752
-2.47152
-2.46706
-2.46189
-2.45606
-2.44965
-2.44275
-2.4355
-2.42813
-2.42091
-2.41421
-2.40855
-2.40466
-2.40355
-2.40674
-2.41646
-2.43605
-2.47072
-2.52867
-2.62309
-2.57367
-2.66546
-2.66362
-2.66102
-2.65773
-2.6538
-2.64929
-2.64426
-2.63879
-2.63298
-2.62699
-2.62101
-2.61535
-2.61035
-2.60652
-2.60451
-2.60522
-2.60991
-2.62033
-2.63889
-2.66893
-2.71497
-2.78272
-2.75947
-2.85161
-2.84991
-2.84754
-2.84461
-2.84119
-2.83728
-2.83295
-2.82832
-2.82346
-2.81854
-2.81374
-2.80932
-2.80563
-2.80309
-2.80226
-2.80384
-2.80877
-2.81825
-2.8337
-2.85677
-2.8891
-2.93168
-2.94604
-3.03841
-3.0368
-3.03462
-3.03203
-3.02905
-3.02569
-3.02201
-3.0181
-3.01407
-3.01004
-3.0062
-3.00276
-3.00002
-2.99834
-2.99814
-2.99993
-3.00433
-3.01202
-3.02366
-3.03971
-3.0601
-3.08353
-3.13319
-3.22572
-3.22412
-3.22215
-3.21987
-3.2173
-3.21443
-3.21133
-3.20806
-3.20472
-3.20144
-3.19836
-3.19567
-3.19362
-3.19247
-3.19254
-3.19415
-3.19768
-3.20341
-3.21151
-3.22178
-3.23335
-3.24417
-3.32062
-3.4133
-3.41173
-3.41
-3.40805
-3.40586
-3.40344
-3.40085
-3.39814
-3.39539
-3.39271
-3.39024
-3.38812
-3.38655
-3.38572
-3.38585
-3.38714
-3.38977
-3.3938
-3.39912
-3.40527
-3.41121
-3.41493
-3.50803
-3.60094
-3.59953
-3.59811
-3.59649
-3.59467
-3.59266
-3.59052
-3.58828
-3.58603
-3.58386
-3.58187
-3.58019
-3.57896
-3.57833
-3.57845
-3.57942
-3.58132
-3.58409
-3.58753
-3.59118
-3.59413
-3.59481
-3.6953
-3.78854
-3.78749
-3.78642
-3.78515
-3.78368
-3.78206
-3.7803
-3.77848
-3.77665
-3.77489
-3.77329
-3.77195
-3.77099
-3.7705
-3.77059
-3.77133
-3.77273
-3.77472
-3.77712
-3.77958
-3.7815
-3.78191
-3.88251
-3.97619
-3.97565
-3.97495
-3.97401
-3.97288
-3.97159
-3.97018
-3.96871
-3.96723
-3.96581
-3.96454
-3.96348
-3.96274
-3.96238
-3.96248
-3.9631
-3.96425
-3.96587
-3.96786
-3.97006
-3.97219
-3.97386
-4.06993
-4.16413
-4.16408
-4.16371
-4.16308
-4.16224
-4.16125
-4.16014
-4.15897
-4.15779
-4.15666
-4.15565
-4.15484
-4.15428
-4.15405
-4.15421
-4.15483
-4.15592
-4.15749
-4.15951
-4.162
-4.16496
-4.16845
-4.25784
-4.35256
-4.35282
-4.35273
-4.35234
-4.35174
-4.351
-4.35015
-4.34924
-4.34831
-4.34743
-4.34666
-4.34605
-4.34567
-4.34558
-4.34585
-4.34654
-4.34771
-4.34941
-4.35172
-4.35477
-4.35878
-4.36408
-4.44638
-4.54152
-4.54193
-4.542
-4.5418
-4.5414
-4.54086
-4.54022
-4.53953
-4.53883
-4.53817
-4.5376
-4.53717
-4.53696
-4.53702
-4.53741
-4.53822
-4.53954
-4.54147
-4.54415
-4.54783
-4.55289
-4.55982
-4.63556
-4.73095
-4.73138
-4.73154
-4.73146
-4.73121
-4.73083
-4.73037
-4.72986
-4.72935
-4.72888
-4.72848
-4.72823
-4.72817
-4.72838
-4.72891
-4.72986
-4.73134
-4.7335
-4.73654
-4.74079
-4.74673
-4.75503
-4.82524
-4.92072
-4.92112
-4.92131
-4.9213
-4.92115
-4.92089
-4.92057
-4.92022
-4.91988
-4.91957
-4.91933
-4.91923
-4.91931
-4.91965
-4.9203
-4.92138
-4.92301
-4.92536
-4.92866
-4.9333
-4.93981
-4.94899
-5.01527
-5.11075
-5.11108
-5.11126
-5.11128
-5.1112
-5.11104
-5.11084
-5.11062
-5.11041
-5.11025
-5.11015
-5.11018
-5.11039
-5.11083
-5.11157
-5.11273
-5.11445
-5.1169
-5.12032
-5.12509
-5.13173
-5.14107
-5.20552
-5.30097
-5.30122
-5.30137
-5.3014
-5.30136
-5.30127
-5.30117
-5.30106
-5.30098
-5.30094
-5.30097
-5.30112
-5.30143
-5.30196
-5.30277
-5.30399
-5.30574
-5.3082
-5.3116
-5.31626
-5.32267
-5.33152
-5.39592
-5.49133
-5.49146
-5.49154
-5.49156
-5.49155
-5.49152
-5.49149
-5.49148
-5.49149
-5.49155
-5.49168
-5.49192
-5.49231
-5.49289
-5.49374
-5.49494
-5.49663
-5.49896
-5.50216
-5.50649
-5.51238
-5.52041
-5.58619
-5.68128
-5.68137
-5.68143
-5.68148
-5.68153
-5.68158
-5.68166
-5.68176
-5.68189
-5.68208
-5.68233
-5.68269
-5.68318
-5.68384
-5.68475
-5.68597
-5.68762
-5.68983
-5.69281
-5.69682
-5.70219
-5.70941
396.232
393.55
382.489
375.967
313.209
321.93
328.62
331.408
218.444
233.778
247.739
258.596
106.654
125.92
146.717
166.981
11.2373
23.5746
47.4779
76.7252
1.46126
1.48472
1.5179
3.20577
1.33422
1.38873
1.45107
1.54234
1.13331
1.17173
1.22847
1.29994
0.905091
0.901641
0.930666
0.995132
0.701561
0.668475
0.667725
0.723931
0.570785
0.565892
0.566917
0.600905
0.467391
0.46921
0.496121
0.536896
0.378514
0.40907
0.448131
0.49836
0.253898
0.297783
0.347168
0.402906
0.0979117
0.148268
0.203193
0.262782
-0.0824655
-0.0278386
0.0316786
0.0960219
-0.287572
-0.229486
-0.165039
-0.0942668
-0.523978
-0.464587
-0.396115
-0.317874
-0.804193
-0.750305
-0.684065
-0.602524
-1.1444
-1.11336
-1.07099
-1.01112
-1.55096
-1.57524
-1.6081
-1.64724
-1.98596
-2.09301
-2.25751
-2.52428
-2.35093
-2.5085
-2.73906
-3.09936
-2.60151
-2.74218
-2.93344
-3.1992
-2.75268
-2.84876
-2.96769
-3.11474
-2.8647
-2.91927
-2.97993
-3.04605
-2.97623
-3.00219
-3.02712
-3.04929
-3.10338
-3.11239
-3.11829
-3.11974
-3.24971
-3.2498
-3.24652
-3.2389
-3.41353
-3.40987
-3.40328
-3.39302
-3.59155
-3.5875
-3.58128
-3.5724
-3.77992
-3.77751
-3.77389
-3.76882
-3.97462
-3.97467
-3.97446
-3.974
-4.17212
-4.17449
-4.17724
-4.1806
-4.37021
-4.37431
-4.37909
-4.38476
-4.56802
-4.57352
-4.57992
-4.58751
-4.76501
-4.77178
-4.77977
-4.78938
-4.96019
-4.9679
-4.97711
-4.98815
-5.15236
-5.16011
-5.16928
-5.18008
-5.34192
-5.34884
-5.35677
-5.36569
-5.52973
-5.53586
-5.54285
-5.55078
-5.71777
-5.72332
-5.72979
-5.73738
374.946
345.8
272.69
163.088
135.346
145.46
142.922
140.462
138.43
133.725
129.241
130.567
136.031
143.764
146.526
146.035
143.875
147.058
150.173
328.955
291.028
200.803
155.996
155.753
148.325
144.785
142.049
139.119
135.715
133.25
134.215
138.979
143.154
145.93
146.286
143.758
146.774
150.576
264.827
235.486
155.336
154.061
153.797
147.767
145.959
143.81
140.585
136.779
133.862
136.834
141.441
142.573
148.198
147.996
146.705
146.673
145.652
188.286
174.926
154.224
153.925
153.81
152.208
148.459
146.177
141.911
137.358
135.418
138.85
143.147
144.384
149.186
148.921
148.004
147.539
174.323
117.743
156.325
154.38
154.306
154.62
155.307
165.439
168.005
144.782
135.74
136.562
140.498
146.567
148.719
149.497
149.014
148.125
147.168
157.87
32.5128
125.62
154.534
154.303
154.964
156.222
167.291
155.239
109.544
120.962
137.673
147.292
151.496
151.787
149.721
149.129
148.375
150.176
229.432
1.48946
49.3507
152.04
153.067
151
156.384
132.331
61.271
92.2829
115.29
143.331
148.035
150.719
151.375
149.789
149.721
149.753
239.3
456.406
1.37485
1.47735
73.2056
149.689
148.001
144.154
69.9314
32.6157
56.5139
104.87
146.757
150.526
150.555
149.878
149.803
150.169
162.536
354.667
634.39
1.11816
1.33874
1.60406
19.7574
74.6092
55.6255
18.6189
4.26498
5.83012
37.4398
135.836
150.805
150.598
151.1
151.906
152.067
183.082
456.571
738.571
0.861172
1.15906
1.33867
1.72737
1.96582
2.06075
2.17429
2.40005
2.42928
2.50318
53.796
148.601
150.314
151.295
152.108
152.314
164.1
485.541
713.658
0.719884
1.05287
1.34199
1.5552
1.6605
1.79811
2.03505
2.23748
2.19161
2.04283
1.83893
64.5119
139.984
151.671
152.566
148.065
276.797
387.819
564.222
0.612348
0.930549
1.23463
1.36358
1.42411
1.54197
1.76854
1.91333
1.89745
1.77093
1.35022
1.37839
23.2094
97.5091
243.83
385.108
315.613
323.746
420.684
0.577799
0.80218
1.02451
1.1654
1.26481
1.38451
1.51564
1.60217
1.61534
1.60181
1.4108
1.01189
-2.9962
-51.8093
300.842
325.758
314.519
318.079
347.164
0.486831
0.667227
0.844442
0.987936
1.10245
1.20326
1.28612
1.33321
1.32368
1.2339
1.02834
0.635785
-1.70951
-0.103141
7.77537
59.8805
293.54
249.655
312.209
0.34837
0.519008
0.688331
0.834175
0.949338
1.03274
1.08403
1.10139
1.07484
0.984157
0.798035
0.432055
-0.760551
0.888546
3.01073
3.75829
127.837
181.212
299.898
0.188068
0.368354
0.548119
0.7036
0.818416
0.884831
0.907499
0.896991
0.85676
0.77698
0.659304
0.521459
0.314665
0.785939
2.02691
4.4621
78.5869
180.554
310.265
0.00866187
0.215779
0.423439
0.600652
0.720598
0.765824
0.749884
0.701573
0.64098
0.576076
0.541516
0.674171
0.959443
-6.67404
-27.856
-6.15675
66.9389
204.589
314.49
-0.199473
0.0582514
0.314483
0.530007
0.667594
0.677425
0.594855
0.483719
0.378724
0.300597
0.276829
0.552934
0.127171
-21.1102
-19.654
7.70628
87.3218
207.318
258.057
-0.469684
-0.11578
0.216623
0.481738
0.672258
0.606591
0.403294
0.194528
0.00637169
-0.155469
-0.382289
0.266425
-1.19
1.15498
-9.40663
25.8579
71.5902
161.865
193.037
-0.907236
-0.372519
0.115631
0.38267
0.712359
0.474752
0.0801338
-0.228512
-0.521592
-0.909929
-2.01121
-4.21012
-3.94346
-4.25293
-4.7158
8.52975
4.95544
35.2591
109.716
-1.85059
-1.29246
-0.0662253
-0.113353
-0.110279
-0.170235
-0.582208
-0.827227
-1.14827
-1.71193
-3.10571
-4.6592
-4.32635
-4.38919
-4.21268
-3.43206
-2.64401
-2.27504
19.5337
-3.33723
-3.10025
-1.51457
-1.69548
-2.18514
-2.22109
-1.75819
-1.53996
-1.71144
-2.18739
-3.12975
-4.21406
-4.26207
-4.48648
-4.44962
-3.68391
-2.9366
-2.7711
9.8425
-3.89707
-4.30814
-2.77266
-2.55782
-3.13866
-5.31445
-2.89156
-2.08953
-2.07111
-2.38812
-2.96853
-3.63484
-3.93167
-4.68898
-4.86796
-4.1556
-3.33748
-3.07336
4.53026
-3.7263
-4.24694
-3.8151
-3.32308
-3.56405
-3.66521
-2.7438
-2.16204
-2.16551
-2.42802
-2.86702
-3.41897
-3.95877
-4.85454
-5.27556
-4.45996
-3.38562
-2.84066
-2.65357
-3.35972
-3.84044
-3.69195
-3.54794
-2.53195
-1.88148
-1.82058
-1.90207
-2.08686
-2.37562
-2.75185
-3.22724
-3.91496
-4.73192
-5.58968
-4.28391
-3.19136
-2.81265
-2.81498
-3.13643
-3.28422
-3.21321
-2.89641
-2.2667
-1.38876
-1.44397
-1.71292
-2.00609
-2.31462
-2.62605
-2.94146
-3.36256
-3.78724
-3.90254
-3.22423
-2.76394
-2.74472
-2.27311
-3.07075
-3.06168
-2.95121
-2.70407
-2.38895
-1.96348
-1.56986
-1.68789
-2.01277
-2.31226
-2.54655
-2.70664
-2.781
-2.75558
-2.58159
-2.33818
-2.26384
-2.45473
-1.40567
-3.11277
-3.06018
-2.93684
-2.73489
-2.50979
-2.36948
-1.9456
-1.78925
-2.13062
-2.40067
-2.5446
-2.58692
-2.52488
-2.36524
-2.15315
-2.00179
-1.97365
-2.11389
-4.93911
-3.22091
-3.15727
-3.04149
-2.87262
-2.68816
-2.57723
-2.33169
-2.11883
-2.43284
-2.6218
-2.62803
-2.57322
-2.44611
-2.2708
-2.10453
-2.02258
-1.92305
-2.13768
-1.23125
-3.373
-3.31198
-3.20812
-3.04976
-2.84034
-2.81043
-2.72077
-2.48405
-2.89787
-2.93655
-2.80087
-2.64515
-2.47703
-2.3087
-2.20308
-2.25784
-2.69985
-3.58118
-3.23236
-3.55599
-3.50839
-3.42684
-3.27772
-2.9067
-2.88651
-3.69215
-3.5607
-3.32761
-3.30566
-3.05647
-2.78375
-2.57365
-2.39907
-2.30317
-2.33344
-2.55531
-2.66469
-2.46652
-3.7597
-3.73514
-3.69979
-3.65496
-3.47202
-4.13223
-4.49072
-4.69513
-4.09582
-3.71069
-3.36299
-2.96711
-2.69987
-2.48476
-2.309
-2.20068
-2.18038
-2.16036
-2.0681
-3.9732
-3.97397
-3.99459
-4.03156
-4.43005
-4.51458
-4.80877
-4.75323
-4.40674
-3.96041
-3.63602
-3.16855
-2.83899
-2.54096
-2.25521
-2.05976
-1.99432
-1.91877
-1.83962
-4.18642
-4.20745
-4.29091
-4.37343
-4.47043
-4.54354
-4.75017
-4.57175
-4.39428
-4.0734
-3.84715
-3.38145
-3.01428
-2.65385
-2.27919
-1.95466
-1.77075
-1.72101
-1.67591
-4.39396
-4.41806
-4.45879
-4.48635
-4.78293
-4.96815
-4.69994
-4.97572
-4.60713
-4.26378
-4.04834
-3.62256
-3.26379
-2.9109
-2.57967
-2.32184
-1.52294
-1.75395
-1.70942
-4.59974
-4.63208
-4.68953
-4.76994
-5.03992
-5.13915
-5.2651
-5.23587
-5.03657
-4.63859
-4.28785
-3.92189
-3.61655
-3.40051
-3.21251
-3.64624
-3.19704
-3.21677
-0.884097
-4.80526
-4.85006
-4.92223
-4.97629
-5.16605
-5.3187
-5.50865
-5.59631
-5.43677
-4.99719
-4.51775
-4.26721
-4.05802
-3.97509
-4.22636
-6.17914
-5.98193
-6.18288
-5.97439
-5.0064
-5.05203
-5.14093
-5.1956
-5.32652
-5.48619
-5.71916
-5.8444
-5.67891
-5.34384
-4.82231
-4.66949
-4.56226
-4.57143
-5.55355
-5.83142
-6.03224
-6.17092
-6.23312
-5.19747
-5.24281
-5.32581
-5.37144
-5.47474
-5.62016
-5.85281
-5.94715
-5.78116
-5.64153
-5.26183
-5.18635
-5.23408
-4.58187
-5.64106
-5.94165
-6.06878
-6.23099
-6.42482
-5.37885
-5.40447
-5.44887
-5.52298
-5.61949
-5.72947
-5.89377
-5.95802
-5.81338
-5.82797
-5.71351
-5.87424
-5.4963
-5.59852
-5.67636
-5.96919
-6.15222
-6.43718
-6.56562
-5.56276
-5.58895
-5.63054
-5.70061
-5.77874
-5.84407
-5.89182
-5.85077
-5.82515
-6.04051
-6.17992
-6.69716
-7.6542
-5.68696
-5.87816
-6.05579
-6.1818
-6.50507
-6.849
-5.74951
-5.78003
-5.83148
-5.90365
-5.97125
-6.00625
-5.97058
-5.8028
-5.94503
-6.17316
-6.17137
-7.06724
-12.5962
-6.62351
-6.24754
-6.18261
-6.18405
-6.24839
-7.7742
526.624
528.773
537.349
546.048
551.574
556.994
565.105
576.174
589.871
606.045
624.744
645.974
669.566
695.233
722.665
751.386
778.521
798.613
802.142
820.978
818.519
805.914
878.821
465.514
467.269
475.509
485.151
491.309
497.055
505.4
516.587
530.293
546.449
565.153
586.423
610.073
635.724
662.832
690.434
716.479
737.373
744.556
770.16
758.229
707.383
799.843
403.105
403.912
411.494
423.127
430.401
436.568
445.198
456.489
470.17
486.274
504.978
526.329
550.106
575.84
602.844
630.048
655.586
676.794
691.735
716.576
707.951
650.631
729.352
339.961
338.791
344.798
360.285
369.427
375.855
384.658
395.957
409.523
425.515
444.21
465.688
489.685
515.632
542.732
569.88
595.515
617.825
636.306
656.246
654.666
625.448
686.348
277.05
271.765
273.073
295.792
308.69
314.999
323.809
334.986
348.332
364.141
382.815
404.476
428.811
455.131
482.55
509.964
536.058
559.526
579.994
598.576
605.382
604.381
658.234
216.853
204.65
200.264
231.084
248.02
253.821
262.535
273.505
286.533
302.093
320.737
342.651
367.471
394.351
422.323
450.285
477.106
501.776
523.888
543.512
557.679
573.674
622.285
163.638
141.577
135.698
169.108
185.871
191.981
200.713
211.432
224.044
239.281
257.878
280.14
305.645
333.291
362.063
390.823
418.58
444.507
468.177
489.478
507.899
529.777
570.911
119.118
85.3101
68.2517
102.082
120.886
129.18
138.359
148.774
160.829
175.623
194.386
216.904
243.338
271.934
301.759
331.558
360.43
387.678
412.88
435.975
456.995
479.075
502.09
412.972
413.908
423.161
608.667
919.132
572.488
170.577
763.95
175.224
149.952
147.364
145.343
152.243
159.648
162.657
167.954
199.311
647.04
687.635
411.099
413.774
413.876
465.925
734.718
288.886
-198.639
189.697
153.191
142.532
139.413
141.085
146.798
152.187
156.002
159.396
159.074
237.778
706.446
410.911
413.694
413.97
400.944
500.144
252.42
83.3745
148.572
146.396
140.687
138.662
140.718
146.502
151.799
155.618
159.195
156.878
169.372
752.183
412.968
413.678
414.126
373.472
330.478
196.994
137.997
142.77
140.59
138.279
136.222
139.179
145.402
150.664
154.129
158.236
155.623
151.973
623.387
413.972
413.708
403.231
338.934
387.879
161.397
142.995
140.597
137.692
136.342
134.261
137.176
144.198
149.816
152.773
156.79
153.906
148.031
388.721
414.147
412.16
356.869
285.401
295.416
153.037
142.961
140.047
136.603
134.417
131.892
135.109
142.795
148.849
151.367
155.229
152.029
149.674
205.215
414.139
383.043
314.603
214.121
124.529
146.758
142.05
139.772
136.042
132.571
129.658
133.324
141.391
147.801
150.169
152.002
150.144
150.193
158.648
400.294
350.126
279.145
149.808
116.508
143.951
141.351
139.574
135.878
130.957
127.789
132.199
140.384
146.703
148.942
148.794
147.776
149.814
154.897
36.0606
10.8681
4.19121
12.2471
17.6087
22.0324
28.2862
34.4221
41.5428
53.3605
72.2093
98.0787
127.615
158.117
190.381
222.652
253.93
283.862
311.784
338.014
362.321
383.882
400.292
1.37264
1.37477
1.38707
1.36962
1.33635
1.19699
1.17878
1.2398
1.33088
1.41164
1.55895
4.09218
12.2792
30.1848
61.2156
98.7928
132.087
165.799
196.833
226.184
253.993
280.878
305.675
1.27778
1.23933
1.24657
1.23423
1.17469
1.10691
1.09194
1.13481
1.19502
1.2564
1.28626
1.30307
1.38274
1.42039
1.76729
5.79651
22.8177
49.3947
82.7843
112.924
144.243
174.582
206.394
1.10871
1.09761
1.08336
1.06536
1.03709
1.01114
1.00721
1.02942
1.06529
1.10583
1.14459
1.18114
1.22098
1.25394
1.26993
1.31683
1.33614
1.72502
5.4662
15.4254
34.6706
62.9049
93.3688
0.941466
0.933624
0.923186
0.911716
0.89918
0.889761
0.892199
0.908722
0.93537
0.968721
1.00388
1.03856
1.07408
1.10895
1.14244
1.17597
1.20914
1.25414
1.31894
1.39369
1.37277
1.58166
7.32367
0.778408
0.773179
0.767105
0.761158
0.756444
0.755641
0.762128
0.777306
0.799797
0.828425
0.860676
0.893629
0.928297
0.964467
1.00193
1.04119
1.0862
1.13056
1.18993
1.24865
1.28686
1.34326
1.4364
0.616646
0.61345
0.610804
0.60917
0.609532
0.613455
0.62265
0.637941
0.659001
0.685001
0.714671
0.746903
0.781443
0.818338
0.857804
0.900404
0.948283
0.998994
1.05547
1.11471
1.17302
1.23304
1.2986
0.45377
0.453075
0.453318
0.454956
0.458738
0.465696
0.476779
0.492555
0.513017
0.537763
0.566182
0.597735
0.632195
0.669616
0.710255
0.754571
0.803221
0.856159
0.913404
0.973764
1.02649
1.07663
1.11363
0.286998
0.29126
0.294355
0.298512
0.30467
0.313622
0.326034
0.34232
0.362598
0.386733
0.414465
0.44556
0.479914
0.517599
0.558817
0.603848
0.652908
0.705847
0.76164
0.819383
0.865432
0.922296
0.916821
0.121677
0.129077
0.134189
0.140039
0.147753
0.157998
0.171287
0.187966
0.208193
0.231984
0.259274
0.290007
0.324181
0.361882
0.403263
0.448457
0.497425
0.549646
0.603539
0.654328
0.695633
0.736345
0.727422
-0.0391047
-0.0325389
-0.0269826
-0.0203135
-0.0117286
-0.000731068
0.0130693
0.0299559
0.0501046
0.0736042
0.100507
0.130863
0.164732
0.202234
0.243498
0.288589
0.337343
0.389079
0.442014
0.491541
0.532464
0.558354
0.573008
-0.197688
-0.194399
-0.189476
-0.182606
-0.173648
-0.162303
-0.148299
-0.131407
-0.111451
-0.0883008
-0.0618463
-0.0319774
0.00142269
0.0385091
0.0794351
0.124272
0.172915
0.224876
0.278973
0.332797
0.383925
0.431339
0.464411
-0.361009
-0.358515
-0.353845
-0.347012
-0.337981
-0.326581
-0.312621
-0.295915
-0.276301
-0.253628
-0.227759
-0.198546
-0.165826
-0.129404
-0.0890807
-0.0447041
0.00378737
0.0562599
0.112259
0.170991
0.231993
0.29483
0.356232
-0.527042
-0.524849
-0.520365
-0.513651
-0.504726
-0.493475
-0.479753
-0.463413
-0.444304
-0.422275
-0.397174
-0.368833
-0.337058
-0.301614
-0.262245
-0.218699
-0.170728
-0.118122
-0.0607749
0.00140039
0.0688049
0.142089
0.221782
-0.695327
-0.693479
-0.689093
-0.682557
-0.673855
-0.662895
-0.64957
-0.633756
-0.615319
-0.594121
-0.570003
-0.542787
-0.512264
-0.478174
-0.440218
-0.398063
-0.35131
-0.29945
-0.242025
-0.178429
-0.107733
-0.0286792
0.0609963
-0.866092
-0.864198
-0.859985
-0.853687
-0.845293
-0.834741
-0.821943
-0.8068
-0.789205
-0.769024
-0.746111
-0.720289
-0.691352
-0.659046
-0.623047
-0.582982
-0.538489
-0.488504
-0.432692
-0.369955
-0.298872
-0.217466
-0.122337
-1.039
-1.03702
-1.03298
-1.02696
-1.01894
-1.00889
-0.996733
-0.982394
-0.965787
-0.946801
-0.925307
-0.901147
-0.874143
-0.844069
-0.810614
-0.773394
-0.731899
-0.685592
-0.633439
-0.574202
-0.506018
-0.426023
-0.329321
-1.21393
-1.21188
-1.20799
-1.20227
-1.19468
-1.1852
-1.17377
-1.16034
-1.14485
-1.12722
-1.10734
-1.08509
-1.06035
-1.03294
-1.00263
-0.96913
-0.932022
-0.890754
-0.844468
-0.791854
-0.730767
-0.657567
-0.565534
-1.39079
-1.38862
-1.38488
-1.37947
-1.37235
-1.36349
-1.35287
-1.34044
-1.32617
-1.31001
-1.2919
-1.27177
-1.24957
-1.22519
-1.19855
-1.16949
-1.1378
-1.10318
-1.06514
-1.02274
-0.974183
-0.915905
-0.840365
-1.5694
-1.5671
-1.5635
-1.55842
-1.55179
-1.5436
-1.53383
-1.52246
-1.50948
-1.49487
-1.47864
-1.46078
-1.4413
-1.42022
-1.3976
-1.37352
-1.34807
-1.3214
-1.2937
-1.26506
-1.23522
-1.20284
-1.16393
-1.74946
-1.74711
-1.74368
-1.73894
-1.73281
-1.72532
-1.71643
-1.70614
-1.69448
-1.68148
-1.66718
-1.65164
-1.63497
-1.6173
-1.59886
-1.57997
-1.56115
-1.54312
-1.52702
-1.51459
-1.50849
-1.51289
-1.53574
-1.93068
-1.92852
-1.92527
-1.92086
-1.91526
-1.90846
-1.90045
-1.89126
-1.88093
-1.86952
-1.85713
-1.84389
-1.82997
-1.81564
-1.80128
-1.78747
-1.77508
-1.76548
-1.7608
-1.76458
-1.78306
-1.82782
-1.92392
-2.11309
-2.11095
-2.10805
-2.10403
-2.09895
-2.09283
-2.0857
-2.07758
-2.06854
-2.05868
-2.04812
-2.03705
-2.02572
-2.01449
-2.00387
-1.99463
-1.98792
-1.98556
-1.99041
-2.0073
-2.04484
-2.1197
-2.26468
-2.29648
-2.2946
-2.29191
-2.28827
-2.28371
-2.27826
-2.27196
-2.26487
-2.25706
-2.24864
-2.23978
-2.2307
-2.22169
-2.21318
-2.20576
-2.20029
-2.19805
-2.20102
-2.21225
-2.23673
-2.28298
-2.36624
-2.51532
-2.48093
-2.47924
-2.47674
-2.47346
-2.46938
-2.46456
-2.45906
-2.45292
-2.44625
-2.43915
-2.43182
-2.42448
-2.41747
-2.41121
-2.40633
-2.40367
-2.40449
-2.41061
-2.42475
-2.45107
-2.49611
-2.57022
-2.68987
-2.66644
-2.66475
-2.66241
-2.65946
-2.65585
-2.6516
-2.64684
-2.64158
-2.63592
-2.63
-2.62398
-2.61812
-2.61274
-2.60826
-2.60524
-2.60445
-2.60697
-2.61427
-2.62841
-2.65222
-2.68962
-2.74573
-2.82651
-2.85283
-2.851
-2.8488
-2.84614
-2.84296
-2.83933
-2.83516
-2.83067
-2.82591
-2.821
-2.81611
-2.81146
-2.80736
-2.80419
-2.80243
-2.8027
-2.80582
-2.81286
-2.82513
-2.84417
-2.87169
-2.9091
-2.95649
-3.03993
-3.03783
-3.03577
-3.03338
-3.03059
-3.02741
-3.02388
-3.02008
-3.01609
-3.01205
-3.00808
-3.00441
-3.00128
-2.99903
-2.99803
-2.99875
-3.00176
-3.00772
-3.01731
-3.03112
-3.04941
-3.07159
-3.09533
-3.22741
-3.22505
-3.22317
-3.22105
-3.21862
-3.2159
-3.21291
-3.20971
-3.20639
-3.20307
-3.19986
-3.19695
-3.19455
-3.19291
-3.19233
-3.19313
-3.19566
-3.20025
-3.20717
-3.2164
-3.2275
-3.23905
-3.24816
-3.41492
-3.41254
-3.41089
-3.40905
-3.40698
-3.40468
-3.40217
-3.3995
-3.39676
-3.39403
-3.39144
-3.38912
-3.38725
-3.38603
-3.38566
-3.38634
-3.38828
-3.39161
-3.39632
-3.40214
-3.40837
-3.41352
-3.41496
-3.60221
-3.60018
-3.59884
-3.59732
-3.5956
-3.59369
-3.5916
-3.58941
-3.58715
-3.58493
-3.58283
-3.58098
-3.57951
-3.57856
-3.57829
-3.57882
-3.58025
-3.58261
-3.58575
-3.58937
-3.59282
-3.59488
-3.59359
-3.78926
-3.78797
-3.78699
-3.78581
-3.78444
-3.78289
-3.78119
-3.77939
-3.77756
-3.77575
-3.77406
-3.77258
-3.77142
-3.77068
-3.77047
-3.77088
-3.77195
-3.77366
-3.77589
-3.77837
-3.78066
-3.78197
-3.78116
-3.97638
-3.97592
-3.97534
-3.97451
-3.97347
-3.97225
-3.9709
-3.96945
-3.96797
-3.96651
-3.96515
-3.96398
-3.96307
-3.9625
-3.96236
-3.96272
-3.96361
-3.965
-3.96683
-3.96895
-3.97115
-3.97311
-3.9744
-4.16393
-4.16414
-4.16394
-4.16343
-4.16268
-4.16176
-4.1607
-4.15956
-4.15837
-4.15721
-4.15614
-4.15522
-4.15452
-4.15412
-4.15408
-4.15446
-4.15531
-4.15664
-4.15844
-4.1607
-4.16342
-4.16663
-4.17045
-4.3521
-4.35275
-4.35282
-4.35256
-4.35206
-4.35139
-4.35059
-4.3497
-4.34877
-4.34786
-4.34703
-4.34633
-4.34583
-4.34559
-4.34567
-4.34613
-4.34706
-4.34849
-4.35048
-4.35314
-4.35664
-4.36124
-4.36736
-4.54097
-4.54179
-4.542
-4.54193
-4.54162
-4.54114
-4.54055
-4.53988
-4.53918
-4.53849
-4.53787
-4.53736
-4.53704
-4.53695
-4.53717
-4.53776
-4.53882
-4.54042
-4.5427
-4.54585
-4.55016
-4.55608
-4.5642
-4.73044
-4.73122
-4.7315
-4.73153
-4.73135
-4.73103
-4.73061
-4.73012
-4.72961
-4.72911
-4.72867
-4.72833
-4.72817
-4.72824
-4.72859
-4.72932
-4.73053
-4.73233
-4.73489
-4.73849
-4.74351
-4.75053
-4.76035
-4.92032
-4.92097
-4.92125
-4.92132
-4.92124
-4.92103
-4.92074
-4.9204
-4.92005
-4.91972
-4.91944
-4.91926
-4.91924
-4.91945
-4.91993
-4.92078
-4.92211
-4.92408
-4.92687
-4.93079
-4.93627
-4.944
-4.95494
-5.11047
-5.11096
-5.1112
-5.11129
-5.11125
-5.11113
-5.11094
-5.11073
-5.11051
-5.11032
-5.11019
-5.11015
-5.11026
-5.11057
-5.11115
-5.11209
-5.11351
-5.11557
-5.11847
-5.12251
-5.12813
-5.136
-5.14708
-5.3008
-5.30116
-5.30132
-5.30139
-5.30138
-5.30132
-5.30122
-5.30111
-5.30102
-5.30095
-5.30094
-5.30103
-5.30125
-5.30166
-5.30232
-5.30332
-5.30479
-5.30686
-5.30976
-5.31374
-5.3192
-5.32674
-5.33711
-5.49129
-5.49147
-5.49152
-5.49156
-5.49156
-5.49154
-5.49151
-5.49148
-5.49148
-5.49152
-5.49161
-5.49178
-5.49209
-5.49257
-5.49328
-5.49429
-5.49572
-5.4977
-5.50044
-5.50416
-5.50921
-5.51609
-5.52543
-5.68132
-5.68136
-5.68141
-5.68146
-5.6815
-5.68156
-5.68162
-5.6817
-5.68182
-5.68198
-5.68219
-5.6825
-5.68291
-5.68348
-5.68426
-5.68531
-5.68673
-5.68864
-5.69121
-5.69467
-5.69931
-5.70554
-5.71391
395.045
388.835
377.366
376.483
317.663
325.722
330.5
331.281
226.223
241.002
253.716
262.074
115.995
136.257
157.048
175.926
15.8034
33.1429
62.332
92.06
1.48813
1.45908
1.87429
9.82109
1.35968
1.41785
1.49873
1.57707
1.15031
1.19778
1.26366
1.33799
0.899954
0.911838
0.958869
1.03709
0.682382
0.662534
0.68832
0.770666
0.568658
0.563217
0.577426
0.638969
0.466874
0.480758
0.515108
0.559475
0.393241
0.427145
0.472222
0.525501
0.275303
0.321639
0.374391
0.432611
0.122572
0.175101
0.232516
0.293819
-0.0557407
0.00128038
0.0633322
0.129579
-0.259297
-0.198089
-0.130351
-0.056967
-0.495328
-0.431586
-0.358103
-0.275651
-0.778555
-0.719004
-0.645093
-0.55681
-1.12991
-1.09409
-1.04298
-0.97767
-1.56207
-1.5909
-1.62405
-1.71011
-2.03405
-2.16661
-2.36763
-2.78893
-2.42273
-2.61196
-2.89727
-3.37321
-2.66648
-2.83042
-3.05517
-3.37972
-2.79816
-2.90504
-3.03764
-3.20178
-2.89121
-2.94883
-3.01253
-3.08074
-2.98925
-3.01486
-3.03871
-3.0584
-3.10819
-3.1158
-3.11967
-3.11823
-3.25012
-3.24864
-3.24332
-3.23309
-3.41203
-3.40699
-3.39865
-3.38627
-3.58977
-3.5847
-3.5772
-3.56679
-3.77885
-3.77587
-3.77155
-3.76566
-3.97468
-3.97459
-3.97425
-3.9737
-4.17327
-4.1758
-4.17883
-4.18261
-4.37219
-4.3766
-4.3818
-4.388
-4.57067
-4.57658
-4.58355
-4.59187
-4.76826
-4.7756
-4.78434
-4.79495
-4.96387
-4.9723
-4.98236
-4.9944
-5.15606
-5.1645
-5.17445
-5.18612
-5.34526
-5.35268
-5.36111
-5.37049
-5.53269
-5.53924
-5.54669
-5.55512
-5.72044
-5.72643
-5.73343
-5.74167
365.721
314.132
220.058
138.568
143.185
143.79
141.731
139.656
136.257
130.911
129.416
132.662
140.316
145.451
146.762
145.221
145.292
148.868
153.292
315.283
254.596
158.862
156.28
152.672
145.652
143.445
140.646
137.439
134.255
132.975
136.464
141.6
144.47
146.949
144.946
144.698
148.716
149.749
256.63
188.898
154.099
153.842
152.886
146.51
145.031
142.335
138.694
134.934
134.42
139.643
142.298
144.065
148.505
147.182
146.628
147.182
154.232
193.3
154.413
154.087
153.713
153.65
150.159
147.776
144.096
139.637
135.663
136.638
141.461
143.665
147.452
149.116
148.509
147.613
147.536
171.699
143.241
154.54
154.36
154.349
155.199
157.94
172.412
156.86
137.951
135.298
138.111
143.773
147.689
149.214
149.346
148.591
147.666
147.544
199.858
77.7022
154.057
154.371
154.385
155.94
156.75
171.416
139.592
99.8611
128.4
144.062
149.828
152.539
149.976
149.499
148.767
148.616
156.536
294.744
6.61714
124.72
153.711
151.427
155.497
155.037
64.3431
79.6529
102.533
141.159
145.132
149.972
150.967
150.189
149.777
149.566
173.093
339.173
544.304
1.36535
12.2331
144.144
149.845
146.189
123.061
36.0924
47.9552
74.6889
132.764
150.014
150.568
150.567
149.664
150.152
150.475
227.754
501.333
724.778
1.23081
1.45552
7.3286
53.362
71.6218
33.7243
5.81506
3.63534
20.0737
84.8754
149.615
150.626
150.814
151.457
152.033
153.856
298.316
614.481
812.3
1.01102
1.24745
1.55478
1.85056
2.04361
2.01194
2.42854
2.2913
2.41954
11.0442
121.809
150.379
150.724
151.745
152.41
153.755
314.029
610.666
768.841
0.879265
1.20844
1.45928
1.61646
1.71561
1.89909
2.17688
2.22044
2.13965
1.83667
17.1805
112.32
150.999
152.032
152.888
199.332
341.865
493.565
600.229
0.753783
1.1062
1.3151
1.3989
1.46377
1.65762
1.85635
1.92019
1.8513
1.62382
0.897577
7.30247
50.8953
159.074
397.643
328.315
320.186
380.053
450.479
0.681091
0.922289
1.10411
1.2162
1.31981
1.45333
1.5673
1.61689
1.60299
1.59049
1.17033
-0.159185
-22.6828
85.3595
371.724
316.01
319.74
325.582
375.978
0.574357
0.759084
0.920745
1.04771
1.15416
1.24806
1.31535
1.33705
1.29028
1.15306
0.864204
-0.0659694
-2.95815
6.08185
7.54824
196.381
208.334
267.566
340.563
0.432064
0.605599
0.764904
0.89571
0.995027
1.06243
1.09724
1.09494
1.03839
0.906903
0.659179
-0.10032
-0.540055
2.39691
3.6032
77.1352
146.905
246.722
320.766
0.276654
0.459952
0.630083
0.766848
0.85767
0.900942
0.905872
0.881018
0.822284
0.721695
0.596158
0.403095
0.4583
1.57849
1.9795
44.4329
121.519
262.264
319.415
0.109877
0.321741
0.517481
0.66937
0.752412
0.763674
0.728202
0.672123
0.608422
0.549303
0.577954
0.814466
0.809496
-22.7994
-21.0099
18.3193
131.614
276.822
310.325
-0.0759983
0.190662
0.42829
0.613066
0.688244
0.643139
0.54002
0.429159
0.335206
0.275508
0.351529
0.785915
-11.2671
-25.5704
-10.1577
39.0945
147.746
247.057
260.143
-0.306111
0.0667355
0.351048
0.600538
0.669441
0.510841
0.296255
0.0984114
-0.0794651
-0.257619
-0.171019
0.154443
0.95301
-5.14105
7.93517
45.1733
112.882
192.479
192.857
-0.701692
-0.0328649
0.23446
0.572384
0.669035
0.266646
-0.082026
-0.3707
-0.696223
-1.294
-2.75668
-3.87337
-4.14398
-4.31836
-1.1807
11.7453
11.7608
87.1217
107.307
-1.71884
-0.344589
-0.0677584
-0.176343
-0.0441135
-0.409868
-0.70291
-0.971106
-1.38883
-2.21332
-4.45132
-4.36464
-4.37397
-4.36368
-3.8737
-3.00594
-2.37478
0.80289
68.9326
-3.84578
-2.39055
-1.3484
-1.94463
-2.30205
-1.83657
-1.60005
-1.59161
-1.9038
-2.58339
-3.88295
-4.2141
-4.39528
-4.53821
-4.13022
-3.24631
-2.7562
-2.64244
28.2002
-4.62957
-3.28873
-2.44691
-2.83004
-4.03715
-3.80086
-2.33977
-2.03109
-2.19249
-2.65154
-3.35988
-3.77992
-4.45462
-4.84312
-4.60753
-3.67807
-3.21075
0.791099
12.9235
-4.25912
-3.85295
-3.37734
-3.2681
-3.86076
-3.23035
-2.32636
-2.12547
-2.26987
-2.63077
-3.14123
-3.67043
-4.63705
-5.08299
-5.04159
-3.8297
-3.07283
-2.45352
-2.58445
-3.6442
-3.87512
-3.16477
-3.06668
-2.13164
-1.89126
-1.82827
-1.98264
-2.21888
-2.5541
-2.97168
-3.54768
-4.3054
-5.36497
-5.05847
-3.60538
-2.9487
-2.66976
-2.01889
-3.21651
-3.29227
-3.08074
-2.67053
-1.54615
-1.38158
-1.56625
-1.85849
-2.15899
-2.47074
-2.78327
-3.12483
-3.60288
-3.91786
-3.64371
-2.90536
-2.6899
-2.80015
1.10275
-3.07479
-3.02426
-2.84278
-2.54522
-2.23128
-1.667
-1.58018
-1.84696
-2.1696
-2.43837
-2.63677
-2.75335
-2.78758
-2.68364
-2.45442
-2.26659
-2.30016
-2.71909
-0.428061
-3.09369
-3.00909
-2.84359
-2.61887
-2.42124
-2.27015
-1.7557
-1.94636
-2.28602
-2.48519
-2.5787
-2.56878
-2.45633
-2.25964
-2.06233
-1.96379
-1.95433
-3.7531
0.799225
-3.19474
-3.10655
-2.96256
-2.77736
-2.62812
-2.48427
-2.15941
-2.24759
-2.58314
-2.62869
-2.61038
-2.51782
-2.36183
-2.18118
-2.05111
-2.01347
-1.92872
-1.4418
-1.00259
-3.34705
-3.26613
-3.1365
-2.94957
-2.75628
-2.84606
-2.56856
-2.68364
-2.94282
-2.87924
-2.7226
-2.56349
-2.39001
-2.24289
-2.2046
-2.39595
-4.21977
-2.50433
1.37763
-3.53557
-3.47283
-3.36543
-3.15144
-2.7592
-3.30357
-3.69283
-3.4398
-3.30737
-3.21736
-2.90587
-2.67553
-2.47968
-2.33719
-2.30638
-2.41404
-2.65339
-2.33635
-1.88765
-3.74889
-3.7184
-3.67888
-3.62652
-3.37669
-4.45499
-4.62618
-4.55343
-3.78278
-3.59062
-3.14038
-2.82564
-2.58489
-2.39115
-2.24723
-2.17913
-2.17665
-1.98263
-1.89893
-3.97304
-3.97873
-4.0223
-4.06897
-4.36724
-4.82867
-4.73773
-4.67821
-4.05473
-3.86019
-3.38075
-2.99429
-2.68968
-2.39453
-2.14083
-2.01275
-1.9733
-1.77988
-1.10995
-4.19474
-4.23509
-4.36736
-4.3646
-4.50354
-4.55258
-4.79417
-4.52363
-4.192
-4.00909
-3.60852
-3.18812
-2.83936
-2.46229
-2.10764
-1.82642
-1.74209
-1.67097
-1.22828
-4.40446
-4.4344
-4.47951
-4.58689
-4.91054
-5.05169
-4.73301
-4.67354
-4.49321
-4.1244
-3.84445
-3.43483
-3.09193
-2.72767
-2.48253
-1.9204
-1.65455
-1.6555
0.198498
-4.61354
-4.65704
-4.70303
-4.94277
-5.08962
-5.20295
-5.26935
-5.21311
-4.86435
-4.41431
-4.12664
-3.75823
-3.49311
-3.31969
-3.49371
-3.63358
-3.29383
-2.19854
4.26598
-4.82505
-4.89356
-4.90915
-5.08177
-5.24109
-5.40529
-5.58536
-5.58247
-5.22048
-4.69165
-4.43483
-4.15373
-4.00259
-3.98773
-5.02166
-5.91615
-6.07282
-6.16424
-2.28308
-5.02576
-5.104
-5.16187
-5.25717
-5.40037
-5.5869
-5.83091
-5.80679
-5.46248
-5.12379
-4.7724
-4.62342
-4.44296
-4.86755
-5.48793
-5.97891
-6.05359
-6.03678
-4.6393
-5.21504
-5.28742
-5.34605
-5.4173
-5.54072
-5.70883
-5.95371
-5.87301
-5.67192
-5.51118
-5.20767
-5.18759
-5.35133
-5.34275
-5.95332
-5.97903
-6.10745
-6.12993
-5.48049
-5.39131
-5.4226
-5.48247
-5.56955
-5.67275
-5.78799
-5.95825
-5.85496
-5.79221
-5.84407
-5.73358
-5.9334
-5.33461
-5.53526
-5.82518
-6.03725
-6.25686
-6.39457
-5.71079
-5.57503
-5.6063
-5.66291
-5.74012
-5.81427
-5.86476
-5.90524
-5.80237
-5.8754
-6.22215
-6.28227
-7.05734
-5.47866
-5.6443
-5.91641
-6.10448
-6.27289
-6.3337
-5.59061
-5.76308
-5.80232
-5.8664
-5.93969
-5.99491
-6.00032
-5.89654
-5.77363
-5.97236
-7.41299
-6.44091
-9.37789
-6.72945
-6.29401
-6.17802
-6.18326
-6.17574
-6.02057
-8.38163
)
;

boundaryField
{
    leftWall
    {
        type            calculated;
        value           nonuniform List<scalar> 
100
(
558.027
498.318
436.841
374.706
313.105
254.087
199.851
151.132
92.3963
7.89014
1.36315
1.19263
1.02715
0.862019
0.699672
0.53714
0.372167
0.204842
0.0408941
-0.11851
-0.280323
-0.444587
-0.611584
-0.780995
-0.952734
-1.12661
-1.3025
-1.48026
-1.65966
-1.84036
-2.02215
-2.20491
-2.38879
-2.57367
-2.75947
-2.94604
-3.13319
-3.32062
-3.50803
-3.6953
-3.88251
-4.06993
-4.25784
-4.44638
-4.63556
-4.82524
-5.01527
-5.20552
-5.39592
-5.58619
528.513
467.71
405.8
343.732
283.107
226.251
174.889
128.13
42.4538
1.42346
1.28471
1.11183
0.944023
0.780701
0.618595
0.455054
0.288283
0.122102
-0.0387506
-0.199056
-0.362098
-0.527772
-0.695992
-0.866594
-1.03941
-1.21431
-1.39116
-1.56977
-1.74987
-1.93112
-2.11342
-2.29671
-2.48111
-2.66647
-2.85267
-3.03956
-3.22689
-3.41434
-3.60168
-3.78889
-3.97618
-4.16381
-4.35203
-4.5409
-4.73035
-4.92022
-5.11037
-5.3007
-5.49113
-5.68127
)
;
    }
    rightWall
    {
        type            calculated;
        value           nonuniform List<scalar> 
100
(
687.635
706.446
752.183
623.387
388.721
205.215
158.648
154.897
153.292
149.749
154.232
171.699
199.858
294.744
544.304
724.778
812.3
768.841
600.229
450.479
375.978
340.563
320.766
319.415
310.325
260.143
192.857
107.307
68.9326
28.2002
12.9235
-2.58445
-2.01889
1.10275
-0.428061
0.799225
-1.00259
1.37763
-1.88765
-1.89893
-1.10995
-1.22828
0.198498
4.26598
-2.28308
-4.6393
-5.48049
-5.71079
-5.59061
-8.38163
711.051
681.055
728.36
702.084
515.824
279.903
169.341
151.878
154.635
153.347
151.05
163.205
183.746
224.981
415.162
648.456
780.255
810.397
690.965
516.147
404.984
356.077
328.264
318.517
318.586
291.312
227.807
150.597
79.3393
47.8321
17.9195
7.69745
-2.90474
-0.791894
1.36779
-1.74387
1.70765
-0.245611
7.54955
-1.62085
-1.10749
-1.18466
-0.981808
2.29022
1.99557
-3.60922
-5.6287
-5.68334
-5.6607
-7.18136
)
;
    }
    lowerWall
    {
        type            calculated;
        value           nonuniform List<scalar> 
124
(
571.254
573.472
582.097
590.617
596.016
601.368
609.45
620.523
634.166
650.325
669.029
690.265
713.878
739.609
767.176
795.986
822.615
840.106
845.366
868.114
864.1
864.806
927.423
878.821
799.843
729.352
686.348
658.234
622.285
570.911
502.09
391.81
422.254
417.561
414.644
441.282
416.518
413.753
414.075
414.354
414.297
414.235
414.19
435.082
438.336
480.194
669.936
994.341
693.286
407.971
876.091
284.383
169.717
154.579
157.161
165.697
196.716
203.78
223.07
292.706
773.298
716.367
572.742
571.376
577.409
586.713
593.597
598.451
605.01
614.649
627.03
641.93
659.357
679.336
701.79
726.496
753.182
781.512
810.107
832.937
842.769
857.78
861.821
858.628
907.954
375.179
415.856
419.17
417.266
441.744
434.832
442.896
543.817
908.538
903.483
472.909
868.302
525.807
197.706
160.241
154.422
155.998
186.379
196.83
214.396
229.236
519.747
745.626
912.717
840.311
761.624
704.319
672.077
642.127
598.389
538.609
428.762
414.099
413.837
414.273
414.341
414.259
414.217
407.403
)
;
    }
    atmosphere
    {
        type            calculated;
        value           nonuniform List<scalar> 
92
(
-5.72908
-5.7291
-5.72914
-5.72918
-5.72924
-5.72932
-5.72941
-5.72953
-5.72969
-5.7299
-5.73017
-5.73054
-5.73101
-5.73165
-5.73249
-5.73361
-5.73509
-5.73705
-5.73966
-5.74313
-5.74777
-5.75393
-5.76216
-5.76857
-5.77446
-5.78138
-5.78959
-5.81142
-5.85337
-5.9246
-6.00058
-6.0547
-6.05753
-5.95141
-5.72953
-5.89644
-9.78199
-5.77837
-10.7702
-5.85973
-6.33269
-6.22143
-6.19998
-6.13311
-5.74396
-9.05552
-5.72904
-5.72908
-5.72912
-5.72916
-5.72921
-5.72928
-5.72936
-5.72947
-5.72961
-5.72979
-5.73003
-5.73034
-5.73076
-5.73131
-5.73204
-5.73301
-5.7343
-5.736
-5.73826
-5.74127
-5.74529
-5.75063
-5.75774
-5.76594
-5.7714
-5.77778
-5.78531
-5.79749
-5.82899
-5.8862
-5.96385
-6.03189
-6.06464
-6.02716
-5.80153
-6.08885
-6.16411
-5.82016
-5.77947
-41.8558
-5.76262
-6.35617
-6.20988
-6.17855
-6.00703
-8.81212
)
;
    }
    defaultFaces
    {
        type            empty;
    }
}


// ************************************************************************* //
