/*--------------------------------*- C++ -*----------------------------------*\
| =========                 |                                                 |
| \\      /  F ield         | OpenFOAM: The Open Source CFD Toolbox           |
|  \\    /   O peration     | Version:  v1912                                 |
|   \\  /    A nd           | Website:  www.openfoam.com                      |
|    \\/     M anipulation  |                                                 |
\*---------------------------------------------------------------------------*/
FoamFile
{
    version     2.0;
    format      ascii;
    class       volScalarField;
    location    "0.55";
    object      p_rgh;
}
// * * * * * * * * * * * * * * * * * * * * * * * * * * * * * * * * * * * * * //

dimensions      [1 -1 -2 0 0 0 0];


internalField   nonuniform List<scalar> 
9072
(
572.657
571.376
577.409
586.713
593.597
598.451
605.01
614.649
627.03
641.93
659.357
679.336
701.79
726.496
753.182
781.512
810.107
832.937
842.769
857.78
861.821
858.628
907.954
570.713
569.778
575.632
585.153
592.563
597.674
604.409
614.122
626.568
641.497
658.921
678.905
701.368
726.05
752.561
780.339
808.155
832.448
846.609
853.399
869.783
826.345
871.038
567.661
566.584
571.573
581.711
590.446
596.09
603.171
613.081
625.58
640.485
657.89
677.905
700.45
725.203
751.653
779.024
805.878
829.559
846.427
859.594
889.459
792.521
838.358
564.452
562.136
565.34
576.557
587.896
594.149
601.544
611.611
624.096
638.913
656.269
676.334
699.025
723.951
750.484
777.732
804.326
828.228
847.559
865.034
885.809
805.975
841.98
562.687
556.759
555.937
568.341
585.359
592.188
599.687
609.772
622.131
636.773
654.039
674.173
697.09
722.313
749.104
776.499
803.232
827.751
848.873
867.595
883.117
864.799
887.727
564.689
551.041
543.327
556.561
582.857
590.186
597.532
607.521
619.645
634.024
651.154
671.381
694.624
720.298
747.545
775.353
802.551
827.911
850.571
870.708
887.132
891.12
921.467
572.185
547.962
533.226
548.115
580.507
587.686
594.916
604.756
616.558
630.579
647.538
667.89
691.594
717.903
745.826
774.298
802.226
828.593
852.699
874.396
893.11
908.368
940.89
584.285
551.993
531.118
546.223
575.913
583.652
591.65
601.375
612.782
626.357
643.121
663.589
687.926
715.098
743.95
773.336
802.217
829.721
855.262
878.597
899.557
919.288
948.592
430.394
434.832
442.896
543.817
908.538
903.483
472.909
868.302
525.807
197.706
160.241
154.422
155.998
186.379
196.83
214.396
229.236
519.747
745.626
414.576
412.831
414.402
472.114
853.155
772.974
158.865
411.95
192.531
149.24
156.582
155.667
152.121
152.269
154.855
158.077
160.025
213.002
634.537
414.01
412.512
414.366
415.668
729.608
562.523
99.2149
108.463
152.79
145.051
140.422
139.692
143.84
149.775
154.128
158.048
159.438
159.114
392.725
414.496
412.93
414.275
478.313
631.602
350.259
162.919
137.586
145.05
141.127
138.806
138.574
143.349
149.368
153.619
157.711
158.776
152.308
241.84
414.62
413.739
414.18
622.255
598.558
233.185
151.533
141.429
140.575
138.3
136.323
136.241
141.686
148.123
152.207
155.961
157.651
151.853
186.176
414.598
414.09
566.158
650.635
619.118
196.204
147.203
141.523
139.14
136.532
134.479
133.997
140.08
147.134
151.318
154.403
156.267
151.377
157.094
414.614
414.5
738.007
664.672
538.74
159.081
145.295
141.027
138.886
135.379
132.461
131.814
138.365
146.073
150.29
153.687
154.611
150.199
148.588
581.1
779.861
760.447
675.133
280.409
139.342
143.332
140.581
138.812
134.395
130.825
130.384
137.053
145.082
149.176
151.53
151.318
149.116
151.52
572.112
567.788
443.876
321.244
552.196
575.637
586.145
596.301
607.156
620.177
636.286
656.685
682.292
710.922
741.362
772.209
802.58
831.708
859.109
884.529
908.015
929.773
945.657
2.11342
2.32474
4.32134
4.82696
2.28866
6.62156
27.9865
54.4292
88.6977
147.947
252.19
422.717
624.684
701.558
737.078
770.705
804.067
836.498
866.927
895.613
922.555
948.252
973.173
2.09987
2.11856
2.0643
2.097
2.01876
1.9014
1.85348
1.88867
2.01184
2.0737
2.1246
2.1626
2.15336
16.576
149.95
533.245
805.504
843.908
875.49
907.988
937.591
966.284
995.373
2.05218
2.06739
2.02901
2.03061
2.00448
1.95859
1.93089
1.9436
1.98456
2.0977
2.09795
2.12729
2.15974
2.18901
2.23998
2.26649
4.12479
114.903
492.963
916.28
950.845
979.77
1012.78
2.00957
2.02431
2.00895
1.9994
1.98153
1.96222
1.953
1.96249
1.98786
2.02203
2.05994
2.09551
2.13069
2.16538
2.20388
2.25701
2.28202
2.28922
2.37956
2.4422
17.0656
313.808
867.886
1.97144
1.9851
1.97744
1.96977
1.96041
1.95347
1.95313
1.96333
1.98358
2.01127
2.04401
2.07746
2.11229
2.14927
2.18368
2.2208
2.25931
2.30466
2.36929
2.40636
2.42807
2.52213
2.58666
1.93453
1.9489
1.94458
1.9406
1.93751
1.93713
1.94181
1.95335
1.97189
1.9965
2.02549
2.05732
2.09092
2.12649
2.16409
2.20394
2.24639
2.29672
2.35191
2.40556
2.45842
2.52265
2.58628
1.89618
1.91299
1.91128
1.91064
1.91165
1.91539
1.9232
1.93601
1.95416
1.97724
2.00445
2.03493
2.06811
2.10394
2.14256
2.18437
2.23004
2.28053
2.33538
2.39396
2.45414
2.50897
2.56185
1.8546
1.87569
1.87683
1.87902
1.88295
1.88941
1.89926
1.91315
1.93135
1.95376
1.98003
2.00973
2.04259
2.07857
2.11782
2.16065
2.20746
2.25851
2.31361
2.37197
2.42739
2.47719
2.51484
1.81362
1.83677
1.84122
1.84569
1.85166
1.85993
1.87116
1.88582
1.9042
1.92631
1.95205
1.98126
2.01385
2.04984
2.08934
2.13257
2.17969
2.23061
2.28463
2.34004
2.38767
2.55371
2.94004
1.77796
1.79915
1.80509
1.81084
1.81805
1.82744
1.83952
1.85469
1.87318
1.8951
1.92047
1.94929
1.98158
2.0174
2.05687
2.10013
2.14717
2.19768
2.25052
2.30299
2.3462
2.4549
3.34602
1.74285
1.7631
1.76842
1.77446
1.78224
1.79221
1.80475
1.82014
1.83862
1.86031
1.88531
1.91371
1.94559
1.98107
2.02028
2.06333
2.1102
2.16056
2.21336
2.26649
2.31462
2.35795
2.38737
1.705
1.72575
1.73039
1.73628
1.7442
1.75438
1.76706
1.78245
1.80074
1.8221
1.84664
1.87449
1.9058
1.94072
1.97942
2.02207
2.0687
2.11918
2.17294
2.22893
2.28533
2.34177
2.39528
1.66452
1.68624
1.69026
1.69599
1.70386
1.71401
1.7266
1.74178
1.75972
1.78058
1.80451
1.83164
1.86216
1.89627
1.93418
1.97611
2.02225
2.07272
2.12746
2.18624
2.24884
2.31562
2.38588
1.6215
1.64427
1.64793
1.65348
1.6612
1.67116
1.68348
1.69828
1.71571
1.7359
1.75902
1.78522
1.81469
1.84766
1.8844
1.92519
1.97034
2.02022
2.07515
2.13546
2.20163
2.27453
2.3552
1.57609
1.60006
1.60338
1.60876
1.61625
1.6259
1.63781
1.65208
1.66883
1.68819
1.71029
1.73532
1.76345
1.79493
1.83004
1.86912
1.91255
1.9609
2.01476
2.07481
2.142
2.21772
2.30397
1.52847
1.55366
1.55674
1.56189
1.56907
1.57832
1.58971
1.60333
1.61925
1.63759
1.65849
1.6821
1.70859
1.73818
1.77116
1.80789
1.84884
1.89449
1.94559
2.00321
2.06868
2.14397
2.23217
1.47877
1.50503
1.50802
1.51293
1.51977
1.52856
1.53934
1.55218
1.56715
1.58433
1.60383
1.62578
1.65033
1.67766
1.70799
1.74165
1.77903
1.82065
1.86727
1.92
1.98048
2.05129
2.13674
1.42712
1.4544
1.45735
1.46203
1.46849
1.47675
1.48685
1.49883
1.51273
1.52862
1.54658
1.56667
1.58902
1.61372
1.64092
1.67084
1.70373
1.73999
1.78017
1.82519
1.87662
1.93726
2.01229
1.37369
1.40194
1.40486
1.4093
1.41537
1.42307
1.43243
1.44347
1.45624
1.47075
1.48703
1.50512
1.52505
1.54685
1.57055
1.59619
1.62382
1.65352
1.68541
1.71983
1.75755
1.80043
1.85271
1.31879
1.34785
1.35073
1.35493
1.36057
1.36769
1.37627
1.38635
1.39793
1.41099
1.42554
1.44153
1.45892
1.47766
1.49764
1.51868
1.54055
1.56288
1.58516
1.60662
1.62633
1.64318
1.65631
1.26273
1.29239
1.29513
1.29908
1.30429
1.31079
1.31859
1.32769
1.33806
1.34966
1.36244
1.37632
1.39117
1.40683
1.42306
1.43947
1.4555
1.4703
1.48255
1.49016
1.48972
1.4753
1.43602
1.20563
1.23581
1.2382
1.24189
1.24668
1.25257
1.25959
1.2677
1.27687
1.28703
1.2981
1.30992
1.32232
1.33503
1.34769
1.35973
1.37032
1.37817
1.38125
1.37628
1.35756
1.31456
1.22642
1.14752
1.17795
1.18026
1.18358
1.18791
1.19321
1.19946
1.20662
1.21463
1.22342
1.23285
1.24275
1.25288
1.26291
1.27237
1.28059
1.28655
1.28871
1.28467
1.27053
1.23964
1.18003
1.06852
1.08832
1.1191
1.12123
1.12424
1.12813
1.13286
1.13838
1.14464
1.15157
1.15907
1.167
1.17516
1.18328
1.19098
1.19777
1.2029
1.20533
1.20349
1.19498
1.17613
1.14097
1.07951
0.974432
1.02816
1.05935
1.06128
1.06401
1.06749
1.07168
1.07652
1.08194
1.08787
1.09421
1.1008
1.10745
1.11385
1.11964
1.12432
1.12718
1.12725
1.12312
1.11279
1.09336
1.06053
1.00798
0.926558
0.967155
0.998777
1.00054
1.00302
1.00613
1.00981
1.01402
1.01867
1.02371
1.02903
1.03446
1.03982
1.04483
1.04912
1.05224
1.05359
1.05234
1.0474
1.0373
1.02013
0.993448
0.954319
0.899754
0.905459
0.937482
0.939129
0.941402
0.944156
0.947354
0.950982
0.954978
0.959238
0.963665
0.96812
0.972418
0.976312
0.979486
0.981547
0.982006
0.980257
0.975524
0.966882
0.953323
0.93386
0.907843
0.875685
0.843325
0.875599
0.877197
0.879277
0.881709
0.884486
0.887593
0.890976
0.894554
0.898223
0.90186
0.905302
0.908336
0.9107
0.912082
0.912115
0.91038
0.906401
0.899699
0.889904
0.876941
0.861369
0.845016
0.781069
0.81332
0.814911
0.816772
0.818888
0.821269
0.823903
0.826742
0.829718
0.832756
0.835721
0.838481
0.84086
0.842652
0.843619
0.843506
0.842044
0.83898
0.834145
0.827548
0.819552
0.811168
0.804497
0.718923
0.750884
0.752397
0.75398
0.755769
0.757773
0.759976
0.762339
0.764805
0.767293
0.769705
0.771926
0.77381
0.775196
0.775911
0.775786
0.774661
0.772425
0.769084
0.764814
0.760099
0.755945
0.754179
0.656906
0.688459
0.68971
0.690962
0.69241
0.69405
0.695861
0.697806
0.699829
0.701858
0.703815
0.705602
0.707099
0.708185
0.708739
0.708643
0.707803
0.706194
0.703865
0.701031
0.698115
0.695882
0.695598
0.594819
0.626045
0.626851
0.627736
0.62884
0.630134
0.631589
0.633164
0.634808
0.636454
0.638035
0.639467
0.640654
0.641504
0.641928
0.64184
0.641175
0.639929
0.638167
0.636036
0.633799
0.631891
0.630968
0.532382
0.563487
0.563766
0.56429
0.56507
0.56605
0.567188
0.568441
0.569758
0.571081
0.572347
0.573484
0.574413
0.575062
0.57536
0.575234
0.574629
0.573529
0.571965
0.569995
0.567703
0.565207
0.562646
0.46935
0.500502
0.50038
0.500597
0.501099
0.501811
0.502675
0.503649
0.504686
0.505733
0.506731
0.507617
0.508325
0.50879
0.508952
0.508744
0.508101
0.506982
0.505365
0.503218
0.500468
0.496989
0.492575
0.405668
0.436994
0.436648
0.436648
0.436932
0.437424
0.43806
0.438798
0.439595
0.440404
0.441171
0.441841
0.442353
0.442647
0.442665
0.442338
0.441592
0.440351
0.438544
0.436054
0.432685
0.428139
0.421995
0.341417
0.372982
0.372555
0.37243
0.372561
0.372882
0.373336
0.373881
0.374475
0.375076
0.375642
0.376122
0.376461
0.376593
0.376462
0.376
0.375117
0.373713
0.37167
0.368803
0.36482
0.359294
0.351631
0.276738
0.308565
0.308145
0.307965
0.308003
0.308201
0.308512
0.3089
0.309325
0.309748
0.310137
0.31045
0.310629
0.310612
0.31034
0.309745
0.308728
0.307165
0.304903
0.301714
0.297243
0.290971
0.282146
0.211783
0.243853
0.243484
0.243296
0.243285
0.243399
0.2436
0.243858
0.24414
0.244413
0.24465
0.244812
0.244848
0.2447
0.244309
0.243607
0.242483
0.240801
0.238388
0.235
0.23027
0.223638
0.214278
0.146649
0.178918
0.178628
0.178462
0.178432
0.178491
0.178608
0.17876
0.17892
0.179062
0.179167
0.179197
0.179106
0.178847
0.178363
0.177581
0.17639
0.17465
0.172184
0.168754
0.16402
0.157455
0.148302
0.0814184
0.113801
0.113599
0.113484
0.113458
0.113481
0.113534
0.113599
0.113655
0.113684
0.113672
0.113587
0.113386
0.113031
0.112468
0.111624
0.110402
0.108667
0.106247
0.102922
0.0983964
0.0922135
0.0837424
0.0164757
0.0489459
0.0488325
0.048757
0.0487224
0.048705
0.0486925
0.0486748
0.0486375
0.0485676
0.0484537
0.0482704
0.0479847
0.0475613
0.0469518
0.0460939
0.0449035
0.0432642
0.041018
0.0379607
0.0338229
0.028224
0.0206398
846.049
886.727
890.04
874.702
986.379
989.192
992.791
993.385
1020.36
1032.72
1043.33
1050.42
1042.47
1059.96
1077.14
1092.36
1023.5
1075.85
1099.35
1124.58
2.69351
45.5667
223.049
787.339
2.61974
2.6791
2.71839
2.71101
2.65944
2.71155
2.76654
2.81957
2.52451
2.5831
2.63219
2.66233
2.47786
2.39532
2.41171
2.47664
3.33923
2.93714
2.3608
2.40182
2.46098
3.43826
3.45135
2.98688
2.4317
2.44919
2.48807
2.55068
2.45047
2.48931
2.53493
2.5893
2.43419
2.48181
2.53422
2.59176
2.39073
2.44332
2.50051
2.56227
2.32362
2.38011
2.44206
2.50941
2.22926
2.28845
2.35521
2.42974
2.09806
2.15605
2.22482
2.30596
1.91499
1.96056
2.01915
2.09553
1.66587
1.67409
1.68743
1.7124
1.36112
1.29604
1.19945
1.05299
1.07257
0.93307
0.719684
0.377184
0.889079
0.734582
0.515137
0.1896
0.821332
0.701847
0.546743
0.344401
0.8215
0.747594
0.660613
0.558954
0.838114
0.799515
0.75933
0.719142
0.844974
0.828721
0.814881
0.805033
0.833427
0.829684
0.829304
0.833436
0.803184
0.805486
0.810996
0.820557
0.757012
0.761192
0.767963
0.777931
0.69851
0.70191
0.707021
0.714208
0.631676
0.63289
0.63482
0.637577
0.560395
0.559127
0.557742
0.556112
0.487613
0.484314
0.480446
0.475784
0.4148
0.409981
0.404388
0.397787
0.342499
0.336345
0.329134
0.320503
0.271453
0.264143
0.255461
0.245037
0.202871
0.194992
0.185578
0.17432
0.137392
0.130017
0.121431
0.111589
0.073874
0.0673821
0.0599944
0.0517077
0.0118415
0.00602929
-0.000667864
-0.00839365
850.968
856.635
800.345
691.456
133.448
144.094
142.733
140.507
138.834
133.966
129.205
130.159
136.452
144.609
147.709
149.523
147.863
148.174
150.995
986.86
946.364
867.856
255.005
172.296
147.817
144.584
141.842
139.33
135.272
132.149
133.659
139.47
144.756
150.917
146.47
144.949
147.456
150.87
1051.65
1016.96
623.895
155.39
155.387
148.99
146.162
143.734
140.598
137.195
135.446
138.209
142.911
143.651
152.947
147.822
146.038
147.533
184.216
1104.93
1082.09
155.128
154.798
154.536
156.967
147.553
145.646
142.352
137.99
135.419
139.819
143.288
145.714
151.581
149.506
148.513
148.029
986.257
1156.03
1025.19
155.271
155.128
155.208
163.704
165.092
160.438
147.37
137.835
137.268
141.006
145.631
159.555
151.603
149.997
149.058
148.281
1097.3
1204.18
1150.55
155.594
155.489
156.029
157.029
173.76
184.235
164.185
131.832
139.349
147.374
151.289
165.505
151.97
150.155
149.372
149.359
1109.41
416.597
1293.75
155.723
155.336
167.601
157.807
369.731
1351.01
1354.1
488.68
143.091
149.437
152.828
166.956
152.035
150.701
150.004
1110.68
1589.35
2.87381
826.447
1248.57
154.424
156.114
264.476
1446.48
1423.7
1456.37
1497.58
166.7
155.094
152.496
165.031
155.728
151.336
1096.25
1677.53
1934.1
2.75147
2.96173
691.927
1361.14
600.156
1139.49
1509.75
888.224
1169.82
1577.48
764.23
152.728
152.505
152.317
157.583
181.684
1675.35
1908.01
2197.13
2.6114
2.97042
3.05418
29.7924
446.742
386.234
6.01214
4.52543
4.27089
976.18
1655.78
152.413
152.214
152.926
153.582
153.905
930.488
2117.3
2371.92
2.52894
2.84607
3.78017
3.35493
4.09728
4.70326
3.88073
4.09448
4.05951
3.88988
1306.9
1540.44
152.286
153.246
154.189
154.355
1142.74
1527.89
2385.22
3.42228
3.80181
3.93059
3.33644
3.5706
4.28288
3.7836
3.964
3.92122
3.7672
3.48488
946.045
1412.62
590.36
313.258
1419.82
1037.76
713.998
2353.29
2.66258
2.90753
3.13275
3.26863
3.34869
3.47281
3.6439
3.75672
3.76174
3.68243
3.32884
3.93478
81.4096
1066.98
1211.06
456.703
340.178
1061.48
2373.61
2.67231
2.86754
3.06003
3.20306
3.31318
3.4235
3.52718
3.59232
3.59174
3.50139
3.24384
2.97947
0.0886487
19.5363
857.617
1683.29
337.483
1990.15
2430.89
2.67567
2.84843
3.01909
3.1632
3.27875
3.37062
3.43658
3.46796
3.44931
3.35707
3.16636
2.90444
1.8988
3.69895
6.84496
725.206
2220.76
2414.35
2513.69
2.65063
2.82403
2.99644
3.14587
3.26049
3.33557
3.37292
3.37676
3.34341
3.25641
3.09793
2.79281
2.14358
3.28085
5.58139
577.055
2212.83
2341.78
2673.96
2.60629
2.79766
2.98904
3.15356
3.26998
3.32675
3.3323
3.30504
3.25642
3.1854
3.11243
3.13608
3.20346
6.74027
503.515
2465.87
2163.3
2231.25
2813.38
2.53991
2.76849
2.99759
3.19179
3.31801
3.34848
3.3042
3.22854
3.14996
3.08413
3.07123
3.25738
4.18917
2311.33
2579.73
2600.9
2683
2797.72
2912.17
2.43307
2.73088
3.02043
3.26057
3.41777
3.39774
3.26318
3.10749
2.966
2.85869
2.7691
3.28104
252.185
2587.71
2724.5
2759.16
2819.97
2673.35
1341.17
2.22555
2.65687
3.04742
3.33243
3.57903
3.44114
3.14872
2.8844
2.64271
2.38821
1.86472
26.76
27.0309
-1.53729
1166.79
2826.56
2280.89
1235.56
1810.04
1.73135
2.37254
3.09091
4.4986
10.4441
3.28123
2.8149
2.50009
2.17427
1.66468
0.165746
18.5417
-1.14965
-1.30859
-1.09163
-0.434778
0.982889
356.297
2228.82
0.523481
29.0239
23.5943
25.2227
24.9413
12.3662
2.02254
1.95087
1.68409
1.13803
-0.0451492
3.14705
-0.830183
-1.26531
0.148649
0.944037
1.11791
1.11217
793.977
-0.47797
29.4513
14.6942
1.89067
1.44027
23.4442
0.838022
1.39652
1.33274
0.943392
0.21407
-0.636369
11.6186
-1.30422
-1.25041
-0.61202
0.771341
27.2207
1352.73
-0.481501
22.4329
41.9228
8.34959
0.750417
22.5923
0.426501
1.19164
1.23221
0.957764
0.467294
-0.103246
12.451
-1.09824
-0.715596
-0.953037
-0.0233723
12.3129
1039.9
-0.0278595
-0.499746
41.256
42.6143
1.2373
1.22802
1.22594
1.4608
1.37006
1.09831
0.692862
0.162584
1.24809
9.95514
-0.540966
-0.966441
0.187442
0.645248
0.673118
0.405698
0.0894839
0.201238
10.8664
40.3136
2.15777
2.09737
1.84846
1.59379
1.29113
0.945615
0.546859
-0.0633841
5.09934
3.89404
-0.191529
0.630352
0.879421
1.40111
0.670606
0.62652
0.714304
0.990506
1.84066
18.942
2.27353
2.07056
1.76028
1.45351
1.1794
0.945672
0.729338
0.557109
0.624603
1.05101
1.25597
2.08251
65.5127
0.800918
0.838185
0.959383
1.18376
1.44475
6.92038
8.91113
2.16986
1.82882
1.53889
1.34734
1.25039
1.25991
1.3825
1.58935
1.76533
1.79055
29.9353
484.349
0.847364
0.907642
1.0282
1.21115
1.41193
1.54778
10.5008
12.0586
1.75033
1.516
1.43217
1.43939
1.53862
1.71189
1.90727
2.03413
3.596
164.144
863.383
0.840411
0.904149
1.01444
1.17503
1.35551
2.42407
6.02565
12.0222
5.52451
1.35492
1.42934
1.53315
1.68213
1.85416
1.98701
2.10805
4.60792
112.85
16.1703
0.796738
0.852391
0.947461
1.10583
1.38779
2.62578
12.0149
12.4331
4.40662
1.15428
1.33927
1.5507
1.73839
1.90675
2.72429
3.01835
1.56867
2.91551
39.1196
0.727289
0.764279
0.825549
0.937309
1.72987
47.0692
1.04294
11.4189
12.0676
0.868663
1.17462
1.5116
1.74838
1.93719
3.99666
4.0441
2.08238
2.23637
3.26863
0.64247
0.654025
0.661919
0.646371
89.7217
109.327
0.446736
-0.103417
11.8095
0.988931
1.00101
1.44175
1.74131
1.99578
3.97433
2.54641
2.45325
4.71691
3.68533
0.553256
0.541868
0.578812
1.98343
4.07376
110.989
106.263
0.185799
2.72516
2.00652
0.887861
1.36066
1.71408
2.04813
2.38445
2.63853
3.84506
6.13083
3.69794
0.467974
0.443902
0.372761
5.34373
8.82629
0.0463511
114.449
17.5245
0.564047
8.31699
0.808945
1.26197
1.63132
2.00157
2.38313
5.36567
5.01698
3.88715
15.0624
0.387224
0.360764
0.320035
6.12491
6.02447
-0.140353
3.61388
51.2935
0.338754
8.3601
0.965941
1.11944
1.45678
1.76193
1.98747
76.7837
162.85
118.88
181.296
0.306382
0.266113
0.195956
0.408298
-0.0820444
-0.0176488
-0.344477
-0.405717
-0.0202463
8.26358
0.957128
0.917863
1.1776
1.30623
55.8063
164.393
48.1527
14.102
15.1428
0.227763
0.659046
0.396364
0.056362
-0.105691
-0.167446
-0.485738
-0.2553
-0.306249
2.28559
3.08225
0.678348
0.821263
11.9617
98.7671
-0.963658
-0.894394
-1.04323
17.201
0.155728
0.68103
0.0612429
-0.0322797
-0.142671
-0.29665
-0.530133
-0.650574
-0.40427
-0.0999048
8.31252
0.351219
0.390399
88.2442
32.3258
0.594106
-0.785386
-0.922625
5.65094
0.096559
0.0635821
0.00763976
-0.0570291
-0.1611
-0.286687
-0.501119
-0.579009
-0.388858
-0.322049
7.12721
-0.125404
0.072039
146.698
0.852387
-0.546552
-0.722806
-0.932438
-1.07889
0.0394736
0.0148426
-0.0216242
-0.0994375
-0.186896
-0.274114
-0.37985
-0.408463
0.244346
-0.392329
7.00678
-0.75312
17.6702
20.5254
-0.131921
-0.490121
-0.674259
-1.03984
-1.17721
-0.0204182
-0.0486726
-0.0936459
-0.162173
-0.233206
-0.280036
-0.276798
-0.159482
0.360532
-0.460709
-0.256082
-1.35439
79.6512
0.0321631
-0.395435
-0.483537
-0.544608
-0.720704
3.43399
571.254
573.472
582.097
590.617
596.016
601.368
609.45
620.523
634.166
650.325
669.029
690.265
713.878
739.609
767.176
795.986
822.615
840.106
845.366
868.114
864.1
864.806
927.423
569.834
571.842
580.288
589.351
595.13
600.686
608.898
620.024
633.726
649.892
668.593
689.839
713.454
739.106
766.341
794.368
821.087
841.973
843.256
867.615
860.818
817.668
913.858
566.875
568.238
576.196
586.673
593.329
599.289
607.781
619.027
632.73
648.865
667.57
688.876
712.578
738.256
765.29
792.649
818.319
839.197
850.673
877.212
852.307
784.522
894.011
562.87
562.878
569.93
583.132
591.184
597.518
606.255
617.565
631.203
647.259
665.96
687.369
711.243
737.065
764.09
791.223
816.758
838.5
855.599
877.895
871.825
797.965
895.601
558.529
555.63
559.718
578.426
589.177
595.602
604.427
615.679
629.148
645.057
663.744
685.305
709.455
735.567
762.797
790.041
815.867
838.751
858.297
877.038
879.499
864.944
922.226
555.335
546.988
545.202
572.218
587.397
593.472
602.242
613.324
626.523
642.215
660.874
682.651
707.209
733.784
761.449
789.105
815.533
839.596
860.907
879.877
890.771
899.846
951.133
556.989
540.212
534.239
567.698
585.17
590.885
599.572
610.416
623.246
638.653
657.278
679.354
704.487
731.724
760.065
788.396
815.66
840.951
863.847
884.271
900.867
920.834
966.254
567.257
539.418
532.881
564.013
580.389
587.44
596.291
606.865
619.232
634.288
652.884
675.311
701.246
729.373
758.653
787.897
816.184
842.764
867.206
889.406
909.261
931.689
965.334
435.082
438.336
480.194
669.936
994.341
693.286
407.971
876.091
284.383
169.717
154.579
157.161
165.697
196.716
203.78
223.07
292.706
773.298
716.367
411.968
413.911
420.248
607.222
910.756
507.58
-186.444
367.205
158.181
151.506
157.006
154.086
151.592
153.597
156.236
159.682
163.414
438.99
726.341
410.816
413.851
414.085
480.239
751.069
312.837
4.66003
154.756
149.851
142.016
139.525
141.249
146.881
152.22
156.011
159.465
158.008
191.397
832.339
412.14
413.876
414.117
572.126
581.419
259.067
125.076
145.61
143.497
139.9
138.072
140.477
146.484
151.747
155.498
159.244
156.506
158.342
772.575
413.904
413.924
476.659
607.702
463.962
173.048
142.268
141.566
139.38
137.861
135.538
138.469
145.098
150.508
153.67
158.066
155.274
148.418
687.682
414.405
414.15
688.484
623.865
484.27
157.09
143.497
140.575
137.423
136.014
133.419
136.463
143.858
149.674
152.397
156.614
153.641
149.61
492.184
414.521
697.472
702.379
618.994
304.313
149.981
142.912
140.267
136.979
134.06
131.16
134.577
142.48
148.723
151.144
155.37
151.983
150.521
419.556
482.592
792.019
722.886
601.683
151.928
145.344
142.049
140.096
136.449
132.596
129.581
133.447
141.262
147.708
150.061
152.307
150.127
150.538
358.401
589.144
531.863
292.074
443.08
569.35
581.12
591.188
601.565
613.302
627.844
645.53
668.98
696.362
725.958
756.822
787.509
817.317
845.667
872.051
896.517
919.038
938.909
922.954
39.7523
2.03916
11.1836
2.29821
2.19783
16.7016
40.7197
69.8351
113.686
193.316
329.674
527.73
685.482
719.045
753.859
787.674
820.258
852.076
881.435
909.29
935.518
960.961
984.057
2.09082
2.07827
2.0677
2.06876
1.96104
1.86084
1.86375
1.92876
2.07359
2.09511
2.15275
2.16125
2.23141
57.305
326.373
750.775
824.282
859.906
891.941
922.931
952.075
980.706
1010.05
2.06825
2.05348
2.03742
2.02226
1.98182
1.93948
1.93277
1.9615
2.00948
2.14985
2.10091
2.15122
2.1784
2.21867
2.26885
2.24051
38.9675
279.739
758.291
934.886
965.331
995.945
1029.33
2.02734
2.01896
2.00487
1.99039
1.97123
1.95562
1.95534
1.97365
2.00401
2.04111
2.07795
2.11291
2.14812
2.18445
2.22745
2.25841
2.26541
2.34084
2.38212
2.53185
137.362
597.156
974.172
1.98775
1.98144
1.97327
1.9645
1.95646
1.95213
1.95684
1.97237
1.99653
2.02734
2.06086
2.09439
2.13144
2.16546
2.20278
2.23871
2.28786
2.33476
2.38768
2.4345
2.46091
2.57591
2.59789
1.95088
1.94665
1.9424
1.93877
1.93683
1.9387
1.94667
1.9618
1.98347
2.01053
2.04122
2.07388
2.10845
2.14502
2.1837
2.22483
2.2729
2.32284
2.37961
2.43396
2.48628
2.56076
2.60353
1.91398
1.91194
1.91077
1.91088
1.9131
1.91871
1.92892
1.94444
1.96513
1.99039
2.01934
2.05119
2.08569
2.12288
2.16304
2.20666
2.25488
2.30731
2.36433
2.42451
2.48163
2.53651
2.62012
1.87532
1.87608
1.87774
1.88072
1.88581
1.89386
1.90567
1.92171
1.94205
1.96644
1.99447
2.02577
2.06018
2.09777
2.13876
2.18353
2.23246
2.28554
2.34246
2.40172
2.45045
2.50219
2.51956
1.83308
1.83904
1.84332
1.84843
1.85546
1.86514
1.87804
1.89454
1.91479
1.93873
1.96623
1.99714
2.03142
2.06914
2.11048
2.15564
2.20469
2.25731
2.3123
2.36604
2.41118
2.86573
2.56881
1.79459
1.80233
1.80785
1.81421
1.82243
1.83311
1.8467
1.86351
1.88371
1.90735
1.93445
1.965
1.99904
2.03667
2.07802
2.12319
2.17204
2.22393
2.27705
2.32627
2.36513
3.09627
3.35064
1.76141
1.76595
1.77128
1.7781
1.78692
1.79813
1.81207
1.82899
1.84906
1.87239
1.89908
1.92921
1.96287
2.00019
2.04132
2.0863
2.13499
2.18676
2.24008
2.29141
2.3371
2.37491
2.39437
1.72566
1.72834
1.7331
1.73997
1.74899
1.76039
1.7744
1.79122
1.81103
1.83396
1.86014
1.88971
1.9228
1.95958
2.00025
2.04489
2.09348
2.1457
2.20076
2.25715
2.31358
2.36932
2.41776
1.68594
1.68829
1.69287
1.69965
1.70864
1.71999
1.73385
1.7504
1.76978
1.79215
1.81766
1.84647
1.87875
1.91473
1.95463
1.99865
2.04695
2.09957
2.15637
2.21705
2.2817
2.35043
2.42224
1.64399
1.64605
1.65044
1.65707
1.6659
1.67702
1.69056
1.70665
1.72545
1.74709
1.77172
1.79953
1.83072
1.86554
1.90427
1.9472
1.99467
2.04703
2.10461
2.16776
2.23718
2.3138
2.39927
1.59972
1.6015
1.60581
1.61224
1.6208
1.63157
1.64464
1.66014
1.67817
1.69889
1.72243
1.74898
1.77876
1.81201
1.84906
1.89026
1.93605
1.98711
2.04396
2.10743
2.17869
2.25934
2.3522
1.55299
1.55493
1.55906
1.56522
1.57343
1.58375
1.59624
1.61099
1.62811
1.64772
1.66995
1.69497
1.72298
1.75423
1.78904
1.8278
1.87114
1.91929
1.97352
2.03486
2.10494
2.18619
2.28266
1.50427
1.50627
1.51024
1.51611
1.52392
1.53369
1.5455
1.55939
1.57545
1.59378
1.61449
1.63772
1.66364
1.69243
1.72438
1.75984
1.79927
1.84328
1.89279
1.94914
2.01438
2.0918
2.18722
1.45355
1.45565
1.45947
1.46503
1.47239
1.48157
1.4926
1.50553
1.52043
1.53734
1.55635
1.57756
1.60106
1.62699
1.65552
1.68689
1.72141
1.75954
1.802
1.84997
1.90554
1.97249
2.05824
1.40098
1.40321
1.40688
1.41213
1.41901
1.42754
1.43774
1.44964
1.46328
1.47867
1.49585
1.51485
1.53572
1.55846
1.58313
1.60975
1.6384
1.66918
1.70227
1.7382
1.77816
1.82498
1.88525
1.3468
1.34914
1.35265
1.35757
1.36395
1.37179
1.38112
1.39196
1.40428
1.41808
1.43335
1.45005
1.46813
1.48751
1.50804
1.52953
1.55169
1.57407
1.59604
1.61677
1.63517
1.65028
1.66126
1.29132
1.29361
1.29694
1.30152
1.30738
1.31453
1.32298
1.33272
1.34371
1.35591
1.36925
1.38363
1.39891
1.41489
1.43127
1.44757
1.46312
1.47685
1.4871
1.49124
1.48477
1.45984
1.39978
1.23467
1.23692
1.23991
1.24415
1.24949
1.25594
1.26351
1.27216
1.28183
1.29246
1.30393
1.31606
1.32866
1.3414
1.35383
1.36528
1.37469
1.38047
1.38005
1.36914
1.34006
1.27809
1.15256
1.17697
1.17899
1.18179
1.18562
1.19044
1.19622
1.20293
1.21053
1.21894
1.22806
1.23776
1.2478
1.25793
1.26775
1.27669
1.28394
1.28823
1.28766
1.27919
1.25775
1.21451
1.13292
0.980527
1.11827
1.12003
1.12263
1.12608
1.1304
1.13553
1.14142
1.14802
1.15525
1.16299
1.17107
1.17924
1.18721
1.19453
1.2006
1.20454
1.20507
1.20026
1.18716
1.16109
1.11438
1.03396
0.896922
1.05847
1.06014
1.06255
1.06566
1.0695
1.07403
1.07916
1.08484
1.09099
1.09748
1.10413
1.1107
1.11685
1.12216
1.12603
1.12764
1.12582
1.11889
1.10444
1.07895
1.03722
0.971603
0.871465
0.997694
0.999431
1.0017
1.0045
1.0079
1.01189
1.01629
1.02115
1.02634
1.03174
1.03717
1.04239
1.04709
1.05086
1.05318
1.05335
1.05042
1.0431
1.02974
1.00815
0.975637
0.929139
0.866181
0.936116
0.938066
0.940202
0.942722
0.945701
0.949109
0.952944
0.95708
0.961438
0.965898
0.970301
0.974434
0.978013
0.980685
0.982011
0.981451
0.978318
0.971754
0.960782
0.944384
0.921684
0.892438
0.858108
0.873973
0.876216
0.878192
0.88045
0.883054
0.886001
0.889255
0.892747
0.896383
0.900055
0.903617
0.906885
0.90962
0.911536
0.912292
0.911497
0.908703
0.903419
0.895203
0.883805
0.869407
0.853106
0.837697
0.811624
0.814036
0.815811
0.817798
0.820046
0.822557
0.8253
0.828219
0.83124
0.834254
0.837136
0.83973
0.841844
0.843254
0.843714
0.84296
0.840726
0.836789
0.831055
0.823681
0.81531
0.807431
0.802892
0.749406
0.751659
0.753164
0.754849
0.756745
0.758852
0.761141
0.763563
0.766051
0.768514
0.770848
0.772919
0.774576
0.775648
0.775963
0.775356
0.773684
0.770886
0.767044
0.762465
0.75786
0.754608
0.755042
0.687454
0.689145
0.69031
0.691661
0.693207
0.694936
0.69682
0.698812
0.700847
0.70285
0.704736
0.706394
0.7077
0.708535
0.708778
0.708318
0.707091
0.705112
0.702491
0.699545
0.696847
0.695394
0.696738
0.62561
0.62648
0.627263
0.628264
0.629465
0.630843
0.632364
0.633981
0.635634
0.637256
0.638775
0.640096
0.641125
0.641774
0.641952
0.641581
0.640621
0.639105
0.637134
0.634908
0.632768
0.631256
0.63113
0.563509
0.563606
0.56399
0.564652
0.565538
0.5666
0.567801
0.569093
0.570421
0.571724
0.572936
0.573978
0.574775
0.575259
0.575354
0.574993
0.574139
0.572801
0.571026
0.568883
0.566471
0.563928
0.561365
0.500859
0.500389
0.500445
0.500817
0.501432
0.502227
0.50315
0.504161
0.505211
0.506241
0.507192
0.507998
0.508591
0.508912
0.508898
0.50848
0.507602
0.506237
0.504361
0.501925
0.49883
0.494918
0.489908
0.437526
0.43676
0.436605
0.436759
0.437156
0.437726
0.438418
0.439191
0.44
0.440795
0.441521
0.44212
0.442531
0.442695
0.44255
0.442023
0.441038
0.439524
0.437393
0.434495
0.430582
0.4253
0.418147
0.373523
0.372709
0.372453
0.372467
0.372701
0.373095
0.373599
0.374174
0.374777
0.375365
0.375896
0.376314
0.376557
0.376565
0.376278
0.375616
0.374485
0.37278
0.370354
0.366975
0.362282
0.355775
0.346755
0.309022
0.308302
0.308019
0.307961
0.308085
0.308344
0.308699
0.309111
0.309538
0.309949
0.310306
0.310561
0.31065
0.310511
0.310087
0.309295
0.308022
0.306132
0.303444
0.299667
0.294373
0.286937
0.276454
0.244189
0.243618
0.243356
0.243271
0.243328
0.24349
0.243724
0.243999
0.244279
0.244537
0.244743
0.244851
0.244801
0.244538
0.244001
0.243104
0.241721
0.239699
0.236836
0.232833
0.227236
0.219364
0.208219
0.179144
0.178716
0.178514
0.178434
0.178453
0.178544
0.178682
0.178841
0.178994
0.179121
0.179194
0.17917
0.179001
0.178636
0.178016
0.177044
0.175598
0.173522
0.170608
0.166578
0.161007
0.153257
0.142468
0.113906
0.113629
0.113516
0.113463
0.113465
0.113505
0.113567
0.11363
0.113673
0.113684
0.113641
0.113503
0.11323
0.112779
0.112086
0.111068
0.109609
0.107556
0.104715
0.100834
0.0955472
0.0883075
0.0784275
0.0488809
0.0488291
0.0487811
0.0487364
0.0487121
0.0486982
0.048685
0.0486596
0.0486069
0.0485166
0.0483727
0.048143
0.0477933
0.0472835
0.046558
0.0455462
0.0441491
0.0422289
0.0396058
0.0360473
0.0312355
0.0247186
0.0158974
862.68
893.124
888.431
857.903
987.192
991.395
993.462
992.135
1026.7
1038.33
1047.45
1051.97
1051.2
1068.64
1085.19
1098.22
1052.32
1087.16
1111.87
1137.02
2.86763
112.085
452.766
1115.97
2.64208
2.70967
2.75092
2.98854
2.68313
2.74347
2.78029
2.85392
2.53086
2.60806
2.66263
2.68868
2.41188
2.39712
2.43847
2.52261
3.33192
2.46803
2.37822
2.44361
3.25152
3.44315
3.4619
3.3438
2.44037
2.46041
2.53015
2.59764
2.46931
2.51101
2.56121
2.61874
2.4575
2.50732
2.56248
2.62195
2.41648
2.4713
2.53091
2.59445
2.3512
2.41037
2.47515
2.54466
2.25796
2.32083
2.3916
2.46941
2.12586
2.18891
2.26395
2.35058
1.93648
1.98783
2.05526
2.13899
1.66966
1.67962
1.69912
1.71883
1.33172
1.25199
1.14049
0.876285
1.00979
0.838122
0.572467
0.0887251
0.818525
0.634721
0.369326
-0.0426919
0.765477
0.629354
0.452057
0.216491
0.786069
0.705873
0.611468
0.501881
0.819088
0.779561
0.739025
0.699997
0.836638
0.82142
0.809329
0.802341
0.831206
0.82901
0.830725
0.837626
0.803983
0.80779
0.815217
0.827155
0.758812
0.764216
0.77251
0.784326
0.700017
0.704229
0.710335
0.718705
0.632198
0.633759
0.636092
0.639288
0.559766
0.558458
0.556968
0.555137
0.48602
0.482465
0.478228
0.473059
0.412472
0.407296
0.401224
0.394024
0.339536
0.332894
0.325016
0.315492
0.267954
0.259995
0.250501
0.239067
0.19911
0.190492
0.180212
0.167952
0.133851
0.125878
0.116667
0.106212
0.0707375
0.0638028
0.0559589
0.0472313
0.0090391
0.00280085
-0.00439153
-0.0126916
865.888
835.187
755.227
313.264
157.546
143.865
141.735
139.985
136.477
131.394
129.013
132.689
141.054
146.553
149.561
148.79
148.484
149.84
519.261
971.296
912.244
736.949
155.587
151.113
145.385
143.21
140.706
137.416
133.294
132.096
136.386
142.842
145.655
150.703
145.351
147.006
149.354
704.156
1039.84
976.407
166.725
155.445
156.079
146.874
145.035
142.249
138.829
135.693
136.085
140.629
142.977
147.814
148.867
146.672
146.571
149.169
866.92
1102.62
482.74
154.884
154.448
160.898
150.247
146.791
144.177
140.233
136.036
136.269
141.916
143.962
157.379
149.732
148.976
148.25
193.757
1014.87
1169.88
179.636
155.216
155.054
156.733
163.879
165.193
154.134
140.419
136.796
139.097
143.554
146.256
161.899
150.253
149.582
148.589
278.697
1156.87
1240.84
290.49
155.539
155.608
156.586
160.867
182.493
193.807
134.056
133.804
143.968
148.6
157.285
163.925
150.569
149.77
148.994
784.359
1301.37
1249.07
870.728
155.348
164.253
162.098
154.555
1269.55
1353.92
1237.61
137.254
146.648
151.68
156.368
164.498
150.902
150.273
395.195
1486.9
1667.83
11.4442
1408.51
157.054
152.489
163.448
872.849
1424.17
1440.97
1474.89
940.964
151.377
155.702
152.213
166.25
151.387
168.99
1578.12
1804.71
2026.24
2.88343
3.95896
1341.14
858.653
652.071
1519.49
1299.83
874.5
1523.18
1619.48
154.312
152.4
152.269
162.076
152.903
1156.34
1757.07
2067.61
2283.15
2.81421
2.98778
3.11537
232.842
493.199
116.805
4.42495
4.19965
78.7086
1662.9
601.907
152.242
152.509
153.298
153.777
192.41
1912.23
2259.64
2426.28
2.68432
2.96282
3.52137
3.49277
4.91295
3.84782
4.06809
4.05065
4.03608
65.1709
1570.01
311.799
152.495
153.753
154.303
410.736
1586.76
1943.76
2431.13
3.54886
3.978
3.33825
3.37639
4.29076
3.81888
3.89418
3.94896
3.86959
3.64203
18.969
1378.23
1123.1
207.818
1199.3
1472.54
395.216
2038.75
2388.02
2.80437
3.01482
3.21384
3.30995
3.39989
3.56191
3.71148
3.77132
3.73122
3.58032
3.14992
1.84324
392.195
1352.22
559.886
353.527
345.754
2241.22
2359.31
2.76525
2.96889
3.13774
3.25988
3.36729
3.47847
3.56651
3.60141
3.56078
3.40928
3.13754
2.02971
-4.68329
249.209
1569.18
1756.33
1552.99
2349.93
2391.78
2.76002
2.93616
3.09497
3.2242
3.32754
3.4073
3.45729
3.46644
3.41368
3.27564
3.05325
2.54026
1.72598
5.5764
7.93416
2182.02
1429.35
2496.03
2548.39
2.73585
2.91196
3.07497
3.20798
3.30301
3.35864
3.37893
3.36566
3.30739
3.18841
2.97749
2.45818
2.37571
4.43982
7.49494
2213.9
1787.03
2623.63
2689.78
2.70016
2.89519
3.07607
3.21896
3.30574
3.33477
3.32177
3.28327
3.22359
3.14544
3.10459
3.17946
3.34556
330.952
1007.75
2517.77
1895.56
2768.68
2787.77
2.65085
2.88583
3.10066
3.26605
3.34511
3.33281
3.26808
3.18847
3.11456
3.06377
3.13154
3.50555
573.248
2582.99
2585.65
2630.9
2751.17
2877.84
2900.7
2.57536
2.88335
3.14558
3.35757
3.42951
3.33734
3.18473
3.0341
2.90661
2.80992
2.875
4.31302
1813.25
2712.51
2741.06
2783.62
2871.22
1750.91
1665.96
2.41376
2.89319
3.18489
3.48273
3.55507
3.29611
3.01134
2.76381
2.51773
2.17892
2.08614
75.5609
-0.965605
-1.75208
2473.07
2863.23
1227.29
1452.79
2284.47
1.92845
2.92785
3.14669
11.4202
4.26597
3.01886
2.65015
2.34712
1.95542
1.16731
2.96761
1.24931
-1.26184
-1.25792
-0.840967
0.0368817
38.2084
700.61
2305.87
3.5486
30.553
26.0276
24.5919
24.9386
2.16677
2.00493
1.84149
1.45955
0.672291
0.607258
2.08778
-1.22954
-0.676356
0.486925
1.06038
1.08082
76.578
1195.87
13.4817
30.4101
2.3632
1.69048
23.7542
7.59374
1.22036
1.40816
1.17904
0.621941
-0.320489
1.83347
2.161
-1.30561
-1.10486
0.321066
0.770697
1344.01
1141.7
3.302
15.7949
42.4018
1.18221
3.81786
6.35105
0.942383
1.25953
1.12778
0.732432
0.155246
1.56216
11.8242
-0.932682
-1.36941
-0.406226
1.4636
1.2219
991.777
-0.346056
2.83638
43.0695
31.4205
0.956499
0.979136
1.42587
1.44026
1.25385
0.90928
0.445306
-0.141169
12.4884
-1.01795
-1.55431
-0.275957
0.485132
0.939238
0.781226
0.235902
0.0581975
0.36919
37.4356
11.5025
2.15399
1.98076
1.72486
1.44863
1.12312
0.755626
0.2756
-0.384756
10.4757
-0.851454
0.343001
0.793363
1.00359
1036.52
0.64124
0.644253
0.828692
1.1837
22.9897
3.06744
2.20255
1.91725
1.60416
1.31131
1.05656
0.842642
0.618236
0.551261
0.817509
1.20823
1.26436
83.9008
1655.01
0.811277
0.885367
1.06091
1.31792
1.56068
13.5883
2.52613
2.00776
1.67054
1.43156
1.28646
1.24154
1.30607
1.48147
1.69048
1.80765
3.27819
141.314
1707
0.871155
0.959381
1.11355
1.31425
1.48544
1.60803
12.8197
3.22448
1.59826
1.46425
1.4237
1.47822
1.61793
1.81262
1.98366
2.07327
4.20142
714.272
1765.51
0.867202
0.952894
1.08891
1.26808
1.40798
7.69023
5.67116
12.4715
1.36295
1.39033
1.47577
1.60237
1.76817
1.93116
2.13198
2.55363
98.4548
3.64015
1817.72
0.820528
0.894054
1.01602
1.22248
1.52718
10.4774
12.2961
12.3761
1.18094
1.2213
1.45208
1.64494
1.82767
1.96629
3.85979
2.09195
35.1188
3.44092
1141.56
0.743273
0.791361
0.871082
1.03019
54.2281
5.04882
4.51227
11.7379
4.72027
0.973898
1.36383
1.63575
1.85064
2.85965
4.02522
2.43381
2.04472
4.04194
3.83876
0.647839
0.660204
0.656909
0.624368
109.611
70.9199
-0.0230061
0.0172635
8.31685
0.766047
1.24632
1.60058
1.87288
2.67871
3.40464
2.49163
2.47191
3.67167
302.674
0.548784
0.527986
0.983104
7.00096
4.79591
112.079
6.49274
0.221462
7.89594
0.692848
1.13842
1.5471
1.87832
2.22059
2.52637
2.70775
6.07864
3.8827
310.43
0.458
0.419763
0.361254
8.9856
3.15018
85.5033
113.808
0.438806
8.10875
0.692176
1.03483
1.45585
1.81014
2.19943
2.82455
3.74311
4.08384
3.95345
316.796
0.375618
0.343441
0.309427
8.83328
0.34301
-0.207056
78.4612
0.479623
1.64895
8.47278
0.908473
1.29763
1.61038
1.89908
2.47909
161.841
157.693
9.42641
327.931
0.28933
0.240405
0.533257
-0.00792324
-0.0604898
-0.0892647
-0.415037
1.62072
-0.00600107
8.47831
0.724752
1.05963
1.26172
1.36457
163.224
149.932
-0.697773
23.0803
311.46
0.207568
0.788773
0.116321
-0.0274312
-0.182391
-0.318027
-0.587042
0.364715
-0.182973
8.38543
0.54472
0.756181
0.856588
88.5286
51.3679
-0.870959
-0.941475
-0.938843
283.663
0.136966
0.668352
-0.0100777
-0.0818777
-0.213144
-0.38476
-0.650361
-0.573644
-0.291874
8.24768
0.279418
0.370191
2.10366
111.539
1.28232
-0.711733
-0.794391
-0.792085
549.947
0.0822984
0.0357815
-0.01731
-0.106678
-0.221888
-0.351718
-0.580403
0.0541197
-0.327126
8.21932
-0.0753314
-0.11149
54.2625
1.4024
0.647715
-0.616584
-0.801405
-0.86759
547.275
0.0275261
0.000492409
-0.0593964
-0.142662
-0.231188
-0.314417
-0.428799
0.231557
-0.286273
0.296821
-0.460097
-1.00228
145.11
-0.0400315
-0.348883
-0.565162
-0.772427
-0.941718
629.206
-0.0332784
-0.0680533
-0.125872
-0.199029
-0.261522
-0.284576
-0.240024
-0.122902
-0.0555153
2.79834
-0.703794
4.44937
75.5066
-0.171033
-0.405533
-0.507547
-0.58895
-0.417712
332.497
572.742
570.762
576.815
586.191
593.249
598.189
604.806
614.434
626.856
641.79
659.219
679.193
701.635
726.304
752.892
781.07
809.785
833.377
842.417
855.105
860.093
847.864
895.927
571.892
568.373
573.877
583.644
591.602
596.957
603.856
613.664
626.139
641.062
658.479
678.476
700.973
725.68
752.142
779.668
806.848
830.828
846.543
854.919
881.874
800.066
849.521
569.273
564.477
568.742
579.389
589.184
595.136
602.391
612.394
624.898
639.769
657.154
677.192
699.801
724.627
751.099
778.376
805.047
828.753
846.939
863.055
889.664
795.731
829.747
565.996
559.557
561.16
573.011
586.624
593.163
600.643
610.738
623.174
637.916
655.232
675.329
698.122
723.179
749.818
777.106
803.723
827.901
848.181
866.305
883.333
832.986
868.696
563.254
553.779
549.778
562.586
584.087
591.207
598.658
608.705
620.958
635.477
652.683
672.86
695.925
721.353
748.346
775.915
802.844
827.76
849.669
869.073
884.648
878.781
905.889
563.096
548.895
537.518
551.347
581.725
589.06
596.29
606.206
618.18
632.394
649.445
669.73
693.183
719.149
746.705
774.813
802.347
828.192
851.58
872.482
890.026
900.893
933.211
567.718
548.963
531.348
547.292
578.705
585.89
593.365
603.148
614.765
628.575
645.43
665.845
689.852
716.558
744.906
773.804
802.184
829.106
853.927
876.439
896.303
914.306
945.909
577.858
557.592
527.748
533.382
572.03
581.014
589.807
599.554
610.696
623.96
640.567
661.143
685.928
713.568
742.938
772.868
802.324
830.442
856.699
880.853
902.842
923.664
950.493
441.744
413.013
414.402
529.297
892.567
848.009
357.259
766.957
341.69
161.429
156.468
166.697
167.965
177.85
176.899
185.882
194.833
408.267
675.245
418.04
412.575
414.372
416.854
792.387
666.191
58.8278
144.457
161.494
146.794
140.572
139.674
143.827
149.801
154.268
158.042
159.708
167.885
580.511
413.887
412.621
414.331
415.651
673.407
466.992
152.776
127.207
148.431
143.067
139.813
139.332
143.749
149.695
154.038
157.95
159.252
154.679
293.578
414.278
413.364
414.229
566.156
605.617
281.215
157.562
140.681
142.387
139.525
137.629
137.372
142.446
148.602
152.823
156.948
158.34
151.812
203.275
414.604
413.972
414.588
643.192
610.591
211.55
148.561
141.604
139.568
137.373
135.327
135.173
140.899
147.648
151.793
155.068
156.995
151.745
169.651
414.606
414.176
709.779
658.242
593.591
177.464
146.269
141.298
138.977
135.922
133.464
132.879
139.208
146.605
150.815
153.804
155.541
150.64
146.954
414.603
603.608
747.536
670.23
418.148
145.546
144.231
140.774
138.822
134.925
131.576
130.97
137.62
145.56
149.74
152.549
153.129
149.659
151.043
414.617
833.257
774.685
680.341
171.089
140.742
142.842
140.474
138.822
134.075
129.844
130.084
136.645
144.719
148.565
150.7
149.801
148.715
151.373
594.565
355.673
46.0289
92.5373
271.609
330.022
399.539
467.662
522.35
571.483
618.014
649.106
677.51
707.301
739.041
771.275
803.245
833.887
862.809
889.899
915.185
938.405
957.159
132.851
2.06762
2.20924
2.05707
2.05903
1.95886
1.86346
1.8921
1.97461
2.06437
2.14682
19.3238
139.711
392.335
724.527
770.098
805.264
839.448
871.284
901.864
930.128
957.542
983.452
2.11571
2.09966
2.02456
2.05902
2.02031
1.95624
1.90266
1.9236
2.00279
2.12849
2.09425
2.13035
2.18168
2.2436
2.26216
52.6294
273.467
798.032
880.6
913.185
943.943
974.281
1005.63
2.07039
2.04642
2.02346
2.01633
1.99281
1.96296
1.9458
1.95609
1.98704
2.0248
2.0671
2.10303
2.14064
2.18538
2.22097
2.25365
2.31489
2.28551
63.6279
251.583
700.867
974.495
1018.73
2.0301
2.00406
1.99342
1.98483
1.97117
1.95897
1.95471
1.96441
1.98668
2.01689
2.05225
2.08679
2.12384
2.1588
2.19105
2.22613
2.262
2.28494
2.36373
2.41947
2.44824
2.47293
79.9609
1.99016
1.96681
1.96099
1.95519
1.94931
1.94607
1.94856
1.95941
1.97854
2.00459
2.03491
2.06766
2.10151
2.13707
2.17379
2.21211
2.25269
2.29664
2.35469
2.40737
2.46374
2.50621
2.57005
1.95301
1.93103
1.92803
1.9258
1.92495
1.92685
1.93325
1.94546
1.96371
1.98741
2.01538
2.04644
2.07982
2.11552
2.15367
2.1946
2.23901
2.28896
2.34287
2.40039
2.46047
2.51865
2.58175
1.91567
1.89458
1.89423
1.89506
1.89764
1.90288
1.9118
1.92519
1.94334
1.96602
1.99267
2.02271
2.05573
2.09165
2.13063
2.17304
2.21943
2.27029
2.32542
2.38441
2.44295
2.49275
2.53763
1.87589
1.85606
1.85912
1.86256
1.86761
1.87507
1.88568
1.9
1.91828
1.94052
1.96649
1.99592
2.02865
2.06465
2.10407
2.14716
2.19419
2.24524
2.29985
2.35697
2.40907
2.47228
2.49396
1.83376
1.81771
1.82319
1.82844
1.83513
1.84404
1.85575
1.8707
1.88915
1.91116
1.93671
1.96573
1.99818
2.0341
2.07362
2.11689
2.164
2.21471
2.26806
2.32168
2.36615
2.61118
3.33959
1.79501
1.78108
1.78686
1.79286
1.80041
1.81015
1.82251
1.83782
1.85632
1.87814
1.90334
1.93196
1.96406
1.99973
2.0391
2.08228
2.12924
2.17962
2.23227
2.28461
2.32926
2.36539
2.78965
1.7608
1.7446
1.74965
1.75562
1.7635
1.77361
1.78625
1.80168
1.82008
1.84162
1.86641
1.89456
1.92618
1.9614
2.00039
2.04327
2.09004
2.14044
2.19366
2.24811
2.30045
2.35058
2.3926
1.72418
1.7063
1.7106
1.71641
1.72432
1.73451
1.74717
1.76248
1.78062
1.80174
1.826
1.85352
1.88446
1.91901
1.95736
1.99969
2.04613
2.09665
2.15096
2.20844
2.2683
2.3304
2.39311
1.68511
1.66556
1.66937
1.67502
1.68282
1.69289
1.70536
1.72037
1.73808
1.75863
1.78218
1.80887
1.83891
1.87248
1.90986
1.95129
1.99701
2.04728
2.10225
2.16199
2.22669
2.297
2.37325
1.64331
1.62249
1.62592
1.6314
1.63901
1.64883
1.66095
1.67551
1.69262
1.71241
1.73505
1.7607
1.78954
1.82181
1.85779
1.8978
1.9422
1.99145
2.04602
2.10644
2.17345
2.24815
2.33207
1.59909
1.57717
1.58032
1.58559
1.59293
1.60239
1.61406
1.62801
1.64437
1.66324
1.68477
1.70911
1.73646
1.76705
1.80115
1.83914
1.88138
1.92853
1.98129
2.04042
2.10712
2.18307
2.27077
1.55255
1.52961
1.53263
1.53766
1.54468
1.55371
1.5648
1.57804
1.5935
1.61128
1.6315
1.65431
1.67987
1.70837
1.74009
1.77538
1.81466
1.85847
1.90757
1.96307
2.0265
2.10015
2.1877
1.50387
1.47996
1.48292
1.48772
1.49437
1.5029
1.51334
1.52577
1.54021
1.55676
1.57551
1.59656
1.62003
1.64608
1.67491
1.70677
1.74202
1.78112
1.82477
1.87402
1.93052
1.99708
2.07855
1.45317
1.42839
1.43132
1.43588
1.44215
1.45013
1.45987
1.47138
1.48473
1.49994
1.51707
1.53618
1.55734
1.58061
1.60611
1.63394
1.66428
1.69739
1.73364
1.7737
1.81888
1.87168
1.9372
1.40061
1.37508
1.37799
1.38231
1.38817
1.39558
1.40455
1.41512
1.4273
1.44109
1.45651
1.47355
1.49222
1.51251
1.53436
1.55773
1.58251
1.60859
1.6358
1.66396
1.69313
1.72395
1.75878
1.3464
1.32027
1.32311
1.32717
1.33261
1.33941
1.34761
1.3572
1.36817
1.38051
1.39417
1.4091
1.42522
1.44241
1.4605
1.47921
1.49814
1.51669
1.53392
1.54845
1.55813
1.55961
1.54747
1.29089
1.26429
1.26682
1.27062
1.27564
1.28184
1.28924
1.29785
1.30761
1.31849
1.33041
1.34324
1.35685
1.37101
1.38541
1.39959
1.41282
1.42402
1.4315
1.43252
1.42241
1.39275
1.32714
1.2343
1.20701
1.20938
1.21287
1.21742
1.22302
1.22965
1.23729
1.24587
1.25533
1.26557
1.27641
1.28764
1.29897
1.30998
1.32003
1.32818
1.33299
1.3322
1.32211
1.29632
1.24302
1.13825
1.17673
1.14864
1.15087
1.15403
1.15813
1.16315
1.16903
1.17573
1.18319
1.19132
1.19998
1.20899
1.21807
1.22689
1.23495
1.24153
1.24558
1.24551
1.23889
1.22183
1.18784
1.12562
1.01425
1.11805
1.08934
1.09136
1.09423
1.09791
1.10237
1.10754
1.11337
1.11978
1.12669
1.13393
1.1413
1.14852
1.15522
1.16088
1.16478
1.16588
1.16269
1.15297
1.13338
1.09872
1.04076
0.946337
1.05836
1.02916
1.031
1.03361
1.0369
1.04083
1.04534
1.05037
1.05584
1.06165
1.06764
1.07361
1.07928
1.08427
1.0881
1.09012
1.08941
1.08472
1.0743
1.05574
1.02569
0.979657
0.911906
0.997757
0.968216
0.969911
0.972285
0.975209
0.978631
0.982545
0.986869
0.991506
0.99636
1.00128
1.00609
1.0105
1.01419
1.01673
1.01756
1.01598
1.01105
1.00157
0.986122
0.963055
0.930718
0.88814
0.936381
0.906607
0.908219
0.910395
0.912985
0.915968
0.919331
0.923011
0.926917
0.930949
0.934975
0.938822
0.942258
0.944994
0.946674
0.946873
0.945085
0.940688
0.932997
0.921356
0.905304
0.884914
0.861485
0.874428
0.844495
0.846089
0.848066
0.85034
0.852916
0.855781
0.858883
0.862158
0.86549
0.868775
0.871856
0.874539
0.876593
0.877741
0.877675
0.876059
0.872537
0.866801
0.858705
0.848435
0.836861
0.82604
0.812196
0.782109
0.783679
0.785409
0.787362
0.789552
0.791966
0.794558
0.797271
0.800021
0.802697
0.805172
0.807287
0.80886
0.809685
0.809556
0.808264
0.805636
0.801605
0.796285
0.790135
0.784197
0.780483
0.749976
0.719666
0.721074
0.722497
0.724118
0.725937
0.72794
0.730087
0.732323
0.734571
0.736744
0.738737
0.740416
0.741643
0.742269
0.742155
0.741184
0.739283
0.736516
0.733073
0.729424
0.726475
0.725794
0.687906
0.657258
0.658304
0.659375
0.660651
0.662114
0.663742
0.665497
0.667323
0.669151
0.670911
0.672513
0.673846
0.674809
0.675296
0.675208
0.674471
0.673072
0.671081
0.66868
0.666218
0.664302
0.663888
0.625888
0.594801
0.595341
0.596042
0.59698
0.598112
0.599401
0.60081
0.602285
0.603763
0.60518
0.606458
0.60751
0.608256
0.608619
0.608519
0.607897
0.606747
0.605124
0.603129
0.600932
0.598808
0.597133
0.563662
0.532059
0.532114
0.532475
0.533109
0.533949
0.534944
0.536052
0.537223
0.538403
0.539531
0.540538
0.541352
0.541906
0.542139
0.541978
0.541363
0.540271
0.538704
0.536677
0.534189
0.531228
0.527735
0.500948
0.468815
0.468558
0.468654
0.46904
0.469636
0.47038
0.47123
0.472142
0.473066
0.473946
0.47472
0.475327
0.475705
0.475796
0.475532
0.474844
0.473672
0.471971
0.469664
0.466613
0.462599
0.457297
0.437588
0.405045
0.404645
0.404569
0.40477
0.405171
0.40571
0.406346
0.407038
0.407739
0.408402
0.408975
0.409398
0.40961
0.409553
0.40916
0.408346
0.407026
0.405102
0.402421
0.398737
0.393682
0.386745
0.373604
0.340816
0.340386
0.340225
0.340304
0.340558
0.340936
0.341398
0.341904
0.342412
0.342887
0.343282
0.34354
0.343595
0.34339
0.34286
0.341907
0.340421
0.338264
0.335226
0.330976
0.325037
0.316734
0.30912
0.27624
0.275841
0.275652
0.275662
0.275813
0.276065
0.276386
0.276737
0.277081
0.277391
0.277627
0.277733
0.277647
0.27731
0.276658
0.275583
0.273952
0.271605
0.268297
0.263663
0.257155
0.247967
0.244286
0.21141
0.211077
0.210897
0.210875
0.210958
0.211115
0.211318
0.211536
0.211741
0.21191
0.212005
0.211976
0.21177
0.21133
0.210586
0.209425
0.207708
0.205259
0.201831
0.19707
0.190424
0.181088
0.179237
0.146378
0.146129
0.145983
0.145955
0.145994
0.146076
0.146183
0.146287
0.146369
0.146413
0.146383
0.146233
0.145922
0.145395
0.144578
0.143362
0.141614
0.139156
0.135754
0.131093
0.124682
0.115828
0.114033
0.0812199
0.0810829
0.0810029
0.0809849
0.0809975
0.0810245
0.081055
0.0810696
0.081052
0.0809939
0.0808649
0.0806248
0.0802385
0.0796554
0.0788068
0.0776025
0.0759168
0.0735823
0.0703873
0.0660539
0.0601635
0.0521391
0.0489568
0.0164583
0.0163684
0.0163072
0.0162591
0.0162121
0.0161562
0.0160838
0.0159855
0.0158503
0.015666
0.0154091
0.0150538
0.0145659
0.0138977
0.0129916
0.0117696
0.0101259
0.00791314
0.00493239
0.000924611
-0.00445242
-0.0116689
960.998
958.315
947.255
940.732
1003.17
1011.89
1018.58
1021.37
1033.6
1048.93
1062.89
1073.75
1047
1066.27
1087.07
1107.33
339.859
746.266
961.888
1131.59
2.6522
2.67559
2.70875
169.085
2.6597
2.70597
2.76713
2.8584
2.61035
2.65847
2.7152
2.76231
2.47169
2.46871
2.50498
2.5632
3.11365
2.39545
2.35938
2.41558
3.37568
3.38355
2.60003
2.87198
2.4093
2.75669
3.51365
3.46273
2.44561
2.47617
2.51523
2.56546
2.44619
2.49008
2.53946
2.5952
2.4154
2.46576
2.52068
2.58027
2.36022
2.41485
2.47436
2.53871
2.28031
2.33839
2.40284
2.47361
2.1691
2.22849
2.29696
2.3752
2.01408
2.06797
2.13421
2.21575
1.79906
1.83011
1.87248
1.93234
1.51769
1.49342
1.46055
1.42144
1.20788
1.10084
0.936334
0.669786
0.968115
0.810537
0.579979
0.219861
0.842726
0.702061
0.510799
0.245041
0.816751
0.720673
0.60174
0.454697
0.829924
0.775362
0.714702
0.648575
0.843591
0.817631
0.792703
0.770536
0.841634
0.832633
0.826726
0.825277
0.820501
0.820415
0.823695
0.831314
0.781875
0.785534
0.792131
0.802387
0.729058
0.733101
0.739319
0.748202
0.665881
0.668289
0.671909
0.676983
0.596376
0.596326
0.596538
0.596996
0.524065
0.521703
0.518946
0.515585
0.45117
0.447068
0.442292
0.436623
0.378551
0.373053
0.366653
0.35906
0.306752
0.299983
0.291992
0.282388
0.236771
0.22906
0.219854
0.208815
0.169798
0.16205
0.152877
0.142077
0.105428
0.0985117
0.0905808
0.081664
0.0428151
0.0366867
0.0296965
0.0217653
-0.0200255
-0.0255795
-0.0320502
-0.0396359
939.711
910.566
837.456
535.356
160.694
146.025
143.487
141.027
138.995
134.362
130.035
131.249
137.825
144.98
147.632
148.151
146.414
147.738
150.738
1018.91
980.988
890.691
156.981
159.364
149.016
145.476
142.788
139.811
136.407
133.947
136.421
141.184
144.158
151.332
146.977
144.798
147.479
151.268
1079.98
1050.64
252.3
154.881
154.639
149.66
146.777
144.669
141.508
137.6
134.751
139.403
142.486
143.596
154.503
148.812
147.522
147.544
584.666
1128.64
1113.03
155.165
154.871
154.758
160.536
154.64
147.565
142.868
138.309
136.371
140.224
144.306
154.955
152.14
149.861
148.945
148.552
1086.71
1183.29
1004.01
155.446
155.384
155.696
159.554
172.926
174.163
152.489
136.899
137.84
142.497
147.879
162.575
151.385
150.08
149.19
148.252
1072.47
1130.13
1259.13
155.725
155.494
156.156
157.438
269.374
763.887
867.07
203.744
140.592
148.847
152.987
166.707
151.941
150.34
149.568
249.215
1365.45
2.86414
1308.99
337.774
154.41
192.055
170.689
891.592
1377.03
1408.08
1268.71
146.855
151.66
152.377
167.371
152.29
151.076
327.955
1554.37
1771.63
2.81625
8.34889
1439.48
323.758
150.422
213.416
1505.87
1472.4
1497.36
1545.84
359.884
152.995
152.953
158.343
160.244
151.674
1529.19
1794.88
2074.69
2.6846
3.02779
3.19062
765.182
1387.11
1377.19
848.524
5.8525
230.767
1594.88
1286.48
152.56
152.235
152.736
153.701
153.7
1664.96
2021.57
2301.64
2.55282
2.86537
3.04233
3.42587
3.93135
4.07224
3.87148
4.1032
4.1208
54.9802
1646.93
335.62
152.076
153.057
153.871
154.076
574.498
2021.33
2383.85
2.67961
3.02352
4.03972
3.3748
4.25275
4.94787
3.85179
4.05419
4.00832
3.85954
26.133
1524.01
760.597
153.564
154.459
635.191
1367.68
908.442
2372.67
3.03601
3.64168
3.20141
3.30549
3.36948
3.49403
3.71045
3.85523
3.83936
3.71283
3.29215
3.35923
1184.13
1239.03
1477.82
1065.31
338.224
1028.44
2354.9
2.6449
2.86929
3.09162
3.23251
3.33191
3.45161
3.58274
3.66927
3.68244
3.66891
3.4799
3.13626
33.7042
566.837
877.777
1592.93
338.588
1027.81
2405.32
2.67913
2.85952
3.03674
3.18024
3.29474
3.39555
3.47842
3.52551
3.51597
3.42619
3.22501
2.85061
0.583321
8.34429
155.234
1561.67
1497.03
2419.55
2407.75
2.66586
2.8365
3.00582
3.15167
3.26683
3.35023
3.40152
3.41888
3.39233
3.30165
3.11553
2.76375
1.67975
3.24517
5.53914
544.147
2173.22
2467.87
2608.8
2.63075
2.81104
2.9908
3.14629
3.2611
3.32752
3.35018
3.33968
3.29944
3.21967
3.10199
2.96536
2.75948
3.38211
6.39611
1684.44
2119.88
2104.83
2743.91
2.57654
2.78366
2.99132
3.16853
3.28848
3.3337
3.31776
3.26945
3.20886
3.14396
3.1094
3.24235
3.60862
765.314
2300.46
2541.46
2532.62
2506.74
2872.78
2.4936
2.75133
3.00756
3.22308
3.36067
3.3705
3.28793
3.17679
3.0718
2.99367
2.97004
3.27215
85.273
2648.39
2652.16
2679.53
2759.14
2878.58
2518.45
2.34859
2.70249
3.03489
3.30001
3.49053
3.42486
3.22156
3.0128
2.82464
2.6628
2.43691
3.23647
276.718
706.175
2736.87
2821.81
2866.54
1443.37
1296.88
2.03623
2.57163
3.05924
3.32921
3.66387
3.41823
3.0236
2.71495
2.42187
2.03354
0.93966
34.5157
-0.986374
-1.29275
-1.69967
1125.36
521.43
1241.53
2289.88
1.21936
7.63987
4.03002
18.9209
25.3717
3.42651
2.48654
2.24143
1.92038
1.35674
-0.0266089
9.42336
-1.24349
-1.30504
-0.424259
0.0893458
0.848583
1.28879
1079.78
-0.114315
29.4818
31.0429
10.935
17.2056
23.1186
1.43989
1.65389
1.48241
1.00646
0.0641186
-1.00941
10.0172
-1.27184
-0.390032
0.780555
1.47783
1.27178
1332.4
-0.565242
29.5362
25.0998
1.68436
1.06337
22.3646
0.43324
1.22952
1.24793
0.930924
0.350515
-0.315636
12.0887
-1.30229
-0.600321
-0.836076
-0.0169159
53.999
1379.11
-0.282049
-0.760949
42.2977
40.9977
0.573561
11.8831
0.70102
1.28221
1.27872
1.01621
0.577221
0.0252734
12.181
-0.999352
-0.869738
-1.01541
0.0878449
0.605474
0.927339
0.209714
-0.270398
5.28273
43.1281
26.3273
1.68923
1.75017
1.66736
1.48257
1.19381
0.817579
0.342192
-0.344612
10.3562
2.35864
-0.713994
0.378165
0.756913
1.40494
0.558196
0.410426
0.48142
0.798219
34.3538
6.19934
2.25069
1.98171
1.68853
1.38001
1.06857
0.753171
0.332078
-0.00420524
-0.207452
0.470433
0.930754
0.95077
15.8216
0.749069
0.758147
0.868613
1.11576
1.43087
18.5419
2.39227
2.13194
1.80706
1.50756
1.27327
1.11318
1.03882
1.06425
1.23837
1.48168
1.55603
20.6644
85.9474
0.832243
0.884838
1.00818
1.21013
1.43523
1.57554
12.7312
3.08241
1.81444
1.54435
1.40042
1.3581
1.42013
1.57978
1.79187
1.94349
2.45611
45.9939
1246
0.849302
0.912948
1.02872
1.19759
1.38205
1.49299
1.90488
12.6685
2.21206
1.44866
1.44219
1.49699
1.62411
1.79946
1.96574
2.06345
2.56591
217.026
15.1962
0.822413
0.88343
0.987289
1.14565
1.35506
5.17538
11.8719
12.6192
4.30801
1.25972
1.39455
1.55026
1.71838
1.88682
1.99263
2.36726
8.55954
2.45171
39.8159
0.764617
0.812216
0.89376
1.04288
1.41391
3.13355
8.3667
12.0223
10.2974
1.01706
1.26415
1.53685
1.74698
1.92155
3.83562
3.72086
1.79827
2.804
8.14706
0.686099
0.710658
0.746011
0.790834
52.3333
107.982
0.323325
0.0350346
11.8884
0.776246
1.08284
1.47869
1.74607
1.96104
4.09996
3.63537
2.29093
2.53081
3.46016
0.597793
0.597027
0.587382
0.540226
7.2978
110.757
27.7203
-0.00186915
7.29647
1.91238
0.935046
1.40249
1.73216
2.03003
2.44635
2.51279
2.57907
5.91165
3.83206
0.509769
0.488737
0.40528
8.06801
3.97415
37.6181
112.916
0.751917
0.523679
7.77876
0.849102
1.31476
1.68206
2.04234
2.41707
2.86221
5.67082
4.58075
3.83201
0.42742
0.403321
0.381536
2.34117
8.86051
-0.0976405
99.7677
48.2163
0.488195
8.3701
0.77795
1.19882
1.55759
1.91048
2.24219
6.98969
38.1594
11.7704
113.946
0.346834
0.314488
0.257057
5.6066
-0.0886996
-0.0684928
-0.316072
8.81946
0.102431
8.31543
1.43052
1.02468
1.33002
1.54612
1.76775
163.067
163.195
144.202
155.047
0.266509
0.244533
0.314993
0.106048
-0.0899996
-0.0452152
-0.399008
-0.0604162
-0.180601
7.6258
0.931413
0.804561
1.01374
1.09807
112.172
117.708
-0.909832
-1.11108
13.0025
0.190562
0.802987
0.28675
0.00316379
-0.120566
-0.289094
-0.519455
-0.647425
-0.36542
0.0318248
7.56488
0.527475
0.635066
4.52194
34.3346
1.57929
-0.835262
-0.973743
15.4764
0.124681
0.13125
-0.00129903
-0.0453231
-0.152589
-0.29259
-0.528036
-0.624987
-0.42724
-0.235192
7.32641
0.135854
0.117915
145.644
22.7438
-0.613666
-0.746613
-0.90841
-0.724126
0.0685291
0.0428778
0.00445602
-0.0755089
-0.172137
-0.282117
-0.446399
-0.510656
-0.0776724
-0.352132
7.11512
-0.424697
5.11456
38.8685
-0.228654
-0.446048
-0.704866
-0.989635
-1.11813
0.00978398
-0.0164066
-0.0579943
-0.128065
-0.206197
-0.271521
-0.319276
-0.278213
0.301314
-0.437811
5.19815
-1.09536
79.1022
0.692569
-0.30561
-0.483242
-0.609251
-0.932523
1.37954
-0.0517652
-0.0822857
-0.13374
-0.205913
-0.273507
-0.308507
-0.272836
-0.104573
0.110552
-0.0427227
-0.383008
-1.31935
29.0309
-0.925773
-0.549799
-0.484865
-0.486314
-0.550652
0.989776
570.768
572.917
581.493
590.193
595.718
601.138
609.25
620.318
634.015
650.189
668.888
690.118
713.71
739.377
766.809
795.53
822.665
841.852
843.138
865.103
861.818
849.36
922.949
568.517
570.272
578.512
588.153
594.311
600.057
608.403
619.589
633.296
649.451
668.155
689.426
713.075
738.726
765.835
793.436
819.482
840.375
847.547
873.161
858.779
794.52
902.81
564.966
565.773
573.356
584.989
592.263
598.43
607.059
618.35
632.032
648.135
666.839
688.191
711.968
737.701
764.706
791.91
817.447
838.656
853.597
878.437
858.158
786.796
891.161
560.681
559.511
565.518
581.005
590.147
596.575
605.379
616.677
630.243
646.235
664.93
686.408
710.406
736.353
763.452
790.6
816.235
838.545
857.027
876.967
875.386
825.712
907.067
556.629
551.345
552.653
575.371
588.269
594.578
603.388
614.565
627.911
643.72
662.394
684.055
708.39
734.711
762.129
789.543
815.637
839.105
859.573
878.155
884.961
883.96
937.813
555.291
543.088
538.701
569.521
586.458
592.258
600.972
611.943
624.97
640.531
659.174
681.088
705.909
732.789
760.76
788.723
815.544
840.213
862.326
881.949
896.116
912.112
960.721
560.935
538.874
532.994
566.404
583.168
589.278
598.01
608.729
621.341
636.578
655.175
677.437
702.941
730.588
759.359
788.12
815.877
841.803
865.474
886.774
905.195
927.073
968.205
575.273
541.46
521.831
558.187
577.041
585.335
594.515
604.929
616.984
631.778
650.541
673.059
699.493
728.089
757.914
787.713
816.585
843.834
869.035
892.13
913.151
935.23
958.245
413.602
413.954
440.298
652.308
962.841
616.196
214.249
782.819
184.219
157.459
162.411
165.793
173.1
176.901
181.161
189.379
226.643
678.812
703.598
411.202
413.877
413.981
507.453
836.651
382.836
-146.824
190.174
153.305
142.646
139.531
141.212
146.923
152.299
156.114
159.51
159.236
244.02
787.293
411.088
413.857
414.132
538.993
660.347
306.736
84.6317
148.804
146.593
141.101
139.073
141.028
146.819
152.119
155.919
159.38
157.065
169.89
878.182
413.193
413.899
414.365
593.631
500.989
198.035
138.424
143.042
140.98
138.843
136.756
139.468
145.668
150.983
154.636
158.78
155.879
152.234
682.628
414.251
413.987
631.993
618.384
495.937
161.839
143.316
140.891
138.218
136.897
134.561
137.476
144.497
150.114
153.071
157.255
154.563
148.397
580.872
414.485
476.342
695.205
623.736
404.835
153.409
143.307
140.392
137.01
135.02
132.257
135.495
143.192
149.21
151.729
156.626
152.843
150.14
437.233
414.537
779.261
711.87
611.358
204.483
147.162
142.448
140.171
136.849
133.221
130.201
133.868
141.819
148.225
150.607
153.825
151.095
150.744
370.364
774.744
806.28
735.291
478.072
170.249
144.408
141.807
140.031
136.34
132.082
128.913
132.979
140.897
147.19
149.478
150.876
149.478
150.271
443.144
501.203
193.88
12.4482
201.346
302.876
362.502
435.297
496.409
546.976
595.711
635.854
662.844
692.38
722.882
755.147
787.417
818.696
848.628
876.549
902.78
927.087
948.647
965.058
2.0626
2.13798
2.07703
2.05958
2.02632
1.88695
1.86874
1.92977
2.02127
2.10299
2.25035
69.1735
253.825
555.871
751.176
788.753
822.047
855.759
886.794
916.145
943.954
970.838
995.636
2.09294
2.0605
2.06173
2.04938
1.98985
1.92207
1.90709
1.94996
2.097
2.15598
2.10376
2.14708
2.21799
2.24915
13.6841
124.432
494.783
864.549
897.939
928.079
959.398
989.736
1021.55
2.04906
2.03796
2.02371
2.0057
1.97744
1.95149
1.94756
1.96977
2.00564
2.05163
2.08495
2.12149
2.16134
2.19908
2.24298
2.25962
2.27734
13.9804
127.585
426.32
916.177
1002.83
1033.72
2.00701
1.99917
1.98873
1.97726
1.96473
1.95531
1.95775
1.97427
2.00092
2.03429
2.06966
2.10412
2.14176
2.17463
2.208
2.24153
2.27489
2.31976
2.38456
2.45931
2.4384
2.64731
212.64
1.96915
1.96392
1.95785
1.9519
1.94719
1.94638
1.95287
1.96805
1.99054
2.01918
2.05148
2.08438
2.11932
2.15523
2.19282
2.23212
2.27694
2.32231
2.38222
2.44008
2.4784
2.53458
2.62735
1.93258
1.92938
1.92674
1.9251
1.92547
1.92939
1.93858
1.95387
1.97493
2.00093
2.03061
2.06285
2.09738
2.13427
2.17375
2.21635
2.26422
2.31493
2.37145
2.43064
2.48895
2.54898
2.62464
1.89489
1.8942
1.89444
1.89608
1.89986
1.90682
1.9179
1.93368
1.95414
1.97889
2.00731
2.03886
2.07332
2.11074
2.15138
2.1957
2.24434
2.29728
2.35453
2.41489
2.46767
2.51775
2.55637
1.85332
1.85758
1.86067
1.86483
1.87099
1.87994
1.89235
1.90864
1.92892
1.95305
1.98078
2.01188
2.04623
2.08392
2.12514
2.17017
2.21923
2.27217
2.32796
2.38571
2.43194
2.48882
2.48343
1.81319
1.82059
1.8257
1.83155
1.83927
1.84951
1.8628
1.87948
1.89971
1.9235
1.95079
1.98152
2.0157
2.0534
2.09478
2.13997
2.18894
2.24116
2.29505
2.34584
2.38716
3.33549
3.32769
1.7776
1.78417
1.78973
1.7964
1.80498
1.81598
1.82978
1.84666
1.86681
1.89031
1.91722
1.94757
1.98144
2.01894
2.06021
2.1053
2.15405
2.20579
2.25872
2.30825
2.34917
2.37506
3.0985
1.74422
1.74751
1.75243
1.7593
1.76826
1.7796
1.7936
1.8105
1.83045
1.8536
1.88006
1.90993
1.94333
1.98041
2.02134
2.06618
2.11482
2.16678
2.22088
2.2747
2.32583
2.37324
2.40632
1.70609
1.70858
1.71325
1.72009
1.72912
1.74052
1.75448
1.77118
1.7908
1.81347
1.83934
1.86855
1.90127
1.9377
1.97802
2.0224
2.07089
2.12336
2.17936
2.23809
2.29909
2.36193
2.42333
1.66525
1.66745
1.67193
1.67864
1.68757
1.69882
1.71254
1.72888
1.74799
1.77002
1.79512
1.82346
1.85524
1.89068
1.93005
1.9736
2.02157
2.07417
2.13152
2.1937
2.2611
2.33438
2.41408
1.62216
1.62401
1.6284
1.63493
1.64364
1.65459
1.66792
1.68373
1.70217
1.72337
1.74749
1.7747
1.80523
1.83932
1.87727
1.91943
1.96618
2.01804
2.07547
2.13906
2.20976
2.28881
2.37849
1.57659
1.57849
1.5827
1.589
1.59739
1.60794
1.62074
1.63588
1.65348
1.67366
1.69657
1.7224
1.75133
1.78364
1.81964
1.8597
1.9042
1.95418
2.00999
2.07273
2.14381
2.22522
2.32035
1.52888
1.53086
1.5349
1.54092
1.54894
1.55899
1.57115
1.58549
1.60209
1.62108
1.64257
1.66673
1.69374
1.72381
1.75727
1.79449
1.83598
1.88229
1.93444
1.99368
2.06186
2.14186
2.23856
1.47915
1.4812
1.48509
1.49081
1.4984
1.50788
1.5193
1.53273
1.54822
1.56586
1.58574
1.60798
1.63273
1.66014
1.69044
1.72395
1.76105
1.80232
1.84861
1.90122
1.96231
2.03551
2.12754
1.42748
1.42965
1.43339
1.4388
1.44592
1.45478
1.4654
1.47783
1.4921
1.50826
1.52637
1.5465
1.5687
1.59308
1.61972
1.64878
1.68047
1.71509
1.75313
1.79554
1.84409
1.90237
1.97791
1.37407
1.37637
1.37996
1.38504
1.39168
1.39987
1.40964
1.42101
1.43399
1.4486
1.46483
1.48269
1.50217
1.52324
1.54586
1.56995
1.5954
1.62207
1.64976
1.67841
1.70824
1.74063
1.77954
1.3192
1.32155
1.32497
1.32972
1.33584
1.34334
1.35223
1.36251
1.37417
1.38717
1.40148
1.41701
1.43369
1.45136
1.4698
1.48868
1.50751
1.52554
1.54163
1.55407
1.56016
1.55577
1.53292
1.26316
1.26533
1.26858
1.27298
1.27859
1.28539
1.2934
1.30259
1.31291
1.32432
1.33672
1.34996
1.36388
1.37821
1.39257
1.40638
1.41876
1.42837
1.43305
1.42926
1.41079
1.36602
1.26992
1.20596
1.20809
1.21099
1.21502
1.2201
1.22621
1.23335
1.24146
1.2505
1.26036
1.27093
1.28199
1.29332
1.30455
1.31517
1.32442
1.33112
1.33348
1.32863
1.31174
1.2742
1.19934
1.05436
1.14776
1.14963
1.15233
1.15596
1.16053
1.16598
1.17228
1.17937
1.18718
1.1956
1.20446
1.21354
1.22254
1.23105
1.23848
1.24395
1.24619
1.24322
1.23199
1.2075
1.16126
1.078
0.928915
1.0885
1.0902
1.09269
1.09597
1.10006
1.10487
1.11037
1.11651
1.12318
1.13028
1.13762
1.14495
1.15197
1.15822
1.1631
1.16576
1.16494
1.15882
1.14468
1.11836
1.07333
0.999216
0.879566
1.02819
1.02988
1.03222
1.03517
1.03878
1.04302
1.04779
1.05305
1.05871
1.06463
1.07065
1.0765
1.08189
1.08637
1.08939
1.09017
1.08766
1.08036
1.06622
1.0424
1.00501
0.948902
0.868122
0.966991
0.968819
0.971023
0.973682
0.976862
0.980493
0.984664
0.989153
0.993914
0.998824
1.00371
1.00836
1.01246
1.01564
1.0174
1.01713
1.014
1.00696
0.994693
0.975648
0.948135
0.910721
0.863329
0.905093
0.907191
0.909252
0.91164
0.914429
0.917604
0.921136
0.924941
0.928924
0.932973
0.936934
0.940608
0.943734
0.945991
0.946989
0.946264
0.943255
0.937298
0.927707
0.913894
0.895613
0.873424
0.849689
0.842802
0.84516
0.84704
0.849166
0.851591
0.854315
0.857307
0.860503
0.863821
0.867148
0.870351
0.873261
0.875661
0.877298
0.877881
0.877084
0.874557
0.869961
0.863047
0.85381
0.842717
0.831163
0.822057
0.780484
0.782865
0.784516
0.786357
0.788428
0.790733
0.793243
0.795905
0.798648
0.801376
0.803969
0.806285
0.808154
0.809379
0.809753
0.809068
0.807125
0.803793
0.799088
0.793266
0.787042
0.781884
0.780452
0.718398
0.720419
0.72176
0.723283
0.725003
0.726918
0.728999
0.731199
0.73345
0.735673
0.737771
0.739624
0.741095
0.74204
0.742313
0.741783
0.74035
0.737998
0.734858
0.73123
0.727783
0.725721
0.727009
0.656538
0.657833
0.658812
0.659988
0.66136
0.66291
0.664607
0.666405
0.66824
0.670045
0.671738
0.67322
0.67438
0.675118
0.67533
0.674923
0.673852
0.672143
0.669914
0.667426
0.665141
0.663832
0.664641
0.594611
0.595077
0.595657
0.596485
0.597524
0.598739
0.600094
0.601543
0.603027
0.604483
0.605842
0.607017
0.607927
0.60849
0.60863
0.608275
0.607386
0.60599
0.604164
0.602042
0.59984
0.597886
0.59659
0.532263
0.532047
0.532254
0.532763
0.533507
0.534429
0.535486
0.536633
0.537816
0.538978
0.540054
0.540973
0.541665
0.542067
0.542112
0.541729
0.540877
0.539546
0.537748
0.535491
0.532769
0.529556
0.525736
0.469282
0.468629
0.468564
0.468816
0.469316
0.469992
0.470795
0.471681
0.472606
0.473515
0.47435
0.475048
0.475548
0.47579
0.475713
0.475246
0.474321
0.472891
0.4709
0.468244
0.464744
0.460136
0.454018
0.405597
0.404783
0.404566
0.404641
0.404949
0.405426
0.406019
0.406687
0.40739
0.408078
0.408703
0.409209
0.409535
0.409619
0.409404
0.40881
0.407755
0.406147
0.403869
0.400725
0.396409
0.390488
0.382366
0.341323
0.340544
0.340268
0.34024
0.340413
0.340733
0.341159
0.341649
0.34216
0.342657
0.343098
0.343431
0.343596
0.343529
0.343171
0.342443
0.341238
0.339438
0.336872
0.333278
0.328255
0.321234
0.311411
0.276638
0.27599
0.275713
0.275636
0.275722
0.275929
0.276219
0.27656
0.276912
0.277242
0.277521
0.277701
0.277717
0.277513
0.277029
0.27618
0.274846
0.27288
0.270091
0.266175
0.260686
0.25296
0.242017
0.21169
0.211191
0.210956
0.21087
0.210905
0.21103
0.211213
0.211427
0.211642
0.211832
0.21197
0.212009
0.211899
0.211583
0.211003
0.210065
0.208646
0.206589
0.203685
0.199646
0.194026
0.186154
0.175078
0.146547
0.14619
0.146028
0.145959
0.145968
0.14603
0.146128
0.146237
0.146331
0.146398
0.146409
0.146325
0.146102
0.145689
0.145028
0.144027
0.142565
0.140486
0.137589
0.133606
0.128146
0.12061
0.11024
0.0812593
0.0810806
0.0810235
0.0809897
0.0809879
0.0810098
0.0810409
0.081065
0.0810654
0.0810293
0.0809408
0.0807611
0.0804525
0.0799754
0.0792691
0.0782562
0.0768299
0.0748424
0.0721072
0.0683852
0.0633358
0.0564594
0.0471152
0.0164234
0.0163778
0.0163326
0.0162827
0.0162367
0.0161856
0.016122
0.0160386
0.0159236
0.0157657
0.0155477
0.0152458
0.014829
0.0142572
0.0134789
0.0124263
0.0110084
0.00910184
0.00653379
0.00307619
-0.00156756
-0.00779509
-0.0161697
959.81
953.601
942.132
941.248
1007.62
1015.68
1020.46
1021.24
1041.38
1056.16
1068.87
1077.23
1056.34
1076.61
1097.4
1116.28
482.295
907.691
1045.44
1157.59
2.67904
2.64993
3.06996
616.975
2.68185
2.73394
2.81479
2.89312
2.637
2.68452
2.75026
2.77976
2.46697
2.48095
2.53221
2.60355
2.76926
2.35425
2.37997
2.46232
3.38152
3.32421
2.61414
2.88589
2.40878
3.49509
3.52209
2.89369
2.46034
2.49424
2.53932
2.5926
2.4676
2.51393
2.56669
2.62491
2.44006
2.49259
2.55001
2.61131
2.38694
2.44397
2.50602
2.57226
2.30858
2.36979
2.43753
2.51091
2.19775
2.26149
2.33497
2.41742
2.03972
2.09927
2.17318
2.26146
1.81356
1.84937
1.90049
1.9658
1.50659
1.47776
1.44461
1.35872
1.1598
1.02724
0.826228
0.407517
0.89631
0.707082
0.421778
-0.051257
0.777762
0.613822
0.389064
0.0645177
0.771275
0.664392
0.531791
0.367654
0.803413
0.745799
0.682093
0.613889
0.830578
0.804959
0.781108
0.761427
0.836828
0.829219
0.825344
0.826786
0.820097
0.821575
0.826895
0.837126
0.783376
0.788422
0.796757
0.809141
0.730834
0.735908
0.743399
0.753815
0.666946
0.669932
0.674253
0.680138
0.596314
0.596401
0.59674
0.597295
0.522921
0.520387
0.517354
0.513575
0.44919
0.444778
0.439581
0.433376
0.375898
0.369985
0.363019
0.354697
0.303502
0.296163
0.287421
0.276819
0.233088
0.224662
0.214599
0.20256
0.166092
0.157652
0.147701
0.136037
0.102095
0.0946738
0.0862365
0.0768577
0.0398536
0.0333059
0.0258524
0.0174261
-0.0226978
-0.0286892
-0.0356884
-0.0439285
930.487
878.898
784.807
162.396
143.804
144.356
142.296
140.221
136.823
131.95
130.077
133.712
142.098
146.072
150.462
145.824
147.54
149.433
610.521
1005.24
944.556
351.112
157.011
153.369
146.343
144.139
141.406
138.13
134.948
134.863
138.669
143.768
145.437
149.008
145.64
146.546
149.406
785.44
1071.78
948.583
154.955
154.662
159.772
147.33
145.856
143.255
139.549
135.763
136.041
142.233
143.313
154.788
149.343
147.998
147.451
152.993
943.165
1133.65
236.397
155.029
154.66
161.151
158.539
151.379
145.065
140.59
136.615
137.593
142.619
144.823
159.972
150.056
149.45
148.563
251.865
1084.11
1208.77
168.152
155.429
155.427
156.281
167.436
178.084
166.96
140.419
136.417
140.709
145.093
151.474
162.378
150.411
149.657
148.732
350.476
1229.63
1267.28
514.103
155.562
155.576
157.134
158.208
583.19
932.199
528.7
130.082
146.658
151.328
158.205
164.726
150.7
149.961
149.899
1226.32
1449.6
564.244
1303.05
155.028
160.063
314.492
168.626
1376.81
1395.44
1418.33
299.134
148.088
152.151
152.538
165.147
151.132
150.901
1302.54
1654.4
1859.53
2.80924
832.777
1269.5
151.728
148.904
1147.48
1475.09
1487.99
1515.64
1428.45
152.711
154.402
152.099
166.835
151.723
589.201
1667.8
1941.56
2165.13
2.85187
3.03839
360.538
1174.57
1393.19
1351.75
132.748
24.8319
1007.17
1648.23
217.64
152.286
152.447
153.255
153.668
753.996
1862.8
2179.26
2371.94
2.73275
2.95102
3.25815
3.5434
4.62039
3.76641
4.13153
3.98285
4.12134
1166.03
1573.42
152.142
152.487
153.507
154.172
155.564
1739.84
2155.65
2447.01
2.69708
3.83143
3.75872
3.43321
4.87184
4.06613
3.99359
4.03715
3.95636
3.65913
1275.44
1401.94
152.892
153.925
154.78
1300.1
1217.23
1836.73
2408.28
3.57061
3.50076
3.25701
3.34082
3.42828
3.60237
3.79825
3.8621
3.79321
3.56572
2.84055
389.621
1203.49
1258.29
1626.08
351.724
343.292
2208.27
2384.69
2.7482
2.98939
3.17121
3.28331
3.38691
3.52043
3.6344
3.68399
3.67009
3.65764
3.25963
2.13948
112.656
1104.96
950.545
926.536
549.304
2277.51
2351.88
2.76665
2.95138
3.11305
3.24001
3.34645
3.44035
3.50764
3.52935
3.48257
3.34536
3.08188
2.15762
-0.43544
77.9984
128.992
2190.55
1490.66
2438.13
2436.11
2.74955
2.92309
3.08239
3.2132
3.31252
3.37992
3.41473
3.41243
3.35588
3.22439
2.97673
2.34638
1.81015
4.77978
6.4754
2185.59
1439.37
2555.64
2629.63
2.71934
2.90264
3.07277
3.20953
3.30036
3.34363
3.34856
3.3237
3.26497
3.16438
3.03905
2.84691
2.90714
5.79945
56.1796
2384.25
1836.76
2695.91
2739.05
2.67776
2.88962
3.08536
3.23725
3.32029
3.33155
3.29608
3.24
3.1763
3.11718
3.14586
3.38634
14.5367
2082.93
2450.57
2565.94
2302.31
2835.19
2861.09
2.61708
2.88374
3.12137
3.30614
3.38132
3.33621
3.2331
3.12223
3.02828
2.96859
3.04659
3.77731
1585.39
2646.08
2661.67
2710.92
2819.5
2846.05
2332.23
2.51216
2.88501
3.16932
3.41882
3.48771
3.32911
3.11453
2.91668
2.73881
2.56071
2.66107
19.1582
385.653
1833.7
2803.49
2841.05
2585.39
1296.32
1862.13
2.24186
2.91132
3.17835
3.52869
3.61305
3.21011
2.86144
2.57277
2.24724
1.64976
4.12963
34.1032
-1.18675
-1.34026
319.549
1322.77
241.788
2251.69
2287.61
1.55992
17.911
5.71317
25.3691
17.9125
2.6608
2.36575
2.09755
1.67982
0.855976
2.00765
-0.976302
-1.29096
-0.989383
-0.149617
0.447887
1.16141
5.14436
2308.41
11.0771
30.2014
28.8593
4.59576
24.3549
3.15968
1.59396
1.60223
1.29005
0.61046
-0.436574
1.98018
-1.18385
-1.25953
0.211674
1.20542
1.59095
929.696
1098.01
9.80321
30.2508
12.8562
1.37685
17.7101
10.1819
0.97946
1.28795
1.12655
0.667506
-0.0408261
1.95399
7.26575
-0.884716
-1.28797
-0.358569
0.134757
726.504
1371.82
0.555104
6.47602
42.6267
2.114
0.318708
1.74596
1.11864
1.31877
1.17437
0.813469
0.303002
-0.226194
12.0242
-1.07477
-1.57768
-0.385277
1.20157
1.01189
4.11566
-0.0747716
-0.305646
33.6368
42.6495
1.44798
1.6789
1.74116
1.58679
1.35055
1.01533
0.597755
0.0217484
6.84672
9.67332
-1.48181
-0.0358508
0.620848
0.901192
37.7269
0.478122
0.402373
0.613887
1.02409
34.2744
2.31311
2.12841
1.83614
1.53564
1.22389
0.911357
0.569793
0.0924905
0.203169
0.0509791
0.789308
1.0048
42.4815
1625.64
0.745037
0.79556
0.977043
1.2746
3.99212
11.3598
2.23979
1.97286
1.65022
1.38146
1.18305
1.06647
1.03224
1.13638
1.36541
1.55328
1.55897
78.2482
1680.76
0.851327
0.935929
1.10143
1.32614
1.52378
10.1747
10.923
1.99932
1.659
1.45983
1.36632
1.37623
1.48869
1.68538
1.88271
1.98128
3.53752
536.016
1737.09
0.875472
0.963665
1.10766
1.29286
1.44209
1.61123
11.0009
10.4674
1.49023
1.44154
1.45984
1.55239
1.70838
1.88914
2.01914
2.06004
56.7702
52.7687
1789.78
0.848355
0.92928
1.05891
1.24584
1.43928
11.7226
6.33139
12.352
1.26277
1.31623
1.47281
1.63192
1.80548
1.95253
3.58728
2.54721
88.2176
3.40089
1843.85
0.785037
0.847769
0.95517
1.16916
1.73395
3.96138
11.8636
12.133
1.57034
1.10338
1.41473
1.64507
1.84103
1.98342
3.92197
2.0591
1.69579
3.76826
6.06571
0.696904
0.727396
0.766918
0.81929
108.789
24.2276
0.0974175
9.9343
7.42531
0.855634
1.30542
1.62018
1.86095
3.71576
4.1616
2.37119
2.29661
4.25853
159.938
0.597956
0.595009
0.548766
1.85314
94.4536
110.055
0.0467831
0.0750583
8.18934
0.711522
1.1903
1.57686
1.88137
2.17647
2.44053
2.56036
3.81064
3.81218
306.889
0.501448
0.461103
1.65178
8.86154
3.276
113.414
61.7211
0.359941
7.87257
1.00826
1.08769
1.5082
1.85686
2.2339
2.58866
3.49659
6.31022
3.83529
312.521
0.416919
0.386981
0.341954
8.98812
2.71281
2.04767
115.608
0.428485
6.72122
2.67846
0.976938
1.38656
1.72946
2.09372
3.03153
49.8642
25.7741
3.99771
321.828
0.333026
0.289538
0.243605
4.42691
-0.0893544
-0.207199
-0.320412
3.22995
0.153366
8.51569
0.819929
1.18834
1.45346
1.62845
69.5222
163.544
142.731
64.7643
333.992
0.246711
0.625987
0.759946
-0.00617665
-0.000210224
-0.131307
-0.513054
0.957605
-0.119803
8.44321
0.636938
0.918036
1.06924
1.21283
111.005
2.39128
-1.00102
-1.09238
344.193
0.171199
0.752072
0.0369635
-0.0514811
-0.20336
-0.389724
-0.6335
-0.0763021
-0.238633
8.29634
0.424562
0.573543
0.762018
126.849
43.2929
-0.78142
-0.856622
-0.839712
385.535
0.109601
0.0347785
-0.0173205
-0.0951459
-0.218562
-0.369827
-0.631539
-0.0949008
-0.322589
8.23225
0.114493
0.135828
32.8785
55.3526
-0.582613
-0.651225
-0.785288
-0.807632
556.766
0.0560428
0.0271773
-0.0302904
-0.122194
-0.225398
-0.340642
-0.510861
0.13883
-0.317049
4.40713
-0.236127
-0.476145
109.386
-0.0877273
-0.0931296
-0.5899
-0.809496
-0.947078
593.834
-0.00248156
-0.0337494
-0.090365
-0.167573
-0.241723
-0.292213
-0.332686
0.0088618
-0.172891
2.70472
-0.666085
-1.27364
146.445
-0.0717518
-0.343863
-0.531935
-0.700341
-0.761124
636.123
-0.0653365
-0.104574
-0.168659
-0.241948
-0.297167
-0.302581
-0.198778
-0.0753995
-0.10813
2.31556
-0.694115
1.33343
-1.03171
-0.596269
-0.480283
-0.485521
-0.478003
-0.322824
0.624422
)
;

boundaryField
{
    leftWall
    {
        type            fixedFluxPressure;
        gradient        uniform 0;
        value           nonuniform List<scalar> 
100
(
572.742
571.892
569.273
565.996
563.254
563.096
567.718
577.858
594.565
132.851
2.11571
2.07039
2.0301
1.99016
1.95301
1.91567
1.87589
1.83376
1.79501
1.7608
1.72418
1.68511
1.64331
1.59909
1.55255
1.50387
1.45317
1.40061
1.3464
1.29089
1.2343
1.17673
1.11805
1.05836
0.997757
0.936381
0.874428
0.812196
0.749976
0.687906
0.625888
0.563662
0.500948
0.437588
0.373604
0.30912
0.244286
0.179237
0.114033
0.0489568
572.657
570.713
567.661
564.452
562.687
564.689
572.185
584.285
572.112
2.11342
2.09987
2.05218
2.00957
1.97144
1.93453
1.89618
1.8546
1.81362
1.77796
1.74285
1.705
1.66452
1.6215
1.57609
1.52847
1.47877
1.42712
1.37369
1.31879
1.26273
1.20563
1.14752
1.08832
1.02816
0.967155
0.905459
0.843325
0.781069
0.718923
0.656906
0.594819
0.532382
0.46935
0.405668
0.341417
0.276738
0.211783
0.146649
0.0814184
0.0164757
)
;
    }
    rightWall
    {
        type            fixedFluxPressure;
        gradient        uniform 0;
        value           nonuniform List<scalar> 
100
(
703.598
787.293
878.182
682.628
580.872
437.233
370.364
443.144
610.521
785.44
943.165
1084.11
1229.63
1449.6
1859.53
2165.13
2371.94
2447.01
2408.28
2384.69
2351.88
2436.11
2629.63
2739.05
2861.09
2332.23
1862.13
2287.61
2308.41
1098.01
1371.82
4.11566
37.7269
1625.64
1680.76
1737.09
1789.78
1843.85
6.06571
159.938
306.889
312.521
321.828
333.992
344.193
385.535
556.766
593.834
636.123
0.624422
716.367
726.341
832.339
772.575
687.682
492.184
419.556
358.401
519.261
704.156
866.92
1014.87
1156.87
1301.37
1667.83
2026.24
2283.15
2426.28
2431.13
2388.02
2359.31
2391.78
2548.39
2689.78
2787.77
2900.7
1665.96
2284.47
2305.87
1195.87
1141.7
991.777
0.781226
1036.52
1655.01
1707
1765.51
1817.72
1141.56
3.83876
302.674
310.43
316.796
327.931
311.46
283.663
549.947
547.275
629.206
332.497
)
;
    }
    lowerWall
    {
        type            fixedFluxPressure;
        gradient        uniform 0;
        value           nonuniform List<scalar> 
124
(
571.254
573.472
582.097
590.617
596.016
601.368
609.45
620.523
634.166
650.325
669.029
690.265
713.878
739.609
767.176
795.986
822.615
840.106
845.366
868.114
864.1
864.806
927.423
922.949
902.81
891.161
907.067
937.813
960.721
968.205
958.245
862.68
893.124
888.431
857.903
441.744
418.04
413.887
414.278
414.604
414.606
414.603
414.617
435.082
438.336
480.194
669.936
994.341
693.286
407.971
876.091
284.383
169.717
154.579
157.161
165.697
196.716
203.78
223.07
292.706
773.298
716.367
572.742
571.376
577.409
586.713
593.597
598.451
605.01
614.649
627.03
641.93
659.357
679.336
701.79
726.496
753.182
781.512
810.107
832.937
842.769
857.78
861.821
858.628
907.954
846.049
886.727
890.04
874.702
441.744
434.832
442.896
543.817
908.538
903.483
472.909
868.302
525.807
197.706
160.241
154.422
155.998
186.379
196.83
214.396
229.236
519.747
745.626
927.423
913.858
894.011
895.601
922.226
951.133
966.254
965.334
430.394
414.576
414.01
414.496
414.62
414.598
414.614
581.1
)
;
    }
    atmosphere
    {
        type            totalPressure;
        rho             rho;
        psi             none;
        gamma           1;
        p0              uniform 0;
        value           nonuniform List<scalar> 
92
(
-3.99188e-05
-6.03307e-05
-9.68008e-05
-0.000144431
-0.000203578
-0.000277956
-0.000372666
-0.000494633
-0.000653189
-0.000860826
-0.00113417
-0.00149543
-0.00197402
-0.00260896
-0.00345166
-0.00456941
-0.00605008
-0.00801115
-0.0106171
-0.0140944
-0.01873
-0.0248907
-0.0331231
-0.0395251
-0.0454233
-0.0523428
-0.0605541
-0.0823846
-0.124326
-0.195559
-0.27154
-0.325662
-0.328489
-0.22237
0
0
0
0
0
-0.130692
-0.603651
-0.49239
-0.470936
-0.404072
-0.0149177
0
0
-3.58598e-05
-7.56104e-05
-0.000119364
-0.000172361
-0.000238581
-0.000322384
-0.000429724
-0.00056864
-0.000749941
-0.000988044
-0.00130216
-0.00171788
-0.00226904
-0.00300051
-0.00397112
-0.00525772
-0.00696176
-0.00922172
-0.012231
-0.0162465
-0.02159
-0.0287013
-0.0368961
-0.0423586
-0.0487405
-0.056266
-0.06845
-0.0999509
-0.157159
-0.23481
-0.302847
-0.335595
-0.298121
-0.0724878
0
0
0
0
0
-0.0335766
-0.627131
-0.480835
-0.449512
-0.277988
0
)
;
    }
    defaultFaces
    {
        type            empty;
    }
}


// ************************************************************************* //
