/*--------------------------------*- C++ -*----------------------------------*\
| =========                 |                                                 |
| \\      /  F ield         | OpenFOAM: The Open Source CFD Toolbox           |
|  \\    /   O peration     | Version:  v1912                                 |
|   \\  /    A nd           | Website:  www.openfoam.com                      |
|    \\/     M anipulation  |                                                 |
\*---------------------------------------------------------------------------*/
FoamFile
{
    version     2.0;
    format      ascii;
    class       volScalarField;
    location    "0.8";
    object      p;
}
// * * * * * * * * * * * * * * * * * * * * * * * * * * * * * * * * * * * * * //

dimensions      [1 -1 -2 0 0 0 0];


internalField   nonuniform List<scalar> 
9072
(
676.906
708.353
713.748
721.334
737.763
761.876
791.69
824.957
860.045
896.414
933.036
967.506
995.624
1004.91
1010.98
1011.97
990.335
925.257
874.251
850.468
853.173
850.556
835.648
614.222
647.442
653.641
659.457
677.138
702.186
732.269
765.372
800.466
837.138
874.281
909.385
938.971
952.586
951.399
949.365
927.445
870.627
814.035
776.651
788.83
785.903
773.925
547.681
583.476
590.145
592.055
613.462
641.601
671.63
704.596
740.033
777.439
815.776
852.595
884.008
901.046
899.799
893.538
869.907
825.225
764.419
718.638
722.35
718.242
709.322
477.972
516.51
521.189
513.735
545.068
581.226
610.512
642.898
678.561
717.049
757.367
797
831.691
854.028
856.499
843.028
812.658
766.726
709.497
663.55
655.143
649.945
643.096
405.271
446.245
447.401
434.093
478.316
521.678
548.815
580.137
615.984
655.868
698.885
742.452
781.727
808.908
814.153
795.548
756.55
702.996
643.589
600.094
586.278
581.155
575.63
330.106
373.038
373.801
364.042
416.339
461.373
485.812
516.037
552.121
593.651
640.032
688.712
734.017
766.709
774.494
751.044
700.428
634.435
570.404
528.916
515.213
511.831
506.994
252.133
297.442
303.434
305.007
356.545
396.789
420.428
450.262
486.727
530.045
580.36
635.398
688.479
728.083
738.799
709.597
643.342
559.635
490.191
450.929
441.497
442.393
437.427
167.371
220.015
235.783
252.116
294.396
327.256
352.343
382.636
419.552
464.588
519.243
581.96
644.872
693.387
707.973
671.269
583.703
475.219
400.859
365.802
365.551
373.458
364.758
419.368
457.559
393.774
362.041
343.754
350.775
532.283
779.014
821.567
875.866
925.484
857.353
831.408
1141.34
895.298
716.93
737.226
745.254
776.889
374.479
368.716
285.921
312.522
289.494
285.447
425.796
730.827
751.616
804.846
873.454
746.961
733.846
1015.47
791.101
638.818
678.803
648.089
630.043
386.317
287.854
280.318
292.177
277.011
275.364
298.709
688.44
652.39
709.906
798.607
702.525
610.074
821.909
571.497
571.415
643.984
551.398
492.816
324.078
287.164
275.354
268.234
272.29
275.134
270.419
711.762
577.788
678.878
790.768
658.494
574.4
555.213
354.426
502.738
563.802
521.501
523.58
300.479
282.743
249.182
266.492
270.945
275.279
274.78
815.688
605.522
660.367
753.109
618.213
594.799
286.335
228.498
403.609
500.488
499.616
653.09
247.703
265.549
229.794
213.481
193.889
182.095
238.022
844.758
503.983
547.125
627.904
618.411
619.602
203.377
204.739
259.601
409.523
478.852
745.757
229.045
254.671
165.407
74.1031
26.5392
2.05182
7.69043
642.903
405.502
432.303
508.311
601.521
568.782
194.526
209.895
244.782
294.732
421.665
820.806
210.112
218.897
93.513
12.6708
-8.96929
-8.8901
-5.16886
361.454
281.982
299.582
419.436
517.53
536.852
247.193
219.579
240.786
251.38
309.895
849.16
28.3298
119.127
151.923
181.38
205.793
234.425
262.275
293.553
330.738
377.384
437.756
512.225
591.027
654.617
676.622
629.213
498.13
334.415
258
229.873
245.02
284.597
263.742
13.2175
15.4468
22.5796
26.7627
45.7632
76.1013
109.896
140.803
174.828
218.912
285.769
385.408
501.561
601.111
640.298
563.075
326.523
135.354
128.912
143.716
172.626
212.775
140.05
12.6407
12.5916
12.2807
12.2475
11.8066
11.3779
13.6072
18.8777
28.4436
42.2325
86.2814
222.342
396.031
551.985
617.706
544.211
273.154
116.165
116.145
99.5516
54.6394
62.2485
63.8443
11.874
12.1217
11.9157
11.5625
11.0739
10.9105
11.1206
11.3378
11.4999
11.5905
11.8793
64.9735
239.194
418.092
380.569
317.01
169.224
34.9097
40.9651
29.3719
29.1012
28.861
32.2964
10.9483
11.3039
11.0959
10.6099
10.2642
10.4878
10.8556
11.1342
11.3391
11.4306
11.5328
7.24637
90.9092
180.725
204.199
178.872
87.0974
30.5284
29.7382
28.9159
28.4865
28.2116
27.6695
10.0739
10.4151
10.2689
10.0251
10.0099
10.399
10.7492
11.0026
11.2051
11.2149
11.012
-15.4702
30.8748
71.2719
119.808
115.602
43.0114
30.682
29.4447
28.5284
27.9957
27.4468
27.3261
9.24345
9.62452
9.59997
9.65654
9.95645
10.4757
10.7604
10.7892
11.259
1.97954
-5.65433
-0.739917
-0.600279
0.48446
10.1439
43.0621
38.9629
33.0681
26.2944
28.0068
27.5338
26.8512
26.9311
8.40935
8.79809
8.84466
9.03003
9.50251
10.3899
11.1183
5.35211
-0.897981
4.38355
4.80786
3.65554
0.253027
-0.591241
-0.0413308
3.78752
26.2845
26.818
21.0493
27.1142
27.4508
26.9977
27.1492
7.55808
7.89805
7.94524
8.06978
8.29619
8.50057
7.05239
4.52856
1.04587
2.13545
2.87319
3.78338
0.33416
-0.197277
0.122158
0.229363
1.09402
9.57208
11.932
42.6899
35.7978
16.0741
14.9081
6.60986
6.98415
6.99443
6.95203
6.73607
5.92967
2.40875
0.775129
0.649934
1.75835
2.29159
2.01293
-0.25004
0.242698
0.282243
0.411179
0.32284
2.09836
4.31848
12.7697
5.65792
-0.0142014
-0.463791
5.7471
6.1494
6.07935
5.94517
5.59233
4.85801
3.55472
2.68675
2.63912
2.08427
1.46358
-2.49803
-0.50193
0.309981
0.262463
0.234066
0.0235346
-0.334138
1.31594
3.10321
1.68148
-0.859509
-0.962613
5.07628
5.42804
5.30222
5.13231
4.8228
4.37649
3.9376
4.00471
4.72457
2.10309
-3.81577
-1.8499
0.300002
0.275357
0.102799
0.212095
0.0785888
-0.101339
-0.100663
0.204932
-0.789623
-1.92794
-1.79138
4.45543
4.73963
4.62218
4.44691
4.18791
3.87014
3.59568
3.5469
2.8153
-0.0247621
0.530689
0.257858
0.508819
0.587196
1.55448
-2.10473
-0.212157
-0.275845
-0.193252
-0.124946
-0.604212
-1.47
-1.94422
3.86141
4.11567
4.00429
3.83746
3.60762
3.31296
2.93765
2.33702
0.658443
-0.527222
-0.806564
-0.415328
0.0469729
-0.10619
-8.02455
-8.25413
-0.46721
-0.421097
-0.261046
-0.609228
-2.15491
-1.66697
-1.73955
3.30938
3.53292
3.43576
3.28879
3.08761
2.81969
2.45205
1.89803
0.958236
-0.172251
-0.527698
-0.431537
-0.0375905
0.109704
-2.95864
-0.304698
-0.412332
-0.257716
-0.296304
-1.28016
-2.05278
-1.91849
-1.89288
2.79571
3.00102
2.91794
2.79663
2.63608
2.42727
2.15127
1.77911
1.2895
0.753891
0.417283
0.378657
0.657757
0.926836
1.51862
3.65494
0.243627
0.113056
-0.818481
-2.1046
-2.31339
-2.24561
-2.19901
2.32569
2.50994
2.43926
2.34612
2.23585
2.1045
1.94397
1.74909
1.52673
1.30873
1.15048
1.08521
1.11538
1.12651
1.07318
1.24079
1.31266
-0.0158378
-0.696299
-2.71964
-2.70666
-2.63358
-2.5526
1.89359
2.04649
1.97929
1.9127
1.85798
1.81205
1.76982
1.7295
1.69201
1.65437
1.60331
1.53126
1.46699
1.4228
1.33893
1.35969
0.730058
-4.78293
-3.10994
-3.15797
-3.08337
-2.98974
-2.895
1.50142
1.59459
1.50811
1.46313
1.46901
1.51394
1.58793
1.68499
1.79754
1.90046
1.93654
1.86417
1.74676
1.76371
1.84501
1.93133
0.608897
-3.99672
-3.69019
-3.47021
-3.40178
-3.32301
-3.22876
1.18105
1.12551
0.967562
0.949931
1.03095
1.17682
1.36537
1.58633
1.8325
2.07879
2.22915
2.13541
1.83903
1.98279
2.0857
0.998965
-1.28438
-4.26941
-4.00664
-3.78609
-3.74724
-3.68133
-3.57189
1.04313
0.522547
0.228401
0.301805
0.495222
0.763252
1.06429
1.38568
1.72978
2.12347
2.43301
2.66436
0.640355
1.89484
0.224816
-2.92999
-5.71742
-5.17721
-4.60754
-4.33578
-4.2206
-4.09082
-3.93309
-0.0116831
-0.886256
-0.918805
-0.573723
-0.193161
0.232564
0.643556
1.01069
1.32021
1.64262
1.78846
-0.510452
-4.30924
-5.89847
-8.79424
-8.1041
-7.02636
-6.2723
-5.59427
-5.10429
-4.79318
-4.53888
-4.30798
-2.99642
-6.11532
-2.62919
-1.87246
-1.123
-0.475164
0.0544393
0.439851
0.471535
0.056125
-3.48729
-6.84725
-9.25687
-9.73518
-9.659
-9.0957
-8.33484
-7.55916
-6.70259
-5.92845
-5.38531
-4.99194
-4.67965
14.6675
-4.63991
-3.67518
-3.30476
-2.23007
-1.38802
-1.01931
-0.370994
-0.376271
-0.731712
-5.89938
-9.19762
-9.42297
-9.87573
-10.1253
-9.94861
-9.34943
-8.56311
-7.63984
-6.6555
-5.92199
-5.41043
-5.02486
8.90011
-0.0168803
-1.92769
-2.41037
-2.71791
-3.07643
-2.77693
-1.8419
-1.52512
-2.39449
-9.74552
-9.86699
-10.0432
-10.4079
-10.717
-10.7663
-10.2383
-9.37232
-8.38338
-7.22461
-6.35414
-5.76012
-5.32131
2.27929
-2.26602
-2.50565
-3.1075
-3.66209
-4.24036
-4.84559
-4.40544
-4.05411
-9.13891
-10.7452
-10.7743
-10.5875
-10.7148
-11.1951
-11.7593
-11.44
-9.90299
-8.8162
-7.56135
-6.64304
-6.01676
-5.55306
0.626779
-2.34901
-2.94076
-3.99698
-4.70235
-5.32988
-7.05032
-7.42258
-9.05724
-11.3951
-11.9399
-12.087
-11.1162
-10.5727
-11.2187
-11.4288
-10.7399
-9.66514
-8.80606
-7.65172
-6.78403
-6.17321
-5.71379
1.38327
-2.23223
-3.06633
-4.54671
-5.48627
-7.17659
-8.54966
-9.26898
-11.5331
-12.9108
-13.5208
-13.2916
-11.7502
-10.6734
-10.9243
-10.6392
-10.0653
-9.48035
-8.63175
-7.57699
-6.80085
-6.23626
-5.80544
0.949849
-2.11705
-3.50068
-4.9431
-6.11928
-7.66562
-7.86611
-9.50377
-14.1138
-14.266
-14.3275
-13.0584
-12.0696
-11.7301
-10.4902
-10.0551
-9.90111
-9.4092
-8.33631
-7.38192
-6.71524
-6.2199
-5.8365
-1.7748
-3.81139
-4.96682
-5.65721
-5.75394
-5.67499
-5.73284
-7.37436
-12.2724
-14.7628
-13.7076
-13.0807
-11.412
-9.70747
-9.3807
-10.1124
-9.74704
-8.93927
-7.83175
-7.08298
-6.55192
-6.14431
-5.82084
-1.42757
-5.23357
-6.53824
-6.54908
-5.50469
-4.25332
-3.58166
-4.83585
-8.1065
-10.5318
-10.7246
-10.8032
-9.97785
-8.84586
-8.54836
-9.02055
-8.71485
-7.94053
-7.2398
-6.74173
-6.35158
-6.03579
-5.77572
0.606282
-6.20621
-7.92272
-7.41595
-5.71298
-4.32189
-3.79284
-4.38326
-5.99319
-7.69006
-8.54927
-8.79696
-8.58129
-8.17844
-7.92567
-7.79446
-7.51716
-7.12254
-6.75159
-6.42989
-6.15461
-5.91937
-5.71784
-3.08101
-6.52331
-8.35303
-7.71732
-5.87622
-4.75278
-4.41225
-4.72285
-5.53365
-6.45896
-7.11103
-7.43122
-7.4986
-7.40527
-7.24984
-7.07125
-6.85976
-6.62256
-6.39049
-6.17627
-5.98364
-5.81212
-5.66007
-4.75026
-5.10532
-6.36046
-6.28651
-5.50026
-4.9671
-4.81597
-4.98331
-5.40175
-5.91287
-6.34555
-6.62717
-6.76258
-6.77654
-6.70573
-6.58393
-6.4367
-6.27952
-6.12544
-5.98023
-5.84591
-5.72281
-5.61075
-4.72858
-4.81864
-4.50611
-4.88737
-5.01357
-4.97223
-4.9814
-5.10761
-5.34998
-5.65001
-5.93132
-6.14417
-6.27237
-6.31804
-6.29604
-6.22896
-6.13533
-6.0335
-5.93152
-5.83363
-5.7413
-5.65492
-5.57468
-4.54176
-4.50811
-4.32405
-4.57757
-4.82675
-4.94853
-5.0379
-5.15574
-5.31913
-5.51044
-5.69668
-5.84941
-5.95289
-6.00312
-6.00601
-5.97396
-5.92067
-5.85791
-5.79265
-5.7286
-5.6672
-5.60897
-5.55414
-4.61108
-4.52879
-4.47924
-4.63878
-4.83011
-4.96675
-5.07461
-5.18328
-5.30548
-5.43736
-5.56531
-5.67423
-5.75343
-5.7988
-5.81259
-5.80149
-5.77393
-5.73772
-5.69827
-5.65865
-5.62038
-5.58398
-5.54958
-4.77932
-4.68092
-4.68506
-4.79311
-4.92313
-5.03381
-5.13048
-5.22308
-5.31715
-5.41227
-5.50272
-5.58062
-5.6397
-5.67723
-5.69406
-5.69383
-5.68165
-5.66261
-5.64075
-5.6186
-5.59755
-5.57811
-5.56016
-4.97912
-4.87199
-4.89509
-4.97272
-5.05903
-5.13942
-5.21503
-5.28744
-5.35809
-5.42679
-5.49065
-5.54558
-5.58828
-5.61724
-5.63284
-5.63716
-5.63334
-5.62478
-5.61429
-5.60415
-5.59561
-5.58909
-5.58417
-5.19686
-5.0845
-5.10904
-5.16314
-5.21849
-5.27238
-5.32548
-5.37706
-5.42684
-5.47415
-5.51725
-5.5541
-5.58316
-5.60368
-5.61588
-5.62098
-5.62094
-5.61799
-5.61425
-5.61168
-5.61166
-5.61461
-5.61976
-5.42766
-5.30903
-5.32781
-5.36192
-5.39357
-5.42501
-5.45713
-5.48893
-5.51962
-5.54832
-5.57404
-5.5959
-5.61327
-5.62579
-5.6336
-5.63741
-5.63834
-5.63777
-5.63718
-5.63831
-5.64327
-5.65282
-5.66547
-5.67313
-5.54261
-5.55241
-5.56781
-5.57994
-5.59238
-5.60568
-5.61908
-5.63198
-5.64389
-5.65446
-5.66341
-5.67054
-5.67571
-5.67898
-5.68064
-5.68113
-5.68107
-5.68131
-5.6824
-5.68839
-5.70256
-5.72124
185.564
178.859
181.174
191.731
98.2578
85.8802
85.6893
89.9048
74.3661
84.1834
83.8381
81.5944
65.9844
75.0688
74.455
71.6209
42.4479
51.9862
52.8242
50.0273
26.8274
26.3294
26.0539
25.3295
26.5108
26.0707
25.744
25.5605
26.7403
26.3236
25.9626
25.667
18.6915
18.5612
22.8339
17.9493
-0.736673
-0.131682
0.938304
-0.561606
-1.11808
-1.16338
-1.12026
-0.96872
-1.68025
-1.56915
-1.43403
-1.31652
-1.89909
-1.80054
-1.69151
-1.59002
-1.82525
-1.82886
-1.80522
-1.76593
-1.9553
-1.97249
-1.96873
-1.94953
-2.20878
-2.20808
-2.1975
-2.17697
-2.5114
-2.48954
-2.46406
-2.43424
-2.82425
-2.78695
-2.74869
-2.7092
-3.14012
-3.09152
-3.04274
-2.99404
-3.46247
-3.40239
-3.3428
-3.28421
-3.79307
-3.71869
-3.64639
-3.57646
-4.12731
-4.0355
-3.94843
-3.86579
-4.45379
-4.34322
-4.24062
-4.14495
-4.75723
-4.62948
-4.51282
-4.40546
-5.02281
-4.88232
-4.75513
-4.63909
-5.23949
-5.09254
-4.95991
-4.83948
-5.40184
-5.25539
-5.12314
-5.00326
-5.51007
-5.37075
-5.24454
-5.13001
-5.56988
-5.44313
-5.32769
-5.22249
-5.5911
-5.48066
-5.37924
-5.28614
-5.58597
-5.49348
-5.40764
-5.32813
-5.56658
-5.49177
-5.42162
-5.35609
-5.54299
-5.48432
-5.42885
-5.37671
-5.52259
-5.47791
-5.4354
-5.39526
-5.51042
-5.47751
-5.44602
-5.4161
-5.50958
-5.48653
-5.46432
-5.44305
-5.52141
-5.50671
-5.49246
-5.47872
-5.54558
-5.53798
-5.53059
-5.5235
-5.58068
-5.57896
-5.57733
-5.57586
-5.62498
-5.62787
-5.63072
-5.63358
-5.67713
-5.68333
-5.68932
-5.69512
-5.73757
-5.74599
-5.75393
-5.76138
193.828
219.289
75.6824
9.26564
-9.84935
-9.20654
-6.26685
181.879
172.612
179.506
372.821
430.384
455.432
242.275
195.703
231.48
282.814
357.139
749.105
114.292
106.839
50.7589
-3.90262
-13.5521
-20.9525
30.7234
172.093
149.329
159.344
282.223
245.039
194.589
68.0274
19.2909
126.889
321.367
365.271
521.908
78.5084
71.3905
83.7544
17.5786
28.5882
124.26
261.604
256.938
201.497
193.219
233.507
115.334
57.1785
13.2117
-25.0166
-27.4105
206.466
279.685
222.127
71.1627
40.1825
109.949
86.8399
122.419
310.855
416.717
332.358
266.506
243.575
200.482
25.871
13.9409
7.47104
10.8597
-28.9189
29.3961
139.016
121.616
63.7118
48.6174
27.9417
86.4556
98.1504
233.466
279.941
241.033
148.271
24.4555
22.8775
-22.8546
15.3861
6.91348
7.33642
5.10442
18.4828
42.0552
24.4527
23.4887
-41.9424
4.20997
61.8669
32.5971
5.61978
5.05827
7.5616
6.48136
6.3627
6.11718
5.81436
7.6508
8.69772
9.31175
12.9751
28.0778
22.7295
26.1787
25.2891
25.4816
35.1274
0.0362339
2.03543
1.79799
2.75636
5.18271
5.86238
5.99261
5.54782
4.92947
4.70924
7.34768
-0.392646
16.2013
15.7739
21.4768
25.869
25.2871
24.9912
16.7856
1.04126
1.40344
0.327817
0.85023
3.38154
4.50864
4.54808
3.79713
3.97483
3.94488
1.38703
-1.88348
0.145498
2.18779
4.97366
17.6048
15.7158
12.8982
5.95475
0.561027
0.887885
0.244321
0.233527
0.677612
0.772165
1.296
1.25962
2.24246
1.93098
-0.288413
-1.74514
-0.858561
0.0208427
0.00166875
3.23649
-0.61403
-0.506387
0.680447
0.570744
0.843787
0.311247
-0.0354142
-0.0600919
-0.0454587
-0.023695
-0.571785
-0.215793
0.0309008
-1.7613
-3.15214
-2.28163
-1.28493
-0.911478
-0.753154
-0.9355
-0.889901
-0.571955
-0.304954
-0.184735
-0.288961
-0.311003
-0.368304
-0.414883
-0.411902
-0.847665
-0.844837
-0.792488
-2.21457
-3.63291
-2.74747
-1.70856
-1.35531
-1.40611
-1.19638
-1.08952
-0.886329
-0.66639
-0.569832
-0.569938
-0.568269
-0.588709
-0.592903
-0.583607
-0.815946
-0.602634
-0.643655
-1.08064
-2.0946
-1.96481
-1.50847
-1.3307
-1.17902
-1.48099
-1.343
-1.18745
-1.03629
-0.929884
-0.864103
-0.826931
-0.795755
-0.738897
-0.694625
-0.811247
-0.282851
-0.460953
-0.653524
-1.10337
-1.27746
-1.23793
-1.16402
-0.926401
-1.70108
-1.57701
-1.4485
-1.32597
-1.2233
-1.1428
-1.08237
-1.02562
-0.942268
-0.856
-0.8862
-0.660276
-0.269294
-0.448767
-0.785287
-1.0261
-1.10178
-0.958825
-0.686764
-1.90753
-1.80904
-1.69897
-1.58996
-1.49123
-1.40724
-1.33572
-1.26775
-1.18628
-1.08851
-0.920443
-0.781056
-0.107452
-0.191216
-0.604453
-0.933229
-0.911374
-0.573572
-0.348305
-2.13809
-2.04865
-1.94753
-1.84536
-1.74943
-1.66377
-1.5879
-1.51777
-1.45065
-1.4008
-1.17024
-1.14823
-0.636046
-0.184695
-0.581719
-1.0142
-0.618522
-0.0223371
0.171788
-2.38908
-2.29717
-2.19755
-2.09735
-2.00209
-1.91545
-1.83833
-1.77006
-1.71352
-1.69925
-1.51489
-1.51545
-1.56992
-1.26242
-1.28622
-1.56957
-0.915744
-0.719617
-0.89018
-2.65458
-2.55343
-2.44959
-2.3473
-2.25061
-2.16276
-2.08536
-2.01947
-1.96873
-1.95197
-1.88944
-1.86706
-1.94605
-1.92714
-1.82939
-1.92953
-1.65921
-1.83959
-2.0803
-2.92876
-2.81452
-2.70243
-2.59495
-2.49504
-2.40534
-2.32755
-2.26328
-2.21613
-2.19385
-2.17244
-2.19122
-2.26343
-2.41424
-2.2636
-2.2567
-2.71233
-3.15096
-3.34223
-3.20723
-3.07722
-2.95409
-2.83933
-2.73494
-2.64264
-2.56365
-2.49932
-2.45176
-2.42207
-2.40964
-2.4416
-2.53658
-2.80498
-3.03833
-3.01478
-3.61327
-4.30735
-4.58539
-3.48618
-3.33824
-3.20243
-3.07929
-2.96966
-2.87406
-2.79292
-2.72694
-2.67688
-2.64263
-2.62628
-2.65922
-2.77406
-3.19197
-3.62106
-3.8105
-3.73948
-3.89526
-3.70824
-3.76092
-3.59394
-3.44504
-3.31337
-3.19827
-3.09895
-3.01494
-2.94624
-2.89281
-2.85369
-2.82783
-2.82899
-2.90255
-3.29857
-3.76795
-3.8609
-3.32297
-3.27659
-2.86158
-4.02551
-3.84013
-3.67909
-3.53965
-3.41947
-3.3165
-3.22947
-3.1577
-3.10052
-3.05607
-3.02521
-2.98474
-2.97296
-3.2731
-3.38016
-3.04334
-2.84113
-2.80058
-2.08648
-4.27322
-4.07221
-3.90134
-3.75577
-3.63162
-3.52589
-3.43654
-3.36228
-3.30161
-3.25128
-3.208
-3.16935
-3.16356
-3.37707
-3.56627
-3.61718
-3.06997
-2.75843
-1.88089
-4.49759
-4.28581
-4.10858
-3.9593
-3.8331
-3.72636
-3.63653
-3.56152
-3.49909
-3.44531
-3.39698
-3.35357
-3.32659
-3.35969
-3.74925
-4.11285
-4.06543
-3.65021
-3.8255
-4.69359
-4.47733
-4.29792
-4.14794
-4.0221
-3.91696
-3.82953
-3.75717
-3.69786
-3.64851
-3.60422
-3.56266
-3.54183
-3.75082
-3.96438
-4.05446
-4.11331
-3.86182
-3.92543
-4.85839
-4.64431
-4.46716
-4.31945
-4.19662
-4.09623
-4.01697
-3.95768
-3.9133
-3.88443
-3.86481
-3.84598
-3.86386
-4.15888
-4.97693
-4.28678
-4.50237
-4.42448
-4.20285
-4.99141
-4.78572
-4.61485
-4.472
-4.35406
-4.26142
-4.19961
-4.17132
-4.16107
-4.15945
-4.17721
-4.19403
-4.21568
-4.38885
-4.8422
-4.82567
-4.75061
-5.02029
-4.19185
-5.09447
-4.90255
-4.74124
-4.6046
-4.49116
-4.40607
-4.36801
-4.38894
-4.37252
-4.33142
-4.37082
-4.44032
-4.46681
-4.49332
-4.60441
-4.6929
-4.56416
-4.38143
-3.87075
-5.17185
-4.99799
-4.84893
-4.71852
-4.60477
-4.51608
-4.50513
-4.57544
-4.52928
-4.47853
-4.51416
-4.54613
-4.56419
-4.54696
-4.56944
-4.6281
-4.43592
-4.12298
-3.84746
-5.22959
-5.0773
-4.94352
-4.82019
-4.69901
-4.5801
-4.54029
-4.73456
-4.78387
-4.85333
-4.79663
-4.74024
-4.68542
-4.6618
-4.71718
-4.78311
-4.50366
-4.17584
-3.99883
-5.27426
-5.14648
-5.03292
-4.92403
-4.79922
-4.61204
-4.53468
-5.0859
-5.21924
-5.16979
-5.05751
-5.01939
-4.918
-4.83527
-4.82075
-4.79408
-4.59597
-4.45958
-4.37133
-5.31136
-5.20953
-5.12182
-5.04435
-4.96513
-4.8508
-5.00137
-5.91738
-5.63723
-5.38726
-5.178
-5.09985
-5.07885
-5.04377
-5.00892
-4.92732
-4.80578
-4.73958
-4.62598
-5.34486
-5.26716
-5.20507
-5.16535
-5.16998
-5.26737
-5.37891
-5.69335
-5.60226
-5.41503
-5.25125
-5.1774
-5.14778
-5.12883
-5.11556
-5.0554
-4.9521
-4.85605
-4.80532
-5.37837
-5.32035
-5.27629
-5.2565
-5.30759
-5.41197
-5.42362
-5.38656
-5.40886
-5.37791
-5.30335
-5.25862
-5.22838
-5.19973
-5.16507
-5.1118
-5.04679
-4.98768
-4.96368
-5.416
-5.37392
-5.34177
-5.32827
-5.37286
-5.43894
-5.41907
-5.38542
-5.41211
-5.41055
-5.37726
-5.34725
-5.31873
-5.2887
-5.25392
-5.21166
-5.1671
-5.13048
-5.1119
-5.46114
-5.43366
-5.41303
-5.40654
-5.46312
-5.52882
-5.49904
-5.48438
-5.4905
-5.48742
-5.46837
-5.44403
-5.41769
-5.38941
-5.35849
-5.32529
-5.29332
-5.26826
-5.25421
-5.51451
-5.50121
-5.49394
-5.49979
-5.58011
-5.6668
-5.62697
-5.60069
-5.59136
-5.5828
-5.567
-5.54613
-5.52254
-5.49719
-5.47061
-5.444
-5.4198
-5.40123
-5.39035
-5.57424
-5.57355
-5.57817
-5.59809
-5.68745
-5.83249
-5.77436
-5.7157
-5.6957
-5.68446
-5.67047
-5.6524
-5.6315
-5.60903
-5.5861
-5.56406
-5.54471
-5.53003
-5.52124
-5.63754
-5.64586
-5.65894
-5.68372
-5.7514
-5.92892
-5.92027
-5.81897
-5.79715
-5.78893
-5.77779
-5.76225
-5.74357
-5.72332
-5.70293
-5.68381
-5.66737
-5.65503
-5.64772
-5.70265
-5.71595
-5.73172
-5.75306
-5.78391
-5.86267
-5.89925
-5.881
-5.89394
-5.89706
-5.88978
-5.87595
-5.85843
-5.83933
-5.82029
-5.8027
-5.78777
-5.77662
-5.77033
-5.77067
-5.78557
-5.80117
-5.82158
-5.84898
-5.93325
-5.81658
-5.95373
-6.00499
-6.01546
-6.00855
-5.99408
-5.97615
-5.95696
-5.93808
-5.92086
-5.9064
-5.89548
-5.88926
706.947
710.787
716.937
728.312
749.029
776.19
808.028
842.317
878.106
914.806
950.747
982.889
1003.29
1006.64
1013.4
1006.13
961.847
891.525
864.077
846.103
855.989
842.584
832.167
645.984
650.467
656.008
666.709
689.049
716.721
748.542
782.688
818.651
855.761
892.324
925.116
949.042
952.248
951.07
942.677
902.431
839.589
791.362
779.557
790.337
779.194
771.015
581.362
587.081
590.799
600.132
627.712
656.19
687.77
722.034
758.533
796.601
834.603
869.265
895.337
901.142
897.635
884.76
849.537
797.894
733.914
718.076
722.1
713.279
707.125
513.768
519.983
517.05
523.86
565.433
595.526
626.278
660.349
697.49
737.091
777.505
815.28
845.131
857.685
851.647
830.083
791.331
739.349
681.51
656.46
653.211
646.313
641.428
442.932
448.993
439.131
448.212
504.496
534.911
563.902
597.533
635.454
677.094
720.853
763.011
797.51
814.655
807.636
778.327
731.095
673.577
618.05
590.393
583.805
578.388
574.108
368.746
375.847
366.352
382.206
444.487
473.155
500.18
533.389
572.218
616.33
664.361
712.273
752.708
774.379
766.62
728.569
668.325
601.451
546.027
519.316
513.498
509.674
505.075
291.468
302.228
301.739
325.805
380.916
408.248
434.544
467.673
507.495
554.383
607.591
662.793
710.886
737.994
729.383
680.294
601.778
521.639
466.467
443.272
442.235
440.673
434.045
212.437
229.019
241.331
271.84
312.691
339.585
366.769
400.195
440.936
490.69
549.919
614.154
672.062
706.22
696.598
632.79
529.007
432.434
378.686
362.158
370.918
370.53
358.058
390.957
445.65
364.9
358.921
340.046
403.505
698.129
812.047
842.706
911.656
905.178
793.742
1006.45
1067.21
772.934
734.295
719.934
715.103
907.324
300.032
310.536
289.91
321.65
281.048
315.774
623.932
760.45
761.478
861.38
811.157
714.076
906.417
939.502
670.895
672.13
663.758
574.552
821.242
298.087
281.295
283.586
295.158
275.066
274.204
550.811
705.442
639.637
789.02
754.672
641.77
716.345
717.108
539.794
608.292
647.984
461.756
730.595
289.645
281.722
268.824
272.737
273.741
274.176
534.688
681.921
573.079
776.104
735.368
600.218
561.463
420.882
392.547
555.512
565.465
458.962
726.613
291.811
271.201
258.039
270.22
274.403
270.623
569.139
762.32
567.499
757.324
679.02
605.978
477.245
228.286
275.417
494.288
502.765
515.38
754.639
278.072
250.04
220.393
201.338
188.41
167.986
528.631
782.198
473.457
648.437
601.754
627.843
354.989
194.59
218.447
377.946
426.938
586.134
806.987
234.418
222.072
110.248
47.9634
7.71423
-2.6635
225.713
581.312
378.099
514.379
531.544
616.1
329.769
201.644
222.327
272.604
327.905
613.204
855.083
215.581
167.923
43.7652
-4.2245
-9.16438
-8.21191
85.564
338.206
262.398
412.302
447.97
520.402
425.748
218.265
225.477
255.013
241.972
580.035
868.88
102.215
137.312
166.673
193.009
220.092
248.038
277.382
311.219
352.604
405.648
473.574
552.109
626.313
672.582
663.223
573.099
415.618
286.025
239.598
231.542
266.676
280.985
230.625
13.5743
19.1891
24.7765
32.9817
60.8134
92.9509
125.486
157.031
195.025
248.478
331.843
443.276
555.965
631.472
619.431
465.018
192.321
126.229
135.345
155.866
206.308
184.02
111.681
12.8267
12.3905
12.232
12.1531
11.3632
12.1491
15.6876
22.9504
34.7834
55.987
144.159
308.962
479.501
599.142
607.635
423.78
152.366
116.894
110.556
76.5398
51.9352
65.0309
65.5059
12.2099
12.0286
11.7596
11.3234
10.9174
11.0043
11.2429
11.409
11.6139
11.2116
16.9687
147.253
341.398
429.215
346.575
261.669
76.9769
43.6767
33.7008
29.0905
29.0301
30.0171
48.0667
11.3675
11.2215
10.8868
10.3633
10.3304
10.6771
11.0087
11.2418
11.4057
11.5173
10.335
40.8604
143.161
200.461
196.283
144.399
32.3717
30.2596
29.241
28.6667
28.3479
28.1549
28.2287
10.4639
10.3528
10.1516
9.95716
10.1762
10.5873
10.8814
11.1205
11.2284
11.3118
4.59516
-10.0004
42.2619
104.165
127.456
84.788
33.4382
30.1239
28.8098
28.2809
27.6838
27.3615
27.1736
9.6432
9.60652
9.61125
9.76551
10.2098
10.68
10.7565
10.9357
10.9147
5.1303
2.82219
-1.23092
0.160233
1.56129
29.8483
42.7166
38.7664
28.3492
27.429
27.7755
27.1761
26.8131
26.8185
8.80138
8.80758
8.91364
9.21885
9.89257
10.9146
10.2056
7.58458
2.91148
4.174
4.92118
1.67819
-0.419035
-0.5325
0.156751
14.5431
36.7559
20.469
25.2394
25.7637
27.3784
26.7633
27.118
7.89012
7.90198
7.99672
8.16784
8.4451
8.11929
4.03354
4.62919
1.81251
2.38081
3.94354
1.14143
-0.0575648
-0.113932
0.297351
0.19728
8.0521
8.86465
22.8093
44.3667
25.8747
14.8154
15.1767
7.02836
6.97903
6.98191
6.87961
6.45734
4.90998
0.719372
0.536296
1.23357
2.14164
2.30905
0.317826
0.0278882
0.273158
0.340399
0.417219
0.535183
3.52893
7.90226
16.8088
-0.102742
-0.10286
-0.719002
6.16678
6.10915
6.03515
5.80423
5.28771
4.30453
2.95118
2.63232
2.47365
1.78998
0.568122
-4.31109
0.197974
0.294121
0.244858
0.167961
-0.181264
-0.00205395
1.31606
4.51181
-0.24028
-0.84015
-1.07643
5.42484
5.35997
5.23534
4.99626
4.61564
4.13656
3.85411
4.37005
4.09689
-0.846929
-4.18609
0.501495
0.231803
0.246391
0.143091
0.196201
-0.030842
-0.0975963
-0.082646
0.862671
-3.70128
-1.80135
-1.74065
4.76534
4.6803
4.5451
4.32754
4.03317
3.71701
3.53235
3.49182
1.32759
0.121189
0.64834
0.256298
0.487921
0.961598
-2.52152
-0.0152516
-0.281108
-0.232658
-0.1448
-0.242028
-0.973878
-1.81943
-1.94528
4.14422
4.06606
3.92825
3.7306
3.46855
3.13839
2.6874
1.78071
-0.171037
-0.940929
-0.627513
-0.146619
0.136691
-1.97282
-11.9996
-0.913901
-0.477701
-0.325699
-0.281098
-1.73226
-1.71829
-1.68417
-1.80107
3.55588
3.49049
3.36865
3.19551
2.96326
2.65191
2.20683
1.49531
0.345255
-0.439742
-0.511798
-0.286309
0.172318
-1.32666
-1.80745
-0.245557
-0.396815
-0.160172
-0.705866
-2.09302
-1.98816
-1.88072
-1.93016
3.01935
2.96366
2.862
2.72159
2.53866
2.29918
1.97914
1.54777
1.00988
0.552277
0.357646
0.482301
0.816863
1.12966
3.10518
0.986441
0.152237
-0.0406332
-1.27724
-2.28299
-2.29048
-2.21072
-2.20424
2.5298
2.47754
2.39489
2.29319
2.17328
2.02839
1.85077
1.63994
1.41366
1.21946
1.10502
1.09135
1.13995
1.0936
1.10612
1.46366
0.262094
-0.446118
-1.62348
-2.70905
-2.68073
-2.58733
-2.52758
2.07353
2.01409
1.94466
1.88393
1.83425
1.7907
1.74936
1.71037
1.67376
1.63162
1.56895
1.49511
1.44548
1.38553
1.32077
1.18389
-1.54847
-2.70675
-3.21215
-3.11396
-3.04115
-2.94009
-2.85354
1.64627
1.54808
1.47883
1.4604
1.48735
1.54775
1.63386
1.74025
1.85308
1.93109
1.91225
1.79155
1.73983
1.81687
1.88803
2.01877
-1.5039
-3.92562
-3.55174
-3.4324
-3.36439
-3.27726
-3.17804
1.24885
1.02713
0.94375
0.980451
1.09749
1.26663
1.47215
1.70702
1.95933
2.1745
2.22178
1.99869
1.85519
2.08692
1.91888
0.079513
-2.64827
-4.19009
-3.8567
-3.76302
-3.72115
-3.63028
-3.50937
0.86415
0.296497
0.246429
0.385553
0.623406
0.910856
1.22257
1.55441
1.91679
2.32086
2.53695
0.952263
1.50955
1.49583
-1.38005
-4.55847
-5.49077
-4.85422
-4.43673
-4.27372
-4.16069
-4.01374
-3.85196
0.155768
-1.10376
-0.728873
-0.3981
0.0206812
0.44093
0.836334
1.17225
1.45613
1.86403
0.750324
-2.74233
-4.30659
-7.93999
-8.66604
-7.51515
-6.64405
-5.92288
-5.31916
-4.93586
-4.66269
-4.42058
-4.2016
-8.44773
-3.99069
-2.07451
-1.51524
-0.771596
-0.210464
0.289118
0.500169
0.340277
-0.781026
-5.15442
-8.59991
-9.6365
-9.73901
-9.43641
-8.71208
-7.95694
-7.1372
-6.28808
-5.6314
-5.1757
-4.82784
-4.54501
-0.644871
-4.45728
-3.49504
-2.87789
-1.68332
-1.19917
-0.639261
-0.337849
-0.424903
-2.25995
-8.35146
-9.3043
-9.65281
-10.0392
-10.0981
-9.68876
-8.96622
-8.12771
-7.12898
-6.25334
-5.64595
-5.20553
-4.86403
6.64853
-1.6086
-2.14292
-2.60654
-2.85644
-3.22014
-2.38339
-1.71002
-1.34817
-8.03202
-9.86125
-9.92188
-10.2162
-10.5853
-10.7876
-10.5832
-9.80934
-8.91958
-7.78996
-6.74488
-6.0322
-5.52578
-5.14109
0.544067
-2.32525
-2.81681
-3.36958
-3.98692
-4.79695
-4.71563
-4.36754
-4.92816
-10.71
-10.7405
-10.6761
-10.5958
-10.9244
-11.493
-11.846
-10.6095
-9.38459
-8.17103
-7.05355
-6.3042
-5.76888
-5.36342
-1.34168
-2.54894
-3.50456
-4.40149
-4.96274
-6.00579
-7.09156
-8.1382
-9.63519
-11.8393
-12.0892
-11.7243
-10.6667
-10.8238
-11.4393
-11.1983
-10.1279
-9.27825
-8.22095
-7.17463
-6.45559
-5.92801
-5.52516
-0.734805
-2.56306
-3.82972
-5.09313
-6.13532
-8.04215
-8.43947
-10.0821
-12.3003
-13.3006
-13.56
-12.5957
-10.9604
-10.8048
-10.8366
-10.3693
-9.77652
-9.11962
-8.08223
-7.15394
-6.4987
-6.00692
-5.62705
-0.658933
-2.90051
-4.26028
-5.5267
-6.93074
-7.99111
-8.03529
-11.3785
-14.5829
-14.3264
-13.6213
-12.6079
-11.906
-11.3222
-10.1558
-9.9816
-9.74838
-8.90103
-7.81806
-7.02071
-6.451
-6.01654
-5.67582
-2.86546
-4.30883
-5.42734
-5.74708
-5.71855
-5.65099
-6.12138
-9.42982
-14.5812
-14.2212
-13.5672
-12.3261
-10.4769
-9.20829
-9.80059
-10.0934
-9.4063
-8.35172
-7.41965
-6.79817
-6.33574
-5.97372
-5.68285
-4.57971
-5.90304
-6.71808
-6.11071
-4.85737
-3.78304
-3.90177
-6.30382
-9.6817
-10.7876
-10.7626
-10.5341
-9.34409
-8.56709
-8.75394
-8.98034
-8.34738
-7.56012
-6.97303
-6.53594
-6.18572
-5.89968
-5.66223
-5.86008
-7.39425
-7.91787
-6.59515
-4.93285
-3.92695
-3.94584
-5.10478
-6.91328
-8.23204
-8.72546
-8.74262
-8.37447
-8.02558
-7.85517
-7.68543
-7.32051
-6.9317
-6.58444
-6.28686
-6.03239
-5.81475
-5.6278
-4.2189
-7.76003
-8.34778
-6.77301
-5.20118
-4.49709
-4.49054
-5.08668
-6.01106
-6.83159
-7.30618
-7.49252
-7.46456
-7.33111
-7.16783
-6.97031
-6.74201
-6.50483
-6.28075
-6.07725
-5.89533
-5.73376
-5.59068
-4.47387
-5.76413
-6.48939
-5.90877
-5.179
-4.84964
-4.86212
-5.16937
-5.65764
-6.14655
-6.50554
-6.71208
-6.78249
-6.74942
-6.64956
-6.51249
-6.35839
-6.20159
-6.05155
-5.91166
-5.78297
-5.66541
-5.55872
-4.88204
-4.5861
-4.678
-4.99505
-4.99427
-4.96471
-5.02834
-5.21693
-5.49774
-5.79709
-6.04786
-6.21907
-6.30481
-6.31422
-6.26651
-6.18371
-6.08487
-5.98217
-5.88194
-5.78673
-5.69735
-5.61402
-5.5369
-4.5877
-4.36491
-4.41934
-4.72228
-4.89738
-4.99239
-5.09121
-5.23222
-5.41326
-5.60625
-5.77851
-5.90781
-5.9845
-6.00981
-5.99347
-5.94913
-5.88996
-5.82529
-5.76035
-5.69753
-5.63768
-5.58112
-5.52803
-4.557
-4.48103
-4.54063
-4.74079
-4.90429
-5.02211
-5.12761
-5.24261
-5.37093
-5.50283
-5.62296
-5.71796
-5.78034
-5.80931
-5.80964
-5.78924
-5.75648
-5.71817
-5.67836
-5.6393
-5.60193
-5.56653
-5.5331
-4.69171
-4.66997
-4.7302
-4.85987
-4.98091
-5.08321
-5.17681
-5.26982
-5.36484
-5.45857
-5.5437
-5.61277
-5.66118
-5.68805
-5.69577
-5.68889
-5.67273
-5.65185
-5.6296
-5.60789
-5.58763
-5.56897
-5.55162
-4.87569
-4.8749
-4.93025
-5.01649
-5.09994
-5.17771
-5.25153
-5.32294
-5.39281
-5.45958
-5.51947
-5.5686
-5.6045
-5.62662
-5.63623
-5.63605
-5.62945
-5.61959
-5.60908
-5.59963
-5.5921
-5.58647
-5.58207
-5.08538
-5.09078
-5.13493
-5.19113
-5.24551
-5.29908
-5.35149
-5.40219
-5.45089
-5.49636
-5.53657
-5.56968
-5.5945
-5.61076
-5.6192
-5.62147
-5.61969
-5.6161
-5.61272
-5.6113
-5.61279
-5.617
-5.62271
-5.30968
-5.31425
-5.34492
-5.37798
-5.40917
-5.44105
-5.47313
-5.50446
-5.53428
-5.56161
-5.5855
-5.60518
-5.62014
-5.63025
-5.63594
-5.63815
-5.63815
-5.63738
-5.63739
-5.64022
-5.64752
-5.65891
-5.67219
-5.54352
-5.54508
-5.56068
-5.57401
-5.58602
-5.59897
-5.61241
-5.62562
-5.63808
-5.64936
-5.65915
-5.66722
-5.67337
-5.67757
-5.67999
-5.68099
-5.68113
-5.68108
-5.68195
-5.68441
-5.69457
-5.71168
-5.73076
177.801
179.787
185.282
197.863
89.4066
86.0311
85.806
99.3303
86.4183
84.2756
82.7125
80.4786
73.8472
74.9924
73.1188
71.1284
49.4847
52.7546
51.0831
53.0898
26.5709
26.1513
25.8284
24.6552
26.2883
25.8899
25.6488
25.4552
26.5494
26.107
25.8277
25.5083
19.3212
21.5917
21.0366
15.8561
-0.79098
3.12656
-0.562204
-0.588179
-1.13549
-1.18501
-1.02057
-0.946074
-1.63027
-1.50172
-1.3723
-1.26531
-1.8552
-1.74484
-1.63907
-1.54588
-1.83122
-1.81941
-1.78654
-1.74253
-1.96702
-1.97284
-1.96083
-1.93523
-2.20953
-2.20408
-2.1884
-2.16349
-2.50079
-2.47734
-2.44967
-2.41791
-2.8057
-2.76798
-2.72909
-2.68901
-3.11589
-3.06713
-3.01838
-2.96965
-3.43241
-3.37249
-3.31337
-3.25526
-3.75563
-3.68226
-3.61113
-3.54232
-4.08078
-3.99139
-3.90658
-3.82593
-4.39742
-4.29099
-4.19199
-4.09935
-4.69184
-4.56989
-4.45808
-4.35479
-4.95075
-4.81722
-4.69583
-4.58474
-5.16409
-5.02458
-4.89827
-4.78335
-5.32675
-5.18761
-5.06175
-4.9475
-5.43874
-5.30609
-5.18591
-5.0767
-5.50511
-5.38403
-5.2739
-5.17334
-5.53481
-5.42883
-5.33173
-5.24238
-5.53896
-5.44971
-5.36715
-5.2905
-5.52866
-5.45608
-5.38832
-5.32491
-5.51331
-5.45615
-5.40238
-5.35184
-5.50003
-5.45635
-5.41504
-5.37608
-5.49382
-5.46156
-5.43086
-5.40175
-5.49797
-5.47531
-5.45357
-5.43279
-5.51402
-5.49952
-5.48552
-5.47205
-5.54176
-5.53425
-5.52701
-5.52008
-5.57982
-5.57813
-5.57657
-5.57521
-5.62644
-5.62929
-5.63215
-5.63505
-5.68026
-5.68635
-5.69224
-5.69796
-5.74184
-5.75002
-5.75772
-5.76493
210.307
153.774
27.6442
-8.12662
-9.82531
-8.92454
70.7558
185.702
163.599
313.676
391.438
424.474
390.436
184.739
189.088
269.332
302.289
525.461
782.855
111.559
96.8799
12.5784
-10.1175
-21.2779
-4.90642
102.472
171.913
131.405
221.154
281.975
158.111
149.16
31.6123
45.5104
254.21
343.347
426.725
593.885
77.1885
72.1326
63.7424
14.0747
69.3527
193.401
277.656
229.361
189.613
215.932
209.367
41.0834
19.6295
-0.359421
-44.3827
92.8507
294.46
241.286
285.631
52.8251
70.8419
99.6032
85.3654
206.228
389.899
389.081
283.692
254.044
221.928
142.076
21.8874
8.72859
7.24183
13.9297
-6.49763
77.5931
108.984
189.999
69.2179
24.0918
68.3723
79.7304
162.641
267.145
267.751
205.889
63.5067
18.8994
16.3849
20.4804
8.41756
6.74842
8.32966
1.51506
34.2601
33.8248
61.2208
19.6869
-43.159
51.0439
45.9554
1.97587
4.26346
7.84464
6.83226
6.34884
6.27384
5.84458
10.7553
6.27943
9.54219
10.7629
26.0969
23.9051
24.4242
25.3887
25.1835
27.6384
19.6448
6.44983
1.9633
1.95098
4.34354
5.60286
5.99058
5.81028
5.20978
4.6462
8.40598
0.322474
13.3302
15.876
18.3961
24.7795
24.2135
25.0584
24.0704
7.68425
1.32068
0.983697
-0.0774324
2.34796
4.0311
4.65912
4.16185
3.9988
3.96469
3.23893
-0.711289
-1.66099
2.43714
2.68318
11.0587
17.6007
15.2736
8.54576
1.32003
0.731824
0.662232
-0.00663037
0.584704
0.648792
0.952244
1.60614
1.91969
2.44246
0.811755
-1.23288
-1.47726
-0.258865
0.0508571
0.558759
8.18264
-0.630584
0.0524894
0.679125
0.748975
0.641072
0.0308009
-0.0539878
-0.0531606
-0.0353928
-0.0318561
-1.1275
0.039273
-0.686619
-2.68769
-2.91158
-1.67225
-1.00672
-0.767966
2.25593
-0.934993
-0.750001
-0.419441
-0.218874
-0.242903
-0.306037
-0.334115
-0.401334
-0.407875
-0.517461
-0.975009
-0.680537
-1.20574
-3.1919
-3.41677
-2.08834
-1.52838
-1.21946
-0.824388
-1.1442
-0.998715
-0.768134
-0.599883
-0.568556
-0.568215
-0.575508
-0.598772
-0.580082
-0.632463
-1.03727
-0.548739
-0.733938
-1.67975
-2.1602
-1.68847
-1.41278
-1.24252
-1.09504
-1.41054
-1.26849
-1.10737
-0.977239
-0.891003
-0.843926
-0.812043
-0.772645
-0.708519
-0.6957
-0.8604
-0.387308
-0.517718
-0.869599
-1.24149
-1.25717
-1.20843
-1.09097
-0.915577
-1.63983
-1.51331
-1.38516
-1.27221
-1.17965
-1.1111
-1.05472
-0.990067
-0.893497
-0.823228
-1.00032
-0.257535
-0.328741
-0.612707
-0.934451
-1.08469
-1.04174
-0.847576
-0.692621
-1.86076
-1.75465
-1.64361
-1.53899
-1.44727
-1.37043
-1.30186
-1.23028
-1.14452
-0.984135
-0.95012
-0.267529
-0.0930171
-0.381147
-0.804508
-0.975398
-0.751049
-0.437168
-0.338106
-2.0957
-1.99882
-1.89604
-1.79628
-1.70523
-1.62483
-1.55237
-1.48305
-1.43159
-1.27492
-1.17821
-1.04495
-0.330794
-0.266827
-0.913597
-0.908803
-0.324429
-0.156688
-0.0681798
-2.34459
-2.24784
-2.14714
-2.04882
-1.95757
-1.87575
-1.80307
-1.73915
-1.70507
-1.60383
-1.51995
-1.5081
-1.52847
-1.20435
-1.50074
-1.33862
-0.571897
-0.817057
-0.822361
-2.6046
-2.50158
-2.39799
-2.29802
-2.20544
-2.12271
-2.05084
-1.99131
-1.95925
-1.92779
-1.87472
-1.86494
-2.02088
-1.73971
-1.85103
-1.86173
-1.33752
-1.84295
-0.793722
-2.87151
-2.75808
-2.64793
-2.54386
-2.4488
-2.36488
-2.2936
-2.23693
-2.20092
-2.18078
-2.17853
-2.20855
-2.38688
-2.3049
-2.23663
-2.32
-3.01107
-3.3177
-1.86874
-3.14145
-3.01473
-2.89554
-2.78571
-2.6872
-2.6014
-2.52955
-2.47331
-2.43471
-2.41182
-2.41399
-2.47423
-2.65287
-2.9367
-3.05487
-3.08307
-4.19742
-3.86492
-2.61937
-3.41074
-3.2688
-3.13922
-3.02275
-2.92009
-2.83165
-2.75797
-2.69993
-2.65812
-2.63289
-2.63411
-2.70718
-2.95076
-3.4438
-3.67708
-3.84426
-3.856
-3.61801
-2.48104
-3.67511
-3.5173
-3.37709
-3.2538
-3.14668
-3.05504
-2.97866
-2.91763
-2.87161
-2.83957
-2.82098
-2.83847
-3.05454
-3.58975
-3.82535
-3.57135
-3.26925
-3.12409
-2.74492
-3.92959
-3.75677
-3.60682
-3.47729
-3.36593
-3.27105
-3.1917
-3.12737
-3.07681
-3.03775
-3.00524
-2.97738
-3.06457
-3.43497
-3.17009
-2.91248
-2.86978
-2.48829
-2.02324
-4.1686
-3.98334
-3.82565
-3.69122
-3.57659
-3.47926
-3.39759
-3.33041
-3.2754
-3.22899
-3.18827
-3.16289
-3.24001
-3.52796
-3.55394
-3.32783
-2.88501
-2.32426
-2.13099
-4.38686
-4.19333
-4.03079
-3.89354
-3.77748
-3.67947
-3.59729
-3.52895
-3.47139
-3.42065
-3.37477
-3.33952
-3.33622
-3.4106
-4.02612
-4.13283
-3.92878
-3.38333
-3.03284
-4.58021
-4.38356
-4.21966
-4.08224
-3.96713
-3.87121
-3.79158
-3.72598
-3.67233
-3.62596
-3.58329
-3.54775
-3.56086
-3.89765
-3.97455
-4.11093
-4.01771
-3.72893
-3.73002
-4.74604
-4.55166
-4.38998
-4.25509
-4.14375
-4.05392
-3.98515
-3.9337
-3.89727
-3.87405
-3.8555
-3.84474
-3.93719
-4.55043
-4.76422
-4.34317
-4.57937
-4.18882
-4.10462
-4.88355
-4.69646
-4.5402
-4.40995
-4.30449
-4.22636
-4.18159
-4.16532
-4.15846
-4.16594
-4.18822
-4.19895
-4.27115
-4.58658
-5.00641
-4.66148
-4.9282
-4.56838
-3.84802
-4.99407
-4.81854
-4.67005
-4.54474
-4.44418
-4.37939
-4.37535
-4.38937
-4.34871
-4.33841
-4.41085
-4.45711
-4.47708
-4.53389
-4.6873
-4.63686
-4.49251
-4.11973
-3.81013
-5.08125
-4.92082
-4.78167
-4.65935
-4.5559
-4.49357
-4.55307
-4.5616
-4.4925
-4.48846
-4.5321
-4.55919
-4.56067
-4.54448
-4.61168
-4.56822
-4.28
-3.97204
-3.80736
-5.15057
-5.00859
-4.88107
-4.7598
-4.63852
-4.5353
-4.64693
-4.75669
-4.82657
-4.83131
-4.77127
-4.71645
-4.66342
-4.67188
-4.77367
-4.68797
-4.31566
-4.09017
-3.9489
-5.20809
-5.0884
-4.97872
-4.86565
-4.71984
-4.53156
-4.81011
-5.19246
-5.2011
-5.1147
-5.0284
-4.98092
-4.8747
-4.81795
-4.82756
-4.70668
-4.50327
-4.42909
-4.28884
-5.25846
-5.1641
-5.08213
-5.00592
-4.91297
-4.78846
-5.47605
-5.80103
-5.4976
-5.2813
-5.11695
-5.08659
-5.07002
-5.02568
-4.96793
-4.86123
-4.77117
-4.6806
-4.59356
-5.30421
-5.23393
-5.18153
-5.15839
-5.20724
-5.32033
-5.54801
-5.69577
-5.5
-5.33382
-5.20411
-5.16157
-5.13647
-5.1259
-5.09021
-5.00842
-4.90195
-4.82532
-4.79653
-5.34792
-5.29617
-5.26216
-5.26803
-5.36004
-5.43675
-5.39593
-5.39609
-5.40321
-5.33908
-5.27759
-5.24313
-5.21403
-5.18411
-5.14111
-5.07935
-5.01507
-4.9689
-4.95989
-5.39401
-5.35625
-5.33101
-5.33804
-5.41409
-5.43877
-5.39682
-5.39471
-5.41668
-5.39412
-5.362
-5.33306
-5.30405
-5.27216
-5.23368
-5.18901
-5.14708
-5.11783
-5.11265
-5.44679
-5.42223
-5.40696
-5.42343
-5.50892
-5.51735
-5.48935
-5.48603
-5.49154
-5.47929
-5.45654
-5.43106
-5.40384
-5.37431
-5.34204
-5.30882
-5.27953
-5.25968
-5.25304
-5.50737
-5.49651
-5.4945
-5.52414
-5.64281
-5.65149
-5.61292
-5.59474
-5.58808
-5.57584
-5.55702
-5.5346
-5.51006
-5.48401
-5.45719
-5.4314
-5.40955
-5.39474
-5.38802
-5.57342
-5.57529
-5.58523
-5.62433
-5.77577
-5.82813
-5.73397
-5.70259
-5.6903
-5.67809
-5.66188
-5.64222
-5.62039
-5.59755
-5.57487
-5.55392
-5.5366
-5.52473
-5.51866
-5.64135
-5.65137
-5.66862
-5.70602
-5.8341
-5.97213
-5.8404
-5.804
-5.79337
-5.78396
-5.77051
-5.7532
-5.73355
-5.71305
-5.69313
-5.67517
-5.66055
-5.65033
-5.64465
-5.70917
-5.72323
-5.74123
-5.76773
-5.81267
-5.90622
-5.88073
-5.8895
-5.89725
-5.89446
-5.88348
-5.8675
-5.84897
-5.82971
-5.81123
-5.79483
-5.78164
-5.77222
-5.76633
-5.77824
-5.79303
-5.81051
-5.83696
-5.87581
-5.9283
-5.90475
-5.9867
-6.01349
-6.01335
-6.00193
-5.98539
-5.9666
-5.94739
-5.92919
-5.91323
-5.90046
-5.89127
-5.88448
706.554
678.381
684.105
690.602
707.583
732.319
762.372
795.405
830.353
866.812
903.649
938.181
966.876
978.294
981.272
980.607
957.889
894.102
841.753
811.203
820.69
818.824
805.205
646.115
615.796
622.401
626.938
645.919
671.966
702.016
735.092
770.376
807.37
845.008
880.844
911.251
926.395
924.49
920.393
898.597
849.982
788.691
746.091
755.401
752.231
741.886
581.371
550.403
556.468
554.103
579.636
611.316
641.124
673.869
709.428
747.334
786.568
824.654
857.515
877.168
877.897
867.884
841.125
796.805
738.267
692.093
688.831
684.161
676.372
513.209
481.78
484.606
473.109
511.058
551.379
579.765
611.664
647.42
686.57
728.15
769.607
806.429
831.183
835.126
818.912
784.557
735.441
677.455
632.937
620.987
615.626
609.533
441.982
409.97
410.293
397.639
446.881
491.843
517.546
548.276
584.228
624.909
669.529
715.502
757.596
787.391
793.892
772.929
728.535
669.341
607.858
565.322
551.027
546.535
541.436
367.919
335.51
338.18
333.32
386.169
429.802
453.467
483.375
519.631
562.049
610.334
662.032
711.004
746.924
756.089
729.926
672.121
598.022
531.407
490.824
478.727
477.106
472.332
291.783
258.955
269.455
278.264
325.939
362.425
386.689
416.679
453.376
497.582
550.031
608.735
666.419
710.228
722.734
689.975
613.78
518.834
446.735
409.391
403.742
407.753
402.722
210.774
181.407
202.663
225.707
261.648
291.47
317.486
348.151
385.229
430.995
487.891
554.966
623.653
677.558
694.736
654.322
552.657
426.329
349.889
316.577
322.703
340.479
328.49
459.711
424.298
322.788
323.405
309.025
314.482
485.729
755.185
787.923
844.798
905.705
795.128
793.517
1084.58
862.057
671.643
698.999
706.692
720.664
384.631
310.794
281.448
307.184
284.093
276.897
360.972
706.4
706.858
756.443
830.23
718.493
664.348
931.849
691.423
607.764
668.728
589.129
543.805
394.461
286.213
278.173
281.21
274.339
275.083
271.175
687.29
601.756
681.201
791.807
683.501
589.579
691.763
450.847
535.152
596.005
533.206
488.086
344.33
287.215
264.544
269.404
272.564
275.172
271.093
762.289
590.252
677.657
781.88
625.075
576.039
407.762
275.828
467.225
536.688
510.574
589.75
316.714
275.737
241.788
253.695
257.439
264.226
281.773
855.376
570.819
614.961
696.081
618.223
615.577
234.789
209.502
319.013
454.433
491.148
703.777
275.192
256.09
206.903
148.159
114.755
93.4864
120.507
774.387
450.834
485.726
565.354
616.493
593.941
187.548
206.44
248.661
358.864
456.832
785.51
229.596
232.385
117.249
24.0989
-5.12578
-8.79941
-3.83661
488.544
346.425
367.865
451.815
567.79
555.121
218.306
213.822
241.723
256.802
367.929
840.827
225.717
215.81
90.5233
13.9671
-9.48043
-9.14291
-2.21138
274.365
228.341
237.619
403.541
480.11
512.013
274.9
221.407
232.05
253.19
313.565
827.071
96.075
48.3237
77.8363
93.7104
122.716
156.338
186.256
217.581
253.919
300.64
365.437
451.818
547.446
627.202
657.142
592.751
405.598
189.326
146.225
154.803
220.185
245.539
179.874
13.5701
12.6878
12.3918
12.4249
14.8937
22.6111
41.0729
62.2364
91.5743
130.549
196.989
312.741
452.005
573.077
627.417
553.726
291.042
132.182
125.326
132.48
140.362
146.256
88.6954
12.9698
12.4025
12.1649
11.9743
11.6311
11.3589
11.2273
11.4268
11.9832
13.5508
19.5465
134.72
327.318
513.219
567.697
474.395
231.586
70.7163
88.4859
41.8652
29.2555
32.0629
50.022
12.2851
11.7479
11.5399
11.0632
10.569
10.6418
10.9482
11.2087
11.4311
11.5709
11.9103
39.894
151.653
279.166
226.552
217.385
108.839
27.3592
29.9211
28.9967
28.7027
28.5613
31.5923
11.415
10.8458
10.6565
10.2614
10.0713
10.3713
10.7787
11.0584
11.2545
11.3745
11.4172
-3.17415
52.2534
130.726
182.422
155.34
61.3251
30.4292
29.5794
28.763
28.2734
27.8594
27.7392
10.5003
10.0147
9.92941
9.84956
10.0014
10.4282
10.7448
10.9848
11.1547
11.1386
-2.05333
-20.3904
0.0693464
13.1207
57.2209
72.8779
46.5309
31.1626
28.5073
28.2748
27.7509
27.0958
26.9819
9.65865
9.22243
9.24359
9.38919
9.80358
10.4818
10.6887
10.7265
1.23923
-6.12169
4.0074
2.14134
-0.113635
-0.424663
0.749698
20.7359
34.6689
32.6947
25.7673
26.8823
27.4878
26.9424
27.1141
8.82282
8.35371
8.40727
8.5856
9.00805
9.81733
10.3575
1.94693
1.76383
1.18872
5.18824
3.94122
0.532792
-0.450657
0.0123134
-0.113797
13.283
17.3611
15.5372
33.5828
23.0319
25.9768
23.961
7.99717
7.43836
7.47264
7.51195
7.49239
7.07327
3.80738
0.846917
0.504666
1.79007
2.42348
2.26061
-0.0991939
0.0337511
0.203466
0.502124
-0.286258
5.65072
8.95839
25.6537
31.4206
0.520226
6.27728
7.09038
6.55082
6.52305
6.42371
6.09968
5.21559
2.93532
1.58438
1.60506
1.88172
2.00183
1.45272
-0.464552
0.340419
0.300824
0.284871
0.0822636
0.186705
1.42248
8.02659
1.64051
-0.479313
-0.708979
6.15192
5.78098
5.67397
5.51745
5.17944
4.60871
3.86033
3.5519
3.70363
2.5097
-1.49305
-5.3413
-0.0223206
0.299851
0.213541
0.209867
0.0387854
-0.191515
0.0478585
0.727791
1.41357
-1.40481
-1.39352
5.39389
5.07698
4.95305
4.77803
4.49671
4.13187
3.83727
4.02631
4.74728
2.63802
-0.726263
0.709161
0.499557
0.484207
0.955845
0.140794
0.0156636
-0.188836
-0.143928
0.0494023
0.539785
-1.73918
-1.9902
4.76347
4.42195
4.30703
4.13427
3.89157
3.5913
3.26622
2.85829
1.11362
0.69699
-0.168247
-0.127249
0.255435
0.398104
-5.68417
-8.41635
-0.404029
-0.35488
-0.236322
-0.510938
-1.63327
-1.52423
-1.79745
4.15427
3.81828
3.71353
3.55565
3.33891
3.05314
2.6647
2.04593
0.740951
-0.575738
-0.758376
-0.528863
-0.12946
-0.164695
-6.23659
-2.70249
-0.470716
-0.425947
-0.242807
-0.705985
-2.07467
-1.7903
-1.78276
3.58095
3.261
3.17094
3.0363
2.85392
2.61238
2.28534
1.82013
1.14176
0.335997
-0.0836117
-0.0701976
0.27943
0.650991
-0.334255
2.12454
-0.176088
0.0139219
-0.682328
-1.22678
-2.17899
-2.06967
-2.03422
3.04713
2.75119
2.67484
2.56754
2.43122
2.25964
2.04016
1.75921
1.41766
1.06887
0.832799
0.777103
0.907557
1.03245
1.29645
2.31211
0.438589
0.0898447
-0.719221
-2.46332
-2.49692
-2.44005
-2.37535
2.55555
2.27565
2.20846
2.12911
2.04615
1.95686
1.8557
1.74075
1.61736
1.49854
1.39942
1.3283
1.29685
1.2603
1.14535
1.17782
1.0241
-0.783303
-1.82194
-2.96412
-2.90145
-2.81706
-2.72598
2.10513
1.82033
1.74773
1.69245
1.66707
1.66577
1.6819
1.71198
1.75204
1.78631
1.77841
1.70692
1.62222
1.59966
1.60331
1.70474
0.326619
-0.242957
-3.50146
-3.32307
-3.2475
-3.15634
-3.06174
1.6916
1.36539
1.25236
1.21846
1.25885
1.35243
1.48386
1.64474
1.82622
1.999
2.08482
1.99476
1.8327
1.89944
2.01155
1.87545
0.168563
-3.27888
-3.86906
-3.60287
-3.56118
-3.49635
-3.39832
1.32807
0.857207
0.634944
0.648737
0.779495
0.982302
1.22745
1.50313
1.80607
2.12861
2.3631
2.18736
1.75078
2.01797
1.97458
-0.254287
-3.03855
-4.74535
-4.24911
-4.02708
-3.96752
-3.8798
-3.75018
1.07856
-0.00953329
-0.29186
-0.105992
0.171511
0.514165
0.870232
1.22354
1.57861
1.99824
2.43496
2.33934
-1.89067
-1.06935
-3.98531
-6.72331
-6.37803
-5.66904
-5.06423
-4.70142
-4.49914
-4.3118
-4.11963
1.06573
-3.07963
-1.72176
-1.15372
-0.616631
-0.0850997
0.381097
0.74827
0.934306
0.920443
-0.42989
-5.00718
-8.0297
-9.0294
-9.51746
-8.65733
-7.7032
-6.93162
-6.15559
-5.52086
-5.09207
-4.76731
-4.49562
-3.27431
-7.92021
-2.99611
-2.90149
-1.78279
-0.946029
-0.397727
0.0793591
0.02686
-0.495287
-4.95656
-8.44453
-9.28074
-9.76966
-9.85182
-9.52082
-8.88769
-8.10839
-7.20109
-6.30969
-5.6641
-5.20782
-4.85705
8.19322
0.449068
-2.31668
-2.66858
-2.30985
-2.09877
-1.88771
-0.987649
-0.813332
-1.10384
-8.52625
-9.55256
-9.70518
-10.13
-10.4386
-10.3512
-9.75478
-8.96152
-8.03138
-6.96263
-6.1538
-5.59571
-5.18037
13.0734
-1.50855
-2.15971
-2.64834
-3.18863
-3.71211
-3.71215
-2.97719
-2.58677
-5.27507
-10.3978
-10.2834
-10.3555
-10.6085
-10.9684
-11.2898
-10.8988
-9.73838
-8.66175
-7.42751
-6.51801
-5.90096
-5.44591
4.92322
-2.44963
-2.77573
-3.58291
-4.18384
-4.78847
-5.99389
-5.96741
-6.45378
-10.7729
-11.2398
-11.3498
-10.8208
-10.6802
-11.2844
-11.8248
-11.313
-9.82252
-8.84887
-7.63146
-6.73061
-6.10732
-5.64234
0.912097
-2.27915
-3.01658
-4.32092
-5.11353
-6.04015
-8.05542
-8.56169
-10.5818
-12.0882
-12.7977
-12.9619
-11.8016
-10.1866
-11.0771
-11.0148
-10.3263
-9.55788
-8.73131
-7.63105
-6.8065
-6.21565
-5.76786
0.93207
-2.03544
-3.18211
-4.72542
-5.94855
-7.87149
-8.4085
-9.58783
-12.6349
-13.5957
-13.9517
-12.9219
-11.8654
-11.6
-10.7248
-10.2377
-9.90864
-9.43936
-8.50466
-7.49365
-6.76961
-6.23692
-5.82779
1.4888
-2.88898
-4.12754
-5.25561
-5.99199
-6.76425
-6.99861
-8.78846
-13.8302
-15.121
-14.3738
-13.3441
-11.9156
-10.7824
-10.1565
-10.1215
-9.99581
-9.27132
-8.11039
-7.24307
-6.64109
-6.18795
-5.83347
-0.201172
-4.58552
-5.80401
-6.11063
-5.55293
-4.78624
-4.27989
-5.89411
-10.2762
-12.6822
-12.1687
-11.9717
-10.7179
-9.08653
-8.79311
-9.47083
-9.25264
-8.45876
-7.53038
-6.91228
-6.45353
-6.09246
-5.80086
-2.53637
-5.76442
-7.22834
-6.98
-5.58118
-4.17342
-3.54808
-4.39249
-6.67742
-8.85258
-9.58801
-9.73979
-9.25154
-8.54678
-8.30564
-8.37164
-8.04186
-7.47536
-6.97807
-6.57925
-6.2508
-5.97729
-5.74746
0.82598
-6.49713
-8.43274
-7.75558
-5.8163
-4.54366
-4.10948
-4.54211
-5.68621
-6.94146
-7.71758
-8.02479
-7.99166
-7.78074
-7.56513
-7.38473
-7.14504
-6.84656
-6.55721
-6.29551
-6.06517
-5.86389
-5.68832
-1.49458
-5.75877
-7.74276
-7.17261
-5.75465
-4.89751
-4.65088
-4.87296
-5.4502
-6.1348
-6.66881
-6.97695
-7.09389
-7.06919
-6.96115
-6.80813
-6.62959
-6.43656
-6.24777
-6.07154
-5.91053
-5.76491
-5.63398
-4.185
-4.95037
-5.08453
-5.42413
-5.22428
-4.98245
-4.92017
-5.05905
-5.37151
-5.75935
-6.10823
-6.35592
-6.49213
-6.52721
-6.48458
-6.39074
-6.27349
-6.14644
-6.02077
-5.90127
-5.7896
-5.68611
-5.59087
-4.84833
-4.6327
-4.3372
-4.65103
-4.88714
-4.95722
-5.01629
-5.13725
-5.33281
-5.56982
-5.79777
-5.97853
-6.09492
-6.14476
-6.13747
-6.08979
-6.01856
-5.938
-5.85595
-5.77636
-5.70064
-5.62924
-5.56241
-4.59759
-4.48616
-4.38538
-4.58707
-4.81255
-4.95122
-5.05536
-5.16947
-5.30963
-5.46717
-5.62082
-5.74973
-5.84061
-5.88905
-5.89867
-5.87861
-5.83973
-5.79161
-5.74042
-5.68959
-5.64059
-5.59396
-5.54989
-4.55566
-4.59864
-4.58141
-4.71084
-4.86925
-4.9947
-5.0991
-5.20049
-5.30775
-5.41942
-5.52677
-5.6189
-5.68752
-5.72914
-5.74517
-5.74051
-5.72168
-5.69505
-5.6653
-5.63518
-5.60617
-5.57879
-5.55307
-4.68941
-4.77286
-4.78958
-4.88113
-4.98732
-5.08256
-5.16922
-5.25199
-5.33397
-5.41501
-5.49121
-5.55685
-5.60735
-5.64061
-5.6572
-5.65984
-5.65255
-5.6394
-5.62395
-5.60842
-5.59416
-5.58164
-5.5706
-4.87651
-4.97638
-5.00156
-5.06684
-5.13647
-5.20306
-5.26733
-5.32925
-5.38921
-5.44676
-5.49971
-5.54512
-5.58072
-5.60541
-5.61949
-5.62455
-5.62307
-5.6178
-5.61121
-5.60536
-5.60155
-5.60017
-5.60063
-5.08616
-5.19555
-5.21776
-5.26158
-5.30442
-5.34662
-5.38896
-5.43047
-5.47052
-5.50826
-5.54233
-5.57137
-5.59438
-5.61082
-5.62089
-5.62552
-5.62623
-5.62478
-5.62301
-5.62277
-5.62565
-5.63221
-5.6414
-5.31055
-5.42547
-5.43991
-5.46468
-5.48616
-5.50765
-5.53001
-5.55236
-5.57392
-5.59394
-5.61177
-5.62688
-5.63889
-5.64757
-5.65304
-5.65579
-5.6566
-5.65644
-5.65645
-5.6581
-5.66437
-5.67627
-5.69207
-5.54547
-5.67025
-5.67297
-5.67868
-5.68226
-5.68557
-5.68917
-5.69288
-5.69644
-5.69966
-5.70245
-5.70475
-5.70653
-5.70777
-5.70851
-5.70885
-5.70892
-5.70883
-5.7085
-5.7084
-5.71549
-5.7319
-5.7523
122.275
108.893
106.013
125.01
79.6908
80.8754
85.1745
93.8171
74.2074
79.6625
77.7138
71.5967
52.7011
68.5964
69.98
68.2957
27.4674
25.8336
28.9283
42.9025
26.3251
25.8295
25.5801
25.6054
26.7156
26.286
25.9416
25.6633
25.4945
25.7228
25.7527
24.8256
4.2731
7.86362
10.6173
3.72428
-0.936745
-0.953047
-1.11791
-0.985362
-1.3913
-1.34098
-1.26322
-1.17329
-1.86081
-1.72875
-1.5916
-1.47182
-1.85297
-1.81294
-1.75077
-1.68242
-1.86489
-1.88481
-1.87759
-1.8523
-2.07282
-2.08177
-2.07651
-2.05842
-2.35727
-2.34562
-2.32764
-2.30277
-2.6675
-2.63713
-2.60484
-2.57009
-2.98164
-2.93846
-2.89482
-2.85074
-3.30026
-3.24616
-3.19214
-3.13865
-3.62685
-3.56005
-3.49438
-3.43033
-3.9603
-3.87753
-3.79805
-3.7219
-4.29244
-4.19124
-4.09637
-4.00716
-4.60937
-4.48982
-4.37987
-4.27808
-4.89557
-4.76075
-4.63826
-4.52609
-5.13772
-4.99317
-4.86256
-4.74373
-5.32759
-5.17999
-5.04681
-4.92603
-5.46248
-5.31883
-5.18894
-5.07116
-5.54549
-5.41187
-5.29054
-5.18025
-5.58457
-5.46565
-5.35691
-5.2575
-5.59104
-5.48951
-5.39577
-5.30935
-5.57737
-5.49385
-5.41592
-5.34341
-5.55478
-5.48829
-5.42566
-5.36696
-5.53203
-5.48064
-5.43189
-5.38596
-5.51524
-5.47671
-5.43994
-5.40514
-5.50846
-5.48069
-5.45403
-5.42861
-5.5139
-5.49519
-5.4771
-5.45972
-5.53202
-5.52103
-5.51034
-5.50003
-5.56188
-5.55737
-5.55301
-5.54887
-5.60178
-5.60253
-5.60331
-5.60418
-5.65011
-5.6548
-5.65938
-5.66387
-5.70631
-5.71376
-5.72089
-5.72767
-5.76983
-5.77879
-5.78717
-5.79491
177.189
169.152
74.4368
-4.64071
-10.259
-12.5462
-11.6969
141.016
144.198
149.765
320.523
344.471
323.026
115.624
163.123
235.445
292.548
390.243
640.657
89.9852
83.6617
70.4143
1.70634
-29.6106
33.0969
138.06
214.956
175.585
171.261
251.519
171.17
98.9286
34.5445
-37.9681
24.0885
293.517
344.003
396.398
55.0525
37.0465
110.132
76.8429
93.1413
214.551
360.191
294.066
238.079
231.921
222.562
62.1737
31.1363
10.2728
-2.57937
-32.5767
83.3842
195.297
144.31
75.3458
26.1078
43.8522
101.274
109.598
304.274
384.02
313.567
239.982
188.378
129.085
-0.173119
11.6316
6.50252
6.56607
-6.0276
15.2118
85.826
68.1347
34.7949
-20.5531
49.8001
86.2292
67.5347
44.0706
35.2122
47.4969
20.0286
6.55444
6.59589
1.04937
14.8543
8.24406
9.36257
13.8627
27.449
24.4412
24.9075
25.4133
32.0814
43.9894
22.1856
10.4496
2.28019
3.31725
5.11991
6.02828
6.19648
5.916
5.36121
12.955
-2.15049
6.24444
24.4756
21.4373
22.4771
26.4412
25.2989
24.8713
23.9977
1.93033
1.99458
1.08681
1.70538
4.68966
5.51076
5.50899
4.93492
4.50093
4.578
-0.404449
1.58766
5.53737
10.5016
16.2011
23.8161
24.5597
21.3037
11.9135
0.608945
1.09101
0.0720899
0.484442
2.01496
2.64814
2.97325
2.35082
3.2349
3.01915
0.440712
-1.31912
-0.556789
0.37438
1.14083
9.18408
5.01451
3.81198
1.52492
0.632089
0.921893
0.372044
0.048718
0.112348
0.202691
0.396805
0.211057
0.980334
0.904119
-1.02166
-2.40024
-1.619
-0.66701
-0.478968
0.778379
-0.88695
-0.699441
-0.00639639
0.0285738
0.245521
-0.0492269
-0.178309
-0.222619
-0.258652
-0.242035
-0.897478
-0.779267
-0.575661
-2.20847
-3.645
-2.69966
-1.61772
-1.20184
-1.37651
-1.07427
-0.989071
-0.761926
-0.484092
-0.399985
-0.421573
-0.438576
-0.486159
-0.519357
-0.518313
-0.811953
-0.752594
-0.754305
-1.6591
-2.99604
-2.43611
-1.64948
-1.38279
-1.28
-1.34887
-1.21361
-1.03376
-0.854498
-0.752478
-0.718267
-0.697954
-0.689257
-0.659815
-0.6358
-0.808614
-0.45501
-0.549609
-0.802905
-1.45064
-1.5578
-1.35609
-1.2513
-1.04461
-1.59753
-1.46278
-1.32171
-1.18872
-1.08436
-1.00581
-0.954995
-0.908617
-0.834453
-0.768315
-0.859164
-0.349887
-0.370841
-0.55208
-0.900938
-1.11156
-1.16078
-1.06918
-0.805849
-1.8015
-1.69219
-1.57432
-1.45962
-1.35886
-1.27634
-1.20924
-1.14546
-1.05998
-0.957152
-0.885572
-0.675072
-0.169339
-0.329903
-0.696205
-0.970829
-1.02771
-0.803106
-0.54161
-2.01992
-1.92777
-1.82321
-1.71828
-1.62119
-1.53622
-1.46194
-1.39207
-1.3178
-1.2422
-1.02838
-0.966088
-0.151843
-0.103192
-0.50755
-0.906815
-0.752604
-0.265631
-0.0891413
-2.26138
-2.17181
-2.07226
-1.97164
-1.87633
-1.79016
-1.71344
-1.64403
-1.58299
-1.55521
-1.3366
-1.33516
-1.26055
-0.612094
-0.89183
-1.22859
-0.664988
-0.130275
0.0212717
-2.5204
-2.42449
-2.32337
-2.22257
-2.12685
-2.03966
-1.96235
-1.8953
-1.84194
-1.82862
-1.70225
-1.69158
-1.76574
-1.64154
-1.62988
-1.8396
-1.27667
-1.38198
-1.9207
-2.79089
-2.68357
-2.57603
-2.47146
-2.37336
-2.28467
-2.20714
-2.14224
-2.09378
-2.07441
-2.04497
-2.03931
-2.11329
-2.17428
-1.98704
-2.03948
-2.12709
-2.3243
-2.16431
-3.06769
-2.94587
-2.82854
-2.71761
-2.61559
-2.52469
-2.44642
-2.38234
-2.33539
-2.30844
-2.29538
-2.32184
-2.40121
-2.62169
-2.64709
-2.57444
-3.23779
-4.02818
-4.33051
-3.34691
-3.20815
-3.07881
-2.95994
-2.853
-2.75912
-2.67916
-2.61419
-2.56554
-2.53361
-2.52041
-2.55513
-2.6646
-2.99762
-3.35422
-3.47343
-3.77427
-4.1792
-4.19596
-3.62442
-3.467
-3.32462
-3.19718
-3.0848
-2.98737
-2.90486
-2.83761
-2.78592
-2.74915
-2.72741
-2.74941
-2.85439
-3.29767
-3.79595
-4.01412
-3.56466
-3.56392
-3.21919
-3.89489
-3.7185
-3.56334
-3.42763
-3.3099
-3.2087
-3.12315
-3.05291
-2.99763
-2.9561
-2.92912
-2.90254
-2.92565
-3.23865
-3.54227
-3.42059
-3.05885
-3.02546
-2.48077
-4.1519
-3.95822
-3.7919
-3.64914
-3.52677
-3.42226
-3.33392
-3.26076
-3.20173
-3.15419
-3.11562
-3.07678
-3.06618
-3.35162
-3.41311
-3.01963
-2.79442
-2.69463
-1.70531
-4.38868
-4.18157
-4.00703
-3.85926
-3.73379
-3.62729
-3.5374
-3.46247
-3.40057
-3.34801
-3.30152
-3.26084
-3.24551
-3.34518
-3.72731
-4.07118
-3.95281
-3.12526
-2.84758
-4.59937
-4.38452
-4.20564
-4.05562
-3.92928
-3.82297
-3.7339
-3.65961
-3.59781
-3.54467
-3.49664
-3.45216
-3.42197
-3.50349
-3.74786
-4.05299
-4.01357
-3.71516
-3.98748
-4.77995
-4.564
-4.38519
-4.23596
-4.11131
-4.00812
-3.92371
-3.85595
-3.80179
-3.76038
-3.72526
-3.69244
-3.69198
-3.98123
-4.45311
-4.11625
-4.28777
-4.06714
-4.00957
-4.92882
-4.7182
-4.54373
-4.39819
-4.27766
-4.1809
-4.10923
-4.0627
-4.03453
-4.02152
-4.02153
-4.01926
-4.04533
-4.30584
-5.01285
-4.62937
-4.67225
-4.9116
-4.35169
-5.04647
-4.84707
-4.68061
-4.5408
-4.42537
-4.33707
-4.2866
-4.28172
-4.27944
-4.26827
-4.29785
-4.3409
-4.35948
-4.44708
-4.69057
-4.77289
-4.68771
-4.73783
-3.946
-5.13603
-4.95265
-4.79714
-4.66366
-4.55101
-4.46613
-4.44187
-4.48693
-4.44663
-4.37877
-4.42734
-4.50123
-4.53043
-4.52441
-4.56574
-4.63551
-4.47135
-4.18968
-3.86372
-5.20276
-5.03928
-4.89739
-4.7702
-4.65336
-4.55429
-4.548
-4.65555
-4.64033
-4.64915
-4.6329
-4.62942
-4.60202
-4.59121
-4.62266
-4.68345
-4.44942
-4.11525
-3.86983
-5.25318
-5.11282
-4.98839
-4.8706
-4.74514
-4.59474
-4.51631
-4.85442
-4.978
-5.02699
-4.95489
-4.89499
-4.79708
-4.73856
-4.78041
-4.82721
-4.54944
-4.30566
-4.19895
-5.29348
-5.17866
-5.07752
-4.98219
-4.87198
-4.68587
-4.69878
-5.47974
-5.45861
-5.29391
-5.12373
-5.06448
-5.029
-4.9393
-4.90059
-4.82733
-4.67371
-4.62657
-4.51011
-5.32834
-5.23903
-5.16475
-5.10701
-5.06957
-5.06918
-5.25243
-5.93977
-5.68706
-5.42576
-5.21967
-5.13753
-5.11302
-5.09674
-5.1037
-5.02051
-4.90639
-4.8049
-4.72002
-5.36136
-5.29409
-5.2421
-5.21542
-5.25282
-5.37581
-5.42555
-5.47884
-5.48455
-5.38923
-5.27784
-5.21768
-5.18673
-5.16146
-5.13238
-5.07488
-4.99252
-4.91778
-4.88664
-5.39641
-5.34668
-5.30898
-5.29298
-5.34066
-5.42041
-5.41199
-5.36147
-5.39219
-5.38605
-5.33732
-5.30168
-5.27237
-5.24258
-5.20702
-5.15958
-5.10555
-5.05961
-5.03856
-5.43751
-5.40279
-5.37616
-5.36547
-5.41433
-5.47578
-5.45041
-5.43067
-5.44624
-5.44545
-5.4216
-5.39486
-5.36731
-5.33788
-5.30482
-5.26747
-5.23
-5.20001
-5.18382
-5.48686
-5.46657
-5.45248
-5.45115
-5.5198
-5.59329
-5.55993
-5.54221
-5.53992
-5.53393
-5.51698
-5.49451
-5.46952
-5.44265
-5.41394
-5.38431
-5.35668
-5.3353
-5.32302
-5.54376
-5.53707
-5.53627
-5.54966
-5.6377
-5.74749
-5.69784
-5.65856
-5.64354
-5.63315
-5.61822
-5.59879
-5.57658
-5.55272
-5.52809
-5.504
-5.4825
-5.46612
-5.45637
-5.60561
-5.60993
-5.61971
-5.64388
-5.72577
-5.90698
-5.855
-5.77048
-5.74711
-5.73643
-5.72367
-5.70689
-5.6872
-5.66594
-5.64443
-5.62404
-5.60634
-5.593
-5.58501
-5.66985
-5.68112
-5.69604
-5.71962
-5.76795
-5.90384
-5.94016
-5.85804
-5.84572
-5.8422
-5.83303
-5.81853
-5.80061
-5.78109
-5.76153
-5.74333
-5.7278
-5.71619
-5.70945
-5.73632
-5.75085
-5.76694
-5.78739
-5.81166
-5.87205
-5.84213
-5.90909
-5.94572
-5.95452
-5.94831
-5.93456
-5.91705
-5.89807
-5.87925
-5.86198
-5.84741
-5.83647
-5.83039
-5.80435
-5.81852
-5.83216
-5.85142
-5.88583
-5.99227
-5.83021
-6.02754
-6.07617
-6.08089
-6.07055
-6.0543
-6.0354
-6.01558
-5.99628
-5.97878
-5.96416
-5.95315
-5.94669
677.059
681.054
686.818
697.543
719.232
746.837
778.621
812.655
848.442
885.296
921.457
953.563
975.54
979.156
981.748
974.135
930.065
859.403
827.828
809.686
823.72
811.351
801.999
614.039
619.162
624.223
634.504
658.571
686.517
718.241
752.485
788.704
826.218
863.378
896.989
921.891
925.774
922.741
913.149
876.778
819.564
760.82
748.674
756.285
746.424
739.348
547.95
554.058
555.053
563.019
596.577
625.835
657.117
691.324
728.128
766.895
805.986
842.039
869.824
879.529
874.332
857.016
820.807
769.456
708.898
687.582
687.676
679.892
674.475
478.774
484.893
477.919
485.122
534.69
565.253
595.223
629.093
666.606
707.168
749.137
788.943
821
835.951
829.336
803.913
761.489
707.31
651.006
624.142
618.613
612.463
607.971
406.243
412.56
401.75
413.89
474.624
504.302
532.248
565.642
604.002
646.831
692.611
737.465
774.743
794.084
786.704
753.235
700.065
638.268
582.941
555.423
548.761
544.102
539.821
330.416
339.028
333.111
353.148
413.457
441.195
467.628
500.741
540.063
585.537
636.046
687.398
731.422
755.652
747.478
704.293
635.697
562.587
507.273
481.963
477.996
475.185
470.103
252.284
265.568
271.503
299.335
347.757
374.309
400.912
434.16
474.469
522.799
578.916
638.395
691.097
721.499
712.386
656.35
566.204
478.329
423.692
403.449
406.38
406.004
397.566
171.466
193.089
211.415
243.068
276.973
304.226
332.164
365.772
406.853
457.969
520.491
589.971
653.737
692.218
682.581
610.128
488.805
381.188
328.477
315.075
333.903
337.603
316.407
340.719
393.995
306.33
327.171
304.869
361.397
664.803
785.908
806.467
888.083
866.891
745.442
965.447
1014.49
736.891
694.476
677.289
657.482
876.299
289.589
284.829
287.264
310.11
277.838
280.33
583.901
733.631
705.747
823.869
772.614
673.486
815.583
840.827
614.202
638.69
661.06
504.672
761.99
295.284
281.374
277.566
279.722
273.594
274.034
534.714
683.814
590.756
775.703
749.322
605.694
628.845
571.873
458.997
580.889
610.071
449.509
724.73
290.006
278.324
256.743
272.703
274.251
274.302
550.339
707.072
573.289
776.931
707.375
602.009
500.788
282.966
340.931
532.916
535.494
477.819
734.603
285.119
254.42
243.978
255.999
262.581
244.273
578.06
798.422
532.501
711.261
644.21
616.664
431.815
203.589
228.332
433.269
466.344
555.515
781.334
258.376
240.5
175.264
127.446
113.992
67.634
403.734
703.833
418.426
580.292
571.828
629.126
309.87
196.22
219.935
320.363
383.695
605.539
831.965
235.759
199.034
56.2015
3.70614
-8.53168
-7.76127
99.6339
450.519
327.239
457.178
483.79
576.452
386.943
210.041
222.709
258.926
266.608
603.493
871.222
210.434
156.446
44.898
-6.61857
-9.19511
-7.90727
94.7614
259.33
213.032
373.95
425.847
474.64
429.667
238.764
215.091
253.931
245.894
575.573
831.944
31.1079
65.2781
85.9433
105.874
140.664
171.1
201.597
234.838
275.547
330.294
406.291
499.83
591.132
651.04
639.501
514.391
284.312
148.435
146.847
182.66
245.119
219.15
141.236
13.0488
12.4342
12.3459
13.0159
18.0143
31.1507
50.9363
75.7183
109.5
158.31
249.376
382.051
517.47
613.331
608.888
441.188
165.169
122.885
129.243
135.193
151.804
118.991
81.3429
12.5355
12.2771
12.0579
11.8493
11.4604
11.2724
11.3101
11.5168
12.7698
14.5738
55.6347
229.616
428.029
561.592
538.128
368.534
119.662
100.719
63.9672
31.3758
29.5627
38.0035
60.9078
11.819
11.6618
11.3409
10.7677
10.5405
10.792
11.0921
11.3142
11.5432
11.5068
13.8242
89.4648
228.804
256.778
225.907
183.71
25.8561
30.6652
29.2494
28.8037
28.6642
28.5393
36.1997
10.9041
10.77
10.4788
10.0954
10.1881
10.591
10.9326
11.165
11.3191
11.4318
10.6183
7.06934
96.907
159.66
180.34
108.208
35.7201
29.901
29.0954
28.5028
28.0493
27.7732
27.8468
10.0487
9.9737
9.88164
9.878
10.2027
10.6139
10.8525
11.1278
11.14
9.63824
-5.14606
-6.5112
5.24486
35.1086
71.1033
61.8549
35.0074
29.762
28.4798
28.0451
27.3845
26.9972
26.7402
9.23076
9.22257
9.29372
9.55436
10.1251
10.751
10.5465
9.82126
0.197249
-0.240118
3.71922
0.710195
-0.375181
-0.394732
5.1828
30.0646
38.7909
27.1535
26.9155
27.7068
27.2137
26.9323
27.0271
8.34769
8.36347
8.47703
8.7536
9.37706
10.197
9.2949
2.90102
4.45182
2.60742
5.44308
1.98563
-0.208113
-0.325669
0.103006
0.429582
26.0362
13.2934
24.3869
31.731
25.2262
25.3341
22.7027
7.45607
7.43781
7.49107
7.51855
7.38322
6.15195
-0.352588
0.785781
1.1512
2.28921
2.43509
0.747842
-0.104066
0.0749981
0.353831
0.340603
0.740974
5.98947
15.8065
36.3605
7.51312
0.781908
5.13277
6.59346
6.53098
6.49093
6.30239
5.767
4.40551
1.91504
1.44791
1.74928
1.9607
2.02788
-2.04469
0.173113
0.338657
0.296367
0.213917
0.0369252
1.78937
3.43866
10.4345
-0.357032
-0.462493
-0.835326
5.77557
5.72204
5.61786
5.37541
4.92545
4.24802
3.59336
3.64967
3.33579
0.928956
-5.44711
-2.80379
0.255324
0.255263
0.197552
0.152481
-0.0935203
-0.10254
0.0893664
2.5
-1.5631
-1.34301
-1.4091
5.08883
5.01151
4.87945
4.6506
4.32262
3.95841
3.83459
4.40637
4.2701
0.142063
0.154505
0.446741
0.40277
0.691341
-0.218685
0.280757
-0.150671
-0.157092
-0.0972289
0.797956
-1.83325
-1.9394
-1.93632
4.45068
4.36821
4.22903
4.02154
3.74698
3.43012
3.08832
2.39846
-0.262675
0.640877
-0.379764
0.155841
0.323547
-0.100469
-10.3391
-0.710731
-0.394037
-0.291056
-0.236121
-1.45478
-1.38385
-1.69259
-1.85247
3.84573
3.77244
3.64146
3.45507
3.20572
2.87615
2.39956
1.54147
-0.0397495
-0.771128
-0.651679
-0.357737
0.0209734
-2.02602
-7.46256
-0.655423
-0.522928
-0.286905
-0.391917
-1.58185
-1.86856
-1.75829
-1.83356
3.28049
3.22113
3.10929
2.95152
2.74171
2.46196
2.07443
1.5108
0.717912
0.0649657
-0.12524
0.0836887
0.52303
0.0223409
1.84174
-0.644938
-0.0605142
-0.0414071
-0.809384
-2.22534
-2.12422
-2.03439
-2.05694
2.76991
2.71651
2.62474
2.50319
2.35052
2.15676
1.90787
1.59423
1.23621
0.931512
0.779872
0.824517
0.996094
1.03668
2.71193
0.925244
0.225146
-0.274855
-1.51818
-2.47689
-2.48364
-2.39983
-2.36386
2.29788
2.2443
2.16937
2.08809
2.00266
1.90807
1.79978
1.67937
1.55626
1.44605
1.35953
1.3078
1.2868
1.20492
1.13084
1.18072
0.603503
-1.21334
-2.40841
-2.92016
-2.86731
-2.76746
-2.69113
1.85633
1.78362
1.71636
1.67628
1.66389
1.67196
1.69532
1.73131
1.77171
1.7902
1.74929
1.65839
1.60337
1.60305
1.61196
1.53343
0.023811
-3.24565
-3.39105
-3.28065
-3.20407
-3.10854
-3.01546
1.44368
1.30016
1.22482
1.23077
1.30013
1.41405
1.56102
1.73391
1.91726
2.0595
2.06242
1.90568
1.83769
1.97625
1.98965
1.54205
-2.13873
-4.15546
-3.69186
-3.58081
-3.53366
-3.45029
-3.3424
1.0587
0.705805
0.623036
0.702545
0.87425
1.10068
1.3617
1.65136
1.96698
2.27028
2.35743
1.95908
1.81097
2.12731
0.656653
-1.78196
-4.85234
-4.46938
-4.10136
-3.99401
-3.9306
-3.8182
-3.67929
0.594458
-0.29115
-0.206141
0.018659
0.339716
0.691678
1.04807
1.39985
1.7672
2.26119
2.50528
-0.907379
-0.215641
-2.52764
-5.36092
-6.7606
-6.02393
-5.34256
-4.85114
-4.59257
-4.40675
-4.21538
-4.02655
-2.16865
-2.45262
-1.34865
-0.909827
-0.337342
0.153087
0.587824
0.866024
0.939064
0.722676
-3.2448
-6.82428
-7.98009
-9.7306
-9.15443
-8.15051
-7.31579
-6.53945
-5.8091
-5.28724
-4.92143
-4.626
-4.37517
-13.2827
-4.99801
-2.62104
-2.32915
-1.30132
-0.68074
-0.0971771
0.103714
-0.125912
-1.80709
-6.05502
-9.0583
-9.58783
-9.84009
-9.73988
-9.22922
-8.51304
-7.67106
-6.7314
-5.95604
-5.41901
-5.02224
-4.70874
6.84439
-1.97406
-2.47035
-2.64735
-2.06864
-2.05805
-1.41193
-0.898894
-0.706952
-4.31801
-9.36798
-9.56709
-9.91226
-10.32
-10.4549
-10.1101
-9.35814
-8.53302
-7.48317
-6.51831
-5.85183
-5.37432
-5.00876
3.32623
-1.99555
-2.38948
-2.88694
-3.45797
-4.11383
-3.49415
-2.82581
-2.97592
-10.158
-10.2353
-10.3098
-10.4566
-10.7869
-11.1502
-11.2338
-10.3019
-9.23716
-8.02653
-6.9249
-6.18352
-5.65774
-5.25961
-0.868852
-2.48291
-3.21048
-3.90363
-4.49376
-5.38623
-5.9431
-6.29054
-7.22446
-11.2581
-11.3543
-11.1297
-10.6298
-10.9367
-11.5988
-11.7992
-10.4835
-9.364
-8.22792
-7.13429
-6.39446
-5.85889
-5.45199
-1.30781
-2.54754
-3.69968
-4.8065
-5.39153
-7.05904
-7.99291
-9.42957
-11.2664
-12.5536
-12.9613
-12.774
-10.6087
-10.6029
-11.1839
-10.721
-9.91591
-9.19782
-8.16855
-7.17973
-6.48964
-5.97695
-5.58328
-0.266238
-2.63293
-3.97629
-5.32852
-6.92262
-8.33543
-8.43084
-10.5517
-13.3672
-13.8495
-13.5932
-12.3507
-11.6811
-11.4017
-10.4023
-10.0898
-9.70824
-9.03125
-7.96635
-7.10026
-6.48498
-6.01948
-5.65746
-1.7213
-3.50394
-4.76489
-5.6579
-6.39531
-6.975
-7.26757
-11.1827
-15.5576
-14.6542
-13.9548
-12.6514
-11.1515
-10.4982
-10.1007
-10.1044
-9.71895
-8.68012
-7.63368
-6.91819
-6.39993
-6.00042
-5.68371
-3.75916
-5.12702
-6.10731
-5.89908
-5.15345
-4.44074
-4.74102
-7.77225
-12.1866
-12.4674
-12.1071
-11.4763
-9.8558
-8.7641
-9.13104
-9.51133
-8.91625
-7.95514
-7.19359
-6.66824
-6.2629
-5.93924
-5.67509
-5.5944
-6.68277
-7.31003
-6.34954
-4.82306
-3.71555
-3.76065
-5.42008
-7.92277
-9.38013
-9.70129
-9.58283
-8.8677
-8.3524
-8.34607
-8.26973
-7.75706
-7.21388
-6.76815
-6.4074
-6.10793
-5.8575
-5.64597
-5.62803
-7.71605
-8.3979
-6.76546
-5.07948
-4.21927
-4.2187
-5.05657
-6.34757
-7.40246
-7.91644
-8.04552
-7.89397
-7.66838
-7.47123
-7.27791
-6.99705
-6.69918
-6.42239
-6.17653
-5.9611
-5.77309
-5.60901
-3.90567
-7.11158
-7.64913
-6.45241
-5.23341
-4.71095
-4.70783
-5.13033
-5.79765
-6.43057
-6.84904
-7.05694
-7.09524
-7.02257
-6.88953
-6.72159
-6.53356
-6.34091
-6.15783
-5.98909
-5.83583
-5.69766
-5.57369
-4.86767
-4.96907
-5.29111
-5.36795
-5.08401
-4.92696
-4.96441
-5.19846
-5.56369
-5.94427
-6.24602
-6.4377
-6.52103
-6.51391
-6.4426
-6.33438
-6.21032
-6.08302
-5.9601
-5.84442
-5.73683
-5.63745
-5.54632
-4.72582
-4.4172
-4.45889
-4.80087
-4.93111
-4.98202
-5.06694
-5.22698
-5.44928
-5.68785
-5.89554
-6.04522
-6.1278
-6.14731
-6.11752
-6.05602
-5.97885
-5.89684
-5.81572
-5.73797
-5.66438
-5.59524
-5.53074
-4.53619
-4.40184
-4.46147
-4.71155
-4.88994
-5.00422
-5.10948
-5.23638
-5.38744
-5.54592
-5.6894
-5.80041
-5.87007
-5.89822
-5.89167
-5.86086
-5.81637
-5.76613
-5.71484
-5.66481
-5.61696
-5.5716
-5.52882
-4.61538
-4.5731
-4.63311
-4.79335
-4.93589
-5.04824
-5.14935
-5.25326
-5.36346
-5.47433
-5.57536
-5.65649
-5.71172
-5.74011
-5.74503
-5.73245
-5.70897
-5.68037
-5.65017
-5.62048
-5.59227
-5.56573
-5.54076
-4.7795
-4.77074
-4.82955
-4.93522
-5.03633
-5.12664
-5.21084
-5.29299
-5.37477
-5.45407
-5.52569
-5.58419
-5.62616
-5.65086
-5.66003
-5.65717
-5.64649
-5.63181
-5.61609
-5.60108
-5.58768
-5.57597
-5.56547
-4.97822
-4.9818
-5.03202
-5.10207
-5.17007
-5.23549
-5.29857
-5.35946
-5.41839
-5.474
-5.52353
-5.56425
-5.59444
-5.61371
-5.62301
-5.62446
-5.62074
-5.61452
-5.6081
-5.60315
-5.60057
-5.60023
-5.60122
-5.19615
-5.20162
-5.23922
-5.28327
-5.32547
-5.36784
-5.40987
-5.45072
-5.48975
-5.52584
-5.55755
-5.58367
-5.60343
-5.61661
-5.6238
-5.62626
-5.62566
-5.62382
-5.62258
-5.62375
-5.62849
-5.6366
-5.64638
-5.4265
-5.42932
-5.45269
-5.47563
-5.49677
-5.51877
-5.54124
-5.56329
-5.58417
-5.60317
-5.61969
-5.63329
-5.64364
-5.65069
-5.65472
-5.65638
-5.65658
-5.65635
-5.65688
-5.66055
-5.66965
-5.68391
-5.70033
-5.6721
-5.67018
-5.67618
-5.68059
-5.68388
-5.68734
-5.69103
-5.69469
-5.6981
-5.70111
-5.70366
-5.70571
-5.70722
-5.7082
-5.70872
-5.70891
-5.70889
-5.70872
-5.70817
-5.71057
-5.72283
-5.74194
-5.76254
113.704
106.589
111.234
155.776
78.202
85.0769
89.1168
95.6632
79.0593
79.1838
75.2795
66.4275
61.6853
71.0396
68.3778
71.3979
26.5171
26.6776
36.6893
41.6464
26.057
25.6807
25.5591
25.6202
26.5042
26.0931
25.801
25.5222
25.9981
25.6613
25.5727
24.6041
6.53722
10.7847
5.14398
4.60342
-0.967951
-1.00183
-1.05383
-0.935662
-1.36922
-1.30689
-1.21695
-1.13203
-1.79988
-1.65762
-1.52947
-1.42102
-1.83797
-1.78271
-1.71577
-1.64996
-1.87826
-1.88426
-1.86672
-1.83463
-2.07916
-2.08083
-2.06894
-2.04532
-2.35208
-2.3375
-2.31603
-2.28808
-2.65248
-2.62129
-2.58776
-2.55187
-2.96012
-2.9167
-2.87283
-2.82848
-3.27325
-3.2191
-3.16533
-3.11204
-3.59334
-3.52704
-3.46214
-3.39886
-3.91849
-3.83738
-3.75957
-3.68494
-4.24098
-4.14306
-4.05111
-3.96439
-4.54828
-4.43374
-4.32804
-4.22981
-4.82647
-4.6981
-4.581
-4.47337
-5.06356
-4.92628
-4.80178
-4.68822
-5.25187
-5.11174
-4.98497
-4.86981
-5.38887
-5.25226
-5.12863
-5.01638
-5.47714
-5.34972
-5.23411
-5.12883
-5.52387
-5.41002
-5.30613
-5.21092
-5.53936
-5.44165
-5.35172
-5.2686
-5.53498
-5.45415
-5.37904
-5.309
-5.52112
-5.45645
-5.39585
-5.33898
-5.50606
-5.4559
-5.40859
-5.36403
-5.49579
-5.45808
-5.4223
-5.38848
-5.49446
-5.46721
-5.44117
-5.41638
-5.50448
-5.48606
-5.46832
-5.4513
-5.5265
-5.51564
-5.50513
-5.49504
-5.55961
-5.55516
-5.55091
-5.54691
-5.60216
-5.60291
-5.60373
-5.60468
-5.65247
-5.6571
-5.66163
-5.66611
-5.71008
-5.71737
-5.72432
-5.73095
-5.77438
-5.78305
-5.79112
-5.79854
179.47
130.668
8.15866
-9.10249
-9.72245
-19.6774
50.5617
155.167
134.612
253.839
337.074
312.282
258.597
90.1575
239.326
264.295
320.702
502.874
705.636
80.7829
87.2964
33.534
-23.7503
-5.61515
77.9485
198.615
198.871
148.493
213.083
234.698
44.1556
73.4058
0.934516
-50.8341
175.587
336.621
367.373
429.358
28.7577
76.1486
88.3411
72.1907
139.681
299.419
353.411
247.124
240.065
221.547
179.924
35.7974
14.8285
5.73394
-31.3884
18.1447
197.193
139.317
216.554
59.6622
19.9414
90.6574
92.2357
188.236
380.845
352.259
276.745
216.595
152.814
78.2898
23.0502
7.15812
6.04203
7.81509
-11.4133
41.9516
84.1533
138.224
7.8257
-15.1712
106.237
61.2179
79.6314
26.3389
39.8103
49.2787
7.09459
6.51175
6.31306
38.8261
9.75263
8.84704
11.1286
15.0937
28.2906
23.3552
27.6937
25.2557
46.4179
32.9544
23.3254
1.65714
2.81725
4.38939
5.65762
6.16344
6.12486
5.62112
6.33538
10.2673
4.21885
8.57618
30.8298
22.0793
24.9369
24.9415
25.0714
24.7947
18.5867
1.73716
1.56128
0.866679
3.45916
5.20938
5.60343
5.22836
4.70566
4.30397
3.57632
1.08015
0.987661
9.29131
12.129
21.4489
22.2161
23.9954
18.2981
5.01447
0.993474
0.682091
-0.184596
1.47674
2.37601
2.76045
2.89086
2.98429
3.37297
1.90203
-0.776189
-1.18557
0.175015
0.558676
2.80096
12.5976
5.23923
2.03119
0.98075
0.851211
0.726945
0.114181
0.0831612
0.138049
0.277423
0.594135
0.215778
1.16286
-0.00494243
-1.9129
-2.18858
-1.05228
-0.459094
-0.366181
5.0917
-0.858206
-0.410414
0.0692961
0.136362
0.139026
-0.167718
-0.196037
-0.247116
-0.25106
-0.354804
-1.30959
-0.539204
-1.1705
-3.16502
-3.40486
-2.01346
-1.37903
-1.04642
0.133479
-1.03853
-0.893661
-0.611602
-0.417069
-0.411199
-0.430433
-0.457489
-0.512678
-0.511206
-0.588993
-0.99097
-0.629765
-0.950134
-2.63083
-2.87761
-1.94774
-1.51035
-1.27139
-0.998081
-1.28019
-1.12982
-0.93776
-0.792254
-0.73184
-0.706772
-0.693013
-0.680556
-0.638781
-0.66517
-0.862275
-0.47412
-0.60609
-1.1261
-1.59684
-1.43921
-1.30219
-1.17672
-1.01061
-1.52963
-1.39348
-1.25201
-1.13362
-1.04008
-0.978691
-0.932756
-0.8772
-0.794231
-0.749286
-0.962623
-0.366951
-0.433076
-0.722244
-1.02811
-1.14743
-1.12861
-0.984049
-0.807904
-1.74867
-1.6338
-1.51566
-1.40727
-1.31507
-1.24156
-1.17776
-1.10811
-1.00998
-0.890476
-0.949705
-0.134009
-0.201816
-0.509117
-0.858223
-1.03532
-0.922795
-0.661086
-0.547423
-1.97643
-1.87622
-1.77017
-1.66841
-1.5771
-1.49809
-1.42685
-1.35566
-1.28811
-1.11878
-1.03835
-0.607034
-0.0551905
-0.271328
-0.761788
-0.906461
-0.524975
-0.229656
-0.176886
-2.21852
-2.12267
-2.02163
-1.92301
-1.83199
-1.75073
-1.67793
-1.6113
-1.57099
-1.43901
-1.34576
-1.31541
-1.02161
-0.646408
-1.1721
-1.07538
-0.320032
-0.37316
0.030441
-2.47346
-2.37422
-2.27261
-2.17381
-2.08205
-1.99977
-1.92745
-1.86587
-1.83397
-1.76502
-1.69502
-1.68739
-1.79493
-1.51372
-1.75642
-1.62606
-0.890325
-1.31969
-0.877164
-2.73745
-2.62965
-2.52316
-2.42139
-2.32771
-2.24445
-2.17298
-2.11514
-2.08124
-2.06595
-2.04371
-2.05228
-2.22285
-1.99507
-2.00226
-2.0675
-2.02039
-2.54335
-1.07102
-3.00633
-2.88655
-2.77212
-2.66534
-2.56865
-2.48389
-2.41249
-2.35636
-2.31894
-2.29701
-2.2963
-2.34348
-2.5148
-2.64994
-2.61039
-2.64166
-3.80348
-3.76428
-2.36893
-3.27642
-3.14226
-3.01798
-2.90489
-2.80437
-2.71734
-2.64471
-2.58779
-2.54776
-2.52435
-2.52751
-2.60092
-2.80286
-3.19435
-3.41124
-3.5744
-4.1347
-3.78264
-2.96302
-3.54383
-3.39395
-3.25902
-3.13911
-3.03423
-2.94423
-2.86928
-2.80984
-2.76596
-2.73746
-2.73086
-2.78186
-3.04469
-3.60743
-3.86054
-3.8255
-3.55351
-3.38293
-2.21216
-3.80393
-3.63841
-3.49314
-3.36661
-3.25731
-3.164
-3.08612
-3.02344
-2.9752
-2.93998
-2.91087
-2.89979
-3.02614
-3.46075
-3.50173
-3.22731
-3.01958
-2.85857
-2.31631
-4.05137
-3.87191
-3.71778
-3.58558
-3.47241
-3.37614
-3.29548
-3.22961
-3.17672
-3.13373
-3.09764
-3.07009
-3.16528
-3.48594
-3.14323
-2.8276
-2.87441
-2.13379
-1.96693
-4.28062
-4.09063
-3.9301
-3.79397
-3.67834
-3.58038
-3.49816
-3.43008
-3.37339
-3.32421
-3.28046
-3.25118
-3.2825
-3.47926
-4.00805
-4.10614
-3.55907
-2.89613
-2.56483
-4.48685
-4.29109
-4.1274
-3.98975
-3.8738
-3.77645
-3.69503
-3.62734
-3.57045
-3.52022
-3.47414
-3.43569
-3.43441
-3.54197
-3.93949
-4.07016
-3.86938
-3.56466
-3.46322
-4.66667
-4.47049
-4.30726
-4.17078
-4.05721
-3.96371
-3.88796
-3.82721
-3.77997
-3.74239
-3.70863
-3.68365
-3.73752
-4.31126
-4.23519
-4.21642
-4.24156
-3.9316
-3.92911
-4.8183
-4.62698
-4.46766
-4.33491
-4.22635
-4.14169
-4.08315
-4.04675
-4.02595
-4.02064
-4.02156
-4.02281
-4.12271
-4.61022
-5.19199
-4.49929
-4.88868
-4.47947
-4.07444
-4.94201
-4.76022
-4.60761
-4.47994
-4.37743
-4.30631
-4.27967
-4.28346
-4.27209
-4.27633
-4.32314
-4.34973
-4.38813
-4.55454
-4.8084
-4.68088
-4.74448
-4.33334
-3.82701
-5.04027
-4.87187
-4.72787
-4.60441
-4.50385
-4.4428
-4.46692
-4.47756
-4.40767
-4.38699
-4.47035
-4.52005
-4.53205
-4.53143
-4.61489
-4.58261
-4.34228
-4.023
-3.80875
-5.11775
-4.96611
-4.83233
-4.71055
-4.60015
-4.52692
-4.61788
-4.65421
-4.63877
-4.64211
-4.63332
-4.61386
-4.59834
-4.59344
-4.6665
-4.61201
-4.27384
-3.98199
-3.84331
-5.18046
-5.04913
-4.92937
-4.81001
-4.67463
-4.53131
-4.67864
-4.91704
-5.02387
-4.99442
-4.93071
-4.85263
-4.75929
-4.74538
-4.82681
-4.71703
-4.39168
-4.24986
-4.10658
-5.23398
-5.12676
-5.02986
-4.93099
-4.79619
-4.59856
-5.08648
-5.53649
-5.36743
-5.2087
-5.07376
-5.04871
-5.00171
-4.90759
-4.87791
-4.74928
-4.64358
-4.57552
-4.45548
-5.28179
-5.19997
-5.13352
-5.08463
-5.06037
-5.09653
-5.58395
-5.8582
-5.53944
-5.32258
-5.16028
-5.12398
-5.10231
-5.10665
-5.06789
-4.95138
-4.86127
-4.75484
-4.70491
-5.32608
-5.26584
-5.22441
-5.22035
-5.30926
-5.41923
-5.43989
-5.50004
-5.4401
-5.33203
-5.24027
-5.20146
-5.17336
-5.14947
-5.10793
-5.03388
-4.9536
-4.89554
-4.87963
-5.37035
-5.32591
-5.29674
-5.30486
-5.38582
-5.4305
-5.38148
-5.37395
-5.39872
-5.36125
-5.31817
-5.28694
-5.25773
-5.226
-5.18493
-5.1324
-5.08051
-5.04387
-5.03799
-5.41939
-5.38817
-5.36742
-5.37664
-5.45443
-5.46924
-5.43627
-5.43638
-5.44984
-5.43493
-5.40837
-5.38123
-5.35292
-5.32192
-5.28656
-5.24831
-5.21355
-5.18974
-5.18386
-5.47619
-5.45847
-5.4495
-5.4711
-5.57343
-5.57923
-5.55025
-5.53997
-5.53859
-5.52661
-5.50617
-5.48226
-5.45632
-5.42851
-5.39911
-5.36999
-5.34489
-5.32792
-5.32104
-5.53994
-5.53566
-5.54031
-5.5766
-5.71234
-5.73403
-5.67433
-5.64908
-5.63886
-5.62644
-5.60895
-5.58796
-5.56481
-5.54044
-5.51587
-5.49277
-5.47346
-5.46031
-5.45392
-5.60735
-5.61378
-5.62836
-5.66702
-5.81519
-5.92065
-5.79158
-5.75467
-5.74191
-5.73061
-5.71573
-5.69732
-5.67668
-5.65514
-5.634
-5.61475
-5.59896
-5.58804
-5.58223
-5.67524
-5.68774
-5.7058
-5.73805
-5.82118
-5.95742
-5.86852
-5.84919
-5.84479
-5.83839
-5.82633
-5.80988
-5.79094
-5.77122
-5.75217
-5.73516
-5.72139
-5.71166
-5.70596
-5.74358
-5.75846
-5.77647
-5.8017
-5.83462
-5.88863
-5.88038
-5.9321
-5.95278
-5.9527
-5.94209
-5.92611
-5.90763
-5.88855
-5.87035
-5.8543
-5.84142
-5.83217
-5.82595
-5.81172
-5.82512
-5.84041
-5.86726
-5.92944
-5.90079
-5.97353
-6.06106
-6.0815
-6.0768
-6.0629
-6.04506
-6.02551
-6.00578
-5.98723
-5.97105
-5.95818
-5.94897
-5.94067
)
;

boundaryField
{
    leftWall
    {
        type            calculated;
        value           nonuniform List<scalar> 
100
(
706.554
646.115
581.371
513.209
441.982
367.919
291.783
210.774
96.075
13.5701
12.9698
12.2851
11.415
10.5003
9.65865
8.82282
7.99717
7.09038
6.15192
5.39389
4.76347
4.15427
3.58095
3.04713
2.55555
2.10513
1.6916
1.32807
1.07856
1.06573
-3.27431
8.19322
13.0734
4.92322
0.912097
0.93207
1.4888
-0.201172
-2.53637
0.82598
-1.49458
-4.185
-4.84833
-4.59759
-4.55566
-4.68941
-4.87651
-5.08616
-5.31055
-5.54547
676.906
614.222
547.681
477.972
405.271
330.106
252.133
167.371
28.3298
13.2175
12.6407
11.874
10.9483
10.0739
9.24345
8.40935
7.55808
6.60986
5.7471
5.07628
4.45543
3.86141
3.30938
2.79571
2.32569
1.89359
1.50142
1.18105
1.04313
-0.0116831
-2.99642
14.6675
8.90011
2.27929
0.626779
1.38327
0.949849
-1.7748
-1.42757
0.606282
-3.08101
-4.75026
-4.72858
-4.54176
-4.61108
-4.77932
-4.97912
-5.19686
-5.42766
-5.67313
)
;
    }
    rightWall
    {
        type            calculated;
        value           nonuniform List<scalar> 
100
(
876.299
761.99
724.73
734.603
781.334
831.965
871.222
831.944
705.636
429.358
216.554
138.224
27.6937
24.9415
22.2161
12.5976
5.0917
0.133479
-0.998081
-1.01061
-0.807904
-0.547423
-0.176886
0.030441
-0.877164
-1.07102
-2.36893
-2.96302
-2.21216
-2.31631
-1.96693
-2.56483
-3.46322
-3.92911
-4.07444
-3.82701
-3.80875
-3.84331
-4.10658
-4.45548
-4.70491
-4.87963
-5.03799
-5.18386
-5.32104
-5.45392
-5.58223
-5.70596
-5.82595
-5.94067
907.324
821.242
730.595
726.613
754.639
806.987
855.083
868.88
782.855
593.885
285.631
189.999
61.2208
25.3887
24.2135
17.6007
8.18264
2.25593
-0.824388
-1.09504
-0.915577
-0.692621
-0.338106
-0.0681798
-0.822361
-0.793722
-1.86874
-2.61937
-2.48104
-2.74492
-2.02324
-2.13099
-3.03284
-3.73002
-4.10462
-3.84802
-3.81013
-3.80736
-3.9489
-4.28884
-4.59356
-4.79653
-4.95989
-5.11265
-5.25304
-5.38802
-5.51866
-5.64465
-5.76633
-5.88448
)
;
    }
    lowerWall
    {
        type            calculated;
        value           nonuniform List<scalar> 
124
(
721.661
725.502
731.652
743.027
763.744
790.905
822.743
857.031
892.821
929.521
965.462
997.603
1017.97
1020.76
1028.03
1020.84
976.53
906.144
878.786
860.813
870.7
857.299
846.882
801.999
739.348
674.475
607.971
539.821
470.103
397.566
316.407
209.033
210.975
216.396
228.871
459.711
384.631
394.461
344.33
316.714
275.192
229.596
225.717
404.723
460.333
379.584
373.604
354.729
418.188
712.651
826.453
857.267
926.343
919.864
804.228
1016.98
1079.86
786.482
747.843
732.64
728.262
919.056
721.269
723.067
728.462
736.049
752.478
776.59
806.405
839.671
874.76
911.129
947.751
982.221
1010.34
1019.28
1025.14
1026.68
1005.05
939.877
888.875
865.177
867.883
865.271
850.363
216.804
210.074
212.328
222.799
473.476
471.685
408.457
376.725
358.437
365.457
546.966
793.42
835.973
890.497
940.171
871.892
840.269
1153.45
908.842
730.478
750.409
757.959
789.722
832.167
771.015
707.125
641.428
574.108
505.075
434.045
358.058
419.368
374.479
386.317
324.078
300.479
247.703
229.045
210.112
)
;
    }
    atmosphere
    {
        type            calculated;
        value           nonuniform List<scalar> 
92
(
-5.72904
-5.72904
-5.72904
-5.72904
-5.72904
-5.72904
-5.72904
-5.72904
-5.72904
-5.72904
-5.72904
-5.72904
-5.72904
-5.72904
-5.72904
-5.72904
-5.72904
-5.72904
-5.72904
-5.72972
-5.73929
-5.75802
-5.77859
-5.79045
-5.79913
-5.80716
-5.81447
-5.82712
-5.839
-5.85188
-5.8787
-5.97732
-5.74102
-6.0434
-6.11055
-6.11955
-6.10985
-6.09374
-6.07486
-6.05469
-6.03448
-6.01554
-5.99909
-5.98605
-5.97679
-5.96654
-5.72904
-5.72904
-5.72904
-5.72904
-5.72904
-5.72904
-5.72904
-5.72904
-5.72904
-5.72904
-5.72904
-5.72904
-5.72904
-5.72904
-5.72904
-5.72904
-5.72904
-5.72904
-5.72904
-5.72904
-5.73302
-5.74802
-5.76836
-5.7859
-5.79486
-5.80323
-5.81091
-5.82013
-5.8333
-5.84493
-5.86231
-5.89907
-6.04077
-5.85053
-6.08728
-6.1188
-6.11594
-6.10228
-6.08454
-6.06486
-6.04451
-6.02477
-6.00694
-5.9921
-5.98099
-5.97505
)
;
    }
    defaultFaces
    {
        type            empty;
    }
}


// ************************************************************************* //
