/*--------------------------------*- C++ -*----------------------------------*\
| =========                 |                                                 |
| \\      /  F ield         | OpenFOAM: The Open Source CFD Toolbox           |
|  \\    /   O peration     | Version:  v1912                                 |
|   \\  /    A nd           | Website:  www.openfoam.com                      |
|    \\/     M anipulation  |                                                 |
\*---------------------------------------------------------------------------*/
FoamFile
{
    version     2.0;
    format      ascii;
    class       volScalarField;
    location    "0.8";
    object      p_rgh;
}
// * * * * * * * * * * * * * * * * * * * * * * * * * * * * * * * * * * * * * //

dimensions      [1 -1 -2 0 0 0 0];


internalField   nonuniform List<scalar> 
9072
(
721.05
723.067
728.462
736.049
752.478
776.59
806.405
839.671
874.76
911.129
947.751
982.221
1010.34
1019.28
1025.14
1026.68
1005.05
939.877
888.875
865.177
867.883
865.271
850.363
717.224
721.015
727.214
733.031
750.711
775.759
805.842
838.946
874.04
910.711
947.854
982.958
1012.3
1022.81
1024.12
1022.94
1001.02
944.2
886.912
839.474
857.471
859.475
847.497
709.542
715.908
722.577
724.487
745.894
774.033
804.062
837.028
872.465
909.871
948.208
985.027
1016.44
1032.18
1030.68
1025.97
1002.34
956.318
877.391
831.628
854.782
850.67
841.754
698.692
707.801
712.48
705.026
736.359
772.517
801.803
834.189
869.852
908.34
948.657
988.291
1022.98
1045.32
1047.79
1034.32
1003.95
958.004
897.991
854.84
846.434
841.235
834.386
684.85
696.395
697.551
684.243
728.465
771.828
798.964
830.287
866.134
906.018
949.035
992.602
1031.88
1059.06
1064.3
1045.7
1006.7
953.145
893.739
850.243
836.427
831.305
825.779
668.544
682.046
682.81
673.05
725.347
770.381
794.82
825.046
861.13
902.66
949.04
997.721
1043.03
1075.72
1083.5
1060.05
1009.44
943.444
879.413
837.924
824.221
820.84
816.003
649.43
665.309
671.301
672.874
708.765
764.656
788.295
818.13
854.594
897.913
948.227
1003.26
1056.35
1095.95
1106.67
1077.46
1011.21
927.502
858.058
818.796
809.364
810.26
805.295
623.527
646.741
662.509
678.841
700.464
753.982
779.069
809.361
846.277
891.313
945.969
1008.69
1071.6
1120.11
1134.7
1097.99
1010.43
901.944
827.584
792.527
792.276
800.184
791.484
460.846
471.685
408.457
376.725
358.437
365.457
546.966
793.42
835.973
890.497
940.171
871.892
840.269
1153.45
908.842
730.478
750.409
757.959
789.722
475.081
441.594
295.783
323.189
304.896
337.743
499.229
804.261
825.05
878.28
946.883
774.011
779.98
1056.89
820.257
676.099
745.887
712.926
662.912
535.165
323.551
282.203
340.69
295.014
275.662
372.608
820.621
784.572
842.087
875.369
752.71
658.255
896.4
662.804
605.285
760.478
611.187
593.615
465.712
289.943
362.136
328.977
272.658
275.459
333.415
902.684
768.716
848.231
856.936
770.104
602.042
687.053
482.021
549.933
611.469
597.943
677.772
553.041
342.371
376.642
276.049
283.513
278.568
477.248
1065.09
845.465
747.182
893.299
673.165
609.792
399.411
267.68
619.203
709.022
716.653
786.026
554.487
483.92
346.084
506.021
486.547
474.733
530.553
1152.68
693.196
686.831
811.288
631.539
848.444
254.871
225.055
481.44
702.492
772.241
901.491
261.563
402.556
505.049
421.42
360.01
251.655
149.906
1008.64
505.676
491.736
726.363
690.127
893.917
331.785
231.122
310.965
637.933
771.003
1075.52
496.983
543.946
230.161
36.5066
-6.51639
-6.46151
20.8805
782.288
328.248
537.354
516.451
786.586
916.406
535.618
244.207
265.559
279.24
641.428
1036.24
286.796
621.296
654.092
683.547
706.64
736.594
764.443
795.722
832.906
879.553
939.924
1014.39
1093.2
1156.79
1178.79
1131.38
1000.28
836.469
759.781
718.815
697.114
736.019
756.431
13.9276
67.1264
209.237
310.971
531.549
700.742
737.26
768.167
802.192
846.275
913.132
1012.77
1128.92
1228.47
1267.65
1189.39
884.176
296.989
166.477
181.418
296.127
771.093
694.879
13.4565
13.3554
13.0434
13.0134
12.5773
13.013
67.3758
189.462
397.433
591.066
791.17
974.9
1148.59
1304.52
1350.24
873.308
732.492
553.848
161.962
623.17
568.044
622.881
734.329
12.8143
12.9997
12.7938
12.4406
11.9519
11.7887
11.9989
12.2166
12.3859
12.6351
17.0664
773.732
1100.57
1293.91
940.886
684.811
760.178
546.407
428.519
47.8276
30.2336
31.314
632.026
12.0139
12.3068
12.0993
11.613
11.2673
11.4913
11.8646
12.1423
12.3483
12.4742
13.9048
533.347
1078.85
885.944
262.172
237.092
276.977
31.8992
31.0119
30.1845
29.7552
29.7392
29.0771
11.2646
11.5433
11.3972
11.1673
11.1521
11.5348
11.8775
12.131
12.3379
12.5664
22.7934
980.692
887.059
101.77
322.403
495.706
258.254
33.3593
30.9206
29.9543
29.4211
28.8722
28.7503
10.5594
10.8779
10.8533
10.9109
11.2296
11.7476
12.0143
12.0507
12.7665
398.455
701.099
148.386
2.42724
3.54631
344.437
465.611
460.052
62.7393
317.807
29.6692
29.1172
28.4347
28.5139
9.85047
10.1766
10.2232
10.4086
10.8812
11.7802
12.6907
266.501
518.567
393.138
10.3437
5.93991
1.98345
1.14398
2.8681
398.603
483.63
56.802
353.908
363.951
29.3432
28.8775
33.6853
9.12465
9.40177
9.44896
9.57354
9.80004
10.0319
10.5992
181.815
31.1243
3.65718
18.7781
45.8992
2.19708
1.6648
1.99332
2.28229
312.003
38.8709
41.6631
381.532
398.576
375.775
170.176
8.30165
8.61306
8.74488
8.58099
8.36502
7.57368
5.95497
2.56594
2.28812
3.39663
3.93589
16.9451
38.684
2.25926
2.49236
3.19244
2.56699
10.77
120.411
128.862
28.9733
1.61753
1.16821
7.56388
7.90352
7.97324
7.69933
7.34644
6.6123
5.32229
4.45273
4.40298
3.85207
8.38374
85.4698
57.1526
2.48126
2.43438
2.40736
2.19748
1.92491
61.9687
127.853
126.123
0.896423
0.794979
7.01827
7.45234
7.2176
7.01162
6.70211
6.2558
5.81746
5.88885
6.61536
70.121
93.1406
94.4601
2.64927
2.77772
8.8391
2.54411
2.40931
3.36499
2.48378
4.97932
126.792
-0.0480224
0.104117
6.52271
6.82403
6.63499
6.45141
6.19241
5.87464
5.60021
5.55257
5.50128
103.513
104.057
72.412
2.9547
3.49172
145.117
141.245
2.25231
2.18875
2.28905
42.702
88.8023
0.534839
0.061298
6.05372
6.24582
6.13402
5.96715
5.73732
5.44266
5.06735
4.47029
3.64082
4.4695
1.45445
1.7212
2.25028
27.7727
144.539
143.833
2.15098
2.19737
2.40393
23.1698
36.8481
0.463046
0.391722
5.62687
5.78783
5.69065
5.54368
5.3425
5.07459
4.70695
4.15293
3.21684
2.11772
1.73042
1.82369
2.22838
20.9859
158.311
104.267
2.35977
2.52002
20.2338
77.9959
0.20221
0.336553
0.386928
5.2384
5.38111
5.29803
5.17672
5.01616
4.80736
4.53136
4.1592
3.66976
3.13546
2.79867
2.75897
3.03794
3.4112
171.045
170.747
3.2966
3.178
85.1757
54.0525
0.0667551
0.135105
0.18108
4.89357
5.01522
4.94454
4.85141
4.74113
4.60978
4.44925
4.25438
4.03202
3.81406
3.65577
3.59049
3.62067
3.63445
3.60488
3.77367
30.039
5.11318
49.0824
15.0089
-0.201151
-0.127935
-0.0473076
4.58666
4.67696
4.60976
4.54318
4.48846
4.44253
4.4003
4.35998
4.32249
4.28484
4.23379
4.16174
4.09747
4.05328
3.97106
4.00946
19.2139
208.946
-0.448123
-0.527488
-0.452862
-0.359246
-0.264485
4.31969
4.35026
4.26378
4.21881
4.22469
4.26961
4.3436
4.44066
4.55322
4.65613
4.69222
4.61984
4.50641
4.58675
4.67049
4.76924
229.295
224.442
-0.934434
-0.714536
-0.646088
-0.567322
-0.473089
4.12451
4.00638
3.84843
3.8308
3.91182
4.05769
4.24624
4.4672
4.71337
4.95966
5.11002
5.01659
4.73739
4.8911
5.01572
215.769
237.792
11.2091
-1.12576
-0.905219
-0.866366
-0.800461
-0.691019
4.11179
3.52861
3.23446
3.30787
3.50129
3.76932
4.07035
4.39174
4.73584
5.12952
5.43899
7.27522
73.6653
4.93302
242.314
242.404
-0.747784
-2.17078
-1.60148
-1.32971
-1.21453
-1.08475
-0.927027
4.89862
2.24603
2.21244
2.55753
2.93809
3.36381
3.7748
4.14194
4.45158
4.80762
29.4908
224.595
220.975
224.478
100.742
-4.46647
-3.88774
-3.14082
-2.46297
-1.97304
-1.66193
-1.40763
-1.17673
41.0802
-2.84171
0.627774
1.38399
2.13345
2.78128
3.31088
3.6963
3.72893
3.4905
172.332
91.8558
-5.49728
-4.90351
-6.27503
-5.79545
-5.0531
-4.26995
-3.44614
-2.672
-2.12887
-1.73549
-1.42321
60.4099
39.2739
28.6667
11.2737
1.19609
1.99382
2.36539
3.01076
3.00852
3.02185
115.615
-5.72612
-6.01663
-6.46648
-6.69459
-6.4969
-5.82421
-5.1809
-4.2582
-3.27386
-2.54035
-2.02879
-1.64322
46.7198
37.9512
1.74281
1.29203
8.94297
10.1719
1.14301
1.66588
2.02989
65.1358
-5.76
-6.34173
-6.5222
-6.886
-7.06562
-7.07161
-6.70407
-5.86545
-4.87648
-3.71777
-2.84731
-2.25328
-1.81447
49.2517
19.2697
1.24744
0.64874
0.19731
9.51393
7.13906
-0.763829
2.3531
53.8381
-6.93699
-6.89924
-6.94114
-7.06841
-7.54769
-7.89734
-4.66341
-5.7807
-5.18414
-3.92932
-3.01101
-2.38473
-1.92103
40.4016
6.63747
0.939648
-0.114769
-0.812449
-0.100571
7.17711
-3.57993
14.7549
17.3133
-8.11185
-8.31378
-7.34421
-6.8006
-6.9488
-4.73084
-3.73169
-5.78703
-5.04865
-3.89449
-3.02681
-2.41598
-1.95657
52.0239
7.40552
0.943293
-0.535045
0.274067
6.76678
-2.3485
-5.11903
8.29888
-8.77001
-9.47761
0.206332
19.2101
20.5002
-1.56878
-6.73693
-6.1707
-5.58791
-4.74672
-3.69457
-2.91843
-2.35384
-1.92302
53.3244
6.38721
0.639002
-0.774661
1.07524
4.7217
-3.09805
-5.14429
22.0332
-9.47396
-2.99186
-8.59303
-5.48108
20.5186
8.28573
-6.01866
-5.86131
-5.3074
-4.32858
-3.3743
-2.70763
-2.21229
-1.82889
51.8704
0.456431
-0.60794
-1.29977
-1.55227
3.23824
5.26908
-2.67032
-1.37684
-9.41217
-1.77023
-3.79384
-7.26452
9.86303
23.7169
22.3925
5.57588
-4.79183
-3.69871
-2.95017
-2.41911
-2.0115
-1.68803
54.6991
-0.902038
-2.00217
-2.28937
-1.24406
0.0367594
0.814601
0.00465357
-3.69406
-6.11002
-6.37288
-5.86376
-5.69867
-4.58712
-3.68157
-2.19076
-4.45708
-3.68252
-2.98179
-2.48373
-2.09358
-1.77779
-1.51771
58.1999
-1.77986
-3.51939
-3.03256
-1.32962
0.0623019
0.597343
0.00765272
-1.59943
-3.3001
-4.1642
-4.41299
-4.19693
-3.79523
-3.54246
-3.41125
-3.13396
-2.73934
-2.36839
-2.04669
-1.77141
-1.53617
-1.33464
1.92896
34.5026
-3.82743
-3.20874
-1.36769
-0.244293
0.0963969
-0.214086
-1.02482
-1.95026
-2.60256
-2.9228
-2.9902
-2.89687
-2.74144
-2.56285
-2.35136
-2.11416
-1.8821
-1.66788
-1.47525
-1.30372
-1.15167
-0.0415571
1.71339
6.4824
-1.62333
-0.866266
-0.333473
-0.182364
-0.349704
-0.768141
-1.27927
-1.71196
-1.99357
-2.12899
-2.14294
-2.07214
-1.95033
-1.80311
-1.64593
-1.49185
-1.34664
-1.21231
-1.08922
-0.977161
0.0933548
0.0678209
0.391598
0.0109858
-0.254395
-0.213434
-0.222608
-0.348826
-0.591193
-0.891221
-1.17253
-1.38538
-1.51358
-1.55925
-1.53726
-1.47017
-1.37654
-1.27471
-1.17274
-1.07484
-0.98251
-0.89613
-0.815898
0.404831
0.386247
0.569462
0.307989
0.0574121
-0.0645588
-0.153926
-0.27177
-0.435161
-0.626463
-0.81271
-0.965435
-1.06892
-1.11915
-1.12204
-1.08999
-1.0367
-0.97394
-0.908676
-0.844625
-0.783231
-0.725002
-0.670164
0.460689
0.480987
0.530418
0.370467
0.179064
0.0424191
-0.0654377
-0.174114
-0.296314
-0.428191
-0.556142
-0.665063
-0.744263
-0.789636
-0.803427
-0.792325
-0.76476
-0.728549
-0.689104
-0.649487
-0.611208
-0.574815
-0.540414
0.41764
0.453465
0.449324
0.341257
0.211237
0.100551
0.00387781
-0.0887205
-0.182785
-0.277907
-0.368354
-0.446253
-0.505337
-0.542864
-0.559698
-0.559463
-0.547286
-0.528245
-0.50639
-0.48424
-0.463191
-0.443746
-0.425795
0.343033
0.387571
0.364471
0.286843
0.200525
0.12014
0.0445325
-0.0278823
-0.098534
-0.167229
-0.231095
-0.286022
-0.328726
-0.357685
-0.373284
-0.377597
-0.373778
-0.365223
-0.354733
-0.34459
-0.336049
-0.329529
-0.324612
0.250486
0.300257
0.275712
0.221609
0.166264
0.112372
0.059271
0.00769788
-0.0420867
-0.0894016
-0.1325
-0.16935
-0.19841
-0.218926
-0.231122
-0.236227
-0.236187
-0.233232
-0.229501
-0.226926
-0.226906
-0.22986
-0.235009
0.144885
0.200919
0.182143
0.148026
0.116382
0.0849369
0.0528212
0.021016
-0.00966942
-0.0383727
-0.0640898
-0.0859549
-0.10332
-0.115837
-0.123652
-0.127462
-0.128394
-0.127819
-0.127228
-0.128363
-0.133319
-0.14287
-0.155524
0.0246078
0.0925301
0.0827381
0.0673332
0.0552033
0.0427587
0.02946
0.016065
0.00316756
-0.00874985
-0.0193161
-0.0282709
-0.0353992
-0.0405684
-0.0438386
-0.0454919
-0.0459878
-0.0459272
-0.0461629
-0.0472597
-0.0532505
-0.0674126
-0.0860973
686.81
679.686
681.038
690.208
155.306
141.293
141.105
156.974
741.386
368.599
142.968
141.955
469.417
143.842
144.261
148.403
518.443
764.687
763.071
760.156
28.2493
27.753
27.5255
27.3374
28.0928
27.6454
27.3168
27.1372
28.4777
28.0633
27.8109
27.4263
363.403
347.314
67.976
316.457
0.897889
32.3875
149.129
1.16771
0.641817
0.838059
1.2032
1.35474
0.206978
0.31819
0.454497
0.592483
0.119681
0.213951
0.400761
0.953257
0.730794
0.727182
0.605137
0.425686
0.689464
0.282403
0.286163
0.305364
0.171311
0.172007
0.182584
0.203118
-0.0061202
0.0157418
0.0412182
0.0710382
-0.193773
-0.156473
-0.118214
-0.0787256
-0.384443
-0.335846
-0.287065
-0.238369
-0.581606
-0.521519
-0.461927
-0.403344
-0.787003
-0.712627
-0.640322
-0.570397
-0.996056
-0.904254
-0.817177
-0.734539
-1.19735
-1.08677
-0.98418
-0.888506
-1.37559
-1.24784
-1.13118
-1.02382
-1.51597
-1.37549
-1.2483
-1.13226
-1.60746
-1.46051
-1.32788
-1.20745
-1.64462
-1.49817
-1.36592
-1.24603
-1.62765
-1.48833
-1.36212
-1.24759
-1.56226
-1.43551
-1.32007
-1.21488
-1.45829
-1.34785
-1.24643
-1.15333
-1.32797
-1.23547
-1.14963
-1.07012
-1.18338
-1.10857
-1.03842
-0.972888
-1.03459
-0.975923
-0.920453
-0.868317
-0.889002
-0.844319
-0.80181
-0.76167
-0.751636
-0.718722
-0.687228
-0.657312
-0.62561
-0.60256
-0.580352
-0.559082
-0.512239
-0.497543
-0.483289
-0.469548
-0.41122
-0.403617
-0.396232
-0.389134
-0.321122
-0.319401
-0.31777
-0.3163
-0.24023
-0.243116
-0.245965
-0.248831
-0.167184
-0.173383
-0.179372
-0.185167
-0.102426
-0.110842
-0.118785
-0.126235
687.788
384.187
248.827
136.389
-6.91761
-6.2559
346.837
668.498
222.86
292.419
460.219
558.053
898.121
591.775
496.969
487.775
491.854
536.209
1184.99
197.158
493.189
284.103
4.02105
28.3001
558.115
648.188
614.106
211.86
509.407
407.432
852.127
662.559
99.0493
128.381
572.212
438.216
484.343
768.689
140.597
249.698
423.052
569.72
776.395
872.221
1008.27
396.306
432.973
598.183
964.991
830.099
478.135
50.3975
5.42734
474.062
741.33
508.853
853.292
542.188
802.292
871.694
675.529
669.553
1014.44
1231.9
984.01
687.933
1034.9
1053.52
790.891
18.1074
13.032
110.168
411.954
83.8987
459.859
270.548
602.451
389.153
560.449
668.743
340.169
1096.45
1218.09
1179.97
1087.99
601.614
478.682
789.399
18.1549
9.56873
9.98941
97.1494
84.4949
602.23
75.9182
30.0021
633.248
747.09
465.461
628.162
132.966
95.9661
113.354
9.22998
7.57473
7.33762
59.3
475.434
11.7034
12.2951
55.6805
519.695
28.175
31.5102
26.8931
27.3986
399.36
764.29
3.4039
3.15355
5.34376
6.65132
7.23138
8.12242
6.91923
6.29549
6.09439
552.099
545.542
223.88
25.0862
32.9261
31.8864
27.0572
28.8171
187.27
35.7613
2.89354
2.11164
12.4911
15.0312
16.2311
16.3832
15.6453
5.56396
5.95234
5.41027
0.64836
8.68308
9.42745
24.8031
45.7021
314.137
322.564
192.374
2.18924
2.51316
1.87284
12.2755
13.3229
7.35672
10.5455
14.1838
4.36524
5.75087
1.22099
-0.145051
0.790768
1.70419
1.50821
6.57045
1.12419
1.26177
3.90745
6.81661
6.18103
6.44931
1.59355
1.56887
1.58352
1.60871
13.4128
2.76356
3.91098
-0.13132
-1.52282
-0.652385
0.790971
0.718419
3.17594
1.0912
1.77647
5.21516
1.465
2.75383
1.4652
1.44316
1.38586
1.33928
1.34316
10.1601
1.42574
2.83322
1.30248
-1.87836
-0.992982
0.0457008
0.399657
0.370781
0.954424
1.20646
1.05722
1.33747
1.38709
1.30942
1.31109
1.29065
1.28649
1.29757
5.7766
1.27927
1.24031
2.83301
0.089414
-0.0849839
0.370978
0.548774
2.25062
1.06714
1.05192
0.963657
1.19563
1.32135
1.14045
1.17766
1.2088
1.26567
1.69455
3.21081
2.09773
1.54923
1.35261
0.9013
0.727281
0.766642
0.840826
3.87766
0.428619
0.552685
0.681195
0.803729
0.906397
0.986957
1.04733
1.10427
1.18767
1.38093
3.90052
7.81981
1.86078
1.6812
1.34448
1.10366
1.04558
1.1762
3.70736
0.347366
0.445856
0.555926
0.664928
0.763666
0.84765
0.919182
0.987348
1.07904
1.39847
1.50784
8.25845
2.14755
2.06375
1.65051
1.32173
1.36232
3.24598
3.16955
0.242
0.331441
0.43256
0.53473
0.630659
0.716317
0.792227
0.862405
0.929507
1.96311
1.77148
1.49342
9.16803
8.33157
4.30109
1.36637
1.76504
6.1797
3.93031
0.116206
0.208117
0.307737
0.407931
0.503188
0.589834
0.667001
0.735343
0.79179
1.32502
2.47306
1.05649
0.997458
5.64397
13.2698
5.83115
1.59365
5.81489
19.8078
-0.0240992
0.0770527
0.180884
0.283178
0.37987
0.467722
0.545123
0.611028
0.661748
1.0299
1.73525
1.34117
0.749309
2.8639
1.59414
5.71318
1.09878
2.74544
140.573
-0.173085
-0.0588498
0.0532409
0.160728
0.260631
0.35033
0.428125
0.492398
0.539555
0.564279
0.583238
1.24137
0.56232
3.26687
1.68611
3.6486
1.09864
7.30964
13.1519
-0.326358
-0.196349
-0.07322
0.0415407
0.145931
0.238231
0.317223
0.381551
0.429248
0.45889
0.471232
1.14198
0.434205
0.15374
1.02958
5.71281
0.621715
1.38229
7.47246
-0.48012
-0.332173
-0.196366
-0.0732298
0.0364034
0.131999
0.213145
0.279124
0.329309
0.363515
0.37978
1.07358
0.356616
-0.0347874
-0.520422
4.58126
0.154825
-0.381978
1.3293
-0.629667
-0.462686
-0.313792
-0.182124
-0.0670233
0.0322977
0.116311
0.185012
0.238442
0.277563
0.848885
0.804904
0.802776
-0.0400419
1.33559
1.59845
-0.176495
-0.0907663
3.94533
-0.769063
-0.583683
-0.42265
-0.283206
-0.163021
-0.0600589
0.026979
0.098747
0.155926
0.20037
0.234023
0.272111
1.14077
0.124264
1.42697
0.233623
0.427666
0.665607
5.62875
-0.891579
-0.690571
-0.519703
-0.374131
-0.249976
-0.144251
-0.0549028
0.0193593
0.0800297
0.130362
0.173666
0.212772
0.748595
0.374377
13.0791
9.71005
2.46668
9.71192
2.87441
-0.990757
-0.778972
-0.601741
-0.452469
-0.32627
-0.219529
-0.129693
-0.0546755
0.00775057
0.0631121
0.125009
0.153996
0.218734
2.70863
9.70663
-0.601285
-0.550118
3.02565
3.28925
-1.06156
-0.8453
-0.665893
-0.515915
-0.390073
-0.284926
-0.197418
-0.117753
-0.0656258
-0.000950705
0.0435016
0.0850614
0.0907007
4.34825
15.7805
-0.418612
-0.477461
-0.212807
0.494583
-1.10116
-0.88708
-0.709939
-0.562225
-0.439391
-0.339001
-0.160303
-0.0611849
-0.0310456
-0.126013
-0.103584
-0.0807991
-0.106184
-0.401197
15.4719
6.44923
-0.605361
4.08284
4.34095
-1.10899
-0.903304
-0.73243
-0.589584
-0.471644
-0.340465
-0.173241
-0.14727
-0.276477
-0.275479
-0.293671
-0.310582
-0.288598
-0.503651
0.592105
9.89452
-0.649213
10.2331
13.5671
-1.08686
-0.894935
-0.733627
-0.596989
-0.48354
-0.252541
-0.248226
-0.378274
-0.362034
-0.319905
-0.356922
-0.431198
-0.352582
-0.37819
-0.559796
-0.63406
-0.218638
0.873711
0.214037
-1.03904
-0.865177
-0.716114
-0.585712
-0.471956
-0.294731
-0.362615
-0.43799
-0.387454
2.67652
7.44976
0.197451
-0.389772
-0.374019
-0.2783
0.645762
0.134176
0.432726
0.601635
-0.971587
-0.819292
-0.68551
-0.562179
-0.438235
-0.321156
0.420868
1.16014
0.364723
9.23506
9.45249
9.4971
6.52357
-0.11711
1.18104
2.16324
1.36166
5.15283
3.62196
-0.891062
-0.763275
-0.649718
-0.54083
-0.415548
-0.2274
9.74321
12.279
3.63797
-0.781245
-0.642611
0.86203
9.57064
5.32371
0.561298
0.488789
0.76659
5.05485
0.0450457
-0.802965
-0.701134
-0.61342
-0.535953
-0.456567
0.371092
1.46137
8.04248
-1.12651
-0.803938
0.817092
-0.591402
-0.570406
4.69966
7.78555
7.42705
6.07884
-0.231134
-0.100123
-0.711264
-0.633567
-0.571481
-0.531751
-0.0168988
1.10486
-0.740159
-1.05696
-0.966139
-0.778186
0.902482
-0.543793
-0.514185
-0.495242
-0.481972
-0.421809
-0.318509
-0.222452
-0.0020207
-0.619578
-0.561562
-0.517506
-0.427512
1.22968
1.03246
-0.659519
-0.522122
-0.618283
-0.239414
-0.544566
-0.499814
-0.469456
-0.440941
-0.406282
-0.353009
-0.287999
-0.228893
-0.204888
-0.532032
-0.48995
-0.457796
-0.00703769
1.28604
-0.5217
-0.500319
-0.356499
-0.285869
-0.0180033
-0.493292
-0.46326
-0.434709
-0.404723
-0.369948
-0.327686
-0.283124
-0.246507
-0.227929
-0.451969
-0.424491
-0.403862
-0.334472
-0.257534
-0.367378
-0.242634
-0.28081
-0.384309
-0.478252
-0.458976
-0.43486
-0.408518
-0.380243
-0.349327
-0.316125
-0.284154
-0.25909
-0.245039
-0.380147
-0.366848
-0.359576
-0.364262
-0.444075
-0.375753
-0.49261
-0.466329
-0.456996
-0.448439
-0.432642
-0.41177
-0.388181
-0.362825
-0.336251
-0.309636
-0.285435
-0.266865
-0.255986
-0.314685
-0.313993
-0.318616
-0.33672
-0.111705
-0.572883
-0.514799
-0.456145
-0.436144
-0.424907
-0.410914
-0.392838
-0.371944
-0.349474
-0.326544
-0.304506
-0.285148
-0.270477
-0.261679
-0.252791
-0.261105
-0.274189
-0.298965
0.565203
-0.362612
-0.53538
-0.434212
-0.412395
-0.404174
-0.39304
-0.377497
-0.358818
-0.338565
-0.318181
-0.299058
-0.282616
-0.270278
-0.262969
-0.192698
-0.205999
-0.221769
-0.243116
-0.273958
0.401171
-0.0970233
-0.371049
-0.383995
-0.387114
-0.379833
-0.365998
-0.34848
-0.329381
-0.310339
-0.292747
-0.277824
-0.266671
-0.260379
-0.135528
-0.150425
-0.16603
-0.186438
-0.213837
-0.298103
-0.0714963
-0.318589
-0.369849
-0.380313
-0.373404
-0.35894
-0.341008
-0.321811
-0.302938
-0.28572
-0.271253
-0.26034
-0.254112
721.661
725.502
731.652
743.027
763.744
790.905
822.743
857.031
892.821
929.521
965.462
997.603
1017.97
1020.76
1028.03
1020.84
976.53
906.144
878.786
860.813
870.7
857.299
846.882
719.557
724.04
729.581
740.282
762.622
790.294
822.116
856.261
892.225
929.334
965.898
998.689
1019.78
1022.49
1024.64
1016.25
976.005
913.161
857.24
842.407
863.911
852.757
844.589
713.794
719.513
723.231
732.564
760.144
788.622
820.202
854.466
890.965
929.033
967.035
1001.7
1027.63
1031.26
1029.78
1017.19
981.968
913.729
846.885
849.011
854.532
845.688
839.557
705.059
711.273
708.341
715.15
756.723
786.816
817.568
851.64
888.781
928.381
968.795
1006.57
1036.42
1048.98
1042.94
1021.37
982.621
929.875
871.641
847.751
844.501
837.604
832.718
693.082
699.143
689.281
698.361
754.645
785.061
814.052
847.683
885.603
927.244
971.003
1013.16
1047.66
1064.8
1057.79
1028.48
981.245
923.727
868.2
840.543
833.955
828.538
824.257
677.755
684.856
675.36
691.211
753.495
782.163
809.189
842.398
881.227
925.338
973.369
1021.28
1061.72
1083.39
1075.63
1037.58
977.334
910.459
855.035
828.324
822.507
818.682
814.083
659.335
670.095
669.607
693.672
740.147
776.114
802.411
835.54
875.363
922.25
975.458
1030.66
1078.75
1105.86
1097.25
1048.16
969.646
889.506
834.334
811.139
810.102
808.541
801.913
639.163
655.745
668.057
693.149
722.921
766.311
793.494
826.921
867.662
917.416
976.645
1040.88
1098.79
1132.95
1123.32
1059.52
955.732
859.159
805.411
788.883
797.643
797.256
784.783
404.723
460.333
379.584
373.604
354.729
418.188
712.651
826.453
857.267
926.343
919.864
804.228
1016.98
1079.86
786.482
747.843
732.64
728.262
919.056
372.004
362.032
295.72
335.028
310.188
385.185
697.367
833.884
834.913
934.814
866.636
741.779
952.562
982.84
700.357
735.658
730.792
608.589
875.152
409.689
283
296.203
342.782
275.596
275.062
681.849
837.624
771.819
919.932
801.216
725.69
765.189
808.403
581.361
646.828
763.139
514.219
838.691
306.73
284.184
355.867
273.13
274.165
274.499
720.097
872.849
763.954
845.52
824.107
658.99
694.594
552.752
490.148
602.707
670.006
547.969
877.396
298.964
415.976
271.732
284.897
281.077
310.956
818.473
1011.88
706.543
846.015
765.937
616.098
660.403
247.059
437.896
693.511
715.394
748.729
860.239
558.636
367.244
471.407
493.996
481.108
455.519
835.002
1088.71
524.824
831.821
768.127
640.771
618.026
213.281
245.159
670.322
720.244
879.564
922.345
440.152
485.407
454.663
394.715
320.7
95.805
532.66
917.391
437.164
695.996
748.746
751.467
650.617
223.009
245.735
465.826
677.214
962.528
993.294
480.736
456.828
104.633
-1.69589
-6.73579
-5.78331
436.332
678.009
320.091
657.18
573.524
900.035
673.143
346.378
250.107
280.674
333.596
985.177
1286.67
604.384
639.48
668.842
694.697
722.26
750.207
779.551
813.387
854.773
907.817
975.743
1054.28
1128.48
1174.75
1165.39
1075.26
917.741
788.029
737.764
703.493
707.206
753.458
732.021
20.9545
139.123
262.174
395.329
644.788
720.314
752.849
784.395
822.388
875.841
959.207
1070.64
1183.33
1258.83
1246.72
1067.87
595.062
168.877
172.9
194.862
665.649
743.361
328.213
13.5851
13.1549
12.9958
12.9256
12.1205
31.556
117.591
284.876
500.748
684.529
896.376
1061.52
1232.06
1351.44
1093.68
765.251
658.368
189.273
306.848
600.158
524.2
735.992
735.345
13.0878
12.9066
12.6378
12.2015
11.7956
11.8826
12.1213
12.2891
12.5272
12.9146
169.143
1011.7
1212.49
1294.65
602.207
852.707
652.877
589.082
155.317
30.2164
30.3027
142.549
794.753
12.3704
12.2245
11.8901
11.3664
11.3335
11.6848
12.0177
12.2499
12.4196
12.7403
39.3528
1024.99
1131.31
299.861
254.095
230.888
201.414
31.5846
30.5126
29.935
29.6207
29.9787
52.2736
11.592
11.481
11.2848
11.0997
11.3195
11.7157
12.0098
12.2494
12.3849
13.3984
424.798
1061.09
204.923
153.612
507.774
463.071
36.9602
31.6995
30.2352
29.7064
29.1081
28.787
28.5942
10.8965
10.8599
10.8647
11.0271
11.4833
11.9386
12.0136
12.3922
25.1149
695.663
706.228
30.5463
2.49252
63.4783
452.444
465.207
358.605
150.333
120.354
29.3566
28.7579
28.3962
28.3975
10.1799
10.1861
10.2922
10.5974
11.2727
12.3213
19.0422
510.13
552.907
36.0732
8.25751
3.46702
1.29763
1.36984
44.1942
476.582
403.727
125.333
360.087
170.981
29.1407
31.0089
31.6531
9.39385
9.40571
9.50059
9.67159
9.95082
9.90175
84.959
133.679
3.79728
3.95282
45.8212
30.415
1.80417
1.74923
2.20826
73.0052
231.029
37.8301
100.351
409.928
387.737
264.31
359.349
8.65736
8.63913
8.61087
8.50854
8.08703
6.76909
2.80744
2.17449
2.87177
3.78079
3.98921
76.4827
2.04443
2.29066
3.15426
2.49667
3.07553
93.9302
124.065
84.6583
8.73629
1.52918
0.913401
7.92095
8.00642
7.78998
7.55834
7.04185
6.06029
4.72488
4.39665
4.23782
3.62428
62.3632
82.3032
2.36933
2.46556
2.41764
2.34089
2.00354
2.77472
110.869
129.107
81.7555
0.916529
0.684212
7.30727
7.39492
7.11465
6.87557
6.49495
6.01595
5.73518
6.2561
8.71963
96.2294
92.632
65.1326
2.55843
6.28839
6.88167
2.52491
3.13115
3.03731
2.63157
93.6763
35.3109
0.0798184
0.155777
6.78817
6.76282
6.5496
6.33204
6.03767
5.72152
5.537
5.52349
57.9971
103.699
103.717
2.47465
3.02539
43.9977
140.957
58.6941
2.18339
2.2337
2.49878
113.757
1.03102
0.185625
0.0642685
6.27398
6.19607
6.05797
5.86029
5.59824
5.26809
4.81716
3.98747
4.62537
4.40029
1.51207
2.01159
2.51427
150.557
140.53
59.2745
2.14042
2.29745
2.65715
103.683
0.411622
0.445895
0.476348
5.81077
5.74539
5.62355
5.4504
5.21815
4.90681
4.46172
3.75039
2.62954
1.82657
1.74462
1.96981
2.55768
157.603
159.057
2.52788
2.37663
2.69195
81.0139
36.6845
0.266847
0.374238
0.597059
5.39944
5.34375
5.24208
5.10167
4.91875
4.67927
4.35923
3.92787
3.39121
2.93339
2.73862
2.8624
3.20233
43.3791
172.24
60.7001
3.1003
24.4849
85.2385
0.097151
0.0899836
0.16963
0.175851
5.03509
4.98283
4.90017
4.79847
4.67856
4.53367
4.35606
4.14523
3.91899
3.72477
3.6103
3.59664
3.64526
3.65342
3.63216
13.7884
26.7747
5.03798
85.2502
-0.203742
-0.174765
-0.0820345
-0.0222881
4.70401
4.64457
4.57514
4.51441
4.46473
4.42118
4.37984
4.34085
4.30424
4.2621
4.19943
4.12559
4.07596
4.01603
3.96859
3.87861
163.789
41.22
-0.581672
-0.48346
-0.410659
-0.309581
-0.223054
4.40194
4.30375
4.2345
4.21607
4.24302
4.30342
4.38954
4.49592
4.60875
4.68676
4.66793
4.54722
4.5371
4.64256
4.67345
89.188
227.152
107.193
-0.796061
-0.676726
-0.6087
-0.521587
-0.422365
4.12972
3.908
3.82462
3.86132
3.97836
4.1475
4.35302
4.58788
4.84019
5.05537
5.10265
4.88804
4.76165
4.99695
19.3748
238.281
218.23
-1.30922
-0.975826
-0.882152
-0.840276
-0.749411
-0.628502
3.87021
3.30256
3.25249
3.39162
3.62947
3.91692
4.22863
4.56047
4.92285
5.32687
5.54287
103.207
4.51994
66.9547
242.313
204.716
-2.45138
-1.84815
-1.43066
-1.26765
-1.15463
-1.00768
-0.8459
3.29157
2.02749
2.40238
2.73315
3.15193
3.57218
3.96758
4.3035
4.58915
5.32306
217.067
222.363
221.156
233.609
28.5981
-4.31714
-3.51251
-2.7914
-2.18791
-1.80461
-1.53144
-1.28933
-1.07035
1.59879
-0.732251
1.182
1.74121
2.48485
3.04598
3.54556
3.75665
3.61232
10.246
215.584
-4.74168
-3.93344
-6.24039
-6.09519
-5.42763
-4.60454
-3.88076
-3.03163
-2.37496
-1.91926
-1.57139
-1.28857
44.263
37.9045
11.6017
4.84283
1.70135
2.18248
2.74249
3.04394
2.99753
74.4435
-4.30108
-5.89589
-6.24586
-6.6199
-6.65317
-6.16003
-5.45794
-4.74607
-3.74733
-2.8717
-2.26431
-1.82389
-1.48239
53.0273
2.14035
1.51782
1.49789
10.1345
9.87713
1.12675
1.79982
6.5981
62.9752
-6.32315
-6.39902
-6.69502
-7.05285
-7.10125
-6.9845
-6.29758
-5.41274
-4.28312
-3.23804
-2.52536
-2.01895
-1.63425
47.2316
1.42715
0.938418
0.420878
3.34254
9.00962
-1.07756
-0.688743
51.4758
-5.90025
-6.78043
-6.99028
-6.94948
-7.2778
-7.84188
-5.35457
-3.83291
-5.75249
-4.539
-3.42152
-2.67217
-2.13685
-1.73139
45.9545
1.33139
0.376366
-0.516958
-1.04274
8.29668
-3.3029
-4.15861
42.7692
-7.97022
-8.30089
-7.95229
-6.89473
-7.02395
-6.93731
-4.18778
-4.1506
-5.52058
-4.46367
-3.41741
-2.69836
-2.17079
-1.76794
40.8279
1.44655
0.180156
-1.07395
5.09348
6.35484
-4.34835
-5.81422
34.1523
-9.20655
-8.36383
18.2428
20.1042
18.1208
-6.87664
-6.47383
-5.88314
-5.2189
-4.1998
-3.27152
-2.61628
-2.1245
-1.74463
50.7862
1.23861
-0.116839
-1.28065
5.19155
2.72349
-3.70222
-4.63589
22.8648
-9.78208
-2.0433
-8.57667
19.3428
20.9224
-6.05926
-5.95141
-5.52962
-4.89198
-3.81043
-3.01309
-2.44338
-2.00893
-1.66821
40.3491
-0.0379101
-1.01308
-1.59401
-0.910875
6.04978
1.2828
-4.38309
-7.00195
-4.90398
-1.62713
-8.09633
-6.32934
24.0436
23.1469
21.677
-5.17279
-4.21693
-3.28681
-2.66536
-2.20292
-1.84091
-1.55004
2.25079
-1.53731
-2.19418
-1.85182
-0.588431
0.559166
0.523982
-1.96201
-5.26647
-6.47304
-5.83792
-5.82451
-5.08274
-4.30626
-0.823233
-4.65635
-4.08931
-3.30211
-2.71502
-2.27793
-1.92772
-1.64167
-1.40423
50.7613
-2.97654
-3.53428
-2.21179
-0.549359
0.459529
0.446003
-0.716781
-2.5203
-3.84542
-4.34081
-4.35911
-3.99065
-3.64237
-3.47195
-3.30223
-2.93731
-2.5485
-2.20123
-1.90366
-1.64919
-1.43155
-1.24459
43.9655
4.02624
-3.8371
-2.26448
-0.692667
0.011423
0.0182271
-0.578026
-1.50224
-2.32304
-2.79774
-2.98412
-2.95617
-2.82271
-2.65943
-2.46191
-2.23361
-1.99643
-1.77235
-1.56885
-1.38694
-1.22537
-1.08228
0.60428
7.21376
0.0813879
-1.27166
-0.545341
-0.216033
-0.228516
-0.535772
-1.02404
-1.51295
-1.87195
-2.07848
-2.1489
-2.11583
-2.01597
-1.8789
-1.72479
-1.568
-1.41795
-1.27807
-1.14937
-1.03182
-0.925126
-0.11058
0.363067
0.227593
-0.213381
-0.235436
-0.205916
-0.269556
-0.458143
-0.738948
-1.0383
-1.28908
-1.46028
-1.54603
-1.55543
-1.50772
-1.42492
-1.32608
-1.22339
-1.12315
-1.02795
-0.938564
-0.855231
-0.778111
0.297083
0.533523
0.468994
0.162121
-0.0133905
-0.108413
-0.207241
-0.348248
-0.529284
-0.722277
-0.894539
-1.02383
-1.10052
-1.12584
-1.1095
-1.06515
-1.00599
-0.94132
-0.876374
-0.813553
-0.753705
-0.697146
-0.644053
0.452191
0.528965
0.468748
0.268406
0.104884
-0.0129448
-0.118442
-0.23344
-0.361766
-0.49366
-0.613792
-0.708796
-0.771173
-0.800138
-0.800469
-0.780077
-0.747311
-0.709
-0.669192
-0.630131
-0.592765
-0.557366
-0.523937
0.442655
0.464431
0.40417
0.27449
0.153455
0.0511516
-0.0424476
-0.135453
-0.230477
-0.324206
-0.409334
-0.478408
-0.526817
-0.553692
-0.561411
-0.554529
-0.53837
-0.517482
-0.495241
-0.473528
-0.453265
-0.434603
-0.41726
0.383867
0.384657
0.329306
0.243071
0.159618
0.0818473
0.00803182
-0.0633793
-0.133248
-0.20002
-0.259914
-0.309042
-0.344943
-0.367061
-0.37667
-0.376488
-0.369889
-0.360035
-0.349525
-0.340071
-0.332547
-0.326915
-0.322511
0.299374
0.293976
0.249825
0.193619
0.139242
0.0856712
0.0332644
-0.0174347
-0.0661407
-0.11161
-0.151817
-0.184922
-0.209748
-0.226009
-0.234451
-0.236713
-0.234936
-0.231343
-0.227965
-0.226543
-0.228034
-0.232244
-0.237961
0.200266
0.195695
0.16503
0.131965
0.100775
0.0689015
0.0368229
0.00548676
-0.0243308
-0.051664
-0.0755492
-0.0952306
-0.110189
-0.120301
-0.125994
-0.128206
-0.128205
-0.127428
-0.12744
-0.13027
-0.137571
-0.148958
-0.162244
0.0916201
0.0900641
0.0744624
0.061136
0.0491215
0.0361697
0.022735
0.00952276
-0.00294052
-0.0142199
-0.0240082
-0.0320743
-0.0382301
-0.0424288
-0.0448429
-0.0458505
-0.0459829
-0.0459321
-0.0468047
-0.0492647
-0.0594247
-0.0765362
-0.0956133
678.916
680.188
684.493
695.374
144.843
141.459
143.468
167.839
709.587
143.168
142
141.196
144.336
143.941
144.928
173.023
773.438
763.001
761.33
760.798
27.9943
27.5797
27.4306
27.8394
27.8662
27.4621
27.2217
27.0432
28.2868
27.8587
27.606
27.2713
360.722
94.6456
306.099
314.454
0.849214
172.049
1.15035
1.14722
0.626244
1.13845
1.30336
1.3707
0.257009
0.385858
0.519217
0.714835
0.158394
0.272825
0.839461
1.00262
0.724826
0.734562
0.400259
0.387163
0.434577
0.282055
0.294059
0.319658
0.170556
0.176008
0.191688
0.216603
0.00448973
0.027943
0.055611
0.0873753
-0.175217
-0.137498
-0.0986151
-0.0585297
-0.360215
-0.311457
-0.262707
-0.21398
-0.551545
-0.491621
-0.432503
-0.374388
-0.749564
-0.676195
-0.605063
-0.536257
-0.949528
-0.860143
-0.775334
-0.694682
-1.14097
-1.03454
-0.93555
-0.842902
-1.3102
-1.18825
-1.07644
-0.973146
-1.44392
-1.31038
-1.189
-1.0779
-1.53206
-1.39256
-1.26624
-1.15132
-1.56953
-1.43039
-1.30452
-1.19027
-1.55632
-1.42366
-1.30349
-1.19428
-1.49749
-1.37641
-1.26628
-1.16573
-1.402
-1.29602
-1.19892
-1.10957
-1.28096
-1.1917
-1.10915
-1.0325
-1.14546
-1.07288
-1.00512
-0.941712
-1.00492
-0.947751
-0.893988
-0.84344
-0.866434
-0.822761
-0.781451
-0.742485
-0.735031
-0.702776
-0.672074
-0.642962
-0.613998
-0.591338
-0.569598
-0.548815
-0.504848
-0.490354
-0.476353
-0.462886
-0.407401
-0.399891
-0.392643
-0.385715
-0.320259
-0.318568
-0.31701
-0.315654
-0.241686
-0.244541
-0.247393
-0.250297
-0.170315
-0.176402
-0.182294
-0.188007
-0.106693
-0.114875
-0.122573
-0.129782
653.939
310.773
212.417
20.0335
-6.91639
33.7609
555.328
468.816
214.584
527.079
478.948
867.745
676.079
535.895
395.95
559.274
431.023
884.701
1220.52
444.92
485.106
38.6713
-5.68545
310.148
616.203
717.046
234.467
194.032
344.453
776.998
764.403
368.798
58.9207
443.283
581.462
460.197
547.931
1184.45
155.789
397.352
336.285
759.753
817.332
941.154
857.697
307.864
652.527
822.997
940.85
375.557
273.084
23.0174
47.0519
626.914
829.146
546.771
1016.87
814.935
832.951
846.509
613.649
823.805
1174.82
1195.07
772.319
752.868
1073.69
994.539
153.946
11.6165
9.7699
404.056
48.1435
715.237
214.46
1060.32
412.023
367.097
804.718
320.87
583.233
1203.86
1206.44
1145.61
899.657
412.405
708.717
294.859
11.0976
9.40048
43.6355
64.8508
552.747
159.492
831.008
197.954
682.853
473.617
610.048
451.458
55.2215
138.307
40.2924
7.56174
7.48875
7.10831
484.613
251.715
12.5255
13.746
524.537
29.5486
29.7606
30.7251
26.831
69.3165
709.577
408.928
3.32609
3.60837
7.15791
7.06782
7.45454
7.87893
6.57549
6.01184
249.029
546.248
559.191
24.9737
32.9962
30.7904
30.3798
26.8788
82.4879
205.078
2.81048
2.48131
9.13928
13.9947
15.6955
16.4481
16.0101
7.06865
5.46687
7.09228
2.1003
0.204975
12.2791
12.405
38.546
45.6977
296.787
318.212
2.99198
2.3571
2.28766
3.1972
13.2484
11.5297
5.63297
14.5259
12.8199
5.36994
3.79401
0.341225
0.0834408
1.66808
1.59754
2.07718
38.8312
1.11558
1.89159
6.83877
6.99484
5.87377
5.8184
1.57497
1.5758
1.59379
3.16476
12.8515
2.63383
1.41557
-1.05828
-1.28229
0.103045
1.06913
0.862122
35.4295
0.965332
4.6823
2.65178
1.67012
2.34378
1.44812
1.42005
1.35283
1.34632
1.66331
13.6759
1.09473
3.04038
-1.43726
-1.66193
-0.33408
0.225878
0.535212
34.3802
1.24339
1.0452
1.16254
1.43783
1.32405
1.31125
1.30385
1.28059
1.29965
1.26822
9.04693
1.33229
2.25119
1.77052
-0.278642
0.19117
0.466681
0.799006
1.91487
1.13609
0.949478
1.05354
1.33937
1.16226
1.16082
1.19255
1.23192
1.32933
1.83582
5.59669
1.61847
1.49196
1.13555
0.763505
0.747393
0.796308
3.70216
2.29726
0.489866
0.616387
0.74454
0.857485
0.950044
1.01861
1.07505
1.13975
1.23673
1.977
7.48058
1.93676
1.80133
1.51706
1.19531
1.04508
1.10447
4.14021
3.04642
0.394129
0.500242
0.611283
0.7159
0.807618
0.884468
0.953046
1.03109
1.11678
1.988
2.11429
8.17373
2.16195
1.87382
1.45045
1.28444
1.50713
3.8019
10.1882
0.284392
0.381271
0.484045
0.583806
0.67486
0.755263
0.827799
0.897089
0.96065
2.51595
1.26684
5.39348
9.53225
6.83267
1.79354
1.47402
2.05913
3.61085
4.14961
0.160695
0.25744
0.358145
0.456463
0.547711
0.629536
0.702339
0.766176
0.800339
2.39207
1.05251
1.06172
1.04148
8.88247
13.0324
1.17934
1.93726
3.26456
146.421
0.025879
0.128895
0.232486
0.332459
0.425034
0.507772
0.579638
0.639195
0.671243
2.03543
1.26726
1.35878
1.39987
1.47669
13.4019
0.906964
3.23737
6.33493
245.461
-0.11584
-0.00240694
0.107741
0.211811
0.306877
0.390798
0.462078
0.518748
0.555057
0.574899
0.577175
0.787471
0.844103
3.30116
12.8924
0.665283
7.46348
5.47909
256.097
-0.260586
-0.133857
-0.0146711
0.0951549
0.193672
0.279466
0.351322
0.407651
0.447778
0.469052
0.696219
0.975265
0.30029
0.203811
3.41883
0.436777
6.66922
-0.721507
266.83
-0.404673
-0.26274
-0.133159
-0.0166817
0.0859773
0.174417
0.248098
0.30615
0.347946
0.37317
1.0536
0.570366
0.803275
-0.347712
-0.556027
0.996909
2.22366
-0.337997
274.317
-0.543863
-0.386056
-0.245843
-0.12255
-0.015432
0.0762114
0.152592
0.213615
0.259643
0.291682
0.957696
0.365364
0.849913
-0.319061
1.73553
0.149682
0.154794
0.557613
1.89072
-0.673144
-0.500327
-0.350375
-0.220844
-0.109488
-0.0146015
0.0647451
0.129079
0.179639
0.218691
0.690481
0.403169
0.783707
0.525523
1.06466
0.356398
0.399027
9.49918
2.65255
-0.786958
-0.601705
-0.444013
-0.309585
-0.194955
-0.0976232
-0.0159524
0.0512298
0.106239
0.152663
0.193401
0.229383
1.10446
5.79361
13.1364
9.86383
1.0331
10.1371
9.0159
-0.880029
-0.6865
-0.523952
-0.38671
-0.270642
-0.172636
-0.0904447
-0.022103
0.0354452
0.101337
0.139769
0.168084
1.1041
15.5525
-0.514455
-0.621831
0.789913
2.47635
45.6594
-0.948182
-0.751531
-0.587635
-0.450214
-0.335097
-0.239171
-0.158645
-0.0916641
-0.0350024
0.0217232
0.0644384
0.0863847
0.0716481
15.8227
5.57011
-0.475085
-0.379661
-0.0694331
46.6949
-0.988815
-0.794439
-0.632754
-0.497869
-0.386524
-0.292564
-0.0884542
-0.0370967
-0.125481
-0.115678
-0.0864027
-0.086633
-0.179506
8.61355
15.6859
-0.578967
1.77551
0.40138
47.5846
-1.00113
-0.814036
-0.657777
-0.527527
-0.422075
-0.200163
-0.155054
-0.208527
-0.273971
-0.282326
-0.304741
-0.315521
-0.353077
-0.700008
14.846
2.56506
-0.0336047
12.5006
15.1477
-0.986456
-0.810926
-0.662435
-0.537121
-0.39037
-0.224215
-0.363075
-0.378798
-0.338333
-0.324567
-0.399998
-0.403686
-0.361943
-0.484755
-0.546576
-0.572371
1.53901
3.27065
0.273547
-0.948435
-0.788006
-0.648859
-0.526536
-0.321078
-0.352942
-0.412262
-0.425125
-0.257098
6.87423
3.8978
-0.371109
-0.387191
-0.372168
0.299485
0.375869
0.275942
0.981423
0.405191
-0.892561
-0.750586
-0.623065
-0.501749
-0.379572
-0.250776
2.77921
-0.460899
8.78396
9.41946
9.47113
9.52089
-0.0322512
0.102293
2.0982
2.25977
0.448154
5.29947
0.374255
-0.824894
-0.7052
-0.595522
-0.48214
-0.335982
0.0368081
12.5347
12.116
-0.812536
-0.723012
-0.59932
6.66244
9.337
3.81842
0.370925
0.6387
4.94288
2.9285
0.140991
-0.750065
-0.655699
-0.573732
-0.497462
-0.364269
-0.172625
12.3078
-1.29031
-0.986769
0.650869
0.0588698
-0.57818
-0.560649
8.03485
7.50279
7.31798
1.48619
-0.172118
0.100962
-0.670616
-0.600334
-0.547938
-0.524259
1.16499
0.0501251
-0.910269
-1.05977
-0.863438
-0.27003
-0.135656
-0.52797
-0.502883
-0.492304
-0.456623
-0.374827
-0.268358
-0.164326
-0.0249098
-0.589134
-0.537379
-0.503315
0.56367
1.18212
-0.083149
-0.563391
-0.494698
-0.638548
-0.0951707
-0.518802
-0.484224
-0.455239
-0.42532
-0.382318
-0.320564
-0.25628
-0.21011
-0.201101
-0.510035
-0.472275
-0.447023
1.36493
-0.494955
-0.522415
-0.424203
-0.391363
-0.0408492
-0.273894
-0.478026
-0.448999
-0.420073
-0.388185
-0.349708
-0.305043
-0.263109
-0.233853
-0.22868
-0.437618
-0.41306
-0.397788
-0.124364
-0.466352
-0.261084
-0.237286
-0.354165
-0.482369
-0.470115
-0.447376
-0.421896
-0.394671
-0.365147
-0.332877
-0.299652
-0.270358
-0.250509
-0.243876
-0.373011
-0.362147
-0.360107
-0.389126
-0.412952
-0.434604
-0.478556
-0.460374
-0.453722
-0.441479
-0.422657
-0.400241
-0.375693
-0.349644
-0.322826
-0.297035
-0.275191
-0.260376
-0.253659
-0.313864
-0.31573
-0.32567
-0.164477
-0.454189
-0.568558
-0.474415
-0.443035
-0.430741
-0.418527
-0.40232
-0.382662
-0.360837
-0.337991
-0.315313
-0.294366
-0.277042
-0.265167
-0.259099
-0.256598
-0.26662
-0.283866
-0.290781
0.482453
-0.586274
-0.455495
-0.419249
-0.408617
-0.399208
-0.385757
-0.368449
-0.348796
-0.328301
-0.308374
-0.290417
-0.275793
-0.265573
-0.259899
-0.199223
-0.213279
-0.23128
-0.257786
0.163946
0.349134
-0.370752
-0.379556
-0.387297
-0.38451
-0.373532
-0.357555
-0.339018
-0.319761
-0.301281
-0.284886
-0.271687
-0.262273
-0.256378
-0.143095
-0.157888
-0.175366
-0.201813
-0.240666
0.269438
-0.269593
-0.351554
-0.37835
-0.378206
-0.366791
-0.350248
-0.331461
-0.312246
-0.294048
-0.278085
-0.265316
-0.256126
-0.249334
721.269
722.525
728.249
734.746
751.727
776.463
806.516
839.549
874.497
910.956
947.793
982.326
1010.84
1020.43
1025.41
1024.75
1002.01
938.042
885.832
853.98
863.34
862.968
849.349
719.689
718.799
725.403
729.94
748.921
774.969
805.018
838.095
873.379
910.372
948.011
983.846
1014.24
1024.74
1022.94
1023.4
1001.6
952.946
879.448
833.998
858.404
855.229
844.887
713.803
712.264
718.329
715.964
741.498
773.177
802.985
835.731
871.289
909.195
948.429
986.516
1019.38
1039.03
1039.76
1029.75
1002.99
958.597
877.872
845.971
850.693
846.023
838.233
704.5
702.5
705.326
693.83
731.778
772.099
800.485
832.384
868.14
907.29
948.87
990.327
1027.15
1051.9
1055.85
1039.63
1005.28
956.161
898.175
853.657
841.707
836.347
830.253
692.132
689.549
689.872
677.218
726.46
771.422
797.125
827.855
863.807
904.488
949.108
995.081
1037.18
1066.97
1073.47
1052.51
1008.11
948.921
887.437
844.901
830.606
826.114
821.015
676.928
673.947
676.618
671.757
722.194
768.24
791.904
821.813
858.069
900.487
948.772
1000.47
1049.44
1085.36
1094.53
1068.36
1010.56
936.46
869.845
829.261
817.164
815.544
810.769
659.65
656.251
666.751
675.56
704.003
759.722
783.986
813.975
850.672
894.879
947.328
1006.03
1063.72
1107.53
1120.03
1087.27
1011.08
916.131
844.032
806.687
801.038
805.049
800.019
637.5
637.562
658.818
681.862
695.729
747.625
773.641
804.306
841.385
887.15
944.046
1011.12
1079.81
1133.71
1150.89
1110.48
1008.81
882.477
806.036
772.721
778.847
796.633
784.646
473.476
468.06
363.907
364.988
351.226
358.531
529.785
799.063
831.781
888.859
949.766
816.99
810.566
1109.21
889.388
712.285
739.263
745.698
740.915
456.511
396.013
283.054
311.557
285.852
278.809
455.154
809.207
809.666
859.251
923.525
755.773
728.948
985.968
760.284
634.515
762.575
675.423
589.864
523.725
288.296
287.694
351.856
290.805
275.373
318.938
848.845
763.312
842.711
847.816
777.889
613.165
803.346
562.445
575.651
722.544
597.381
619.316
514.985
290.792
376.103
270.299
272.949
275.545
390.552
982.448
810.482
755.569
858.201
744.828
610.12
562.668
376.602
561.721
609.415
606.767
763.48
486.431
465.656
332.817
415.181
445.967
448.4
548.437
1134.04
795.334
714.734
862
629.92
669.941
274.96
229.152
577.247
718.98
756.357
836.986
555.755
391.984
481.533
468.248
435.335
413.906
413.973
1111.41
592.235
562.309
766.203
631.081
891.214
276.943
226.095
324.687
680.105
778.207
1007.75
334.262
495.76
450.773
270.269
88.4466
-6.29424
13.1751
882.259
419.89
524.554
686.002
850.233
907.958
430.806
236.754
264.737
387.429
745.182
1024.07
260.852
563.372
134.81
47.8459
-5.1047
-6.54744
61.6042
721.022
274.655
415.603
483.033
572.509
917.317
593.092
247.735
292.535
321.992
414.742
1091.91
561.137
455.003
604.642
658.472
687.481
721.104
751.022
782.347
818.685
865.406
930.203
1016.58
1112.21
1191.97
1221.91
1157.5
970.187
696.991
485.516
371.21
342.846
441.691
664.692
20.4108
13.4929
13.255
13.9419
72.977
262.57
545.601
716.871
781.535
820.509
886.95
1002.7
1141.97
1263.04
1317.19
1081.91
731.021
182.202
166.621
181.142
750.864
761.407
703.847
13.7259
13.219
12.9812
12.7913
12.4473
12.1745
12.0431
14.0449
26.6161
68.533
239.599
640.658
1094.98
1328.09
1234.13
826.326
780.489
618.807
631.94
358.509
37.0313
147.979
775.577
13.1629
12.6883
12.4805
12.0037
11.5094
11.5865
11.8941
12.1512
12.3802
12.7176
19.4471
927.448
1080
1212.13
333.366
328.955
723.273
30.6575
49.956
30.1873
29.896
29.9688
215.618
12.4179
11.9114
11.7227
11.3301
11.137
11.437
11.8445
12.1272
12.3248
12.4798
13.9185
591.06
1096.63
279.739
244.013
390.139
103.666
39.7773
30.9306
30.1102
29.62
29.2391
29.0894
11.6285
11.2055
11.1202
11.051
11.2112
11.6379
11.9357
12.1764
12.3764
13.3409
608.855
976.793
86.8783
25.2805
458.714
474.371
429.062
34.88
69.2961
29.7805
29.2483
28.6002
28.4828
10.912
10.5384
10.5595
10.7052
11.1246
11.8157
12.0095
12.2625
411.822
548.526
126.135
5.32565
1.6959
1.41756
29.1021
464.324
475.728
180.509
338.105
121.489
29.1508
28.605
28.7748
10.2013
9.79483
9.84841
10.0268
10.4493
11.2943
14.3148
399.979
519.735
13.6038
15.5479
12.0397
2.321
1.33677
1.96228
61.3716
479.523
45.2199
200.898
385.715
372.498
33.3739
162.045
9.5009
9.00468
9.04894
9.0783
9.05877
8.66381
12.5871
9.3826
2.07991
3.36623
4.06886
35.7492
20.9297
1.97299
2.1442
2.51335
2.23324
61.1132
44.1383
75.522
261.853
23.748
280.777
8.71956
8.24233
8.34632
8.11527
7.7912
6.90986
4.69047
3.30561
3.30621
3.58311
3.74755
42.9168
47.5241
2.43437
2.89186
3.07338
2.18917
23.915
122.104
128.387
117.345
1.21466
0.98568
7.90613
7.61984
7.57118
7.33418
6.99615
6.42545
5.67974
5.37513
5.52979
5.20062
92.2252
86.8549
23.1955
2.54878
2.46376
2.46033
2.28993
2.14549
2.55414
45.4783
128.177
0.41301
0.435771
7.27328
7.1797
6.91641
6.71993
6.43861
6.07377
5.77929
5.97004
7.28624
102.976
99.5836
100.156
2.95779
3.12533
133.162
15.6903
2.85242
3.25171
2.34431
22.8741
117.787
0.20311
-0.0335271
6.76809
6.49144
6.37518
6.20137
5.95867
5.6584
5.33332
4.9294
4.01177
75.1995
42.0869
4.45806
2.56108
17.0501
142.362
139.543
2.1372
2.18656
2.31964
23.1433
67.9311
0.543222
0.270177
6.28407
6.01067
5.90583
5.74794
5.5312
5.24543
4.857
4.23874
2.99566
1.74802
1.44626
1.66469
2.09218
21.1125
150.776
122.589
2.22435
2.27073
2.67335
72.85
7.89852
0.402218
0.514395
5.83585
5.5785
5.48843
5.35379
5.17141
4.92987
4.60283
4.13762
3.46005
2.66114
2.2371
2.24755
2.59896
12.7536
164.996
166.811
2.67435
2.88428
67.5954
82.1232
0.138585
0.248015
0.283269
5.42722
5.19387
5.11752
5.01022
4.8739
4.70232
4.48285
4.2019
3.86038
3.51184
3.27554
3.21987
3.35026
3.48023
25.4384
106.625
6.18788
4.22224
87.8545
29.8461
-0.0540081
0.0032982
0.0673335
5.06084
4.84353
4.77634
4.697
4.61403
4.52475
4.42358
4.30863
4.18524
4.06643
3.96731
3.89618
3.86473
3.82821
3.75223
3.76698
4.30131
42.7519
31.9949
3.66043
-0.333446
-0.249159
-0.158072
4.73561
4.51341
4.4408
4.38553
4.36015
4.35885
4.37498
4.40506
4.44511
4.47938
4.47148
4.39999
4.3153
4.29274
4.31574
4.42448
153.099
223.173
-0.806845
-0.629988
-0.554414
-0.46323
-0.368646
4.44727
4.18366
4.07063
4.03673
4.07712
4.1707
4.30214
4.46301
4.64449
4.81727
4.90309
4.81303
4.71221
4.79235
4.89075
37.387
234.05
185.867
-1.05078
-0.784593
-0.742905
-0.678074
-0.580049
4.20894
3.80067
3.57841
3.5922
3.72296
3.92577
4.17091
4.4466
4.74954
5.07207
5.30657
5.13082
4.69465
4.96567
15.7426
241.217
227.869
-1.79518
-1.30564
-1.0836
-1.02404
-0.936338
-0.806712
4.08462
3.05912
2.7768
2.96266
3.24017
3.58282
3.93889
4.2922
4.64726
5.06694
5.531
216.245
218.369
167.838
241.006
106.352
-3.2496
-2.6003
-1.99548
-1.63276
-1.43048
-1.24314
-1.05098
4.19698
0.14664
1.47211
2.04012
2.57722
3.10875
3.57494
3.94212
4.12839
4.21826
103.489
224.182
94.2628
116.839
-5.69472
-5.37995
-4.50435
-3.7316
-2.96174
-2.32702
-1.89822
-1.57346
-1.30178
32.2733
-1.44902
1.84105
4.04783
1.53625
2.37301
2.92146
3.39841
3.34775
3.05358
164.103
-4.51297
-5.88541
-6.36447
-6.47104
-6.14104
-5.42824
-4.71585
-3.88205
-2.99065
-2.34506
-1.88878
-1.53801
53.1057
45.9999
6.5957
3.99542
5.60895
8.83226
1.68797
2.45693
2.63984
16.5747
35.8384
-6.08006
-6.24527
-6.66736
-6.94936
-6.74426
-6.1825
-5.51728
-4.58714
-3.51839
-2.70956
-2.15147
-1.73613
55.684
28.1848
1.53437
1.05417
3.75644
9.77275
2.19415
0.59643
1.12906
59.0455
-6.75014
-6.69535
-6.77195
-7.02476
-7.37479
-7.50785
-6.31226
-6.12973
-5.09224
-3.85808
-2.94858
-2.33153
-1.87648
43.6591
11.8772
1.04054
0.236904
-0.346229
4.11165
7.88545
-2.24728
7.60866
40.1315
-7.42866
-7.57907
-7.11166
-6.97077
-7.06986
-6.4734
-4.41846
-5.2428
-5.15422
-3.93683
-3.03598
-2.4127
-1.94771
41.1546
4.52677
0.928368
-0.375257
-1.15906
3.3958
5.10395
-4.56069
13.0199
-0.162645
-8.86409
-8.67344
11.9069
6.9795
-7.00563
-6.90074
-5.94548
-5.73326
-4.90914
-3.81123
-2.98667
-2.39583
-1.94803
41.9516
11.5873
0.89235
-0.639894
2.88101
5.01255
-4.14312
-5.32244
18.624
-9.30246
-8.81022
-3.24963
13.7268
20.1105
13.4864
-6.26283
-5.95041
-5.41405
-4.55955
-3.54863
-2.82459
-2.2919
-1.88277
53.0579
1.31712
0.0787029
-0.870964
-1.42414
5.5474
2.75626
-4.32155
20.0883
-9.4226
-2.61464
-7.24884
-7.8287
21.9658
21.1452
0.911183
-2.09073
-5.19162
-4.03999
-3.17285
-2.57087
-2.11774
-1.76326
52.9789
-0.291495
-1.32863
-1.8504
-1.34294
-0.0849708
3.00524
-0.670486
-5.70368
-7.93776
-4.3916
-3.33493
-6.50375
-4.88781
16.7108
22.8913
-5.01654
-4.26204
-3.33495
-2.71687
-2.25812
-1.89705
-1.60545
52.4308
-1.38666
-2.68756
-2.65899
-1.2601
0.152974
0.805143
-0.0414517
-2.31144
-4.49787
-5.25767
-5.4135
-4.90614
-4.22607
-3.98443
-4.05093
-3.72125
-3.15475
-2.65747
-2.25864
-1.93019
-1.65668
-1.42686
57.5958
7.7482
-3.98463
-3.30962
-1.37036
-0.0976509
0.337699
-0.0945439
-1.23818
-2.49413
-3.27137
-3.57888
-3.54584
-3.33494
-3.11933
-2.93891
-2.69924
-2.40076
-2.11141
-1.84971
-1.61937
-1.41809
-1.24252
14.0679
20.2926
2.83526
-2.59813
-1.18353
-0.326442
-0.0798365
-0.301892
-0.879128
-1.56376
-2.0978
-2.40595
-2.5229
-2.4982
-2.39015
-2.23714
-2.0586
-1.86557
-1.67677
-1.50055
-1.33954
-1.19392
-1.06299
0.521604
0.191496
1.49614
-0.464822
-0.527559
-0.286243
-0.223976
-0.362853
-0.675318
-1.06316
-1.41204
-1.65973
-1.79594
-1.83102
-1.78839
-1.69455
-1.5773
-1.45025
-1.32458
-1.20508
-1.09341
-0.989919
-0.894682
-0.0869261
0.227085
0.522092
0.180497
-0.0650921
-0.135832
-0.19491
-0.315873
-0.511433
-0.74844
-0.976395
-1.15715
-1.27354
-1.32338
-1.31609
-1.26842
-1.19718
-1.11662
-1.03458
-0.95498
-0.879257
-0.807858
-0.741026
0.286497
0.46306
0.56342
0.359859
0.134045
-0.00464648
-0.108793
-0.222901
-0.363064
-0.520601
-0.674246
-0.803156
-0.894042
-0.942476
-0.952098
-0.932044
-0.893163
-0.845044
-0.793853
-0.743019
-0.694017
-0.64739
-0.603316
0.453514
0.473264
0.490454
0.360943
0.202515
0.0770672
-0.02733
-0.128725
-0.235984
-0.347654
-0.455002
-0.547139
-0.615753
-0.657379
-0.673408
-0.668742
-0.649919
-0.623288
-0.593539
-0.563413
-0.5344
-0.507026
-0.481306
0.444954
0.424107
0.407385
0.315831
0.209636
0.114402
0.0277451
-0.0550324
-0.137005
-0.218052
-0.294247
-0.359893
-0.410389
-0.443651
-0.460241
-0.462883
-0.455588
-0.442441
-0.426992
-0.411458
-0.397198
-0.384677
-0.373642
0.383052
0.345774
0.320596
0.255315
0.185686
0.119098
0.054829
-0.00709719
-0.0670544
-0.124607
-0.177554
-0.222968
-0.258564
-0.283257
-0.297336
-0.302394
-0.300916
-0.295643
-0.289057
-0.283207
-0.279392
-0.278011
-0.27847
0.298592
0.251798
0.229591
0.185768
0.142932
0.100731
0.0583881
0.016876
-0.0231665
-0.0609049
-0.0949771
-0.124022
-0.147025
-0.163469
-0.173537
-0.178171
-0.178875
-0.177431
-0.175656
-0.175422
-0.178296
-0.184862
-0.194052
0.199402
0.147076
0.132634
0.107866
0.0863871
0.0648965
0.0425357
0.0201836
-0.00137323
-0.0213989
-0.0392208
-0.0543312
-0.0663396
-0.0750247
-0.0804976
-0.0832467
-0.084054
-0.0838981
-0.0839024
-0.0855576
-0.0918283
-0.103726
-0.119527
0.0896714
0.0274923
0.0247754
0.0190639
0.0154817
0.0121684
0.00856712
0.00486064
0.00130431
-0.00191585
-0.00470494
-0.00701073
-0.00879278
-0.0100328
-0.0107712
-0.0111086
-0.0111776
-0.0110922
-0.0107569
-0.0106593
-0.0177519
-0.0341561
-0.0545623
563.757
505.026
475.95
495.353
688.324
152.494
259.159
282.685
362.212
143.553
141.689
136.763
765.888
586.455
146.968
148.76
28.8157
30.9196
99.3084
576.99
27.826
27.3284
27.0721
27.0983
28.378
27.9425
27.6038
27.3402
71.2221
48.8919
32.1827
70.6193
149.507
334.336
322.135
276.761
0.75839
0.750099
0.619611
0.819637
0.433048
0.483662
0.584637
0.749124
0.0941638
0.221698
0.362921
0.873375
0.310503
0.436607
0.626222
0.934278
0.762972
0.706546
0.315598
0.339993
0.244672
0.23572
0.240978
0.259067
0.0854124
0.0970652
0.115043
0.139914
-0.0996207
-0.0692463
-0.0369626
-0.00220717
-0.288561
-0.245387
-0.201746
-0.157665
-0.481989
-0.427885
-0.373869
-0.320383
-0.683386
-0.616583
-0.550915
-0.48686
-0.891644
-0.808878
-0.729397
-0.653243
-1.09859
-0.997396
-0.902527
-0.813313
-1.29033
-1.17078
-1.06083
-0.959033
-1.45133
-1.31651
-1.19402
-1.08186
-1.56829
-1.42374
-1.29313
-1.17429
-1.63296
-1.48537
-1.35219
-1.2314
-1.64265
-1.49901
-1.36911
-1.25134
-1.60048
-1.46686
-1.34552
-1.23523
-1.51436
-1.39543
-1.2867
-1.18729
-1.39564
-1.2941
-1.20037
-1.11394
-1.25677
-1.17324
-1.09531
-1.02281
-1.10899
-1.04249
-0.979862
-0.92116
-0.961035
-0.909644
-0.860896
-0.81497
-0.819054
-0.780519
-0.743755
-0.708948
-0.687081
-0.659312
-0.632653
-0.607229
-0.567326
-0.548622
-0.530535
-0.513145
-0.460258
-0.44926
-0.438572
-0.428264
-0.364915
-0.360408
-0.356049
-0.35191
-0.279628
-0.280373
-0.281151
-0.282026
-0.202755
-0.207449
-0.212025
-0.216521
-0.133764
-0.141217
-0.14834
-0.155128
-0.07209
-0.0810485
-0.089424
-0.0971659
320.015
348.124
427.285
-0.679092
-6.96291
117.135
541.555
659.029
200.511
309.448
418.941
834.07
799.404
313.067
334.233
632.972
560.484
701.859
850.403
251.935
136.616
137.179
75.0463
576.863
718.652
821.144
342.729
244.367
557.176
744.339
840.32
590.127
64.5777
9.34141
513.065
736.124
477.255
956.957
341.83
744.806
778.095
865.658
903.221
1024.76
1170.03
939.738
862.965
671.535
1014.83
794.447
105.073
54.3563
117.598
472.846
594.54
600.056
395.461
178.194
842.398
857.199
327.354
335.525
545.172
905.901
821.476
951.757
1081.77
1037.26
833.037
14.5229
9.01319
9.05265
399.833
74.1265
674.151
207.557
567.426
423.704
765.395
439.087
547.536
774.677
843.329
993.738
431.464
7.70194
7.81552
309.461
243.521
11.0914
12.1803
25.3486
448.131
99.3788
31.3378
27.035
302.647
806.498
777.453
461.487
3.56809
4.60745
6.45436
7.31857
7.4788
7.21547
6.65899
456.158
462.359
112.626
560.186
89.3287
28.1878
32.0737
26.9818
26.6089
29.0722
112.712
3.42419
2.54172
12.8164
11.9876
9.04419
16.1275
9.8327
5.93481
6.01197
6.91823
244.799
13.8679
23.7145
35.2138
47.3875
48.0941
185.328
299.494
9.52234
2.64837
1.65457
12.6525
14.1902
14.8213
15.3275
14.7373
4.99192
6.67717
2.67325
1.93105
1.33734
1.96535
2.59604
35.905
282.362
198.607
4.14827
3.8711
2.61566
3.30735
2.62934
3.2045
1.76927
1.98023
13.6687
3.72122
4.57073
0.54651
-0.833013
0.359039
1.39205
1.08848
4.54635
0.926317
1.65932
6.23631
6.07832
6.32329
5.25406
1.51325
1.46894
1.43291
1.45147
13.5573
2.01596
3.43047
-0.516449
-1.9531
-1.00785
0.0739325
0.490541
0.77047
0.848178
1.05475
1.07385
1.34281
1.41728
1.39519
1.37818
1.3306
1.2974
1.29898
4.90056
1.07329
1.46647
2.73855
-1.03217
-0.618938
0.167371
0.434076
0.726191
1.1199
1.25351
1.39192
1.47219
1.54744
1.22369
1.24402
1.2527
1.28239
1.34417
3.78047
1.48867
1.39411
1.23338
0.572213
0.384242
0.585932
0.690783
3.60704
0.814776
0.604322
0.745388
0.878381
0.982741
1.06134
1.11217
1.15856
1.23274
1.76607
5.4961
6.98396
1.70045
1.51544
1.16623
0.955603
0.910965
0.999057
4.14403
0.390795
0.500102
0.617977
0.732672
0.833438
0.915978
0.983062
1.0472
1.13608
1.24878
1.51872
8.11349
2.02307
1.86246
1.49616
1.22153
1.18293
1.4043
2.87868
0.297574
0.389719
0.494283
0.599211
0.696304
0.781272
0.855563
0.92562
1.00136
1.82008
1.44501
1.62196
5.06292
2.23908
1.81001
1.41081
1.5694
5.72227
3.52647
0.181308
0.27088
0.370425
0.471046
0.566356
0.652529
0.729305
0.798726
0.859744
1.77849
2.08067
1.17302
5.78909
13.211
13.1762
1.49384
1.7814
6.24154
4.0009
0.0474765
0.14339
0.244515
0.345308
0.441034
0.528219
0.605534
0.672701
0.725955
1.0965
2.38317
0.949614
0.865478
1.1808
10.7014
9.03484
1.30597
4.55228
92.9069
-0.0978174
0.00950285
0.117046
0.221614
0.319716
0.408401
0.485932
0.550836
0.599296
0.916773
0.648116
1.31475
0.646216
3.37778
1.83279
3.96166
1.11987
5.19456
73.9353
-0.249418
-0.1276
-0.0102653
0.100657
0.202676
0.293583
0.371853
0.435929
0.482969
0.509828
0.522896
1.18776
0.487867
1.09672
2.06669
4.34615
1.19532
6.70954
8.51655
-0.40344
-0.264681
-0.135346
-0.0164783
0.0904691
0.184344
0.264301
0.329283
0.378074
0.410031
0.423062
1.10166
0.434187
0.025419
-0.322276
5.44753
0.263629
-0.895244
3.96334
-0.555766
-0.398339
-0.255959
-0.128524
-0.0161479
0.0812858
0.163801
0.231047
0.282745
0.319503
0.426944
1.05829
0.333375
-0.0851407
-0.198965
1.83739
-0.309151
-0.201017
0.799443
-0.701044
-0.524656
-0.369493
-0.233788
-0.116051
-0.0148536
0.0706995
0.140942
0.196219
0.237753
0.805325
0.351966
1.10629
0.0850253
0.887534
0.341898
0.147192
0.188485
7.66083
-0.832854
-0.639176
-0.472861
-0.330093
-0.207731
-0.103217
-0.0148733
0.058279
0.117311
0.16485
0.203441
0.242297
1.12859
0.156729
12.2771
3.36618
0.537293
6.44015
2.93712
-0.944443
-0.737331
-0.562793
-0.415023
-0.289553
-0.183054
-0.0931647
-0.0182308
0.0436707
0.0962297
0.146392
0.184056
0.415462
0.735394
13.2476
-0.6222
2.9254
9.55721
3.61102
-1.02994
-0.815083
-0.636211
-0.48619
-0.359845
-0.253538
-0.164456
-0.0900737
-0.0283534
0.0375114
0.0882237
0.122301
0.150962
4.56458
13.2137
-0.479327
-0.427636
-0.12028
0.968988
-1.08533
-0.869374
-0.690564
-0.541336
-0.416686
-0.313495
-0.223751
-0.045154
-0.079405
-0.0544765
-0.0147077
0.0179673
0.00310863
1.35203
15.6583
-0.414766
-0.518728
-0.314899
0.904282
-1.109
-0.898376
-0.723903
-0.578363
-0.457839
-0.36103
-0.147615
-0.101084
-0.113611
-0.200527
-0.20067
-0.198447
-0.225041
-0.485548
14.035
16.0909
-0.674207
9.66216
9.67547
-1.10145
-0.902047
-0.735594
-0.595781
-0.480357
-0.24794
-0.195495
-0.316993
-0.331836
-0.321354
-0.351261
-0.394793
-0.308668
-0.45892
-0.729908
0.501215
0.597267
4.97275
2.84993
-1.06581
-0.88244
-0.726931
-0.593445
-0.480797
-0.249176
-0.363772
-0.413391
-0.372929
-0.286372
0.00773925
-0.42492
-0.412733
-0.378882
-0.457988
-0.522151
-0.342852
0.146013
0.28374
-1.00735
-0.843867
-0.70198
-0.574792
-0.456451
-0.357697
-0.341778
-0.446576
-0.391288
9.39212
9.40839
8.12344
-0.142952
-0.347034
1.18879
2.16213
1.81946
1.94625
2.69307
-0.932575
-0.792217
-0.667782
-0.550001
-0.421761
-0.273128
5.6209
12.1363
1.8097
5.20862
2.70819
9.55166
9.55004
0.313966
0.257323
1.60104
0.748353
5.15806
1.94356
-0.847684
-0.732866
-0.631723
-0.536395
-0.425893
-0.233311
7.87482
12.0987
-1.01041
-0.828283
-0.130112
-0.618585
1.3519
7.98245
5.92753
1.30843
4.49786
2.9248
-0.0579962
-0.75735
-0.66804
-0.593752
-0.536013
-0.497632
1.21696
-0.669936
1.03483
-1.11369
-0.78971
0.858664
-0.566529
-0.542026
-0.525749
2.43867
3.61323
-0.257352
-0.233892
-0.0133298
-0.665169
-0.597904
-0.545911
-0.517369
1.20329
1.08251
-0.724084
-0.77778
-0.771299
-0.659526
-0.45382
-0.51175
-0.490457
-0.465273
-0.436188
-0.378691
-0.296328
-0.221589
-0.0786307
-0.575034
-0.525299
-0.487602
-0.172613
1.28248
-0.477908
-0.546811
-0.309463
-0.522952
-0.0589453
-0.515942
-0.480277
-0.450855
-0.421195
-0.385637
-0.338204
-0.284168
-0.238234
-0.217176
-0.490943
-0.456215
-0.429591
-0.100831
0.302348
-0.496075
-0.348599
-0.389092
-0.220306
-0.448578
-0.474923
-0.448287
-0.420737
-0.391307
-0.358246
-0.320896
-0.283429
-0.253442
-0.237251
-0.415099
-0.394803
-0.380713
-0.379378
-0.427606
-0.278474
-0.289669
-0.421312
-0.468153
-0.46216
-0.445213
-0.422741
-0.39775
-0.370882
-0.342176
-0.312541
-0.284916
-0.263533
-0.25125
-0.346796
-0.340107
-0.33931
-0.349122
-0.423729
-0.550503
-0.500879
-0.461604
-0.446585
-0.436192
-0.421259
-0.40183
-0.379623
-0.355763
-0.331133
-0.307035
-0.285544
-0.269162
-0.259414
-0.283454
-0.287775
-0.297555
-0.321721
0.464936
-0.584448
-0.532825
-0.448327
-0.424955
-0.414274
-0.401511
-0.384737
-0.365041
-0.343789
-0.322278
-0.301885
-0.284186
-0.270841
-0.262851
-0.2225
-0.233766
-0.248691
-0.272265
0.0548782
0.280936
-0.413957
-0.410691
-0.398368
-0.394853
-0.385681
-0.371182
-0.353258
-0.333735
-0.314175
-0.295978
-0.280449
-0.268838
-0.262097
-0.163776
-0.178307
-0.194397
-0.214841
-0.239117
-0.0103996
0.0779246
-0.336548
-0.373171
-0.381978
-0.375763
-0.362014
-0.344507
-0.32552
-0.306708
-0.289438
-0.274859
-0.263919
-0.257845
-0.106604
-0.120775
-0.134415
-0.153675
-0.188092
-0.294533
-0.126837
-0.329799
-0.378429
-0.38315
-0.372809
-0.356559
-0.337657
-0.317843
-0.298537
-0.281036
-0.266417
-0.255407
-0.24895
721.203
725.198
730.962
741.687
763.376
790.981
822.765
856.799
892.586
929.44
965.601
997.707
1018.06
1022.03
1025.89
1018.28
974.047
903.381
871.955
850.964
867.864
855.495
846.143
717.041
722.165
727.226
737.507
761.574
789.52
821.244
855.488
891.706
929.221
966.38
999.991
1023.3
1024.12
1025.37
1016.15
979.781
919.331
848.687
839.274
859.287
849.406
842.35
709.812
715.92
716.915
724.881
758.439
787.697
818.979
853.186
889.99
928.756
967.847
1003.9
1031.69
1041.39
1036.19
1018.88
982.669
922.818
847.711
849.444
849.538
841.753
836.336
699.494
705.613
698.639
705.842
755.41
785.973
815.943
849.813
887.326
927.888
969.858
1009.66
1041.72
1056.67
1050.06
1024.63
982.209
928.03
871.726
844.862
839.333
833.183
828.69
685.822
692.139
681.329
693.469
754.203
783.881
811.827
845.222
883.581
926.41
972.19
1017.04
1054.32
1073.66
1066.28
1032.81
979.644
917.847
862.52
835.002
828.341
823.681
819.399
668.854
677.465
671.549
691.545
751.302
779.631
806.065
839.179
878.501
923.975
974.483
1025.84
1069.86
1094.09
1085.92
1042.73
974.135
901.024
845.71
820.4
816.434
813.623
808.54
649.581
662.864
668.8
696.589
726.005
771.605
798.209
831.457
871.766
920.095
976.212
1035.69
1088.39
1118.8
1109.68
1053.65
963.501
875.626
820.989
800.745
803.677
803.3
794.862
627.621
649.244
667.57
692.741
730.11
760.381
788.319
821.928
863.008
914.124
976.646
1046.13
1109.89
1148.37
1138.74
1066.28
944.957
837.334
784.623
771.217
790.053
793.757
772.562
382.614
438.045
344.532
369.185
348.243
405.45
708.862
829.476
850.528
932.144
907.82
762.283
984.325
1038.43
777.108
734.748
715.908
695.026
896.638
390.22
290.403
289.267
315.32
278.544
321.276
686.708
836.439
808.554
926.677
809.059
731.729
876.133
910.872
642.277
707.545
754.799
545.744
846.047
364.282
283.457
349.35
337.541
273.958
274.312
691.654
845.37
752.311
916.336
805.926
690.204
714.897
683.479
515.653
620.823
749.94
513.685
856.764
294.656
355.842
341.789
273.3
274.626
274.675
769.422
927.368
757.099
853.251
823.226
610.966
657.931
394.476
483.518
591.324
654.303
652.303
838.91
407.817
406.713
341.861
457.649
438.494
468.012
856.659
1077.1
609.377
876.971
723.897
628.164
666.584
221.509
340.035
695.72
731.411
820.215
886.904
565.377
370.751
494.795
447.846
434.5
353.623
736.411
1030.27
473.017
780.897
755.596
644.202
601.586
216.018
240.189
623.745
705.026
926.924
958.292
270.04
528.523
357.456
177.09
3.40247
-4.89143
388.653
793.588
385.235
687.118
716.335
929.903
649.512
236.073
245.631
289.008
600.105
980.776
1164.42
610.448
294.914
80.647
16.9863
-6.57618
-5.227
536.791
586.612
261.675
627.826
505.276
879.433
695.227
392.304
243.43
329.374
317.004
823.603
1278.95
318.825
547.341
641.629
670.635
705.43
735.865
766.362
799.604
840.312
895.06
971.057
1064.6
1155.9
1215.81
1204.26
1079.08
838.781
575.138
421.371
336.197
369.242
615.657
628.715
13.7851
13.2877
13.2134
25.3431
156.377
404.546
650.632
759.22
799.461
848.271
939.337
1072.01
1207.43
1303.27
1278.39
868.42
432.176
164.513
170.707
477.755
765.185
734.142
696.057
13.3517
13.0935
12.8745
12.6663
12.276
12.0881
12.4403
17.6882
42.9168
118.757
449.864
859.703
1243.01
1374.95
879.164
917.41
668.472
647.861
587.074
93.183
31.8428
625.372
772.356
12.7594
12.6023
12.2816
11.7082
11.4812
11.738
12.0346
12.2581
12.5198
13.6655
351.955
1015.74
1160.8
919.925
280.493
707.645
246.953
41.2912
30.6406
29.9938
29.8772
31.0228
704.44
11.9696
11.8356
11.5488
11.1613
11.2537
11.6567
11.9996
12.2342
12.3944
12.7233
46.8785
1038.44
908.693
220.835
289.474
304.877
50.255
31.2996
30.4429
29.8498
29.3993
29.1249
29.1955
11.2395
11.1644
11.0744
11.0876
11.4125
11.8113
12.0435
12.3233
12.5538
80.5053
935.675
625.453
11.7197
205.585
472.521
463.05
84.2314
60.9731
31.2466
29.5492
28.8889
28.5014
28.238
10.5467
10.5385
10.6097
10.8705
11.4599
12.0736
11.9129
86.4987
538.213
555.095
26.5746
2.89037
1.34623
2.41472
354.059
472.404
474.917
138.229
344.661
29.4792
28.8771
28.5948
28.6932
9.78881
9.80459
9.9183
10.1948
10.8207
12.0024
57.9981
516.265
146.91
10.263
15.1538
3.79464
1.57725
1.48059
2.99755
413.208
333.323
41.7868
376.519
383.863
125.813
59.5534
249.759
9.02241
9.00413
9.05743
9.08488
8.95098
7.99194
24.8969
2.51241
2.72653
3.87033
7.46387
69.0548
1.83506
2.01459
2.31315
2.48208
38.6418
38.3659
57.3611
155.506
212.723
35.5164
305.096
8.28505
8.35173
8.18273
7.9939
7.45876
6.11147
3.69912
3.14867
3.45043
3.66791
3.88307
79.2056
2.26698
2.43306
3.22745
2.31028
2.22702
115.989
123.993
130.732
19.4662
1.23194
0.859396
7.59234
7.68885
7.43467
7.19212
6.74216
6.06511
5.41447
5.47459
5.16507
42.0745
87.7015
88.3298
2.50417
2.50468
2.4484
2.40328
2.15948
2.38614
2.93183
131.382
79.9205
0.47598
0.423164
7.04578
7.11401
6.82135
6.5925
6.26453
5.90033
5.77713
6.37163
56.3332
100.47
100.34
35.7016
2.8303
38.8573
121.869
2.69193
3.4419
2.2771
2.57288
115.181
0.181212
0.00378489
0.0233041
6.52547
6.43689
6.29616
6.08864
5.81408
5.49723
5.15548
4.54844
21.1168
93.3993
12.4704
2.32072
2.84809
127.803
137.741
89.3304
2.14727
2.25178
2.4325
113.057
0.683557
0.374868
0.220425
6.03804
5.9648
5.83375
5.64736
5.39802
5.06844
4.59188
3.74254
2.28721
1.47111
1.54269
1.84414
2.38942
152.31
149.33
2.03973
2.17222
2.42953
22.0677
67.3854
0.323878
0.434628
0.790988
5.59798
5.53863
5.42678
5.26901
5.0592
4.77945
4.39192
3.82834
3.04159
2.38761
2.19352
2.40127
2.90185
132.956
166.908
99.6975
2.79434
7.50872
83.4068
6.03962
0.193373
0.283141
0.260553
5.21259
5.15919
5.06743
4.94588
4.7932
4.59944
4.35056
4.03692
3.67913
3.37437
3.22264
3.26721
3.43911
3.51456
119.611
12.0046
6.12454
19.7605
86.0725
-0.0341654
-0.040297
0.0432185
0.078831
4.86576
4.81218
4.73725
4.65597
4.57054
4.47595
4.36766
4.24725
4.12415
4.01393
3.92742
3.87568
3.85468
3.7806
3.71937
3.77688
32.5636
6.23622
59.1434
-0.352258
-0.299272
-0.199559
-0.123233
4.54941
4.4767
4.40943
4.36936
4.35696
4.36503
4.38839
4.42439
4.46478
4.48327
4.44237
4.35147
4.29645
4.32463
4.32723
9.81203
223.356
145.466
-0.697976
-0.587566
-0.510975
-0.415438
-0.322388
4.26195
4.11843
4.0431
4.04905
4.1184
4.23232
4.37929
4.55218
4.73553
4.87777
4.88069
4.73635
4.73062
4.85694
4.86928
230.844
231.743
-1.33716
-0.873591
-0.762537
-0.715386
-0.632022
-0.524132
4.00217
3.64927
3.5665
3.64601
3.81772
4.04415
4.30517
4.59483
4.91044
5.21374
5.30089
4.90258
4.75596
5.10222
226.752
240.836
19.1599
-1.52591
-1.15789
-1.05054
-0.987129
-0.874736
-0.735822
3.66311
2.77751
2.86252
3.08732
3.40837
3.76033
4.11673
4.46851
4.83584
5.33002
40.6354
219.698
152.468
240.325
241.769
0.554117
-2.95272
-2.27382
-1.78248
-1.5239
-1.33809
-1.14673
-0.957895
1.50144
0.741471
1.8452
2.28402
2.8565
3.34693
3.78167
4.05988
4.14248
5.46973
218.738
127.771
156.196
14.1848
-5.63552
-4.94636
-4.11897
-3.34367
-2.61525
-2.09339
-1.72758
-1.43215
-1.18133
22.2949
-0.272548
9.80643
1.67608
2.01772
2.6383
3.22187
3.42281
3.21702
28.752
122.674
-5.64582
-6.17718
-6.46742
-6.35351
-5.84913
-5.05923
-4.35202
-3.41236
-2.637
-2.09997
-1.7032
-1.3897
52.5876
23.7667
3.93447
3.47241
7.71258
6.22972
2.03266
2.54589
2.84745
69.9405
-5.8126
-6.10494
-6.4517
-6.84676
-6.87483
-6.50958
-5.90524
-5.08878
-4.03893
-3.07407
-2.4076
-1.93008
-1.56453
49.9695
1.70322
1.30343
0.883347
10.0269
9.40341
0.0802665
0.756892
18.7521
36.0572
-6.6338
-6.72106
-6.87302
-7.20239
-7.53228
-7.12345
-6.30416
-5.66768
-4.4571
-3.35547
-2.61409
-2.08831
-1.69018
46.4134
1.33288
0.607051
-0.0805664
-0.552109
8.67795
-2.23873
-2.48396
47.544
-7.38843
-7.49939
-7.41873
-6.92066
-7.1043
-6.84685
-4.9052
-3.59205
-5.66923
-4.53328
-3.43967
-2.69983
-2.16426
-1.75737
38.0669
1.39744
0.24538
-0.858642
-0.693471
7.48173
-4.08584
-5.29104
40.0326
-8.57564
-9.07512
-1.30081
16.9097
-6.71585
-7.02447
-6.53883
-6.08951
-5.37376
-4.34866
-3.35991
-2.66982
-2.15712
-1.76346
49.5716
1.44134
0.0997304
-1.14305
5.27121
1.95192
-4.21397
-5.48082
27.4578
-9.6419
-2.41388
-4.75355
19.995
20.3392
-5.72997
-6.12982
-5.75081
-5.06871
-4.02132
-3.15525
-2.53996
-2.07446
-1.71244
50.5245
0.700393
-0.459203
-1.4982
2.24178
4.98262
-2.32374
-5.05708
9.98562
-3.88529
-2.19817
-8.56229
4.96835
22.2542
5.36858
-0.264971
-5.13313
-4.6085
-3.56345
-2.84797
-2.32971
-1.9302
-1.61349
10.8096
-0.786068
-1.62619
-1.69926
-0.89611
1.85026
2.03893
-3.41136
-7.47947
-7.99173
0.0111237
-7.15972
-5.65028
-0.497388
23.8662
6.23887
-4.71332
-3.75954
-2.99818
-2.47283
-2.06749
-1.74383
-1.47968
20.295
-2.31628
-2.9225
-2.02869
-0.500892
0.622295
0.596569
-1.08182
-3.55991
-5.04812
-5.37083
-5.22786
-4.54559
-4.03169
-4.02503
-3.94913
-3.43646
-2.89328
-2.44755
-2.0868
-1.78733
-1.53689
-1.32536
49.5055
-3.25328
-3.95191
-2.31951
-0.633542
0.22712
0.228953
-0.609608
-1.89966
-2.95587
-3.47037
-3.59967
-3.44816
-3.22258
-3.02541
-2.83211
-2.55125
-2.25338
-1.97659
-1.73073
-1.5153
-1.3273
-1.16321
9.81601
17.0726
-2.7827
-1.88108
-0.662324
-0.139924
-0.136763
-0.559283
-1.22658
-1.85955
-2.27804
-2.48595
-2.52425
-2.45157
-2.31854
-2.15059
-1.96257
-1.76991
-1.58684
-1.41809
-1.26484
-1.12666
-1.00269
-0.0975918
0.339988
1.02942
-0.667253
-0.387752
-0.230757
-0.268215
-0.502272
-0.867496
-1.24808
-1.54983
-1.74151
-1.82484
-1.81772
-1.74641
-1.63819
-1.51413
-1.38683
-1.26391
-1.14823
-1.04064
-0.941261
-0.850129
0.098809
0.45873
0.380554
0.02752
-0.109704
-0.160637
-0.245562
-0.4056
-0.627903
-0.866467
-1.07416
-1.22384
-1.30642
-1.32593
-1.29614
-1.23464
-1.15747
-1.07546
-0.994344
-0.916595
-0.843001
-0.773856
-0.709363
0.410588
0.5483
0.486088
0.235126
0.0566377
-0.0576452
-0.162913
-0.289811
-0.440867
-0.599349
-0.742831
-0.853836
-0.923504
-0.951652
-0.945105
-0.914288
-0.869804
-0.819559
-0.768267
-0.718242
-0.670391
-0.625027
-0.582251
0.456393
0.49885
0.438695
0.278421
0.135877
0.0235228
-0.0775897
-0.181493
-0.291694
-0.402564
-0.503594
-0.584723
-0.639953
-0.668349
-0.673268
-0.660682
-0.637203
-0.608604
-0.578403
-0.548717
-0.5205
-0.493969
-0.468999
0.41746
0.426229
0.367414
0.261736
0.160626
0.0703213
-0.0138816
-0.0960293
-0.177807
-0.25711
-0.328726
-0.387229
-0.429196
-0.453904
-0.463072
-0.460208
-0.449526
-0.434851
-0.419128
-0.404119
-0.390723
-0.379008
-0.368506
0.343937
0.34036
0.290133
0.220086
0.152082
0.0866637
0.0235887
-0.0373066
-0.0962333
-0.151844
-0.20137
-0.242092
-0.272288
-0.291551
-0.300852
-0.302301
-0.298587
-0.292363
-0.285946
-0.280994
-0.278416
-0.278071
-0.279063
0.251203
0.245727
0.208135
0.16408
0.121881
0.0795152
0.0374816
-0.00336533
-0.0424022
-0.0784921
-0.110201
-0.136324
-0.156074
-0.169259
-0.176449
-0.178905
-0.178306
-0.176472
-0.175228
-0.176404
-0.181144
-0.189245
-0.199034
0.146043
0.143227
0.119854
0.096917
0.0757805
0.0537779
0.0313088
0.00926032
-0.0116241
-0.0306202
-0.0471418
-0.0607421
-0.0710986
-0.0781408
-0.0821691
-0.0838352
-0.0840297
-0.0838061
-0.0843317
-0.0879992
-0.0971076
-0.11136
-0.127782
0.0256404
0.0275585
0.0215571
0.017147
0.0138587
0.0103997
0.00670953
0.00304946
-0.000355576
-0.00336799
-0.00592073
-0.0079697
-0.00948001
-0.0104597
-0.0109813
-0.0111672
-0.0111521
-0.010979
-0.0104281
-0.0128289
-0.0250857
-0.0442001
-0.0648028
530.261
487.033
476.992
501.463
404.605
142.513
277.54
284.101
142.945
142.975
139.512
133.264
774.872
155.451
146.07
156.234
27.9811
31.4778
376.901
609.265
27.5612
27.1722
27.0517
27.1391
28.1665
27.7465
27.5193
27.2017
48.3951
32.3893
59.108
59.6647
274.337
325.157
303.094
276.956
0.729425
0.713959
0.710145
0.889291
0.45513
0.520327
0.684573
0.787101
0.150326
0.293811
0.494126
1.04754
0.416611
0.412974
0.877915
0.938226
0.752914
0.45161
0.325578
0.357661
0.238331
0.236661
0.248547
0.272168
0.0906056
0.105182
0.126658
0.154609
-0.0845981
-0.0534114
-0.0198764
0.0160059
-0.267049
-0.223625
-0.179758
-0.135403
-0.45498
-0.400831
-0.347057
-0.293773
-0.649873
-0.583574
-0.518678
-0.455397
-0.849838
-0.768721
-0.690918
-0.616288
-1.04714
-0.949214
-0.857265
-0.770541
-1.22924
-1.1147
-1.009
-0.910769
-1.38223
-1.25386
-1.13676
-1.02913
-1.49412
-1.35685
-1.23235
-1.11879
-1.55725
-1.41712
-1.29034
-1.17518
-1.56905
-1.43244
-1.3088
-1.19656
-1.53212
-1.4047
-1.28909
-1.18382
-1.45366
-1.33981
-1.23592
-1.14071
-1.34395
-1.24624
-1.15631
-1.07319
-1.21437
-1.13355
-1.05843
-0.988395
-1.07532
-1.01066
-0.950049
-0.893182
-0.935062
-0.884905
-0.837593
-0.793038
-0.799601
-0.761888
-0.72611
-0.692289
-0.673081
-0.645828
-0.619786
-0.594996
-0.557912
-0.539491
-0.521751
-0.504727
-0.454731
-0.443871
-0.433368
-0.423271
-0.362652
-0.358203
-0.353947
-0.349948
-0.280004
-0.280753
-0.281573
-0.282529
-0.205124
-0.209748
-0.214281
-0.21876
-0.137533
-0.144821
-0.151776
-0.158407
-0.076639
-0.0853131
-0.0933755
-0.100795
282.444
483.065
264.846
-5.58784
-6.37134
423.708
599.681
279.748
191.906
359.899
466.924
852.732
556.667
231.028
618.328
646.744
628.796
802.345
948.326
136.383
140.251
175.061
308.279
679.273
762.51
746.096
267.642
299.703
422.565
905.337
591.465
275.485
25.0747
250.879
665.32
470.184
528.534
1088.79
701.478
780.552
762.521
880.536
949.876
1109.59
1122.71
877.756
679.396
1008.44
972.252
231.228
115.779
26.1315
229.016
453.212
789.363
272.975
1024.81
531.431
836.011
672.328
318.327
415.149
817.3
883.349
868.876
1101.33
1056.24
988.191
190.906
9.75416
8.52937
74.7222
46.2349
721.982
197.129
1069.5
480.432
599.466
822.699
321.548
805.294
741.623
941.659
950.738
42.1074
7.66447
57.3309
495.336
12.6943
11.668
21.2466
101.411
210.863
65.1857
114.826
27.8152
739.593
788.578
773.546
2.94416
4.10341
5.70612
6.95825
7.44364
7.41303
6.92381
70.224
474.378
176.526
142.01
557.598
27.9307
30.6125
30.566
26.7611
26.8247
87.5251
10.7981
2.9981
5.86836
14.5714
9.27308
13.4419
15.6673
6.14312
5.73785
5.03073
176.527
82.8065
18.2752
30.6886
40.6509
47.9622
46.9006
310.037
249.386
2.55124
2.24132
5.75102
13.6462
14.5579
15.0316
15.277
8.82171
5.39026
5.95254
2.19595
0.602538
2.13839
2.05026
10.6557
41.9708
276.122
31.4146
3.53299
3.09997
2.46393
4.96766
3.83689
1.70443
1.84522
12.0853
13.663
4.75397
1.64179
-0.345555
-0.580102
1.00678
1.54859
1.20307
37.0119
0.97535
5.46731
6.35304
6.26593
6.14519
2.09826
1.49553
1.44445
1.4406
2.7598
12.9629
1.28718
2.83783
-1.47308
-1.71299
-0.321777
0.509662
0.646107
34.4821
0.927901
0.944125
1.22151
1.4033
1.40556
1.38633
1.35927
1.30408
1.30558
1.23647
13.6529
1.19145
3.43572
1.03322
-1.05998
-0.130529
0.306508
0.545392
18.8384
1.18837
1.33075
1.41152
1.50766
1.26955
1.23538
1.24895
1.2614
1.324
1.40611
5.13592
1.46907
1.34229
0.910966
0.361435
0.502758
0.639867
2.69667
2.09985
0.629364
0.673618
0.815089
0.933481
1.02702
1.08842
1.13444
1.18997
1.27931
2.37431
7.24734
1.70147
1.63842
1.34496
1.03906
0.919738
0.947506
3.91207
2.56256
0.443622
0.558494
0.676633
0.785025
0.877228
0.950742
1.01455
1.08788
1.1861
1.34075
5.68449
7.99129
1.99056
1.68325
1.33414
1.16016
1.27316
4.41
8.44594
0.341061
0.44127
0.547317
0.649081
0.740389
0.819408
0.890649
0.963113
1.03636
2.5561
1.35431
7.83201
2.6008
2.04623
1.55577
1.41813
1.79588
3.41487
9.62158
0.224169
0.320015
0.421057
0.519675
0.610694
0.691951
0.764875
0.83143
0.87732
2.45705
1.16362
1.19227
11.6116
13.4439
8.29247
1.37443
2.1262
3.51655
10.1435
0.0944176
0.193659
0.29527
0.394066
0.485827
0.568111
0.640515
0.702046
0.733953
2.33072
1.00307
0.971017
0.836601
1.32849
13.1633
1.05165
1.88441
3.40421
239.516
-0.0443758
0.0634304
0.169919
0.271684
0.365367
0.448629
0.520097
0.577938
0.612234
0.627127
0.988226
1.30177
2.21152
3.11646
13.3956
0.821401
7.09417
8.44318
251.043
-0.18806
-0.0682796
0.0461485
0.152936
0.249622
0.334381
0.405783
0.46192
0.500697
0.521259
0.523417
0.582004
0.374962
2.87714
7.05776
0.430851
6.93424
0.0880731
261.415
-0.332957
-0.198795
-0.0745134
0.0385728
0.139094
0.226123
0.298752
0.355795
0.397264
0.41912
0.997762
1.05415
0.261898
-0.165491
-0.174197
0.302737
4.82456
-0.570931
271.51
-0.475175
-0.325298
-0.190361
-0.0704514
0.0344278
0.124423
0.199374
0.258821
0.302699
0.331199
0.965601
0.357932
0.789924
-0.435304
1.18476
1.04644
0.599297
-0.0272941
137.491
-0.610084
-0.44456
-0.299295
-0.172765
-0.0634587
0.0298494
0.10773
0.17041
0.218646
0.253867
0.943407
0.390786
0.741318
-0.128685
1.64877
-0.0179388
0.186392
7.51069
2.41316
-0.73233
-0.552868
-0.398734
-0.266538
-0.153369
-0.0571021
0.0235587
0.0894363
0.142322
0.185314
0.221436
0.301275
1.02792
3.16228
10.2634
1.83317
0.457229
10.0841
2.67341
-0.836378
-0.646388
-0.485866
-0.349729
-0.234107
-0.136145
-0.0539184
0.014156
0.0708469
0.124293
0.163938
0.19375
1.13784
10.1621
3.51846
2.15062
5.39719
5.82896
44.9383
-0.917423
-0.721661
-0.557967
-0.420315
-0.30437
-0.207012
-0.125544
-0.0578452
-0.000982953
0.0646364
0.110716
0.134537
0.366694
15.8369
-0.364863
-0.496978
-0.260412
0.0300698
46.1197
-0.972043
-0.775861
-0.612628
-0.476154
-0.362582
-0.269051
-0.123636
-0.0436887
-0.0693404
-0.0346308
0.00195522
0.0153538
-0.0424499
15.7739
14.8523
-0.517904
-0.231142
-0.191066
47.1714
-0.998482
-0.807161
-0.647835
-0.515087
-0.406527
-0.22759
-0.121533
-0.0854761
-0.199165
-0.199725
-0.200722
-0.202023
-0.302427
-0.766698
15.5646
-0.601068
1.5512
8.35613
47.7313
-0.99699
-0.815199
-0.662592
-0.53492
-0.432381
-0.215592
-0.208267
-0.335616
-0.324868
-0.329642
-0.376866
-0.386882
-0.337268
-0.597278
0.931626
2.06984
0.564681
10.6832
0.193969
-0.970055
-0.801662
-0.657658
-0.534195
-0.296524
-0.271562
-0.392147
-0.404256
-0.330867
-0.057721
-0.369234
-0.404514
-0.361302
-0.423055
-0.506519
-0.460374
0.311929
0.148244
0.338718
-0.92234
-0.770698
-0.636926
-0.515139
-0.403133
-0.324599
-0.394136
-0.450568
3.38551
9.39916
9.40632
3.16827
-0.3607
-0.296201
2.17773
2.23222
0.358837
5.26961
0.431209
-0.859858
-0.728522
-0.608771
-0.489213
-0.353118
-0.172363
12.43
3.28696
4.30093
2.88199
6.21818
9.58417
6.62292
0.23546
0.27589
1.6834
2.23037
5.27782
0.263314
-0.788181
-0.68096
-0.58406
-0.484915
-0.349772
-0.048347
12.5263
5.64397
-0.917663
-0.568275
-0.625465
-0.602735
6.25068
8.01286
2.50812
1.9575
4.88615
-0.129318
0.110289
-0.710792
-0.628978
-0.562523
-0.513579
0.608161
-0.330495
1.88313
-1.28485
-0.965947
0.755755
0.901432
-0.552979
-0.53132
0.126375
3.3375
2.96108
-0.29027
-0.176037
0.0548762
-0.629892
-0.569646
-0.528206
-0.471076
1.14795
0.662385
-0.73847
-0.798926
-0.740611
-0.335191
-0.54408
-0.505222
-0.477168
-0.45328
-0.411737
-0.337695
-0.257412
-0.194136
-0.18344
-0.548971
-0.504528
-0.47536
1.31172
0.954367
-0.576872
-0.329471
-0.328265
-0.373391
-0.034813
-0.496788
-0.465426
-0.43635
-0.404614
-0.363552
-0.31102
-0.259134
-0.222489
-0.216606
-0.472824
-0.441603
-0.420836
1.39657
-0.47447
-0.404245
-0.400157
-0.265619
-0.319405
-0.48835
-0.461802
-0.434663
-0.406353
-0.375346
-0.339986
-0.301737
-0.266976
-0.243171
-0.237295
-0.404425
-0.386702
-0.377738
-0.39928
-0.405864
-0.257198
-0.376628
-0.465802
-0.466828
-0.454849
-0.434401
-0.410491
-0.384554
-0.356742
-0.327342
-0.298222
-0.273126
-0.256151
-0.249274
-0.342979
-0.338698
-0.343349
-0.3443
-0.455706
-0.537061
-0.477369
-0.452119
-0.441901
-0.429478
-0.411994
-0.390996
-0.367846
-0.343481
-0.318908
-0.295807
-0.276503
-0.263352
-0.256958
-0.28519
-0.29162
-0.306208
-0.168737
-0.0833726
-0.598377
-0.469425
-0.432518
-0.419758
-0.40845
-0.393576
-0.375168
-0.354528
-0.332983
-0.311849
-0.292597
-0.276807
-0.265888
-0.260075
-0.227887
-0.240384
-0.258447
-0.290704
0.569278
-0.279152
-0.420496
-0.401844
-0.397437
-0.391037
-0.378982
-0.362528
-0.343593
-0.323869
-0.304822
-0.287806
-0.274036
-0.264306
-0.258612
-0.171035
-0.185913
-0.203927
-0.229159
-0.262077
0.446379
-0.307786
-0.359557
-0.380236
-0.380152
-0.369543
-0.353567
-0.335086
-0.316001
-0.297804
-0.281751
-0.268873
-0.259626
-0.253407
-0.113977
-0.127378
-0.142668
-0.169516
-0.231702
0.0505836
-0.275784
-0.363319
-0.383758
-0.379062
-0.365156
-0.347317
-0.327773
-0.308042
-0.289487
-0.273312
-0.260434
-0.251224
-0.242929
)
;

boundaryField
{
    leftWall
    {
        type            fixedFluxPressure;
        gradient        uniform 0;
        value           nonuniform List<scalar> 
100
(
721.269
719.689
713.803
704.5
692.132
676.928
659.65
637.5
561.137
20.4108
13.7259
13.1629
12.4179
11.6285
10.912
10.2013
9.5009
8.71956
7.90613
7.27328
6.76809
6.28407
5.83585
5.42722
5.06084
4.73561
4.44727
4.20894
4.08462
4.19698
32.2733
53.1057
55.684
43.6591
41.1546
41.9516
53.0579
52.9789
52.4308
57.5958
14.0679
0.521604
-0.0869261
0.286497
0.453514
0.444954
0.383052
0.298592
0.199402
0.0896714
721.05
717.224
709.542
698.692
684.85
668.544
649.43
623.527
286.796
13.9276
13.4565
12.8143
12.0139
11.2646
10.5594
9.85047
9.12465
8.30165
7.56388
7.01827
6.52271
6.05372
5.62687
5.2384
4.89357
4.58666
4.31969
4.12451
4.11179
4.89862
41.0802
60.4099
46.7198
49.2517
40.4016
52.0239
53.3244
51.8704
54.6991
58.1999
1.92896
-0.0415571
0.0933548
0.404831
0.460689
0.41764
0.343033
0.250486
0.144885
0.0246078
)
;
    }
    rightWall
    {
        type            fixedFluxPressure;
        gradient        uniform 0;
        value           nonuniform List<scalar> 
100
(
896.638
846.047
856.764
838.91
886.904
958.292
1164.42
1278.95
948.326
1088.79
1024.81
1069.5
114.826
30.566
47.9622
41.9708
37.0119
34.4821
18.8384
2.09985
2.56256
8.44594
9.62158
10.1435
239.516
251.043
261.415
271.51
137.491
2.41316
2.67341
44.9383
46.1197
47.1714
47.7313
0.193969
0.338718
0.431209
0.263314
0.110289
0.0548762
-0.18344
-0.216606
-0.237295
-0.249274
-0.256958
-0.260075
-0.258612
-0.253407
-0.242929
919.056
875.152
838.691
877.396
860.239
922.345
993.294
1286.67
1220.52
1184.45
1016.87
1060.32
831.008
30.7251
30.3798
45.6977
38.8312
35.4295
34.3802
1.91487
2.29726
3.04642
10.1882
4.14961
146.421
245.461
256.097
266.83
274.317
1.89072
2.65255
9.0159
45.6594
46.6949
47.5846
15.1477
0.273547
0.405191
0.374255
0.140991
0.100962
-0.0249098
-0.201101
-0.22868
-0.243876
-0.253659
-0.259099
-0.259899
-0.256378
-0.249334
)
;
    }
    lowerWall
    {
        type            fixedFluxPressure;
        gradient        uniform 0;
        value           nonuniform List<scalar> 
124
(
721.661
725.502
731.652
743.027
763.744
790.905
822.743
857.031
892.821
929.521
965.462
997.603
1017.97
1020.76
1028.03
1020.84
976.53
906.144
878.786
860.813
870.7
857.299
846.882
846.143
842.35
836.336
828.69
819.399
808.54
794.862
772.562
678.916
680.188
684.493
695.374
473.476
456.511
523.725
514.985
486.431
555.755
334.262
260.852
404.723
460.333
379.584
373.604
354.729
418.188
712.651
826.453
857.267
926.343
919.864
804.228
1016.98
1079.86
786.482
747.843
732.64
728.262
919.056
721.269
723.067
728.462
736.049
752.478
776.59
806.405
839.671
874.76
911.129
947.751
982.221
1010.34
1019.28
1025.14
1026.68
1005.05
939.877
888.875
865.177
867.883
865.271
850.363
686.81
679.686
681.038
690.208
473.476
471.685
408.457
376.725
358.437
365.457
546.966
793.42
835.973
890.497
940.171
871.892
840.269
1153.45
908.842
730.478
750.409
757.959
789.722
846.882
844.589
839.557
832.718
824.257
814.083
801.913
784.783
460.846
475.081
535.165
465.712
553.041
554.487
261.563
496.983
)
;
    }
    atmosphere
    {
        type            totalPressure;
        rho             rho;
        psi             none;
        gamma           1;
        p0              uniform 0;
        value           nonuniform List<scalar> 
92
(
0
0
0
0
0
0
0
0
0
0
0
0
0
0
0
0
0
0
0
-0.000675013
-0.0102518
-0.0289769
-0.0495472
-0.0614116
-0.0700866
-0.0781171
-0.0854339
-0.0980822
-0.109961
-0.122839
-0.149661
-0.248281
-0.0119834
-0.314364
-0.381506
-0.390509
-0.380809
-0.364703
-0.345821
-0.32565
-0.305441
-0.286501
-0.270049
-0.257011
-0.247755
-0.237505
0
0
0
0
0
0
0
0
0
0
0
0
0
0
0
0
0
0
0
0
-0.00397907
-0.0189769
-0.0393222
-0.056865
-0.0658235
-0.0741878
-0.0818673
-0.0910916
-0.104255
-0.115886
-0.133272
-0.170034
-0.311731
-0.121487
-0.358238
-0.389759
-0.386897
-0.373237
-0.355501
-0.335821
-0.31547
-0.295732
-0.277896
-0.263056
-0.251949
-0.246007
)
;
    }
    defaultFaces
    {
        type            empty;
    }
}


// ************************************************************************* //
