/*--------------------------------*- C++ -*----------------------------------*\
| =========                 |                                                 |
| \\      /  F ield         | OpenFOAM: The Open Source CFD Toolbox           |
|  \\    /   O peration     | Version:  v1912                                 |
|   \\  /    A nd           | Website:  www.openfoam.com                      |
|    \\/     M anipulation  |                                                 |
\*---------------------------------------------------------------------------*/
FoamFile
{
    version     2.0;
    format      ascii;
    class       volScalarField;
    location    "0.15";
    object      p;
}
// * * * * * * * * * * * * * * * * * * * * * * * * * * * * * * * * * * * * * //

dimensions      [1 -1 -2 0 0 0 0];


internalField   nonuniform List<scalar> 
9072
(
2454.43
2483.89
2475.73
2462.97
2445.43
2422.58
2393.8
2358.51
2316.18
2266.44
2209.3
2145.44
2076.75
2007.17
1943.95
1899.81
1896.03
1966.83
2165.37
2550.52
3147.84
3751.22
3923.32
2393.87
2423.97
2415.83
2403.05
2385.5
2362.6
2333.76
2298.36
2255.86
2205.88
2148.38
2083.98
2014.47
1943.66
1878.53
1831.43
1822.98
1885.83
2067.29
2423.55
2974.29
3594.57
3890.2
2331.97
2362.64
2354.53
2341.74
2324.14
2301.14
2272.14
2236.49
2193.62
2143.08
2084.74
2019.09
1947.7
1874.03
1804.53
1750.62
1731.42
1777.47
1933.95
2255.12
2768.18
3387.97
3975.84
2268.74
2299.95
2291.86
2279.05
2261.38
2238.23
2208.97
2172.95
2129.5
2078.09
2018.46
1950.88
1876.6
1798.52
1722.28
1657.86
1622.08
1642.19
1759.52
2028.84
2503.29
3168.88
3866.47
2204.23
2235.92
2227.84
2215.02
2197.24
2173.89
2144.31
2107.78
2063.57
2011.01
1949.66
1879.52
1801.38
1717.46
1632.26
1553.83
1495.94
1481
1543.58
1735.51
2139.73
2835.26
3640.42
2138.47
2170.6
2162.52
2149.69
2131.78
2108.18
2078.21
2041.07
1995.92
1941.95
1878.5
1805.2
1722.33
1631.25
1535.06
1439.49
1354.54
1295.9
1286.88
1363.71
1625.04
2295.61
3253.62
2071.54
2104.05
2095.97
2083.11
2065.06
2041.17
2010.74
1972.88
1926.65
1871.04
1805.14
1728.17
1639.79
1540.41
1431.5
1316.2
1200.15
1090.23
993.68
909.26
884.81
1374.89
2575.62
2003.49
2036.33
2028.24
2015.34
1997.12
1972.92
1941.98
1903.33
1855.89
1798.46
1729.81
1648.73
1554.19
1445.57
1322.55
1185.57
1035.23
868.403
674.688
398.46
75.4483
203.919
1460.7
-4.03845
-3.98066
-3.90487
-3.77814
-3.61428
-3.43167
-3.24587
-3.06751
-2.90283
-2.75488
-2.62468
-2.5121
-2.41644
-2.33628
-2.27087
-2.21923
-2.18055
-2.15421
-2.13972
-4.10816
-4.04698
-3.97088
-3.84211
-3.67579
-3.49112
-3.30389
-3.12467
-2.95955
-2.81143
-2.68123
-2.56879
-2.47319
-2.39317
-2.32788
-2.27635
-2.23777
-2.21147
-2.19701
-4.18712
-4.12388
-4.04673
-3.91296
-3.74075
-3.5512
-3.36061
-3.17939
-3.01327
-2.8648
-2.73461
-2.62251
-2.52708
-2.4474
-2.38241
-2.33114
-2.29275
-2.26659
-2.25221
-4.27671
-4.21283
-4.13352
-3.99097
-3.80903
-3.61165
-3.41579
-3.23149
-3.06387
-2.9149
-2.78481
-2.67306
-2.57812
-2.49897
-2.43446
-2.38359
-2.34552
-2.31958
-2.30532
-4.38167
-4.31694
-4.23286
-4.07647
-3.88034
-3.67205
-3.46904
-3.28069
-3.11115
-2.96162
-2.83175
-2.72055
-2.62632
-2.5479
-2.48406
-2.43374
-2.3961
-2.37046
-2.35637
-4.51607
-4.44273
-4.34698
-4.1697
-3.95422
-3.73176
-3.51985
-3.32661
-3.1549
-3.00484
-2.87549
-2.76494
-2.67166
-2.59419
-2.53121
-2.4816
-2.44451
-2.41926
-2.40538
-4.70911
-4.59611
-4.47785
-4.27066
-4.02986
-3.78991
-3.56749
-3.3688
-3.19484
-3.04438
-2.91577
-2.80621
-2.71415
-2.63787
-2.57593
-2.5272
-2.49078
-2.46599
-2.45237
-5.0356
-4.78221
-4.62789
-4.37899
-4.10598
-3.84529
-3.6111
-3.4067
-3.23063
-3.08025
-2.95248
-2.84434
-2.75379
-2.67896
-2.61828
-2.57058
-2.53495
-2.51071
-2.49739
1875.34
1948.01
1939.87
1926.93
1908.46
1883.83
1852.19
1812.45
1763.34
1703.37
1630.9
1544.11
1441.05
1319.63
1177.29
1011.11
814.487
572.304
226.926
7.03984
3.22758
15.3163
243.7
1723.71
1797.78
1789.58
1776.49
1757.61
1732.24
1699.39
1657.75
1605.67
1541.16
1461.81
1364.71
1246.31
1102.01
925.889
708.766
435.861
88.1538
1.10096
0.406133
0.558305
1.20219
9.05262
1568.85
1643.84
1635.63
1622.38
1603.12
1577.09
1543.13
1499.69
1444.77
1375.82
1289.67
1182.29
1048.59
881.847
672.707
409.841
72.3654
0.571692
-0.0442775
0.131549
0.391391
0.986888
0.964092
1411.64
1487.14
1478.93
1465.55
1446.04
1419.55
1384.76
1339.91
1282.64
1209.89
1117.75
1001.18
853.665
666.506
430.925
114.218
0.598532
-0.408668
-0.206531
0.0726018
0.434245
0.908278
1.24606
1252.98
1328.62
1320.45
1307.03
1287.46
1260.82
1225.67
1180.04
1121.3
1045.93
949.333
825.577
667.159
463.949
197.902
1.7012
-0.674028
-0.518635
-0.269242
0.0442197
0.423766
0.877968
1.34436
1093.77
1169.22
1161.15
1147.82
1128.45
1102.05
1067.14
1021.63
962.655
886.297
787.418
659.373
493.156
283.01
14.8653
-0.982324
-0.885365
-0.639327
-0.364554
-0.053652
0.307345
0.737834
1.29018
934.829
1009.83
1001.92
988.854
969.958
944.264
910.302
865.961
808.255
732.998
634.482
505.711
337.034
112.437
-0.860552
-1.30478
-1.0375
-0.772523
-0.506316
-0.222762
0.0852493
0.415785
0.752218
776.935
851.263
843.573
830.944
812.807
788.271
755.975
713.918
659.171
587.459
492.518
365.941
202.43
3.63765
-1.62852
-1.40964
-1.15777
-0.917521
-0.679181
-0.437593
-0.194992
0.0339613
0.206915
620.709
694.173
686.765
674.711
657.561
634.564
604.568
565.832
515.729
450.204
362.903
243.002
77.4297
-1.55634
-1.71629
-1.49858
-1.27606
-1.06911
-0.868429
-0.673466
-0.491634
-0.340651
-0.254082
466.7
539.148
532.054
520.656
504.619
483.393
456.117
421.432
377.328
320.514
245.035
141.529
1.01811
-1.95826
-1.76465
-1.56555
-1.39214
-1.22501
-1.06407
-0.913288
-0.781919
-0.685947
-0.648741
315.284
386.582
379.809
369.071
354.126
334.736
310.391
280.013
242.522
196.265
135.284
50.7329
-1.69731
-1.86256
-1.75403
-1.63437
-1.51125
-1.38477
-1.26079
-1.14748
-1.05517
-0.996877
-0.988644
166.777
236.859
230.492
220.361
206.115
188.231
166.669
139.388
105.145
71.1225
26.4914
7.11475
-1.47995
-1.68277
-1.75787
-1.72118
-1.64287
-1.5498
-1.45598
-1.37198
-1.30808
-1.2749
-1.28322
30.4162
89.7237
83.5446
74.595
60.6778
45.2256
30.8747
17.5139
3.8509
-2.12554
-2.06036
-1.82636
-1.6544
-1.81204
-1.87291
-1.85252
-1.79412
-1.72087
-1.64767
-1.58478
-1.54081
-1.52391
-1.54116
-2.06453
-0.483653
-1.29711
-1.92249
-2.01689
-2.17421
-2.35209
-2.34596
-2.41936
-2.53371
-2.41104
-2.26933
-2.04461
-2.12714
-2.07849
-2.02535
-1.96164
-1.8951
-1.83391
-1.78506
-1.75466
-1.74814
-1.76989
-2.17744
-2.12424
-2.13982
-2.14612
-2.18212
-2.26905
-2.37582
-2.47022
-2.59626
-2.749
-2.79269
-2.68327
-2.44577
-2.4304
-2.30329
-2.21088
-2.13305
-2.06617
-2.01176
-1.97247
-1.95139
-1.95159
-1.97533
-2.29169
-2.24103
-2.25171
-2.26851
-2.30316
-2.36417
-2.45148
-2.57545
-2.78406
-3.1435
-3.45665
-3.31521
-3.00638
-2.69883
-2.51036
-2.38448
-2.29471
-2.22745
-2.17849
-2.14673
-2.13279
-2.13776
-2.1624
-2.40188
-2.35253
-2.36178
-2.37853
-2.40762
-2.45528
-2.53072
-2.65841
-2.92519
-3.4938
-4.22393
-3.97172
-3.55613
-3.00481
-2.69089
-2.53438
-2.43863
-2.37489
-2.33279
-2.30844
-2.30074
-2.3096
-2.33483
-2.5078
-2.45904
-2.46725
-2.48116
-2.50371
-2.53946
-2.59755
-2.70029
-2.93133
-3.46991
-4.25481
-4.16164
-4.04346
-3.20755
-2.81671
-2.65092
-2.56196
-2.50812
-2.47548
-2.45914
-2.45751
-2.46989
-2.4957
-2.61242
-2.56298
-2.56949
-2.57997
-2.59574
-2.61992
-2.65842
-2.72246
-2.84495
-3.122
-3.52643
-3.62268
-3.44641
-3.02465
-2.83564
-2.72926
-2.6673
-2.62995
-2.60898
-2.60124
-2.60553
-2.6212
-2.64767
-2.7187
-2.6672
-2.67156
-2.67839
-2.6882
-2.70292
-2.72587
-2.76236
-2.81992
-2.91448
-3.02515
-3.05828
-3.00328
-2.91737
-2.8479
-2.79834
-2.76567
-2.74597
-2.73686
-2.73736
-2.7471
-2.76569
-2.7928
-2.82819
-2.77412
-2.77656
-2.78023
-2.78557
-2.79383
-2.80677
-2.82711
-2.85762
-2.89859
-2.93791
-2.95574
-2.94826
-2.92423
-2.89908
-2.88001
-2.86766
-2.86185
-2.86255
-2.86997
-2.88423
-2.9052
-2.93274
-2.94195
-2.88509
-2.88617
-2.88769
-2.89024
-2.89466
-2.90181
-2.91277
-2.92878
-2.94922
-2.96857
-2.98065
-2.98435
-2.9824
-2.97883
-2.97649
-2.97683
-2.98056
-2.98839
-3.00095
-3.01858
-3.04126
-3.06892
-3.06011
-3.00065
-3.00094
-3.00138
-3.00249
-3.00486
-3.00891
-3.01512
-3.0241
-3.03558
-3.04766
-3.05812
-3.06628
-3.07283
-3.07878
-3.08525
-3.09303
-3.10283
-3.11545
-3.13155
-3.15142
-3.17505
-3.20244
-3.18284
-3.12091
-3.12083
-3.12094
-3.12157
-3.12301
-3.1255
-3.1295
-3.13541
-3.14324
-3.1524
-3.16206
-3.17183
-3.18183
-3.19214
-3.20303
-3.21491
-3.22836
-3.24403
-3.26231
-3.28336
-3.30723
-3.33403
-3.3097
-3.24562
-3.24555
-3.24574
-3.24628
-3.24731
-3.24916
-3.25226
-3.25695
-3.26335
-3.27129
-3.28052
-3.29088
-3.30218
-3.31431
-3.32722
-3.3412
-3.35669
-3.37402
-3.39333
-3.4147
-3.43829
-3.46425
-3.44065
-3.37464
-3.37467
-3.37492
-3.37548
-3.37651
-3.37831
-3.38123
-3.38552
-3.39133
-3.39873
-3.40771
-3.41812
-3.42969
-3.4423
-3.45593
-3.47083
-3.48718
-3.50508
-3.52456
-3.54571
-3.56867
-3.59355
-3.57493
-3.50745
-3.50757
-3.50791
-3.5086
-3.50985
-3.51186
-3.51483
-3.51895
-3.52446
-3.53154
-3.5402
-3.55027
-3.56154
-3.57397
-3.58769
-3.60274
-3.61915
-3.63692
-3.65605
-3.67662
-3.69867
-3.72219
-3.71175
-3.64318
-3.64345
-3.64396
-3.64485
-3.64627
-3.64836
-3.65128
-3.65528
-3.66061
-3.66742
-3.67566
-3.68519
-3.69595
-3.70801
-3.72145
-3.73617
-3.75215
-3.76936
-3.7878
-3.80748
-3.82833
-3.85032
-3.85056
-3.78108
-3.7815
-3.78217
-3.78318
-3.78463
-3.78668
-3.78955
-3.79351
-3.79872
-3.80521
-3.81294
-3.82187
-3.83208
-3.84362
-3.85648
-3.87058
-3.88583
-3.9022
-3.91966
-3.93818
-3.95764
-3.97805
-3.99108
-3.92083
-3.92126
-3.92196
-3.92298
-3.92442
-3.9265
-3.92941
-3.93331
-3.93826
-3.94429
-3.95141
-3.95972
-3.96931
-3.98019
-3.99229
-4.00553
-4.01985
-4.03519
-4.05149
-4.06869
-4.0867
-4.10554
-4.13258
-4.0619
-4.06227
-4.06291
-4.06389
-4.06535
-4.06745
-4.07028
-4.07394
-4.07847
-4.08395
-4.09049
-4.0982
-4.10713
-4.11725
-4.12848
-4.14075
-4.15401
-4.16819
-4.18322
-4.19904
-4.21559
-4.23289
-4.27462
-4.20369
-4.20401
-4.20461
-4.20557
-4.20699
-4.20896
-4.21154
-4.21483
-4.21891
-4.22391
-4.22995
-4.23709
-4.24533
-4.25461
-4.26488
-4.27609
-4.28818
-4.30112
-4.31483
-4.32927
-4.34438
-4.36014
-4.41706
-4.34593
-4.34626
-4.34685
-4.34775
-4.34903
-4.35077
-4.35304
-4.35597
-4.35967
-4.36425
-4.36978
-4.37627
-4.38371
-4.39206
-4.4013
-4.41138
-4.42226
-4.43394
-4.44633
-4.45941
-4.47309
-4.48734
-4.55976
-4.48854
-4.48886
-4.48939
-4.49017
-4.49128
-4.49278
-4.49479
-4.4974
-4.50072
-4.5048
-4.50971
-4.51544
-4.522
-4.52938
-4.53756
-4.54652
-4.55623
-4.56667
-4.57777
-4.5895
-4.60175
-4.61451
-4.70244
-4.63124
-4.63151
-4.63194
-4.63259
-4.63352
-4.63481
-4.63655
-4.63882
-4.64169
-4.64522
-4.64944
-4.65439
-4.66008
-4.66651
-4.67369
-4.68158
-4.69016
-4.69939
-4.70921
-4.71958
-4.73042
-4.74169
-4.84516
-4.77386
-4.77406
-4.77439
-4.77491
-4.77568
-4.77675
-4.7782
-4.78008
-4.78248
-4.78544
-4.789
-4.7932
-4.79806
-4.80359
-4.80979
-4.81664
-4.82411
-4.83213
-4.84066
-4.84968
-4.8591
-4.86888
-4.98821
-4.91667
-4.9168
-4.91703
-4.91741
-4.91798
-4.9188
-4.91992
-4.92141
-4.92332
-4.92571
-4.92862
-4.93208
-4.93613
-4.94077
-4.94599
-4.95179
-4.95811
-4.9649
-4.97214
-4.97979
-4.9878
-4.9961
-5.13177
-5.05994
-5.05999
-5.06011
-5.06032
-5.06066
-5.06118
-5.06194
-5.06299
-5.06439
-5.06619
-5.06843
-5.07115
-5.07436
-5.07807
-5.08229
-5.08699
-5.09214
-5.09771
-5.10364
-5.10993
-5.11651
-5.12334
-5.27578
-5.2037
-5.20367
-5.20365
-5.20366
-5.20374
-5.20393
-5.20429
-5.20488
-5.20573
-5.2069
-5.20843
-5.21036
-5.21269
-5.21546
-5.21864
-5.22223
-5.2262
-5.23053
-5.23516
-5.24008
-5.24527
-5.25064
-5.42003
-5.34782
-5.3477
-5.34753
-5.34732
-5.34711
-5.34695
-5.34689
-5.34697
-5.34724
-5.34776
-5.34856
-5.34966
-5.35111
-5.35289
-5.35503
-5.3575
-5.36029
-5.36338
-5.36672
-5.3703
-5.37408
-5.37802
-5.5645
-5.4922
-5.49201
-5.49167
-5.49122
-5.49071
-5.49017
-5.48965
-5.48921
-5.48888
-5.48873
-5.48877
-5.48905
-5.48959
-5.49039
-5.49148
-5.49283
-5.49445
-5.4963
-5.49836
-5.50061
-5.50301
-5.50552
-5.70902
-5.63678
-5.63655
-5.63604
-5.63535
-5.63452
-5.63359
-5.63261
-5.63163
-5.6307
-5.62985
-5.62913
-5.62857
-5.62819
-5.628
-5.62803
-5.62826
-5.6287
-5.62933
-5.63012
-5.63106
-5.63209
-5.63317
-5.78408
-5.08203
-5.50055
-6.35933
-1.94594
-4.87751
-5.66171
-6.12527
-14.213
-6.99364
-7.69105
-8.19185
-5.71511
-9.80614
-11.4512
-12.201
0.615428
-6.92122
-11.0893
-13.356
1.72277
1.03124
-2.28772
-8.47978
0.912375
0.77232
0.309013
-0.110952
0.224554
0.147032
0.0100443
-0.133349
-0.276179
-0.336399
-0.431731
-0.562107
-0.689363
-0.744451
-0.825394
-0.933827
-1.03739
-1.08769
-1.15628
-1.24351
-1.3334
-1.37802
-1.43566
-1.50602
-1.58933
-1.62839
-1.67686
-1.73425
-1.81474
-1.84884
-1.88988
-1.93741
-2.01652
-2.04645
-2.08168
-2.12178
-2.20036
-2.22691
-2.25753
-2.29191
-2.37014
-2.39399
-2.42103
-2.451
-2.52891
-2.55067
-2.57496
-2.60153
-2.67931
-2.69942
-2.72148
-2.74531
-2.82317
-2.84193
-2.86217
-2.88378
-2.96196
-2.97958
-2.99834
-3.01816
-3.09698
-3.11358
-3.1311
-3.14941
-3.22931
-3.24495
-3.26132
-3.27828
-3.3597
-3.37443
-3.38968
-3.40535
-3.48866
-3.50247
-3.51661
-3.53109
-3.61656
-3.62941
-3.64252
-3.65594
-3.74365
-3.75557
-3.76774
-3.78021
-3.8702
-3.88123
-3.89254
-3.9041
-3.99643
-4.00663
-4.01708
-4.02773
-4.12248
-4.13186
-4.14144
-4.15119
-4.24841
-4.25699
-4.26573
-4.27462
-4.37426
-4.38207
-4.39001
-4.39808
-4.5001
-4.50715
-4.51433
-4.52159
-4.62594
-4.63227
-4.63868
-4.64515
-4.7518
-4.75738
-4.76304
-4.76873
-4.87767
-4.88252
-4.88743
-4.89236
-5.00356
-5.00769
-5.01184
-5.01602
-5.12949
-5.1329
-5.13633
-5.13978
-5.25549
-5.25819
-5.2609
-5.26362
-5.38158
-5.38356
-5.38555
-5.38756
-5.50778
-5.50906
-5.51034
-5.51163
-5.63413
-5.63469
-5.63524
-5.6358
-5.54222
-5.10812
-4.85218
-4.52679
-4.20193
-3.91057
-3.6602
-3.4487
-3.27042
-3.12084
-2.99471
-2.88894
-2.80079
-2.72817
-2.6694
-2.62324
-2.58879
-2.56536
-2.55248
-6.18479
-5.8559
-5.31072
-4.78073
-4.34061
-3.99144
-3.71546
-3.49686
-3.31778
-3.17164
-3.05097
-2.95096
-2.86823
-2.80037
-2.74558
-2.70266
-2.67064
-2.64886
-2.63689
-8.1626
-6.95434
-5.80896
-4.98269
-4.4147
-4.01803
-3.72916
-3.51026
-3.33922
-3.20223
-3.0907
-2.99906
-2.92364
-2.86189
-2.81216
-2.77321
-2.74414
-2.72436
-2.71349
-11.8634
-8.37153
-6.1583
-5.01532
-4.37207
-3.96549
-3.68861
-3.4876
-3.33417
-3.21283
-3.11465
-3.03419
-2.96804
-2.91376
-2.87004
-2.83573
-2.81009
-2.79262
-2.78301
-13.5504
-9.0176
-5.93839
-4.74589
-4.16058
-3.81877
-3.59254
-3.42938
-3.30466
-3.20548
-3.12469
-3.05799
-3.0027
-2.95722
-2.92032
-2.89124
-2.86942
-2.85451
-2.8463
-12.4013
-6.94376
-4.74517
-4.11927
-3.79706
-3.59554
-3.45264
-3.34353
-3.2562
-3.18421
-3.12384
-3.0728
-3.02978
-2.99384
-2.96435
-2.94089
-2.92317
-2.911
-2.90427
-0.761732
-2.68874
-3.25158
-3.38451
-3.3808
-3.34122
-3.29249
-3.24345
-3.19716
-3.15456
-3.1159
-3.08153
-3.05135
-3.02537
-3.00358
-2.98595
-2.97246
-2.96312
-2.95792
-0.394602
-1.59032
-2.42594
-2.83249
-3.02377
-3.10706
-3.13865
-3.1443
-3.13652
-3.12239
-3.10523
-3.08724
-3.06977
-3.05369
-3.03955
-3.02772
-3.01845
-3.01192
-3.00826
-0.801923
-1.4721
-2.09494
-2.51736
-2.77394
-2.92452
-3.01081
-3.0586
-3.08319
-3.09374
-3.09581
-3.09292
-3.08735
-3.08063
-3.07378
-3.06751
-3.0623
-3.05849
-3.05631
-1.11995
-1.5592
-2.00673
-2.36743
-2.62633
-2.80218
-2.9185
-2.99419
-3.04261
-3.07286
-3.09101
-3.10117
-3.10615
-3.10788
-3.1077
-3.10655
-3.10511
-3.10384
-3.10304
-1.3858
-1.69903
-2.02985
-2.32382
-2.55859
-2.73494
-2.86295
-2.95408
-3.01812
-3.06265
-3.09328
-3.11405
-3.12789
-3.13689
-3.14255
-3.14596
-3.14789
-3.1489
-3.14935
-1.61679
-1.85212
-2.10502
-2.34312
-2.54741
-2.71237
-2.84059
-2.93792
-3.01069
-3.06455
-3.10411
-3.13296
-3.15386
-3.16883
-3.17939
-3.18667
-3.19152
-3.19453
-3.19608
-1.82251
-2.00605
-2.20515
-2.39953
-2.57471
-2.72385
-2.84598
-2.9434
-3.01973
-3.07882
-3.12417
-3.15875
-3.18493
-3.20455
-3.21903
-3.22949
-3.23676
-3.24145
-3.24392
-2.00934
-2.15669
-2.31742
-2.47804
-2.62784
-2.76051
-2.87361
-2.96744
-3.04375
-3.10493
-3.15351
-3.19176
-3.22161
-3.24463
-3.26209
-3.27503
-3.28423
-3.29027
-3.29349
-2.18167
-2.30288
-2.43537
-2.56981
-2.69831
-2.81552
-2.91864
-3.0069
-3.08086
-3.14191
-3.19173
-3.23197
-3.26409
-3.28938
-3.30896
-3.32373
-3.33439
-3.34145
-3.34526
-2.34271
-2.44448
-2.55568
-2.66964
-2.7805
-2.8839
-2.97713
-3.05893
-3.12918
-3.1886
-3.2382
-3.27907
-3.31232
-3.33895
-3.35989
-3.37589
-3.38757
-3.39537
-3.3996
-2.49485
-2.58186
-2.67665
-2.77439
-2.87069
-2.96204
-3.04597
-3.12109
-3.18697
-3.2438
-3.29213
-3.33263
-3.36609
-3.39329
-3.41494
-3.43168
-3.444
-3.45228
-3.45678
-2.63994
-2.71556
-2.79743
-2.88218
-2.96643
-3.04735
-3.1228
-3.19145
-3.25268
-3.30636
-3.35271
-3.39211
-3.42511
-3.45226
-3.47411
-3.49116
-3.50379
-3.51232
-3.51697
-2.77946
-2.84588
-2.91758
-2.99181
-3.06605
-3.138
-3.20588
-3.26844
-3.32498
-3.37523
-3.41916
-3.45698
-3.48902
-3.51566
-3.5373
-3.5543
-3.56697
-3.57556
-3.58027
-2.91451
-2.97361
-3.03699
-3.10258
-3.16848
-3.23272
-3.29385
-3.35076
-3.40277
-3.44949
-3.49079
-3.52672
-3.55745
-3.58323
-3.60433
-3.62101
-3.63351
-3.64202
-3.64669
-3.04608
-3.09918
-3.15573
-3.21418
-3.27296
-3.33056
-3.3857
-3.43744
-3.48514
-3.52839
-3.56697
-3.60082
-3.63001
-3.65469
-3.67501
-3.69117
-3.70333
-3.71164
-3.71621
-3.17496
-3.22302
-3.27386
-3.32629
-3.37903
-3.43083
-3.48065
-3.52769
-3.57137
-3.61127
-3.64712
-3.67881
-3.70633
-3.72974
-3.74913
-3.76461
-3.77631
-3.78433
-3.78875
-3.30176
-3.34553
-3.39154
-3.43883
-3.48634
-3.53306
-3.57814
-3.62093
-3.66089
-3.69759
-3.73078
-3.7603
-3.78608
-3.80812
-3.82645
-3.84116
-3.85231
-3.85998
-3.86422
-3.42697
-3.46705
-3.50891
-3.55174
-3.59467
-3.6369
-3.67777
-3.7167
-3.75321
-3.78691
-3.81754
-3.84491
-3.86892
-3.88954
-3.90676
-3.92063
-3.93118
-3.93845
-3.94248
-3.55108
-3.5879
-3.6261
-3.66498
-3.70386
-3.74212
-3.77921
-3.81465
-3.84798
-3.87886
-3.90703
-3.9323
-3.95456
-3.97374
-3.98983
-4.00283
-4.01274
-4.01958
-4.02338
-3.67445
-3.70832
-3.74321
-3.77856
-3.81383
-3.84855
-3.88225
-3.91448
-3.94487
-3.9731
-3.99893
-4.02218
-4.04273
-4.0605
-4.07545
-4.08756
-4.09681
-4.10321
-4.10678
-3.79736
-3.82847
-3.86033
-3.89249
-3.92453
-3.95606
-3.98666
-4.01596
-4.04362
-4.06937
-4.09299
-4.1143
-4.1332
-4.14959
-4.16341
-4.17463
-4.18322
-4.18917
-4.1925
-3.91992
-3.94845
-3.97752
-4.00679
-4.0359
-4.06451
-4.09228
-4.11887
-4.144
-4.16743
-4.18896
-4.20845
-4.22576
-4.2408
-4.25351
-4.26385
-4.27178
-4.27728
-4.28035
-4.04227
-4.06837
-4.09486
-4.12147
-4.14789
-4.17382
-4.19896
-4.22305
-4.24582
-4.26709
-4.28666
-4.30441
-4.32019
-4.33394
-4.34558
-4.35505
-4.36233
-4.36738
-4.3702
-4.16451
-4.18832
-4.21241
-4.23654
-4.26045
-4.28389
-4.3066
-4.32835
-4.34894
-4.36818
-4.38591
-4.402
-4.41633
-4.42883
-4.43942
-4.44805
-4.45469
-4.45931
-4.46188
-4.28676
-4.30837
-4.33019
-4.35198
-4.37354
-4.39465
-4.41509
-4.43467
-4.45321
-4.47054
-4.48652
-4.50104
-4.51399
-4.52529
-4.53488
-4.5427
-4.54872
-4.55291
-4.55525
-4.40907
-4.42857
-4.44821
-4.46778
-4.48713
-4.50604
-4.52435
-4.54189
-4.5585
-4.57403
-4.58836
-4.60138
-4.61301
-4.62317
-4.6318
-4.63884
-4.64426
-4.64804
-4.65015
-4.53146
-4.54891
-4.56645
-4.58392
-4.60116
-4.61801
-4.63431
-4.64992
-4.66469
-4.67852
-4.69128
-4.70289
-4.71325
-4.72232
-4.73002
-4.73631
-4.74116
-4.74454
-4.74642
-4.65391
-4.66939
-4.68492
-4.70038
-4.71562
-4.7305
-4.74489
-4.75866
-4.7717
-4.7839
-4.79516
-4.80541
-4.81457
-4.82259
-4.8294
-4.83497
-4.83927
-4.84226
-4.84393
-4.77643
-4.79
-4.8036
-4.81713
-4.83045
-4.84345
-4.85601
-4.86803
-4.87941
-4.89006
-4.89989
-4.90884
-4.91684
-4.92384
-4.9298
-4.93468
-4.93844
-4.94106
-4.94252
-4.89901
-4.91073
-4.92247
-4.93413
-4.94561
-4.9568
-4.96761
-4.97795
-4.98774
-4.99689
-5.00535
-5.01304
-5.01993
-5.02596
-5.03109
-5.03529
-5.03854
-5.04079
-5.04205
-5.02167
-5.03159
-5.04153
-5.05138
-5.06107
-5.07052
-5.07964
-5.08836
-5.09661
-5.10432
-5.11145
-5.11793
-5.12374
-5.12882
-5.13315
-5.1367
-5.13944
-5.14135
-5.14241
-5.14443
-5.15259
-5.16076
-5.16885
-5.17681
-5.18456
-5.19203
-5.19917
-5.20593
-5.21225
-5.21808
-5.22339
-5.22814
-5.23231
-5.23586
-5.23877
-5.24102
-5.24258
-5.24346
-5.26728
-5.27372
-5.28014
-5.28651
-5.29276
-5.29885
-5.30472
-5.31033
-5.31563
-5.32058
-5.32515
-5.32931
-5.33304
-5.33631
-5.33909
-5.34138
-5.34315
-5.34438
-5.34507
-5.39025
-5.39497
-5.39968
-5.40434
-5.40891
-5.41337
-5.41766
-5.42175
-5.42562
-5.42924
-5.43257
-5.43561
-5.43833
-5.44071
-5.44275
-5.44442
-5.44571
-5.44661
-5.44711
-5.51334
-5.51635
-5.51934
-5.52231
-5.52522
-5.52805
-5.53078
-5.53338
-5.53584
-5.53813
-5.54025
-5.54218
-5.5439
-5.54541
-5.54671
-5.54777
-5.54859
-5.54916
-5.54948
-5.63655
-5.63784
-5.63913
-5.6404
-5.64165
-5.64287
-5.64404
-5.64515
-5.64621
-5.64719
-5.6481
-5.64892
-5.64966
-5.65031
-5.65086
-5.65131
-5.65166
-5.65191
-5.65204
2485.49
2480.44
2469.92
2454.82
2434.71
2408.97
2377
2338.25
2292.24
2238.77
2178.13
2111.51
2041.72
1974.13
1918.41
1891.1
1919.29
2047.12
2330.95
2826.51
3479.34
3922.08
4064.29
2425.59
2420.53
2410.01
2394.91
2374.76
2348.96
2316.91
2278.03
2231.82
2178.05
2116.97
2049.68
1978.89
1909.77
1851.68
1820.66
1842.88
1958
2220.58
2677.37
3295.36
3823.16
4088.3
2364.33
2359.21
2348.71
2333.58
2313.36
2287.43
2255.18
2215.99
2169.33
2114.87
2052.76
1983.95
1910.84
1838.19
1774.65
1735.09
1743.82
1838.5
2070.81
2489.38
3076.7
3696.54
4275.81
2301.71
2296.52
2286.04
2270.86
2250.52
2224.4
2191.85
2152.19
2104.81
2049.3
1985.62
1914.44
1837.76
1759.67
1687.74
1634.98
1622.93
1685.52
1871.4
2238.54
2819.59
3534.34
4204.81
2237.77
2232.48
2222.02
2206.79
2186.3
2159.92
2126.96
2086.68
2038.36
1981.45
1915.67
1841.36
1759.93
1674.62
1591.5
1521.15
1481.28
1499.82
1619.16
1904.57
2451.89
3264.73
3964.46
2172.56
2167.15
2156.71
2141.41
2120.74
2094.04
2060.58
2019.54
1970.08
1911.44
1843.08
1764.91
1677.67
1583.51
1486.69
1394.85
1320.71
1283.27
1311.41
1458.74
1897.01
2797.85
3598.46
2106.13
2100.59
2090.16
2074.77
2053.88
2026.83
1992.8
1950.87
1900.08
1839.43
1768.07
1685.4
1591.41
1487
1374.35
1257.84
1144.01
1039.73
951.488
871.562
1014.67
1966.48
2991.32
2038.56
2032.84
2022.42
2006.94
1985.81
1958.35
1923.69
1880.78
1828.5
1765.62
1690.9
1603.2
1501.67
1385.86
1255.74
1112.13
954.293
776.274
553.032
191.638
100.163
612.739
1935.55
-3.99914
-3.94951
-3.84724
-3.69969
-3.52424
-3.33839
-3.15528
-2.98321
-2.82667
-2.68755
-2.56621
-2.46236
-2.37445
-2.30179
-2.24338
-2.19832
-2.16588
-2.14551
-2.13681
-4.06485
-4.01595
-3.91236
-3.76241
-3.58465
-3.39705
-3.2128
-3.04011
-2.88328
-2.74409
-2.62278
-2.51905
-2.43127
-2.35874
-2.30045
-2.25548
-2.22311
-2.20278
-2.19414
-4.14045
-4.09299
-3.986
-3.83027
-3.64698
-3.45526
-3.26838
-3.09423
-2.93676
-2.79743
-2.67625
-2.57277
-2.48533
-2.41313
-2.35512
-2.31038
-2.27817
-2.25795
-2.24935
-4.22713
-4.18204
-4.06883
-3.90328
-3.71103
-3.51276
-3.32178
-3.14542
-2.98701
-2.84752
-2.72669
-2.62355
-2.53665
-2.46495
-2.40738
-2.363
-2.33106
-2.31101
-2.30248
-4.32783
-4.28553
-4.16171
-3.9814
-3.77641
-3.56915
-3.37268
-3.19345
-3.03389
-2.89429
-2.77399
-2.67138
-2.58521
-2.51422
-2.45726
-2.41338
-2.38181
-2.362
-2.35357
-4.45046
-4.40753
-4.26565
-4.06442
-3.8425
-3.62382
-3.42063
-3.23802
-3.07722
-2.93764
-2.81797
-2.71624
-2.63104
-2.56096
-2.50479
-2.46154
-2.43044
-2.41092
-2.40261
-4.60326
-4.55118
-4.38149
-4.15178
-3.90841
-3.67595
-3.46503
-3.27877
-3.1168
-2.97757
-2.85868
-2.75811
-2.67413
-2.60519
-2.54998
-2.5075
-2.47697
-2.45781
-2.44966
-4.79133
-4.72027
-4.51001
-4.24252
-3.97285
-3.72452
-3.50519
-3.31529
-3.15243
-3.01383
-2.89607
-2.797
-2.71452
-2.64694
-2.59287
-2.55131
-2.52144
-2.5027
-2.49473
1950.33
1944.45
1934.06
1918.42
1896.96
1868.95
1833.41
1789.15
1734.81
1668.81
1589.42
1494.74
1382.79
1251.24
1097.45
917.242
701.051
417.659
47.2043
3.16691
5.65624
61.5739
183.644
1800.28
1794.18
1783.73
1767.81
1745.79
1716.83
1679.76
1633.13
1575.11
1503.51
1415.69
1308.42
1177.74
1018.38
823.181
581.245
263.407
10.9541
0.436292
0.451043
0.783344
1.78802
59.2922
1646.55
1640.23
1629.72
1613.54
1591.02
1561.19
1522.71
1473.81
1412.23
1335.12
1238.92
1119.12
969.821
783.318
549.331
242.573
7.21356
-0.0341853
0.0357958
0.263016
0.598832
0.976232
9.65501
1490.01
1483.54
1472.97
1456.6
1433.74
1403.29
1363.73
1313
1248.42
1166.53
1062.89
931.762
765.788
554.837
286.171
11.6034
-0.357982
-0.314317
-0.0784041
0.247702
0.681268
1.18693
0.915392
1331.57
1325.06
1314.47
1298.06
1275.1
1244.41
1204.31
1152.51
1085.96
1000.62
891.288
751.265
571.44
344.312
42.0461
-0.466004
-0.612672
-0.40446
-0.120067
0.226028
0.653599
1.16503
1.67399
1172.16
1165.72
1155.2
1138.94
1116.21
1085.77
1045.87
994.045
926.94
840.056
727.474
581.931
393.718
144.025
-0.110032
-1.01964
-0.767277
-0.504868
-0.214695
0.119871
0.512218
0.986834
1.56621
1012.67
1006.42
996.076
980.184
958.04
928.431
889.592
839.007
773.133
687.103
574.363
426.252
238.254
6.7701
-1.35441
-1.16675
-0.90356
-0.641064
-0.367283
-0.0720685
0.249274
0.585672
0.889768
853.923
847.95
837.911
822.61
801.412
773.201
736.326
688.364
625.752
543.351
434.222
287.984
93.7964
-1.26877
-1.5348
-1.28576
-1.0367
-0.798485
-0.558901
-0.31589
-0.076822
0.132894
0.245129
696.592
690.975
681.343
666.814
646.855
620.534
586.435
542.427
485.243
409.626
307.604
170.122
2.12635
-1.82152
-1.61234
-1.3824
-1.1715
-0.968229
-0.769967
-0.580077
-0.410622
-0.286112
-0.250465
541.281
536.056
526.908
513.247
494.699
470.582
439.81
400.736
350.914
285.86
196.497
62.4515
-1.69986
-1.85901
-1.66413
-1.47821
-1.30777
-1.14364
-0.986963
-0.844326
-0.728253
-0.658185
-0.661016
388.401
383.582
374.946
362.141
345.011
323.241
296.05
262.208
220.809
168.258
99.8038
-0.546337
-1.9228
-1.81211
-1.692
-1.57392
-1.44833
-1.322
-1.20223
-1.09794
-1.02086
-0.985404
-1.00865
238.33
234.013
225.923
213.733
197.624
177.959
154.124
122.71
87.5193
47.8826
15.2387
-1.36606
-1.60762
-1.74514
-1.74665
-1.68484
-1.59718
-1.50234
-1.4121
-1.33687
-1.28698
-1.2732
-1.30618
90.7124
86.7144
79.4965
67.9715
53.0272
37.8181
25.7124
8.71981
0.0571058
-2.12468
-2.01464
-1.69976
-1.78994
-1.86317
-1.86937
-1.82607
-1.75819
-1.68354
-1.61439
-1.5599
-1.5285
-1.52785
-1.56446
-0.653379
-0.812399
-1.76743
-1.94625
-2.09496
-2.26172
-2.40413
-2.33947
-2.50915
-2.4868
-2.34197
-2.37125
-2.14701
-2.10862
-2.05467
-1.99432
-1.92814
-1.86337
-1.80754
-1.7672
-1.74811
-1.75526
-1.79234
-2.11599
-2.13132
-2.14456
-2.15656
-2.22132
-2.32235
-2.42526
-2.52445
-2.67662
-2.79337
-2.75735
-2.67011
-2.45258
-2.35405
-2.25589
-2.17087
-2.09821
-2.03726
-1.99004
-1.95945
-1.94867
-1.96042
-1.99643
-2.23709
-2.24525
-2.25863
-2.28241
-2.33027
-2.40424
-2.50716
-2.66441
-2.9453
-3.32932
-3.46099
-3.10645
-2.69049
-2.57054
-2.43922
-2.33643
-2.25865
-2.20082
-2.16044
-2.13746
-2.13285
-2.14759
-2.18218
-2.34912
-2.35603
-2.3689
-2.39112
-2.4286
-2.48857
-2.58529
-2.76299
-3.17305
-3.87927
-4.19073
-3.69235
-3.29846
-2.78639
-2.59678
-2.48105
-2.40364
-2.35146
-2.31851
-2.30251
-2.30311
-2.32019
-2.35351
-2.45636
-2.46253
-2.47329
-2.49119
-2.51957
-2.56482
-2.64103
-2.78796
-3.15603
-3.87614
-4.35936
-3.955
-3.80539
-2.96606
-2.71711
-2.60012
-2.53179
-2.48959
-2.46541
-2.45653
-2.46198
-2.48114
-2.51351
-2.56104
-2.56573
-2.57423
-2.58702
-2.60652
-2.63683
-2.68623
-2.77195
-2.95705
-3.32967
-3.62936
-3.5677
-3.23349
-2.92126
-2.77514
-2.69429
-2.64623
-2.61768
-2.60356
-2.60192
-2.61198
-2.63311
-2.66485
-2.66591
-2.6691
-2.67464
-2.68286
-2.69475
-2.71311
-2.742
-2.7878
-2.86153
-2.97385
-3.05444
-3.03865
-2.95815
-2.8819
-2.82087
-2.7802
-2.75439
-2.74018
-2.73594
-2.74109
-2.75531
-2.77819
-2.80948
-2.77337
-2.77517
-2.77825
-2.78262
-2.78925
-2.79957
-2.81581
-2.84099
-2.87704
-2.91998
-2.95
-2.95533
-2.93709
-2.91109
-2.88878
-2.87301
-2.86395
-2.86138
-2.86541
-2.87625
-2.89389
-2.91815
-2.94895
-2.88469
-2.88559
-2.88685
-2.88878
-2.89216
-2.89783
-2.90674
-2.92009
-2.93867
-2.95951
-2.97572
-2.98342
-2.98383
-2.9806
-2.97739
-2.97628
-2.97823
-2.98392
-2.99405
-3.00913
-3.0293
-3.05446
-3.08461
-3.00052
-3.00079
-3.00112
-3.00182
-3.00349
-3.00666
-3.0117
-3.01924
-3.02962
-3.04171
-3.05318
-3.06245
-3.06972
-3.0758
-3.0819
-3.08893
-3.09763
-3.10874
-3.12304
-3.14101
-3.16277
-3.18826
-3.21756
-3.12092
-3.12087
-3.12084
-3.12117
-3.12218
-3.12409
-3.12728
-3.13221
-3.13911
-3.14771
-3.1572
-3.16693
-3.17679
-3.18693
-3.19749
-3.20881
-3.22139
-3.23588
-3.25283
-3.27249
-3.29494
-3.32025
-3.34855
-3.2457
-3.24557
-3.24561
-3.24596
-3.24672
-3.24811
-3.25053
-3.25439
-3.25994
-3.26714
-3.27575
-3.28557
-3.29642
-3.30816
-3.32065
-3.33405
-3.34873
-3.36512
-3.38342
-3.40375
-3.42621
-3.45097
-3.47812
-3.37468
-3.37464
-3.37475
-3.37516
-3.37592
-3.3773
-3.37961
-3.38319
-3.38823
-3.39483
-3.40303
-3.41275
-3.42377
-3.43586
-3.44897
-3.46321
-3.47881
-3.49593
-3.51462
-3.53491
-3.55696
-3.58087
-3.60667
-3.50742
-3.50749
-3.50771
-3.5082
-3.50915
-3.51075
-3.51322
-3.51673
-3.52152
-3.5278
-3.53568
-3.54507
-3.55576
-3.5676
-3.58067
-3.59504
-3.61077
-3.62786
-3.64631
-3.66615
-3.68746
-3.71024
-3.73447
-3.64311
-3.64329
-3.64367
-3.64435
-3.64548
-3.64722
-3.6497
-3.65313
-3.65777
-3.66383
-3.67137
-3.68027
-3.69041
-3.70181
-3.71455
-3.72865
-3.74401
-3.76061
-3.77842
-3.79749
-3.81776
-3.83918
-3.86171
-3.78097
-3.78126
-3.7818
-3.78263
-3.78384
-3.78556
-3.78799
-3.79139
-3.79595
-3.80181
-3.80893
-3.81725
-3.82681
-3.83768
-3.84989
-3.86339
-3.87806
-3.89387
-3.91079
-3.92879
-3.9478
-3.96772
-3.98858
-3.9207
-3.92101
-3.92158
-3.92243
-3.92364
-3.92537
-3.92784
-3.93123
-3.93565
-3.94114
-3.94771
-3.95541
-3.96435
-3.97459
-3.98609
-3.99877
-4.01256
-4.0274
-4.04323
-4.05998
-4.0776
-4.09601
-4.11526
-4.0618
-4.06206
-4.06255
-4.06335
-4.06455
-4.06631
-4.06877
-4.07201
-4.07609
-4.08108
-4.08707
-4.09419
-4.10251
-4.11205
-4.12273
-4.13449
-4.14726
-4.16099
-4.1756
-4.19103
-4.20723
-4.22414
-4.2418
-4.2036
-4.20382
-4.20427
-4.20504
-4.20622
-4.2079
-4.21017
-4.21309
-4.21676
-4.22128
-4.22679
-4.23338
-4.24107
-4.24984
-4.25963
-4.27037
-4.28202
-4.29455
-4.30788
-4.32196
-4.33675
-4.35217
-4.36825
-4.34584
-4.34607
-4.34652
-4.34725
-4.34834
-4.34983
-4.35183
-4.35442
-4.35772
-4.36185
-4.36689
-4.3729
-4.37987
-4.38777
-4.39657
-4.40623
-4.41672
-4.428
-4.44005
-4.45279
-4.46618
-4.48013
-4.49466
-4.48845
-4.48868
-4.4891
-4.48975
-4.49068
-4.49197
-4.49371
-4.49601
-4.49897
-4.50266
-4.50715
-4.51247
-4.51861
-4.52559
-4.53337
-4.54195
-4.55129
-4.56136
-4.57214
-4.58356
-4.59557
-4.60806
-4.62107
-4.63116
-4.63135
-4.6317
-4.63223
-4.63301
-4.63412
-4.63562
-4.63761
-4.64018
-4.64337
-4.64724
-4.65182
-4.65714
-4.6632
-4.67001
-4.67755
-4.68579
-4.6947
-4.70423
-4.71433
-4.72495
-4.736
-4.74749
-4.7738
-4.77394
-4.7742
-4.77462
-4.77526
-4.77617
-4.77742
-4.77908
-4.78121
-4.78388
-4.78714
-4.79101
-4.79554
-4.80074
-4.80661
-4.81314
-4.8203
-4.82805
-4.83633
-4.84511
-4.85435
-4.86394
-4.87392
-4.91664
-4.91673
-4.9169
-4.9172
-4.91766
-4.91835
-4.91932
-4.92061
-4.9223
-4.92445
-4.92709
-4.93028
-4.93403
-4.93838
-4.94331
-4.94882
-4.95488
-4.96145
-4.96847
-4.97592
-4.98376
-4.99191
-5.00037
-5.05993
-5.05996
-5.06004
-5.0602
-5.06047
-5.06089
-5.06153
-5.06243
-5.06365
-5.06524
-5.06725
-5.06973
-5.07269
-5.07615
-5.08012
-5.08458
-5.08951
-5.09488
-5.10063
-5.10674
-5.11319
-5.1199
-5.12686
-5.20372
-5.20369
-5.20366
-5.20365
-5.20369
-5.20382
-5.20409
-5.20456
-5.20527
-5.20627
-5.20762
-5.20934
-5.21147
-5.21402
-5.217
-5.22039
-5.22417
-5.22832
-5.23281
-5.23759
-5.24265
-5.24793
-5.25341
-5.34786
-5.34777
-5.34762
-5.34743
-5.34722
-5.34702
-5.34691
-5.34691
-5.34708
-5.34747
-5.34812
-5.34907
-5.35034
-5.35196
-5.35392
-5.35623
-5.35886
-5.3618
-5.36502
-5.36848
-5.37216
-5.37604
-5.38005
-5.49226
-5.49213
-5.49185
-5.49146
-5.49097
-5.49044
-5.4899
-5.48942
-5.48903
-5.48878
-5.48872
-5.48888
-5.48929
-5.48996
-5.4909
-5.49212
-5.49361
-5.49535
-5.49731
-5.49946
-5.50179
-5.50425
-5.5068
-5.63685
-5.63671
-5.63632
-5.63572
-5.63495
-5.63406
-5.6331
-5.63212
-5.63116
-5.63026
-5.62947
-5.62883
-5.62835
-5.62807
-5.62799
-5.62812
-5.62846
-5.62899
-5.62971
-5.63058
-5.63156
-5.63262
-5.63371
-4.67619
-5.24221
-5.86546
-6.54756
-4.60053
-5.28755
-5.95221
-6.18607
-6.48141
-7.34707
-7.98663
-8.26894
-9.15325
-10.7705
-11.8963
-12.2881
-2.39735
-10.6324
-12.3056
-13.6968
1.63711
-0.304072
-4.96588
-10.8209
0.876107
0.573797
0.0265667
-0.216222
0.1942
0.0838213
-0.065011
-0.200712
-0.301982
-0.379667
-0.4923
-0.642596
-0.713841
-0.78156
-0.876082
-0.998696
-1.06032
-1.11966
-1.19757
-1.29391
-1.3541
-1.40521
-1.46929
-1.54565
-1.60767
-1.65146
-1.70448
-1.76601
-1.8309
-1.86852
-1.91287
-1.96341
-2.0308
-2.06343
-2.10115
-2.1435
-2.21311
-2.24173
-2.27427
-2.31039
-2.38165
-2.40713
-2.43566
-2.46699
-2.53946
-2.56252
-2.58798
-2.61558
-2.6891
-2.71021
-2.73319
-2.75782
-2.83235
-2.85187
-2.87282
-2.89506
-2.97062
-2.98882
-3.00813
-3.02843
-3.10515
-3.12223
-3.14016
-3.15883
-3.23703
-3.25305
-3.26974
-3.28696
-3.36699
-3.38199
-3.39746
-3.41335
-3.49552
-3.5095
-3.52381
-3.53848
-3.62295
-3.63593
-3.64918
-3.66279
-3.74958
-3.76162
-3.77394
-3.78657
-3.87568
-3.88685
-3.89829
-3.90997
-4.00149
-4.01182
-4.02238
-4.03313
-4.12715
-4.13663
-4.1463
-4.15615
-4.25268
-4.26134
-4.27016
-4.27914
-4.37815
-4.38602
-4.39403
-4.40217
-4.50361
-4.51073
-4.51795
-4.52527
-4.62909
-4.63547
-4.64191
-4.64842
-4.75458
-4.7602
-4.76588
-4.7716
-4.88009
-4.88497
-4.88989
-4.89484
-5.00562
-5.00976
-5.01393
-5.01812
-5.13119
-5.13461
-5.13806
-5.14151
-5.25684
-5.25954
-5.26226
-5.26499
-5.38257
-5.38455
-5.38656
-5.38856
-5.50842
-5.5097
-5.51099
-5.51228
-5.63441
-5.63497
-5.63552
-5.63608
-5.17981
-4.99083
-4.69306
-4.36141
-4.05124
-3.78028
-3.54984
-3.35577
-3.19265
-3.05504
-2.93946
-2.84281
-2.76265
-2.69716
-2.6448
-2.60461
-2.57573
-2.55762
-2.54992
-6.06735
-5.5912
-5.03637
-4.5485
-4.15571
-3.84549
-3.59874
-3.40255
-3.24116
-3.10847
-2.99862
-2.9076
-2.83256
-2.77141
-2.72271
-2.68533
-2.6585
-2.64166
-2.6345
-7.6095
-6.34231
-5.35798
-4.67262
-4.20026
-3.86343
-3.61245
-3.41979
-3.26709
-3.14369
-3.04266
-2.9595
-2.8912
-2.83561
-2.7914
-2.75748
-2.73312
-2.71783
-2.71132
-10.1511
-7.06399
-5.5028
-4.65777
-4.14782
-3.81502
-3.58079
-3.40611
-3.27016
-3.16124
-3.07246
-2.99949
-2.93948
-2.89066
-2.85176
-2.82186
-2.80036
-2.78685
-2.7811
-11.7529
-7.06258
-5.22618
-4.40898
-3.96998
-3.69545
-3.50501
-3.3632
-3.25242
-3.1631
-3.08977
-3.02902
-2.97882
-2.93775
-2.90484
-2.87945
-2.86112
-2.84958
-2.84466
-9.95423
-5.43902
-4.37231
-3.93594
-3.68652
-3.51876
-3.39479
-3.29763
-3.21857
-3.15275
-3.09725
-3.05035
-3.01097
-2.97831
-2.95189
-2.93133
-2.9164
-2.90696
-2.90292
-1.39675
-3.09548
-3.34676
-3.39023
-3.36317
-3.31723
-3.26774
-3.21988
-3.17534
-3.13467
-3.09819
-3.06591
-3.03783
-3.01395
-2.99425
-2.97869
-2.96727
-2.96
-2.95688
-0.954263
-2.08385
-2.66721
-2.94739
-3.07433
-3.12727
-3.14375
-3.1416
-3.13005
-3.11402
-3.09624
-3.07838
-3.06151
-3.04635
-3.03333
-3.02275
-3.01483
-3.00973
-3.00752
-1.11583
-1.80764
-2.33024
-2.66226
-2.85944
-2.97378
-3.03837
-3.07312
-3.08981
-3.09558
-3.09482
-3.09036
-3.08406
-3.07717
-3.07054
-3.06475
-3.0602
-3.05719
-3.05586
-1.32859
-1.79035
-2.20014
-2.50877
-2.7231
-2.86646
-2.96047
-3.02116
-3.05957
-3.08315
-3.09689
-3.10417
-3.10732
-3.10796
-3.1072
-3.10583
-3.10443
-3.10337
-3.10286
-1.53579
-1.86636
-2.18356
-2.44892
-2.65353
-2.80425
-2.91246
-2.98896
-3.04243
-3.07942
-3.10469
-3.12169
-3.13289
-3.14006
-3.14448
-3.14707
-3.14848
-3.14918
-3.14943
-1.72995
-1.97861
-2.22748
-2.45009
-2.63477
-2.78074
-2.89271
-2.977
-3.03967
-3.08587
-3.11968
-3.14426
-3.16198
-3.17458
-3.18338
-3.18936
-3.19323
-3.19547
-3.19637
-1.911
-2.10498
-2.30402
-2.49012
-2.6527
-2.7882
-2.89757
-2.98396
-3.0512
-3.10301
-3.14265
-3.17277
-3.19546
-3.21235
-3.2247
-3.23348
-3.2394
-3.24295
-3.2444
-2.08051
-2.23624
-2.39851
-2.5548
-2.69654
-2.81954
-2.92285
-3.00764
-3.07607
-3.13065
-3.1738
-3.20763
-3.23389
-3.25398
-3.26907
-3.28006
-3.28762
-3.29221
-3.29412
-2.2403
-2.3683
-2.5029
-2.6352
-2.75856
-2.86893
-2.96462
-3.0456
-3.1129
-3.16812
-3.21296
-3.24896
-3.27752
-3.29983
-3.3169
-3.32954
-3.33835
-3.34375
-3.346
-2.39202
-2.49932
-2.61271
-2.72577
-2.83334
-2.9319
-3.01949
-3.09547
-3.16018
-3.21456
-3.25966
-3.29658
-3.3264
-3.35008
-3.36846
-3.38224
-3.39193
-3.39792
-3.40043
-2.5371
-2.62859
-2.72545
-2.82297
-2.91716
-3.00505
-3.08468
-3.15518
-3.21649
-3.26899
-3.31331
-3.35019
-3.38042
-3.40477
-3.42389
-3.43837
-3.44862
-3.45499
-3.45766
-2.67665
-2.75591
-2.83967
-2.92456
-3.00745
-3.08586
-3.15803
-3.22301
-3.28046
-3.33043
-3.37325
-3.40937
-3.43938
-3.46382
-3.48321
-3.498
-3.50855
-3.51512
-3.51789
-2.81185
-2.88125
-2.95454
-3.02909
-3.10244
-3.17254
-3.23788
-3.29749
-3.3509
-3.39798
-3.43882
-3.4737
-3.50298
-3.52708
-3.54636
-3.56116
-3.57176
-3.57839
-3.5812
-2.94341
-3.0049
-3.06964
-3.13567
-3.2009
-3.26376
-3.32289
-3.37741
-3.4268
-3.47082
-3.50942
-3.54272
-3.57094
-3.59435
-3.61321
-3.62777
-3.63825
-3.64483
-3.64761
-3.07212
-3.12712
-3.18481
-3.24363
-3.30199
-3.3585
-3.41204
-3.46183
-3.50734
-3.54827
-3.58448
-3.61599
-3.6429
-3.66538
-3.6836
-3.69774
-3.70796
-3.71438
-3.71711
-3.19858
-3.24817
-3.29996
-3.3527
-3.40512
-3.45604
-3.50456
-3.54998
-3.59181
-3.62971
-3.66348
-3.69309
-3.71855
-3.73993
-3.75735
-3.77093
-3.78077
-3.78698
-3.78962
-3.32332
-3.36831
-3.41509
-3.46263
-3.50986
-3.55585
-3.59986
-3.64128
-3.67966
-3.71464
-3.74601
-3.77366
-3.79757
-3.81775
-3.83425
-3.84718
-3.85658
-3.86252
-3.86506
-3.44675
-3.4878
-3.53026
-3.57324
-3.61591
-3.65754
-3.69751
-3.73528
-3.77043
-3.80262
-3.83164
-3.85734
-3.87965
-3.89857
-3.91411
-3.92632
-3.93522
-3.94086
-3.94328
-3.56928
-3.60687
-3.6455
-3.68446
-3.7231
-3.76084
-3.79717
-3.8316
-3.86374
-3.8933
-3.92004
-3.94381
-3.96454
-3.98218
-3.99672
-4.00817
-4.01654
-4.02186
-4.02414
-3.69123
-3.72568
-3.76086
-3.79623
-3.83129
-3.86556
-3.89857
-3.92993
-3.95927
-3.98633
-4.01089
-4.0328
-4.05197
-4.06833
-4.08186
-4.09254
-4.10037
-4.10534
-4.10748
-3.8128
-3.84434
-3.8764
-3.90855
-3.94039
-3.9715
-4.00149
-4.03001
-4.05675
-4.08146
-4.10394
-4.12406
-4.14171
-4.15682
-4.16934
-4.17925
-4.18653
-4.19116
-4.19314
-3.9341
-3.96294
-3.99215
-4.02138
-4.05029
-4.07852
-4.10574
-4.13163
-4.15594
-4.17844
-4.19897
-4.21738
-4.23357
-4.24745
-4.25898
-4.26812
-4.27484
-4.27912
-4.28095
-4.05526
-4.08159
-4.10817
-4.13472
-4.16093
-4.18651
-4.21115
-4.23461
-4.25666
-4.2771
-4.29577
-4.31255
-4.32733
-4.34002
-4.35059
-4.35896
-4.36513
-4.36907
-4.37076
-4.17637
-4.20034
-4.22448
-4.24854
-4.27224
-4.29535
-4.31761
-4.3388
-4.35874
-4.37724
-4.39416
-4.40939
-4.42281
-4.43436
-4.44398
-4.45162
-4.45725
-4.46085
-4.4624
-4.29753
-4.31927
-4.3411
-4.36281
-4.38417
-4.40497
-4.425
-4.44408
-4.46203
-4.47871
-4.49397
-4.50772
-4.51985
-4.5303
-4.53901
-4.54594
-4.55105
-4.55432
-4.55572
-4.41879
-4.43839
-4.45801
-4.4775
-4.49665
-4.51529
-4.53323
-4.55032
-4.56641
-4.58135
-4.59504
-4.60738
-4.61828
-4.62768
-4.63552
-4.64175
-4.64636
-4.6493
-4.65057
-4.54017
-4.55768
-4.57521
-4.59258
-4.60965
-4.62624
-4.64221
-4.65742
-4.67173
-4.68504
-4.69723
-4.70823
-4.71795
-4.72634
-4.73334
-4.73892
-4.74303
-4.74567
-4.7468
-4.66164
-4.67716
-4.69267
-4.70803
-4.72311
-4.73776
-4.75186
-4.76528
-4.77791
-4.78965
-4.80042
-4.81013
-4.81873
-4.82614
-4.83234
-4.83728
-4.84093
-4.84326
-4.84427
-4.7832
-4.7968
-4.81038
-4.82382
-4.837
-4.84979
-4.8621
-4.87381
-4.88483
-4.89508
-4.90448
-4.91296
-4.92047
-4.92696
-4.93238
-4.9367
-4.93989
-4.94194
-4.94282
-4.90486
-4.9166
-4.92832
-4.9399
-4.95124
-4.96226
-4.97285
-4.98292
-4.9924
-5.00121
-5.00929
-5.01659
-5.02305
-5.02864
-5.03331
-5.03704
-5.03979
-5.04155
-5.04231
-5.02663
-5.03657
-5.04647
-5.05625
-5.06583
-5.07513
-5.08406
-5.09255
-5.10053
-5.10796
-5.11477
-5.12092
-5.12637
-5.13108
-5.13502
-5.13817
-5.1405
-5.14199
-5.14263
-5.14851
-5.15668
-5.16482
-5.17285
-5.18071
-5.18833
-5.19565
-5.2026
-5.20915
-5.21523
-5.2208
-5.22584
-5.2303
-5.23416
-5.23739
-5.23998
-5.24189
-5.24311
-5.24364
-5.2705
-5.27693
-5.28334
-5.28966
-5.29583
-5.30182
-5.30756
-5.31302
-5.31815
-5.32292
-5.32729
-5.33123
-5.33473
-5.33776
-5.3403
-5.34233
-5.34383
-5.34479
-5.34521
-5.39261
-5.39733
-5.40201
-5.40664
-5.41116
-5.41553
-5.41973
-5.42372
-5.42746
-5.43094
-5.43413
-5.43701
-5.43956
-5.44177
-5.44363
-5.44511
-5.44621
-5.44692
-5.44722
-5.51485
-5.51785
-5.52083
-5.52377
-5.52665
-5.52943
-5.5321
-5.53463
-5.53701
-5.53922
-5.54124
-5.54307
-5.54468
-5.54609
-5.54727
-5.54821
-5.54891
-5.54936
-5.54955
-5.63719
-5.63848
-5.63977
-5.64103
-5.64226
-5.64346
-5.6446
-5.64569
-5.64671
-5.64765
-5.64852
-5.6493
-5.64999
-5.6506
-5.6511
-5.6515
-5.6518
-5.65199
-5.65208
2484.2
2454.11
2445.96
2433.19
2415.65
2392.78
2363.98
2328.65
2286.27
2236.45
2179.19
2115.15
2046.18
1976.19
1912.34
1867.21
1861.86
1929.81
2118.41
2488.01
3070.36
3702.73
3836.46
2424.32
2393.48
2385.36
2372.57
2355
2332.06
2303.14
2267.64
2224.98
2174.76
2116.9
2051.95
1981.64
1909.6
1842.59
1792.56
1779.47
1835.06
2005.79
2346.36
2875.73
3483.95
3960.52
2363.09
2331.46
2323.36
2310.57
2292.93
2269.86
2240.74
2204.93
2161.79
2110.85
2051.92
1985.39
1912.68
1836.99
1764.41
1705.7
1678.92
1713.14
1851.88
2149.62
2645.49
3288.13
3938.48
2300.52
2268.09
2260.01
2247.2
2229.48
2206.23
2176.82
2140.56
2096.75
2044.8
1984.37
1915.58
1839.49
1758.66
1678.21
1607.2
1561.03
1564.74
1656.76
1891.33
2336.68
3021.09
3768.47
2236.64
2203.41
2195.34
2182.52
2164.68
2141.2
2111.43
2074.61
2029.95
1976.72
1914.36
1842.72
1762.31
1674.97
1584.51
1497.87
1427.02
1391.26
1420.15
1559.96
1905.37
2598.62
3473
2171.5
2137.47
2129.4
2116.55
2098.57
2074.84
2044.64
2007.15
1961.47
1906.71
1842.08
1767.01
1681.47
1586.37
1484.02
1378.87
1278.82
1195.38
1144.42
1146.43
1289.32
1908.46
2963.78
2105.15
2070.34
2062.25
2049.37
2031.24
2007.2
1976.52
1938.27
1891.45
1834.95
1767.71
1688.73
1597.34
1493.44
1377.62
1251.66
1118.8
981.026
836.335
657.241
407.081
660.97
2063.89
2037.65
2002.03
1993.93
1981.02
1962.7
1938.34
1907.13
1868.06
1819.98
1761.58
1691.48
1608.22
1510.43
1396.92
1266.49
1118.31
950.103
753.803
505.6
147.268
18.112
78.6617
906.134
-4.00715
-4.01257
-3.93673
-3.80929
-3.6446
-3.46131
-3.27503
-3.09638
-2.93156
-2.78355
-2.65335
-2.54076
-2.44517
-2.36505
-2.29968
-2.24808
-2.20942
-2.1831
-2.16862
-4.07216
-4.08403
-4.00751
-3.87666
-3.70784
-3.5211
-3.33243
-3.15234
-2.9868
-2.83852
-2.70832
-2.59603
-2.50049
-2.42061
-2.35545
-2.30403
-2.26554
-2.23929
-2.22487
-4.14644
-4.16671
-4.08867
-3.95105
-3.77449
-3.5814
-3.38841
-3.20579
-3.03897
-2.89027
-2.76011
-2.64818
-2.55296
-2.47351
-2.40875
-2.35766
-2.31941
-2.29335
-2.27902
-4.23041
-4.26269
-4.1815
-4.03276
-3.84433
-3.64189
-3.44268
-3.25647
-3.08794
-2.93868
-2.80869
-2.69719
-2.60258
-2.52377
-2.45957
-2.40895
-2.37108
-2.34528
-2.3311
-4.32672
-4.37658
-4.28791
-4.12211
-3.917
-3.70204
-3.49479
-3.30409
-3.13349
-2.98368
-2.85403
-2.74313
-2.64935
-2.57137
-2.50794
-2.45796
-2.42057
-2.39512
-2.38113
-4.44371
-4.51593
-4.41024
-4.21923
-3.99188
-3.7611
-3.54411
-3.34821
-3.17537
-3.02507
-2.89611
-2.78597
-2.69326
-2.61636
-2.55387
-2.50468
-2.46791
-2.44288
-2.42912
-4.60353
-4.68402
-4.55018
-4.32393
-4.06795
-3.81803
-3.58986
-3.38832
-3.21327
-3.06271
-2.93456
-2.82567
-2.73433
-2.65874
-2.5974
-2.54917
-2.51312
-2.4886
-2.47513
-4.84981
-4.89664
-4.71155
-4.43569
-4.14373
-3.87151
-3.63111
-3.42387
-3.24687
-3.09677
-2.9695
-2.86222
-2.77255
-2.69854
-2.63858
-2.59145
-2.55626
-2.53232
-2.51917
1949.68
1873.42
1865.24
1852.23
1833.56
1808.56
1776.31
1735.62
1685.03
1622.82
1546.94
1455.05
1344.4
1211.63
1052.43
860.654
625.572
316.719
17.4129
0.846475
1.09332
2.92591
37.5426
1799.98
1721.21
1713.01
1699.84
1680.76
1655.04
1621.61
1579.04
1525.5
1458.73
1375.92
1273.61
1147.46
991.752
798.87
558.161
241.304
8.0724
0.173088
0.24016
0.41327
1.07537
1.88458
1646.63
1565.78
1557.56
1544.24
1524.84
1498.54
1464.12
1419.91
1363.73
1292.77
1203.47
1091.31
950.414
773.191
549.464
260.387
8.24444
-0.22504
-0.143311
0.083001
0.411922
0.928951
1.20765
1490.49
1408.05
1399.85
1386.44
1366.87
1340.26
1305.22
1259.89
1201.75
1127.51
1032.91
912.442
759.05
562.765
314.469
18.8046
-0.426893
-0.469164
-0.240047
0.0648804
0.440589
0.891411
1.27177
1332.44
1248.98
1240.84
1227.45
1207.94
1181.37
1146.26
1100.57
1041.54
965.434
867.392
741.068
578.359
371.19
90.0134
-0.460292
-0.805392
-0.577513
-0.310144
0.00516808
0.380252
0.834829
1.39736
1173.39
1089.47
1081.47
1068.25
1049.08
1022.98
988.452
943.389
884.844
808.751
709.697
580.852
412.367
197.67
1.17931
-1.20916
-0.963591
-0.70399
-0.430549
-0.130713
0.206951
0.591273
1.04805
1014.21
930.401
922.589
909.723
891.175
866.006
832.789
789.452
733.011
659.203
562.017
434.014
267.723
40.607
-1.33129
-1.3467
-1.09939
-0.844035
-0.589866
-0.326205
-0.0507664
0.226651
0.468252
855.712
772.495
764.939
752.583
734.917
711.11
679.894
639.378
586.751
517.801
426.137
302.023
139.192
-0.490736
-1.70288
-1.46041
-1.21693
-0.992622
-0.772505
-0.554149
-0.343024
-0.156239
-0.0328465
698.577
616.369
609.116
597.385
580.786
558.659
529.991
493.218
445.977
384.495
302.596
189.759
26.0877
-1.80559
-1.74562
-1.53191
-1.33427
-1.14664
-0.965873
-0.793643
-0.638484
-0.517511
-0.458888
543.404
462.542
455.61
444.543
429.06
408.749
382.92
350.419
309.699
258.17
190.06
95.6006
-1.17021
-1.93625
-1.7651
-1.59947
-1.45075
-1.30433
-1.1625
-1.03141
-0.920988
-0.845708
-0.824928
390.614
311.335
304.739
294.323
279.832
261.278
238.342
209.615
174.329
132.899
77.9824
17.2872
-1.63084
-1.75852
-1.74617
-1.67353
-1.57488
-1.46653
-1.35871
-1.26111
-1.18419
-1.13978
-1.14104
240.802
163.17
156.958
147.174
132.95
115.436
95.2953
71.4744
39.8933
23.9008
3.71371
-1.35289
-1.45294
-1.7022
-1.7998
-1.78055
-1.71597
-1.63466
-1.55237
-1.47991
-1.42691
-1.40276
-1.41626
93.3839
26.0136
22.1956
17.2507
10.049
4.60583
-0.0910206
-2.07307
-2.32568
-2.47126
-2.24956
-2.08072
-1.82951
-1.96323
-1.96939
-1.9353
-1.87647
-1.80794
-1.74164
-1.6865
-1.64999
-1.63885
-1.65878
0.801537
-2.06504
-2.08912
-2.0739
-2.10672
-2.22077
-2.35218
-2.41996
-2.51002
-2.6157
-2.57009
-2.46046
-2.2543
-2.28581
-2.19152
-2.11843
-2.0478
-1.98147
-1.92408
-1.8804
-1.85506
-1.85223
-1.87519
-2.1193
-2.18321
-2.19557
-2.20942
-2.24578
-2.3169
-2.41117
-2.52366
-2.68986
-2.92915
-3.08963
-2.96595
-2.6911
-2.56617
-2.41038
-2.30011
-2.21574
-2.14838
-2.09664
-2.06123
-2.0439
-2.04664
-2.07091
-2.23538
-2.29805
-2.30719
-2.3247
-2.3569
-2.41051
-2.49237
-2.62123
-2.86702
-3.34919
-3.88809
-3.70444
-3.24056
-2.82771
-2.60294
-2.46284
-2.36916
-2.30299
-2.25719
-2.22908
-2.21831
-2.2253
-2.25025
-2.34731
-2.40618
-2.41513
-2.43055
-2.45634
-2.49809
-2.56562
-2.68429
-2.9474
-3.53431
-4.3187
-4.09179
-3.93092
-3.15554
-2.76733
-2.59776
-2.50288
-2.44319
-2.40547
-2.38502
-2.38037
-2.39102
-2.41653
-2.45516
-2.51118
-2.51859
-2.53085
-2.55003
-2.57984
-2.62792
-2.71101
-2.88867
-3.3155
-3.95977
-4.05639
-3.83426
-3.1404
-2.83511
-2.69364
-2.61637
-2.57015
-2.54317
-2.5311
-2.53246
-2.54652
-2.57265
-2.56009
-2.61488
-2.62035
-2.62896
-2.64159
-2.66069
-2.6907
-2.73912
-2.82162
-2.98377
-3.20111
-3.25299
-3.14513
-2.94886
-2.83685
-2.7629
-2.71651
-2.68829
-2.67339
-2.66988
-2.67698
-2.69417
-2.72098
-2.66523
-2.72022
-2.72355
-2.72871
-2.73606
-2.74719
-2.7645
-2.79189
-2.8337
-2.89437
-2.95724
-2.98235
-2.95972
-2.91284
-2.86924
-2.83724
-2.81586
-2.80368
-2.7998
-2.80398
-2.8161
-2.83597
-2.86332
-2.77298
-2.82904
-2.83073
-2.83319
-2.83694
-2.843
-2.85262
-2.86755
-2.88962
-2.91815
-2.94494
-2.959
-2.95828
-2.94812
-2.93595
-2.92653
-2.92131
-2.92077
-2.92536
-2.93557
-2.95166
-2.97358
-3.00122
-2.88451
-2.94229
-2.94291
-2.94377
-2.94545
-2.94867
-2.95402
-2.96216
-2.97396
-2.98897
-3.00383
-3.01491
-3.0214
-3.02467
-3.02676
-3.02954
-3.03413
-3.04126
-3.05173
-3.06625
-3.08514
-3.10839
-3.13595
-3.00047
-3.06019
-3.06026
-3.06046
-3.06124
-3.06305
-3.06618
-3.07107
-3.07819
-3.08742
-3.09773
-3.10774
-3.11689
-3.12554
-3.13412
-3.1432
-3.15335
-3.16521
-3.17955
-3.1969
-3.21748
-3.24131
-3.26844
-3.12093
-3.18271
-3.18261
-3.18274
-3.18331
-3.18449
-3.18657
-3.19
-3.19515
-3.2021
-3.21052
-3.21992
-3.23007
-3.24089
-3.25233
-3.26446
-3.27757
-3.29221
-3.30887
-3.32779
-3.34909
-3.37287
-3.39928
-3.24575
-3.30962
-3.3096
-3.30982
-3.31036
-3.31135
-3.31312
-3.31606
-3.3205
-3.32654
-3.33416
-3.34327
-3.35371
-3.36524
-3.37771
-3.39111
-3.40566
-3.42171
-3.43944
-3.45891
-3.48023
-3.50354
-3.529
-3.37471
-3.44062
-3.44069
-3.44097
-3.44159
-3.44272
-3.44462
-3.44756
-3.45176
-3.4574
-3.46464
-3.47347
-3.48374
-3.49521
-3.50777
-3.52151
-3.53655
-3.55301
-3.57091
-3.59027
-3.61117
-3.63371
-3.65794
-3.50742
-3.575
-3.5752
-3.57561
-3.57641
-3.57776
-3.57983
-3.58279
-3.58685
-3.59225
-3.59919
-3.60765
-3.61747
-3.62849
-3.64075
-3.65434
-3.6693
-3.68555
-3.70307
-3.7219
-3.74206
-3.76354
-3.78631
-3.64307
-3.71189
-3.71224
-3.71284
-3.7138
-3.71525
-3.71732
-3.72021
-3.72418
-3.72945
-3.73612
-3.74411
-3.75335
-3.76384
-3.77566
-3.78883
-3.80328
-3.81893
-3.83575
-3.85373
-3.87285
-3.89303
-3.91422
-3.78092
-3.85075
-3.85119
-3.8519
-3.85292
-3.85436
-3.85641
-3.85931
-3.86325
-3.86836
-3.87463
-3.88207
-3.89069
-3.90059
-3.91182
-3.92432
-3.93801
-3.95281
-3.96869
-3.98559
-4.00346
-4.0222
-4.04182
-3.92065
-3.99124
-3.99165
-3.99232
-3.99331
-3.99477
-3.99687
-3.99977
-4.00357
-4.00833
-4.01408
-4.0209
-4.0289
-4.03817
-4.04867
-4.06035
-4.07312
-4.08692
-4.10169
-4.11737
-4.13388
-4.15116
-4.16923
-4.06173
-4.13273
-4.13307
-4.13368
-4.13465
-4.13611
-4.13816
-4.14089
-4.14436
-4.14866
-4.15388
-4.16017
-4.16759
-4.17619
-4.18591
-4.19667
-4.20841
-4.2211
-4.23466
-4.24904
-4.26417
-4.28
-4.29653
-4.20354
-4.27475
-4.27508
-4.27568
-4.27661
-4.27797
-4.27983
-4.28226
-4.28536
-4.28924
-4.29403
-4.29982
-4.30666
-4.31451
-4.32334
-4.3331
-4.34375
-4.35524
-4.36754
-4.38059
-4.39436
-4.40874
-4.42374
-4.34579
-4.4172
-4.41754
-4.4181
-4.41895
-4.42014
-4.42176
-4.42389
-4.42667
-4.43018
-4.43452
-4.43975
-4.44587
-4.45288
-4.46075
-4.46945
-4.47897
-4.48926
-4.50031
-4.51206
-4.52446
-4.53742
-4.55093
-4.48839
-4.55989
-4.56019
-4.56068
-4.56139
-4.56241
-4.56381
-4.56568
-4.56813
-4.57123
-4.57504
-4.5796
-4.58494
-4.59106
-4.59796
-4.60563
-4.61406
-4.6232
-4.63303
-4.64349
-4.65454
-4.66609
-4.6781
-4.6311
-4.70255
-4.70278
-4.70317
-4.70375
-4.7046
-4.70579
-4.70738
-4.70946
-4.7121
-4.71534
-4.71923
-4.7238
-4.72907
-4.73505
-4.74173
-4.74911
-4.75713
-4.76575
-4.77494
-4.78463
-4.79476
-4.80529
-4.77377
-4.84523
-4.84539
-4.84567
-4.84612
-4.84679
-4.84774
-4.84903
-4.85072
-4.85288
-4.85555
-4.85879
-4.86262
-4.86708
-4.87216
-4.87788
-4.88421
-4.8911
-4.89851
-4.9064
-4.91473
-4.92345
-4.93249
-4.91663
-4.98824
-4.98833
-4.98851
-4.9888
-4.98926
-4.98994
-4.99089
-4.99216
-4.99382
-4.99592
-4.9985
-5.00159
-5.00522
-5.00941
-5.01413
-5.01938
-5.02512
-5.0313
-5.03789
-5.04486
-5.05215
-5.05972
-5.05993
-5.13176
-5.13177
-5.13182
-5.13194
-5.13215
-5.13251
-5.13308
-5.1339
-5.13503
-5.13652
-5.13841
-5.14074
-5.14351
-5.14676
-5.15046
-5.15461
-5.15917
-5.16411
-5.1694
-5.175
-5.18089
-5.18699
-5.20373
-5.27573
-5.27566
-5.27557
-5.27547
-5.2754
-5.27542
-5.27557
-5.27591
-5.27647
-5.27731
-5.27848
-5.28
-5.28189
-5.28417
-5.28683
-5.28986
-5.29324
-5.29695
-5.30093
-5.30518
-5.30966
-5.31432
-5.34788
-5.41996
-5.41981
-5.41955
-5.41923
-5.41887
-5.41853
-5.41824
-5.41806
-5.41804
-5.41822
-5.41865
-5.41935
-5.42034
-5.42163
-5.42324
-5.42516
-5.42736
-5.42983
-5.43253
-5.43544
-5.43853
-5.44175
-5.49226
-5.56448
-5.56426
-5.56384
-5.56327
-5.5626
-5.56187
-5.56112
-5.5604
-5.55977
-5.55927
-5.55893
-5.55879
-5.55887
-5.55918
-5.55974
-5.56053
-5.56156
-5.5628
-5.56423
-5.56581
-5.56752
-5.56932
-5.6367
-5.70943
-5.70915
-5.70853
-5.7077
-5.70669
-5.70555
-5.70432
-5.70306
-5.7018
-5.70059
-5.69947
-5.69847
-5.69761
-5.69692
-5.6964
-5.69606
-5.6959
-5.6959
-5.69606
-5.69635
-5.6967
-5.69706
-3.10366
-4.16911
-4.97726
-5.56726
-8.32529
-5.90365
-6.50512
-6.93652
-11.2467
-8.97507
-9.37415
-10.0538
-1.79939
-6.63381
-12.5451
-13.9459
1.53379
-1.89663
-11.2805
-11.816
1.36595
1.15893
0.179187
-1.11381
0.532562
0.424874
0.175314
-0.0179731
-0.0398235
-0.105675
-0.213295
-0.352812
-0.491749
-0.548889
-0.636249
-0.756003
-0.870652
-0.923509
-0.998174
-1.09554
-1.19114
-1.23865
-1.30154
-1.37978
-1.46568
-1.50745
-1.56029
-1.62375
-1.7054
-1.74189
-1.78642
-1.83852
-1.91818
-1.9501
-1.98806
-2.03163
-2.11041
-2.13855
-2.17134
-2.2084
-2.28681
-2.31193
-2.34064
-2.37266
-2.45072
-2.47346
-2.49904
-2.5272
-2.60502
-2.62591
-2.64904
-2.67417
-2.75196
-2.77136
-2.79247
-2.81513
-2.89311
-2.91128
-2.93075
-2.95142
-3.02986
-3.04696
-3.06509
-3.08412
-3.16342
-3.17954
-3.19648
-3.21411
-3.29471
-3.3099
-3.3257
-3.34201
-3.42433
-3.43861
-3.45329
-3.46835
-3.55273
-3.56606
-3.57967
-3.5936
-3.68019
-3.69257
-3.7052
-3.71813
-3.80698
-3.81845
-3.83018
-3.84219
-3.93334
-3.94395
-3.95483
-3.96594
-4.05947
-4.06926
-4.07928
-4.08947
-4.18546
-4.19444
-4.20359
-4.21291
-4.31134
-4.31953
-4.32787
-4.33634
-4.43718
-4.4446
-4.45216
-4.45983
-4.56302
-4.56971
-4.5765
-4.58337
-4.68887
-4.69482
-4.70086
-4.70693
-4.81473
-4.81995
-4.82523
-4.83054
-4.94061
-4.9451
-4.94963
-4.95418
-5.06652
-5.07028
-5.07408
-5.07789
-5.19248
-5.19553
-5.19861
-5.20169
-5.31852
-5.32086
-5.32321
-5.32558
-5.44466
-5.44629
-5.44793
-5.44958
-5.57094
-5.57185
-5.57278
-5.5737
-5.69738
-5.69757
-5.69776
-5.69795
-5.70552
-5.45145
-5.0714
-4.65515
-4.27619
-3.95621
-3.69234
-3.4761
-3.29723
-3.14872
-3.02492
-2.92172
-2.83605
-2.76564
-2.70873
-2.66411
-2.6308
-2.60815
-2.5957
-6.98106
-6.35031
-5.56185
-4.89418
-4.38915
-4.0131
-3.72853
-3.50777
-3.33181
-3.18949
-3.07288
-2.97671
-2.89738
-2.83239
-2.78002
-2.73899
-2.70838
-2.68756
-2.67612
-9.871
-7.66153
-6.02336
-5.02984
-4.40938
-4.00375
-3.71601
-3.50359
-3.33996
-3.20994
-3.10456
-3.01817
-2.94713
-2.88896
-2.84212
-2.80541
-2.778
-2.75934
-2.74909
-13.2367
-8.88719
-6.15544
-4.93029
-4.28849
-3.90349
-3.64711
-3.4626
-3.32221
-3.21119
-3.12124
-3.04737
-2.98638
-2.93645
-2.89605
-2.86429
-2.84052
-2.82431
-2.81538
-13.4722
-8.55419
-5.45872
-4.46802
-3.99319
-3.71439
-3.52681
-3.38917
-3.28232
-3.19627
-3.1254
-3.06635
-3.01707
-2.97628
-2.94303
-2.91672
-2.89693
-2.88337
-2.87589
-4.50449
-4.48269
-3.93888
-3.74194
-3.58749
-3.46882
-3.37337
-3.2943
-3.22742
-3.17005
-3.12049
-3.07773
-3.0411
-3.01012
-2.98447
-2.96392
-2.9483
-2.93754
-2.93157
-0.178798
-1.89974
-2.75641
-3.07824
-3.19017
-3.21903
-3.21331
-3.19289
-3.16664
-3.1383
-3.11065
-3.08457
-3.0608
-3.03981
-3.02187
-3.00716
-2.99579
-2.98787
-2.98344
-0.619511
-1.48479
-2.21748
-2.65233
-2.88511
-3.00837
-3.07065
-3.09913
-3.10858
-3.10734
-3.10013
-3.08991
-3.07853
-3.06722
-3.05679
-3.04778
-3.04057
-3.03542
-3.03251
-0.968721
-1.50421
-2.03108
-2.42549
-2.68859
-2.85594
-2.95998
-3.02345
-3.06103
-3.08211
-3.09266
-3.09658
-3.09648
-3.09412
-3.0907
-3.08705
-3.08377
-3.08126
-3.07978
-1.25805
-1.62605
-2.00916
-2.33555
-2.58403
-2.76228
-2.88628
-2.97106
-3.02825
-3.0663
-3.09115
-3.10693
-3.11656
-3.12208
-3.12494
-3.12615
-3.12644
-3.12635
-3.12619
-1.50495
-1.77499
-2.06309
-2.32755
-2.54719
-2.71877
-2.84794
-2.94312
-3.01228
-3.06205
-3.09756
-3.12269
-3.14028
-3.15243
-3.16066
-3.1661
-3.16955
-3.1716
-3.17262
-1.72236
-1.92934
-2.15297
-2.36781
-2.55715
-2.71446
-2.84017
-2.93814
-3.01323
-3.07016
-3.11297
-3.14497
-3.16872
-3.18617
-3.19881
-3.20777
-3.2139
-3.21779
-3.21982
-1.91797
-2.08189
-2.26026
-2.43669
-2.59866
-2.73951
-2.85734
-2.9533
-3.02998
-3.09045
-3.1377
-3.17435
-3.20255
-3.22402
-3.2401
-3.25189
-3.26019
-3.26559
-3.26846
-2.0971
-2.23037
-2.37594
-2.52266
-2.66131
-2.78607
-2.89422
-2.98543
-3.06079
-3.12214
-3.17155
-3.21098
-3.24212
-3.26641
-3.28503
-3.29896
-3.30895
-3.31554
-3.31907
-2.26344
-2.37423
-2.49536
-2.61895
-2.73821
-2.84829
-2.94642
-3.03151
-3.10374
-3.16412
-3.21398
-3.25468
-3.28749
-3.31357
-3.33391
-3.34937
-3.36059
-3.36805
-3.37209
-2.41976
-2.51366
-2.61615
-2.72154
-2.82477
-2.92193
-3.01042
-3.08887
-3.15699
-3.21521
-3.26428
-3.30508
-3.33853
-3.36553
-3.3869
-3.40333
-3.41537
-3.42344
-3.42782
-2.56814
-2.64914
-2.7371
-2.82799
-2.91799
-3.00393
-3.08351
-3.15535
-3.21892
-3.27423
-3.32163
-3.36166
-3.39496
-3.42221
-3.44402
-3.46096
-3.47347
-3.4819
-3.48649
-2.71033
-2.78106
-2.8576
-2.93682
-3.01583
-3.0921
-3.16365
-3.22921
-3.28808
-3.34007
-3.38525
-3.42391
-3.45647
-3.48342
-3.50521
-3.52227
-3.53496
-3.54354
-3.54823
-2.84748
-2.91005
-2.97737
-3.04709
-3.11697
-3.18492
-3.24932
-3.309
-3.36325
-3.41174
-3.45437
-3.49128
-3.52269
-3.54894
-3.57034
-3.58722
-3.59982
-3.60839
-3.61309
-2.98067
-3.03664
-3.09644
-3.15831
-3.2205
-3.2813
-3.33934
-3.39361
-3.44343
-3.48841
-3.52835
-3.56325
-3.59323
-3.61849
-3.63923
-3.65567
-3.66802
-3.67644
-3.68106
-3.11081
-3.16129
-3.21486
-3.27017
-3.32582
-3.38042
-3.43282
-3.48216
-3.52781
-3.56937
-3.60657
-3.63935
-3.66772
-3.69178
-3.71165
-3.72749
-3.73943
-3.7476
-3.7521
-3.23859
-3.28442
-3.33275
-3.38251
-3.43255
-3.48172
-3.52911
-3.57397
-3.61575
-3.65403
-3.68854
-3.71914
-3.7458
-3.76853
-3.7874
-3.80251
-3.81394
-3.82179
-3.82612
-3.36453
-3.40639
-3.45026
-3.49524
-3.54039
-3.58479
-3.62771
-3.66852
-3.70672
-3.7419
-3.7738
-3.80224
-3.82714
-3.84846
-3.86625
-3.88054
-3.8914
-3.89887
-3.90301
-3.48914
-3.52754
-3.56752
-3.60831
-3.64916
-3.68935
-3.72828
-3.76542
-3.80031
-3.83258
-3.86197
-3.88828
-3.91141
-3.93131
-3.94797
-3.9614
-3.97163
-3.97869
-3.98261
-3.61284
-3.64816
-3.68466
-3.72172
-3.75875
-3.79519
-3.83054
-3.86434
-3.89618
-3.92571
-3.9527
-3.97695
-3.99834
-4.01682
-4.03234
-4.04489
-4.05447
-4.0611
-4.06478
-3.73595
-3.76843
-3.80176
-3.83548
-3.8691
-3.90218
-3.93429
-3.96503
-3.99403
-4.021
-4.0457
-4.06798
-4.08769
-4.10477
-4.11915
-4.13081
-4.13973
-4.14591
-4.14939
-3.85867
-3.88848
-3.91891
-3.94959
-3.98013
-4.01018
-4.03933
-4.06724
-4.09362
-4.11819
-4.14075
-4.16113
-4.17923
-4.19494
-4.2082
-4.21898
-4.22724
-4.23297
-4.23616
-3.98112
-4.00841
-4.03617
-4.06408
-4.09182
-4.11907
-4.1455
-4.17081
-4.19474
-4.21707
-4.23761
-4.25621
-4.27275
-4.28714
-4.29931
-4.30921
-4.31682
-4.32209
-4.32503
-4.1034
-4.12833
-4.15361
-4.17895
-4.2041
-4.22876
-4.25267
-4.27557
-4.29723
-4.31746
-4.3361
-4.35301
-4.36806
-4.38117
-4.39228
-4.40134
-4.40829
-4.41313
-4.41582
-4.22563
-4.24833
-4.27126
-4.29421
-4.31693
-4.33918
-4.36074
-4.38139
-4.40094
-4.41921
-4.43605
-4.45135
-4.46498
-4.47687
-4.48696
-4.49518
-4.50151
-4.50591
-4.50837
-4.34791
-4.36845
-4.38917
-4.40984
-4.43028
-4.45027
-4.46963
-4.48817
-4.50573
-4.52215
-4.5373
-4.55106
-4.56334
-4.57406
-4.58316
-4.59059
-4.59631
-4.6003
-4.60252
-4.47026
-4.48873
-4.5073
-4.52581
-4.54409
-4.56196
-4.57925
-4.59581
-4.61149
-4.62616
-4.63969
-4.652
-4.66299
-4.67259
-4.68075
-4.68742
-4.69255
-4.69613
-4.69812
-4.59268
-4.60913
-4.62566
-4.64211
-4.65834
-4.67419
-4.68953
-4.7042
-4.7181
-4.7311
-4.74311
-4.75403
-4.76379
-4.77232
-4.77957
-4.7855
-4.79007
-4.79325
-4.79503
-4.71516
-4.72967
-4.74424
-4.75872
-4.77299
-4.78692
-4.80038
-4.81327
-4.82547
-4.83689
-4.84743
-4.85702
-4.8656
-4.8731
-4.87948
-4.8847
-4.88873
-4.89153
-4.8931
-4.83771
-4.85035
-4.86301
-4.8756
-4.88799
-4.90008
-4.91176
-4.92293
-4.9335
-4.94339
-4.95253
-4.96085
-4.96829
-4.9748
-4.98034
-4.98488
-4.98838
-4.99082
-4.99218
-4.96033
-4.97114
-4.98198
-4.99273
-5.00331
-5.01362
-5.02358
-5.0331
-5.04211
-5.05054
-5.05832
-5.06541
-5.07175
-5.0773
-5.08203
-5.08591
-5.0889
-5.09098
-5.09214
-5.08303
-5.09208
-5.10112
-5.11009
-5.11891
-5.1275
-5.1358
-5.14372
-5.15122
-5.15823
-5.1647
-5.1706
-5.17587
-5.18049
-5.18443
-5.18766
-5.19015
-5.19189
-5.19286
-5.20584
-5.21314
-5.22043
-5.22766
-5.23476
-5.24167
-5.24834
-5.25471
-5.26074
-5.26637
-5.27157
-5.2763
-5.28054
-5.28425
-5.28742
-5.29001
-5.29202
-5.29342
-5.2942
-5.32875
-5.33433
-5.33989
-5.3454
-5.35082
-5.35608
-5.36116
-5.36601
-5.37059
-5.37487
-5.37883
-5.38242
-5.38564
-5.38847
-5.39088
-5.39285
-5.39438
-5.39545
-5.39604
-5.45178
-5.45564
-5.45949
-5.46331
-5.46705
-5.47069
-5.4742
-5.47755
-5.4807
-5.48366
-5.48639
-5.48887
-5.49108
-5.49303
-5.4947
-5.49606
-5.49712
-5.49786
-5.49827
-5.57493
-5.57708
-5.57922
-5.58134
-5.58342
-5.58545
-5.5874
-5.58925
-5.59101
-5.59265
-5.59416
-5.59553
-5.59676
-5.59784
-5.59877
-5.59952
-5.60011
-5.60052
-5.60074
-5.69819
-5.69863
-5.69906
-5.69948
-5.6999
-5.70031
-5.7007
-5.70107
-5.70142
-5.70175
-5.70206
-5.70233
-5.70258
-5.70279
-5.70298
-5.70313
-5.70324
-5.70333
-5.70337
2455.71
2450.66
2440.14
2425.04
2404.92
2379.16
2347.17
2308.37
2262.3
2208.73
2147.94
2081.1
2010.97
1942.87
1886.36
1857.81
1883.98
2005.03
2277.03
2754.68
3409.31
3888.04
4034.58
2395.13
2390.04
2379.54
2364.42
2344.24
2318.39
2286.25
2247.24
2200.83
2146.77
2085.24
2017.3
1945.51
1874.87
1814.43
1779.74
1796.14
1902.5
2151.88
2590.39
3184.31
3757.59
4214.07
2333.19
2328.03
2317.54
2302.39
2282.12
2256.1
2223.71
2184.31
2137.32
2082.38
2019.55
1949.65
1874.91
1799.77
1732.4
1686.8
1686.05
1766.15
1977.44
2372.8
2958.31
3625.31
4268.91
2269.9
2264.66
2254.19
2238.99
2218.58
2192.34
2159.59
2119.64
2071.82
2015.65
1950.98
1878.33
1799.42
1717.93
1640.75
1579.72
1554.61
1596.68
1752.15
2083.62
2653.5
3417.27
4100.09
2205.32
2199.98
2189.52
2174.26
2153.68
2127.15
2093.95
2053.31
2004.44
1946.7
1879.69
1803.54
1719.33
1629.78
1540.11
1459.46
1403.21
1395.21
1472.2
1697.62
2204.17
3063.61
3801.26
2139.49
2134.02
2123.58
2108.24
2087.47
2060.6
2026.86
1985.39
1935.28
1875.67
1805.87
1725.52
1635.01
1535.89
1431.4
1327.56
1234.17
1164.56
1137.55
1184.05
1515.26
2447.49
3337.77
2072.48
2066.86
2056.44
2041
2020
1992.74
1958.4
1916
1864.48
1802.74
1729.74
1644.61
1546.93
1436.95
1315.72
1185.9
1050.55
909.885
756.273
523.908
396.713
1300.32
2527.34
2004.33
1998.51
1988.12
1972.57
1951.32
1923.65
1888.65
1845.23
1792.16
1728.08
1651.58
1561.22
1455.72
1333.88
1194.67
1037.04
856.314
639.172
336.987
23.6223
33.3683
230.618
1259.06
-4.03077
-3.98149
-3.87879
-3.73041
-3.5542
-3.36776
-3.18427
-3.01199
-2.85536
-2.71622
-2.59488
-2.49112
-2.4032
-2.33059
-2.27222
-2.22718
-2.19476
-2.1744
-2.16571
-4.10137
-4.05307
-3.94807
-3.79569
-3.61559
-3.42622
-3.24085
-3.06752
-2.91041
-2.77117
-2.64991
-2.54627
-2.45865
-2.38625
-2.32808
-2.28321
-2.25091
-2.23062
-2.222
-4.18229
-4.13589
-4.02622
-3.86613
-3.67881
-3.48412
-3.29537
-3.1202
-2.9623
-2.82289
-2.70185
-2.59853
-2.51133
-2.43936
-2.38155
-2.33697
-2.30489
-2.28474
-2.27617
-4.27539
-4.23177
-4.11395
-3.94172
-3.74359
-3.54112
-3.34757
-3.16984
-3.01088
-2.87133
-2.75074
-2.64783
-2.56127
-2.48991
-2.43262
-2.38847
-2.35671
-2.33676
-2.32828
-4.38569
-4.34393
-4.21224
-4.02232
-3.80941
-3.59674
-3.39705
-3.21619
-3.05601
-2.91639
-2.79639
-2.69418
-2.60847
-2.53791
-2.48132
-2.43773
-2.40639
-2.38672
-2.37835
-4.52302
-4.47656
-4.32204
-4.10761
-3.87555
-3.65026
-3.44331
-3.2589
-3.09749
-2.95799
-2.83874
-2.73755
-2.65293
-2.58339
-2.52767
-2.48479
-2.45396
-2.43461
-2.42638
-4.69068
-4.63175
-4.44409
-4.19681
-3.94091
-3.70075
-3.48569
-3.29759
-3.13512
-2.99626
-2.87779
-2.77793
-2.69466
-2.62637
-2.57171
-2.52967
-2.49946
-2.48051
-2.47245
-4.91023
-4.81878
-4.57929
-4.28872
-4.00403
-3.74711
-3.52345
-3.33183
-3.16871
-3.03048
-2.91351
-2.81532
-2.7337
-2.6669
-2.61347
-2.57242
-2.54292
-2.52442
-2.51655
1875.81
1869.83
1859.41
1843.64
1821.9
1793.41
1757.1
1711.67
1655.5
1586.72
1503.16
1402.26
1281.03
1135.62
961.199
749.346
484.512
130.521
2.47254
0.917418
1.5179
7.88786
46.513
1723.82
1717.61
1707.13
1691.07
1668.79
1639.37
1601.57
1553.77
1493.93
1419.53
1327.45
1213.84
1073.71
900.6
685.083
413.582
71.936
0.794052
0.15642
0.320129
0.592327
0.985051
23.7069
1568.57
1562.17
1551.62
1535.34
1512.62
1482.44
1443.37
1393.48
1330.3
1250.67
1150.58
1024.89
866.927
667.582
417.425
87.152
0.46085
-0.225552
-0.0432659
0.24626
0.643044
1.12014
1.18029
1410.97
1404.46
1393.88
1377.47
1354.52
1323.9
1283.98
1232.6
1166.88
1083.07
976.314
840.355
667.045
446.705
151.006
0.917718
-0.538344
-0.364698
-0.095407
0.244632
0.681995
1.1841
1.64845
1251.93
1245.44
1234.87
1218.51
1195.62
1164.99
1124.89
1072.93
1005.89
919.512
808.215
664.999
479.842
245.038
4.84676
-0.869316
-0.690709
-0.449216
-0.159593
0.185262
0.598787
1.10461
1.67277
1092.37
1086.01
1075.57
1059.46
1036.98
1006.88
967.4
916.025
849.294
762.512
649.416
502.254
313.926
56.7777
-1.00242
-1.08598
-0.837405
-0.569652
-0.28466
0.0326558
0.393489
0.80206
1.26611
933.16
927.034
916.83
901.207
879.494
850.516
812.549
763.101
698.594
614.01
502.581
354.543
165.136
0.0426675
-1.48838
-1.23033
-0.969802
-0.717648
-0.459599
-0.189755
0.0896682
0.357572
0.543876
775.042
769.238
759.391
744.457
723.849
696.529
660.951
614.811
554.64
475.202
369.25
227.139
33.3125
-1.58041
-1.57244
-1.33465
-1.10401
-0.882355
-0.662981
-0.446949
-0.244743
-0.0823207
-0.0159277
618.648
613.226
603.83
589.73
570.466
545.225
512.745
471.116
417.403
346.557
249.693
115.136
-0.8601
-1.86735
-1.64424
-1.43048
-1.23929
-1.05547
-0.878339
-0.713068
-0.572276
-0.478011
-0.464531
464.524
459.498
450.604
437.377
419.543
396.586
367.596
331.216
285.659
227.17
147.943
19.5674
-1.90107
-1.84495
-1.67765
-1.52546
-1.37732
-1.23253
-1.09509
-0.972807
-0.877886
-0.827106
-0.841826
312.982
308.392
300.025
287.593
271.078
250.42
224.865
192.646
154.645
106.518
50.6929
-1.74401
-1.7486
-1.76634
-1.71301
-1.62623
-1.52137
-1.41197
-1.30801
-1.21936
-1.15714
-1.13384
-1.16298
164.534
160.314
152.561
140.519
124.605
105.65
84.6937
54.9879
28.4763
10.6215
-0.961218
-1.27498
-1.63256
-1.77758
-1.79825
-1.75138
-1.67619
-1.59292
-1.5143
-1.45039
-1.41066
-1.40428
-1.4396
25.5114
24.2614
19.867
12.8473
7.31207
2.13406
-1.89384
-2.11132
-2.4948
-2.32841
-2.18999
-1.99078
-1.96763
-1.98026
-1.95689
-1.90777
-1.84251
-1.77389
-1.71219
-1.66547
-1.64086
-1.64464
-1.68176
-2.04995
-2.07565
-2.09189
-2.07473
-2.15924
-2.28711
-2.4008
-2.44916
-2.5773
-2.6119
-2.52099
-2.5635
-2.31304
-2.23546
-2.15608
-2.08294
-2.01382
-1.95135
-1.90023
-1.86516
-1.8506
-1.86033
-1.89698
-2.17792
-2.18866
-2.20181
-2.22288
-2.27765
-2.36196
-2.46413
-2.59683
-2.80289
-3.0373
-3.07128
-2.84697
-2.5885
-2.46594
-2.35077
-2.25586
-2.18012
-2.12056
-2.0768
-2.05017
-2.04265
-2.05603
-2.09132
-2.29373
-2.30087
-2.31434
-2.33821
-2.38051
-2.44719
-2.54926
-2.72156
-3.08019
-3.63538
-3.87957
-3.39379
-2.87063
-2.6709
-2.52102
-2.41169
-2.33326
-2.27778
-2.24098
-2.2215
-2.21956
-2.23552
-2.26945
-2.40322
-2.40985
-2.42179
-2.44189
-2.47479
-2.52767
-2.61579
-2.78471
-3.1985
-3.96591
-4.31746
-3.85675
-3.72745
-2.90149
-2.66421
-2.54402
-2.46974
-2.42199
-2.39322
-2.38076
-2.38381
-2.40195
-2.43474
-2.50886
-2.51432
-2.524
-2.5394
-2.56328
-2.60084
-2.66343
-2.77965
-3.06193
-3.63983
-4.1185
-3.93864
-3.54233
-2.96064
-2.75227
-2.64961
-2.59035
-2.55463
-2.5354
-2.53015
-2.53794
-2.55811
-2.59012
-2.61327
-2.61723
-2.62425
-2.63468
-2.6501
-2.67394
-2.71198
-2.77421
-2.88906
-3.09873
-3.25351
-3.21765
-3.03905
-2.89113
-2.79583
-2.73699
-2.70052
-2.67934
-2.67028
-2.67214
-2.68435
-2.70639
-2.73791
-2.71922
-2.72166
-2.7259
-2.73204
-2.74101
-2.75488
-2.77664
-2.81073
-2.86162
-2.92846
-2.97553
-2.97818
-2.93619
-2.89015
-2.85194
-2.82533
-2.8087
-2.80073
-2.80088
-2.80906
-2.82509
-2.84871
-2.87977
-2.82848
-2.82979
-2.83185
-2.83484
-2.83961
-2.84727
-2.85929
-2.87763
-2.90337
-2.93257
-2.95393
-2.96029
-2.95394
-2.94185
-2.93079
-2.92335
-2.92043
-2.92239
-2.92974
-2.94288
-2.9619
-2.98668
-3.01718
-2.94206
-2.94258
-2.94329
-2.94446
-2.94683
-2.95104
-2.95768
-2.96757
-2.98121
-2.9967
-3.00997
-3.01865
-3.02331
-3.02572
-3.02797
-3.03157
-3.03733
-3.04603
-3.05846
-3.07514
-3.09623
-3.12162
-3.15137
-3.06014
-3.06023
-3.06031
-3.06075
-3.062
-3.06443
-3.06837
-3.07434
-3.08259
-3.09254
-3.10284
-3.11242
-3.12126
-3.12981
-3.13857
-3.1481
-3.15902
-3.17202
-3.18783
-3.20678
-3.22899
-3.25445
-3.28326
-3.18278
-3.18265
-3.18264
-3.18296
-3.18381
-3.18539
-3.18809
-3.19235
-3.19841
-3.20616
-3.21512
-3.22491
-3.23539
-3.24653
-3.2583
-3.27086
-3.28466
-3.30027
-3.31804
-3.33814
-3.36067
-3.38574
-3.41348
-3.30967
-3.30959
-3.30967
-3.31005
-3.31078
-3.31211
-3.31441
-3.31808
-3.32331
-3.33016
-3.33854
-3.34834
-3.35935
-3.37137
-3.38429
-3.39822
-3.41348
-3.43036
-3.44896
-3.46933
-3.49163
-3.51599
-3.5425
-3.44063
-3.44063
-3.4408
-3.44123
-3.44207
-3.44356
-3.44595
-3.44949
-3.45439
-3.46082
-3.46886
-3.47844
-3.48934
-3.50135
-3.51448
-3.52885
-3.5446
-3.56178
-3.58041
-3.60051
-3.62223
-3.64561
-3.67065
-3.57495
-3.57509
-3.57537
-3.57595
-3.577
-3.5787
-3.58119
-3.58467
-3.58937
-3.59553
-3.60324
-3.6124
-3.62283
-3.63446
-3.64738
-3.66166
-3.67726
-3.69415
-3.71232
-3.73181
-3.75265
-3.77477
-3.79815
-3.71179
-3.71203
-3.7125
-3.71327
-3.71446
-3.7162
-3.71864
-3.72204
-3.72664
-3.73261
-3.73995
-3.74858
-3.75843
-3.76958
-3.78208
-3.79591
-3.81095
-3.82719
-3.84459
-3.86315
-3.88282
-3.90349
-3.92518
-3.85062
-3.85093
-3.85151
-3.85236
-3.85358
-3.8553
-3.85774
-3.86114
-3.86566
-3.87135
-3.87821
-3.88623
-3.89548
-3.90604
-3.91792
-3.93102
-3.94528
-3.96061
-3.97701
-3.9944
-4.01272
-4.03189
-4.05194
-3.99113
-3.99142
-3.99195
-3.99277
-3.99398
-3.99573
-3.99821
-4.00155
-4.00583
-4.01107
-4.01735
-4.02475
-4.03338
-4.04327
-4.05437
-4.0666
-4.0799
-4.09419
-4.10942
-4.12552
-4.14243
-4.16009
-4.17854
-4.13263
-4.13287
-4.13334
-4.13412
-4.13531
-4.13705
-4.13943
-4.14253
-4.1464
-4.15115
-4.15688
-4.16373
-4.17175
-4.18091
-4.19116
-4.20242
-4.21464
-4.22778
-4.24175
-4.25651
-4.272
-4.28817
-4.30503
-4.27466
-4.27489
-4.27534
-4.2761
-4.27724
-4.27883
-4.28097
-4.28372
-4.28719
-4.29152
-4.2968
-4.30311
-4.31046
-4.31881
-4.32811
-4.33831
-4.34939
-4.36129
-4.37398
-4.38739
-4.40148
-4.41616
-4.43145
-4.41711
-4.41735
-4.41779
-4.41848
-4.4195
-4.42089
-4.42275
-4.42519
-4.42833
-4.43224
-4.43703
-4.4427
-4.44927
-4.4567
-4.465
-4.47411
-4.48402
-4.49469
-4.5061
-4.51818
-4.53088
-4.5441
-4.55786
-4.55981
-4.56002
-4.56041
-4.561
-4.56186
-4.56306
-4.56468
-4.56683
-4.56959
-4.57304
-4.57723
-4.58218
-4.5879
-4.59441
-4.6017
-4.60975
-4.61854
-4.62803
-4.63818
-4.64894
-4.66026
-4.67203
-4.68428
-4.70247
-4.70265
-4.70295
-4.70343
-4.70414
-4.70514
-4.70653
-4.70836
-4.71071
-4.71364
-4.7172
-4.72143
-4.72634
-4.73197
-4.7383
-4.74534
-4.75304
-4.76137
-4.77028
-4.77972
-4.78965
-4.79997
-4.8107
-4.84518
-4.84529
-4.84551
-4.84587
-4.84642
-4.84723
-4.84834
-4.84982
-4.85174
-4.85414
-4.85709
-4.86063
-4.86477
-4.86954
-4.87494
-4.88097
-4.88759
-4.89475
-4.9024
-4.91051
-4.91905
-4.92792
-4.93714
-4.98822
-4.98828
-4.98841
-4.98864
-4.98901
-4.98957
-4.99037
-4.99148
-4.99294
-4.99481
-4.99715
-4.99998
-5.00334
-5.00725
-5.0117
-5.01669
-5.02219
-5.02816
-5.03455
-5.04133
-5.04847
-5.0559
-5.06361
-5.13177
-5.13177
-5.13179
-5.13187
-5.13203
-5.13231
-5.13277
-5.13345
-5.13443
-5.13573
-5.13741
-5.13952
-5.14207
-5.14508
-5.14855
-5.15248
-5.15684
-5.1616
-5.16671
-5.17216
-5.17791
-5.18391
-5.19013
-5.27576
-5.2757
-5.27561
-5.27551
-5.27543
-5.2754
-5.27548
-5.27571
-5.27616
-5.27685
-5.27786
-5.2792
-5.2809
-5.28298
-5.28545
-5.2883
-5.29151
-5.29506
-5.29891
-5.30303
-5.3074
-5.31198
-5.31672
-5.42002
-5.4199
-5.41969
-5.4194
-5.41905
-5.4187
-5.41837
-5.41813
-5.41803
-5.4181
-5.4184
-5.41896
-5.4198
-5.42094
-5.4224
-5.42417
-5.42623
-5.42856
-5.43115
-5.43396
-5.43696
-5.44013
-5.44341
-5.56454
-5.56441
-5.56407
-5.56357
-5.56295
-5.56224
-5.56149
-5.56075
-5.56008
-5.5595
-5.55908
-5.55884
-5.5588
-5.559
-5.55943
-5.5601
-5.56102
-5.56215
-5.56349
-5.565
-5.56666
-5.56841
-5.57023
-5.70949
-5.70935
-5.70887
-5.70814
-5.70721
-5.70613
-5.70494
-5.70369
-5.70242
-5.70118
-5.70001
-5.69895
-5.69802
-5.69725
-5.69664
-5.69621
-5.69596
-5.69588
-5.69597
-5.69619
-5.69652
-5.69688
-5.69724
-3.83934
-4.61181
-5.29966
-5.71346
-5.85779
-6.14749
-6.76676
-7.00678
-9.91031
-9.05628
-9.76172
-10.1416
-8.65984
-10.9398
-13.5439
-13.9038
0.79975
-6.16148
-11.8431
-12.4556
1.34163
0.765036
-0.594801
-1.72699
0.495839
0.312848
0.048203
-0.0383433
-0.0671878
-0.154853
-0.279123
-0.43727
-0.516742
-0.588627
-0.691884
-0.829105
-0.894457
-0.958034
-1.04399
-1.15271
-1.21301
-1.26816
-1.33877
-1.42436
-1.48518
-1.5325
-1.59074
-1.65915
-1.72262
-1.76317
-1.81156
-1.86718
-1.93336
-1.96835
-2.00918
-2.05533
-2.12388
-2.15439
-2.18936
-2.2284
-2.29891
-2.32585
-2.35625
-2.38982
-2.46172
-2.48591
-2.51281
-2.54216
-2.61517
-2.63721
-2.66137
-2.68741
-2.76144
-2.78171
-2.80362
-2.82699
-2.90202
-2.92085
-2.94094
-2.96217
-3.03828
-3.0559
-3.0745
-3.09395
-3.17137
-3.18791
-3.20522
-3.22315
-3.30222
-3.31773
-3.3338
-3.35034
-3.43141
-3.4459
-3.46078
-3.47604
-3.55936
-3.57283
-3.58659
-3.60072
-3.68635
-3.69885
-3.71162
-3.72473
-3.81268
-3.82428
-3.83615
-3.84831
-3.93861
-3.94936
-3.96036
-3.97158
-4.06434
-4.07424
-4.08435
-4.09465
-4.18993
-4.199
-4.20823
-4.21764
-4.31542
-4.32368
-4.33209
-4.34065
-4.44087
-4.44837
-4.45598
-4.46371
-4.56635
-4.57309
-4.57993
-4.58684
-4.69184
-4.69783
-4.70389
-4.71
-4.81733
-4.82258
-4.82788
-4.83321
-4.94285
-4.94737
-4.95191
-4.95647
-5.06839
-5.07217
-5.07598
-5.0798
-5.194
-5.19707
-5.20015
-5.20324
-5.31969
-5.32203
-5.32439
-5.32676
-5.44548
-5.44711
-5.44876
-5.45041
-5.5714
-5.57231
-5.57324
-5.57417
-5.69748
-5.69766
-5.69785
-5.69804
-5.60083
-5.27262
-4.86168
-4.45873
-4.10875
-3.81779
-3.57862
-3.38248
-3.21961
-3.08401
-2.97095
-2.87686
-2.79906
-2.73555
-2.68495
-2.64609
-2.61818
-2.60067
-2.59322
-6.7139
-5.95025
-5.20699
-4.62301
-4.18773
-3.86119
-3.61122
-3.41498
-3.25702
-3.12835
-3.02249
-2.93512
-2.86323
-2.80472
-2.75815
-2.72243
-2.69678
-2.68069
-2.67384
-8.80918
-6.73845
-5.46652
-4.68704
-4.19025
-3.84819
-3.60236
-3.41682
-3.27141
-3.15459
-3.05925
-2.9809
-2.91653
-2.86421
-2.82256
-2.79058
-2.76761
-2.75318
-2.74704
-11.2083
-7.20317
-5.43782
-4.56471
-4.07443
-3.76375
-3.54803
-3.38801
-3.26365
-3.16395
-3.08253
-3.01545
-2.96016
-2.91512
-2.87914
-2.85144
-2.83149
-2.81894
-2.8136
-11.6116
-6.50152
-4.86154
-4.19421
-3.83823
-3.61255
-3.45325
-3.33266
-3.23712
-3.15918
-3.09455
-3.04057
-2.99568
-2.95875
-2.92904
-2.90603
-2.88938
-2.87888
-2.87439
-4.37902
-4.14412
-3.83502
-3.65895
-3.52469
-3.4187
-3.33209
-3.25953
-3.19767
-3.14439
-3.0983
-3.05869
-3.02493
-2.99664
-2.97357
-2.9555
-2.94232
-2.93396
-2.93038
-0.9381
-2.4436
-2.95688
-3.14973
-3.21095
-3.21887
-3.20423
-3.18014
-3.1525
-3.12434
-3.09735
-3.07236
-3.04994
-3.03045
-3.01411
-3.00105
-2.9914
-2.98521
-2.98255
-1.02152
-1.89435
-2.46551
-2.78646
-2.95678
-3.04505
-3.08798
-3.10562
-3.10895
-3.10426
-3.09526
-3.08427
-3.07281
-3.06186
-3.05208
-3.04393
-3.03772
-3.03368
-3.03192
-1.22161
-1.78106
-2.24623
-2.57138
-2.78197
-2.91423
-2.99571
-3.04479
-3.0732
-3.08842
-3.09526
-3.09691
-3.0955
-3.09248
-3.08886
-3.08534
-3.0824
-3.08038
-3.07947
-1.43367
-1.82153
-2.18175
-2.46943
-2.68097
-2.83005
-2.93276
-3.0025
-3.04924
-3.08008
-3.09997
-3.11237
-3.11973
-3.12377
-3.1257
-3.12637
-3.12642
-3.12627
-3.12615
-1.63457
-1.91978
-2.20012
-2.44349
-2.63875
-2.78814
-2.89926
-2.9805
-3.03923
-3.08132
-3.11122
-3.13228
-3.14693
-3.15696
-3.16367
-3.16803
-3.17072
-3.17222
-3.17281
-1.82203
-2.04079
-2.2628
-2.46629
-2.6399
-2.78107
-2.89233
-2.97824
-3.04369
-3.09311
-3.13014
-3.15774
-3.17813
-3.19302
-3.20369
-3.21115
-3.2161
-3.21902
-3.22021
-1.99708
-2.17033
-2.34963
-2.52003
-2.67193
-2.80128
-2.90792
-2.99386
-3.06205
-3.11555
-3.1572
-3.18939
-3.21404
-3.23266
-3.24647
-3.25643
-3.26322
-3.26732
-3.26902
-2.16152
-2.30232
-2.44981
-2.59344
-2.72566
-2.84228
-2.9419
-3.02499
-3.09308
-3.1482
-3.1924
-3.22749
-3.25504
-3.27636
-3.29253
-3.30441
-3.31264
-3.31767
-3.31976
-2.31707
-2.434
-2.55731
-2.67947
-2.79461
-2.89895
-2.99061
-3.06918
-3.13532
-3.19028
-3.2354
-3.272
-3.30131
-3.3244
-3.3422
-3.35547
-3.36477
-3.37048
-3.37288
-2.4653
-2.56419
-2.66882
-2.7737
-2.8743
-2.96738
-3.05095
-3.12421
-3.18729
-3.24084
-3.28565
-3.32266
-3.35278
-3.37687
-3.39569
-3.40987
-3.41988
-3.42608
-3.42868
-2.60755
-2.6925
-2.78243
-2.87332
-2.96163
-3.04462
-3.12045
-3.18818
-3.24759
-3.29889
-3.34253
-3.37911
-3.4093
-3.43375
-3.45307
-3.46774
-3.47818
-3.48466
-3.48739
-2.74477
-2.81882
-2.89706
-2.97652
-3.05444
-3.12856
-3.19723
-3.2595
-3.31494
-3.3635
-3.40537
-3.44092
-3.47062
-3.49493
-3.51431
-3.52914
-3.53975
-3.54636
-3.54915
-2.87803
-2.94327
-3.01208
-3.08216
-3.1513
-3.21765
-3.27981
-3.33683
-3.38822
-3.43378
-3.47353
-3.50765
-3.53644
-3.56023
-3.57933
-3.59404
-3.6046
-3.61122
-3.61402
-3.00807
-3.06617
-3.12723
-3.18949
-3.25116
-3.31074
-3.367
-3.41911
-3.46654
-3.50901
-3.54643
-3.57885
-3.60644
-3.62941
-3.64797
-3.66234
-3.67271
-3.67922
-3.68198
-3.1356
-3.18778
-3.24239
-3.29805
-3.35333
-3.40696
-3.45792
-3.50548
-3.54912
-3.58852
-3.62352
-3.65408
-3.68028
-3.70223
-3.72007
-3.73394
-3.74398
-3.75031
-3.753
-3.26114
-3.30834
-3.35752
-3.40757
-3.45731
-3.50569
-3.55189
-3.59527
-3.63535
-3.67176
-3.70433
-3.73296
-3.75766
-3.77845
-3.79542
-3.80868
-3.81831
-3.82439
-3.82698
-3.38517
-3.42813
-3.47267
-3.51786
-3.56273
-3.60648
-3.64841
-3.68797
-3.7247
-3.75827
-3.78846
-3.81513
-3.83824
-3.8578
-3.87383
-3.8864
-3.89556
-3.90135
-3.90383
-3.50811
-3.54738
-3.58786
-3.62878
-3.66937
-3.709
-3.7471
-3.78317
-3.81679
-3.84765
-3.87552
-3.90025
-3.92176
-3.94004
-3.95508
-3.96692
-3.97556
-3.98104
-3.98339
-3.63031
-3.6663
-3.70316
-3.74028
-3.77708
-3.81303
-3.84767
-3.88053
-3.91125
-3.93954
-3.96517
-3.98801
-4.00795
-4.02495
-4.03898
-4.05005
-4.05815
-4.0633
-4.06551
-3.75206
-3.78502
-3.8186
-3.85233
-3.88573
-3.91838
-3.94986
-3.97977
-4.00778
-4.03365
-4.05715
-4.07816
-4.09656
-4.1123
-4.12532
-4.13562
-4.14317
-4.14796
-4.15003
-3.87348
-3.90364
-3.93425
-3.9649
-3.99524
-4.02489
-4.05346
-4.08064
-4.10614
-4.12973
-4.15122
-4.17048
-4.18739
-4.20188
-4.21391
-4.22343
-4.23042
-4.23488
-4.23679
-3.99469
-4.02225
-4.05013
-4.07799
-4.10552
-4.1324
-4.15831
-4.18296
-4.20612
-4.22757
-4.24716
-4.26475
-4.28022
-4.29351
-4.30455
-4.3133
-4.31975
-4.32386
-4.32561
-4.11581
-4.14095
-4.16629
-4.19157
-4.21651
-4.24082
-4.26426
-4.28657
-4.30754
-4.32699
-4.34478
-4.36077
-4.37486
-4.38698
-4.39707
-4.40508
-4.41097
-4.41474
-4.41636
-4.23694
-4.25978
-4.28275
-4.30562
-4.32813
-4.35006
-4.37119
-4.39131
-4.41024
-4.42782
-4.4439
-4.45838
-4.47115
-4.48214
-4.4913
-4.49858
-4.50395
-4.50738
-4.50886
-4.35815
-4.3788
-4.39952
-4.4201
-4.44034
-4.46004
-4.47901
-4.49708
-4.51409
-4.52989
-4.54436
-4.55739
-4.5689
-4.57882
-4.58709
-4.59367
-4.59852
-4.60163
-4.60296
-4.47947
-4.49801
-4.51658
-4.53499
-4.55309
-4.57069
-4.58763
-4.60377
-4.61896
-4.63307
-4.646
-4.65766
-4.66797
-4.67686
-4.68427
-4.69018
-4.69453
-4.69732
-4.69852
-4.60089
-4.6174
-4.63391
-4.65026
-4.66632
-4.68193
-4.69696
-4.71126
-4.72472
-4.73724
-4.74871
-4.75906
-4.76821
-4.77611
-4.7827
-4.78795
-4.79184
-4.79432
-4.79539
-4.72241
-4.73696
-4.7515
-4.76589
-4.78
-4.79372
-4.80691
-4.81946
-4.83128
-4.84227
-4.85235
-4.86144
-4.86949
-4.87643
-4.88224
-4.88687
-4.89028
-4.89247
-4.89342
-4.84402
-4.85668
-4.86932
-4.88182
-4.89408
-4.90597
-4.91741
-4.9283
-4.93854
-4.94806
-4.9568
-4.96468
-4.97166
-4.9777
-4.98274
-4.98676
-4.98973
-4.99163
-4.99246
-4.96573
-4.97657
-4.98737
-4.99804
-5.0085
-5.01865
-5.0284
-5.03768
-5.0464
-5.05451
-5.06196
-5.06868
-5.07463
-5.07977
-5.08408
-5.08751
-5.09005
-5.09167
-5.09238
-5.08755
-5.0966
-5.10562
-5.11452
-5.12324
-5.13169
-5.13981
-5.14753
-5.15479
-5.16153
-5.16772
-5.17331
-5.17827
-5.18255
-5.18613
-5.189
-5.19112
-5.19247
-5.19306
-5.20949
-5.21679
-5.22406
-5.23123
-5.23824
-5.24504
-5.25157
-5.25777
-5.26361
-5.26902
-5.27399
-5.27848
-5.28246
-5.2859
-5.28879
-5.29109
-5.2928
-5.29389
-5.29437
-5.33154
-5.33711
-5.34266
-5.34813
-5.35347
-5.35865
-5.36362
-5.36834
-5.37277
-5.37689
-5.38067
-5.38408
-5.38711
-5.38972
-5.39192
-5.39367
-5.39497
-5.39581
-5.39617
-5.45371
-5.45757
-5.46141
-5.46519
-5.46889
-5.47246
-5.4759
-5.47915
-5.48221
-5.48505
-5.48766
-5.49001
-5.49209
-5.4939
-5.49542
-5.49663
-5.49753
-5.49811
-5.49835
-5.576
-5.57815
-5.58029
-5.58239
-5.58444
-5.58643
-5.58834
-5.59014
-5.59184
-5.59342
-5.59487
-5.59617
-5.59732
-5.59833
-5.59916
-5.59984
-5.60034
-5.60066
-5.6008
-5.69841
-5.69884
-5.69927
-5.69969
-5.70011
-5.70051
-5.70089
-5.70125
-5.70159
-5.70191
-5.7022
-5.70246
-5.70269
-5.70289
-5.70306
-5.70319
-5.70329
-5.70336
-5.70338
)
;

boundaryField
{
    leftWall
    {
        type            calculated;
        value           nonuniform List<scalar> 
100
(
2484.2
2424.32
2363.09
2300.52
2236.64
2171.5
2105.15
2037.65
1949.68
1799.98
1646.63
1490.49
1332.44
1173.39
1014.21
855.712
698.577
543.404
390.614
240.802
93.3839
0.801537
-2.1193
-2.23538
-2.34731
-2.45516
-2.56009
-2.66523
-2.77298
-2.88451
-3.00047
-3.12093
-3.24575
-3.37471
-3.50742
-3.64307
-3.78092
-3.92065
-4.06173
-4.20354
-4.34579
-4.48839
-4.6311
-4.77377
-4.91663
-5.05993
-5.20373
-5.34788
-5.49226
-5.6367
2454.43
2393.87
2331.97
2268.74
2204.23
2138.47
2071.54
2003.49
1875.34
1723.71
1568.85
1411.64
1252.98
1093.77
934.829
776.935
620.709
466.7
315.284
166.777
30.4162
-2.06453
-2.17744
-2.29169
-2.40188
-2.5078
-2.61242
-2.7187
-2.82819
-2.94195
-3.06011
-3.18284
-3.3097
-3.44065
-3.57493
-3.71175
-3.85056
-3.99108
-4.13258
-4.27462
-4.41706
-4.55976
-4.70244
-4.84516
-4.98821
-5.13177
-5.27578
-5.42003
-5.5645
-5.70902
)
;
    }
    rightWall
    {
        type            calculated;
        value           nonuniform List<scalar> 
100
(
-2.16571
-2.222
-2.27617
-2.32828
-2.37835
-2.42638
-2.47245
-2.51655
-2.59322
-2.67384
-2.74704
-2.8136
-2.87439
-2.93038
-2.98255
-3.03192
-3.07947
-3.12615
-3.17281
-3.22021
-3.26902
-3.31976
-3.37288
-3.42868
-3.48739
-3.54915
-3.61402
-3.68198
-3.753
-3.82698
-3.90383
-3.98339
-4.06551
-4.15003
-4.23679
-4.32561
-4.41636
-4.50886
-4.60296
-4.69852
-4.79539
-4.89342
-4.99246
-5.09238
-5.19306
-5.29437
-5.39617
-5.49835
-5.6008
-5.70338
-2.13681
-2.19414
-2.24935
-2.30248
-2.35357
-2.40261
-2.44966
-2.49473
-2.54992
-2.6345
-2.71132
-2.7811
-2.84466
-2.90292
-2.95688
-3.00752
-3.05586
-3.10286
-3.14943
-3.19637
-3.2444
-3.29412
-3.346
-3.40043
-3.45766
-3.51789
-3.5812
-3.64761
-3.71711
-3.78962
-3.86506
-3.94328
-4.02414
-4.10748
-4.19314
-4.28095
-4.37076
-4.4624
-4.55572
-4.65057
-4.7468
-4.84427
-4.94282
-5.04231
-5.14263
-5.24364
-5.34521
-5.44722
-5.54955
-5.65208
)
;
    }
    lowerWall
    {
        type            calculated;
        value           nonuniform List<scalar> 
124
(
2500.2
2495.16
2484.63
2469.54
2449.42
2423.68
2391.72
2352.97
2306.96
2253.49
2192.84
2126.22
2056.43
1988.84
1933.12
1905.82
1934
2061.84
2345.67
2841.23
3494.05
3932.97
4068.31
4034.58
4214.07
4268.91
4100.09
3801.26
3337.77
2527.34
1259.06
-4.64489
-5.21091
-5.83416
-6.51626
-4.00715
-4.07216
-4.14644
-4.23041
-4.32672
-4.44371
-4.60353
-4.84981
-3.98443
-3.93479
-3.83252
-3.68498
-3.50953
-3.32368
-3.14056
-2.96849
-2.81195
-2.67284
-2.5515
-2.44765
-2.35974
-2.28708
-2.22867
-2.1836
-2.15116
-2.13079
-2.12209
2498.91
2498.6
2490.45
2477.68
2460.14
2437.29
2408.51
2373.22
2330.89
2281.15
2224.01
2160.15
2091.46
2021.89
1958.66
1914.52
1910.74
1981.54
2180.09
2565.24
3162.56
3765.94
3927.35
0.530877
-5.05073
-5.46925
-6.32804
-3.99244
-3.96595
-3.89016
-3.76342
-3.59957
-3.41696
-3.23116
-3.05279
-2.88812
-2.74017
-2.60997
-2.49738
-2.40172
-2.32157
-2.25615
-2.20452
-2.16583
-2.1395
-2.125
4064.29
4088.3
4275.81
4204.81
3964.46
3598.46
2991.32
1935.55
-4.03845
-4.10816
-4.18712
-4.27671
-4.38167
-4.51607
-4.70911
-5.0356
)
;
    }
    atmosphere
    {
        type            calculated;
        value           nonuniform List<scalar> 
92
(
-5.74621
-5.74596
-5.74542
-5.7446
-5.74358
-5.74238
-5.74107
-5.73966
-5.73822
-5.73679
-5.73542
-5.73413
-5.73295
-5.73191
-5.73103
-5.73031
-5.72975
-5.72936
-5.72912
-5.72904
-5.72904
-5.72904
-5.72904
-5.72904
-5.72904
-5.72904
-5.72904
-5.72904
-5.72904
-5.72904
-5.72904
-5.72904
-5.72904
-5.72904
-5.72904
-5.72904
-5.72904
-5.72904
-5.72904
-5.72904
-5.72904
-5.72904
-5.72904
-5.72904
-5.72904
-5.72904
-5.7452
-5.74609
-5.74573
-5.74504
-5.74411
-5.743
-5.74174
-5.74037
-5.73894
-5.7375
-5.7361
-5.73476
-5.73352
-5.73241
-5.73145
-5.73065
-5.73001
-5.72953
-5.72922
-5.72906
-5.72904
-5.72904
-5.72904
-5.72904
-5.72904
-5.72904
-5.72904
-5.72904
-5.72904
-5.72904
-5.72904
-5.72904
-5.72904
-5.72904
-5.72904
-5.72904
-5.72904
-5.72904
-5.72904
-5.72904
-5.72904
-5.72904
-5.72904
-5.72904
-5.72904
-5.72904
)
;
    }
    defaultFaces
    {
        type            empty;
    }
}


// ************************************************************************* //
