/*--------------------------------*- C++ -*----------------------------------*\
| =========                 |                                                 |
| \\      /  F ield         | OpenFOAM: The Open Source CFD Toolbox           |
|  \\    /   O peration     | Version:  v1912                                 |
|   \\  /    A nd           | Website:  www.openfoam.com                      |
|    \\/     M anipulation  |                                                 |
\*---------------------------------------------------------------------------*/
FoamFile
{
    version     2.0;
    format      ascii;
    class       volScalarField;
    location    "0.15";
    object      p_rgh;
}
// * * * * * * * * * * * * * * * * * * * * * * * * * * * * * * * * * * * * * //

dimensions      [1 -1 -2 0 0 0 0];


internalField   nonuniform List<scalar> 
9072
(
2498.57
2498.6
2490.45
2477.68
2460.14
2437.29
2408.51
2373.22
2330.89
2281.15
2224.01
2160.15
2091.46
2021.89
1958.66
1914.52
1910.74
1981.54
2180.09
2565.24
3162.56
3765.94
3927.35
2496.88
2497.54
2489.4
2476.63
2459.07
2436.18
2407.33
2371.93
2329.44
2279.46
2221.96
2157.55
2088.05
2017.23
1952.11
1905.01
1896.55
1959.41
2140.86
2497.12
3047.86
3668.14
3963.6
2493.83
2495.08
2486.96
2474.18
2456.57
2433.58
2404.57
2368.92
2326.05
2275.51
2217.17
2151.52
2080.13
2006.46
1936.96
1883.05
1863.85
1909.9
2066.38
2387.55
2900.61
3520.4
4108.17
2489.46
2491.24
2483.15
2470.35
2452.67
2429.52
2400.26
2364.24
2320.79
2269.38
2209.75
2142.17
2067.89
1989.81
1913.57
1849.15
1813.37
1833.48
1950.81
2220.13
2694.58
3360.17
4057.76
2483.8
2486.07
2477.99
2465.17
2447.39
2424.04
2394.46
2357.93
2313.72
2261.16
2199.81
2129.67
2051.53
1967.61
1882.41
1803.98
1746.09
1731.15
1793.73
1985.66
2389.88
3085.41
3890.57
2476.91
2479.61
2471.53
2458.7
2440.79
2417.19
2387.22
2350.07
2304.92
2250.95
2187.5
2114.21
2031.34
1940.26
1844.07
1748.5
1663.55
1604.91
1595.89
1672.71
1934.05
2604.62
3562.63
2468.84
2471.92
2463.84
2450.98
2432.92
2409.04
2378.6
2340.75
2294.51
2238.91
2173
2096.04
2007.65
1908.28
1799.37
1684.07
1568.02
1458.1
1361.55
1277.12
1252.67
1742.75
2943.45
2459.64
2463.06
2454.97
2442.07
2423.84
2399.65
2368.71
2330.06
2282.62
2225.19
2156.54
2075.46
1980.92
1872.29
1749.27
1612.29
1461.95
1295.13
1101.41
811.711
274.512
334.06
1883.71
-3.99431
-3.96595
-3.89016
-3.76342
-3.59957
-3.41696
-3.23116
-3.05279
-2.88812
-2.74017
-2.60997
-2.49738
-2.40172
-2.32157
-2.25615
-2.20452
-2.16583
-2.1395
-2.125
-4.00516
-3.97341
-3.89731
-3.76854
-3.60222
-3.41755
-3.23032
-3.05109
-2.88598
-2.73786
-2.60765
-2.49521
-2.39961
-2.31959
-2.2543
-2.20278
-2.1642
-2.13789
-2.12344
-4.02526
-3.99144
-3.9143
-3.78053
-3.60832
-3.41877
-3.22818
-3.04696
-2.88084
-2.73237
-2.60218
-2.49008
-2.39465
-2.31496
-2.24998
-2.1987
-2.16032
-2.13416
-2.11978
-4.05598
-4.02154
-3.94223
-3.79968
-3.61774
-3.42036
-3.22449
-3.0402
-2.87258
-2.72361
-2.59352
-2.48177
-2.38683
-2.30768
-2.24317
-2.1923
-2.15423
-2.12829
-2.11403
-4.10209
-4.06679
-3.98271
-3.82632
-3.6302
-3.4219
-3.21889
-3.03054
-2.86101
-2.71147
-2.5816
-2.4704
-2.37617
-2.29775
-2.23391
-2.18359
-2.14595
-2.12031
-2.10622
-4.17763
-4.13372
-4.03797
-3.86069
-3.64521
-3.42275
-3.21084
-3.01761
-2.8459
-2.69583
-2.56648
-2.45593
-2.36265
-2.28518
-2.2222
-2.17259
-2.1355
-2.11025
-2.09637
-4.31182
-4.22824
-4.10998
-3.90279
-3.66199
-3.42204
-3.19962
-3.00093
-2.82697
-2.67651
-2.5479
-2.43835
-2.34628
-2.27
-2.20806
-2.15934
-2.12291
-2.09813
-2.08451
-4.57944
-4.35548
-4.20117
-3.95226
-3.67926
-3.41856
-3.18438
-2.97997
-2.80391
-2.65353
-2.52575
-2.41761
-2.32707
-2.25223
-2.19156
-2.14386
-2.10823
-2.08398
-2.07066
2440.1
2450.18
2442.04
2429.1
2410.63
2386
2354.35
2314.62
2265.51
2205.54
2133.07
2046.28
1943.22
1821.8
1679.46
1513.28
1316.66
1074.46
718.305
96.4137
4.17446
17.3974
685.129
2413.67
2425.14
2416.95
2403.86
2384.98
2359.61
2326.76
2285.11
2233.03
2168.53
2089.18
1992.07
1873.67
1729.38
1553.25
1336.13
1063.19
593.706
3.43408
1.10763
1.19574
1.9378
16.5608
2384.01
2396.4
2388.19
2374.93
2355.68
2329.65
2295.69
2252.25
2197.33
2128.38
2042.23
1934.85
1801.15
1634.4
1425.26
1162.39
642.487
3.07707
0.739377
0.885261
1.14431
1.74528
1.98577
2351.99
2364.89
2356.68
2343.3
2323.79
2297.3
2262.52
2217.66
2160.39
2087.65
1995.5
1878.94
1731.42
1544.26
1308.68
943.952
4.13065
0.497358
0.671686
0.950377
1.31201
1.78632
2.14398
2318.53
2331.57
2323.4
2309.98
2290.41
2263.76
2228.61
2182.99
2124.25
2048.88
1952.28
1828.52
1670.11
1466.9
1200.72
37.0901
0.370005
0.48475
0.733714
1.04717
1.42672
1.88093
2.34821
2284.51
2297.37
2289.29
2275.97
2256.59
2230.19
2195.29
2149.78
2090.8
2014.44
1915.56
1787.52
1621.3
1411.15
514.416
0.320279
0.243387
0.488825
0.763592
1.07449
1.43549
1.86598
2.41833
2250.76
2263.17
2255.26
2242.19
2223.3
2197.6
2163.64
2119.3
2061.6
1986.34
1887.82
1759.05
1590.37
1365.5
2.07141
-0.0497992
0.215843
0.480818
0.747025
1.03058
1.33859
1.66913
2.00556
2218.06
2229.79
2222.1
2209.47
2191.33
2166.8
2134.5
2092.44
2037.7
1965.99
1871.04
1744.47
1580.95
441.853
-0.231413
-0.0311158
0.220761
0.461006
0.699345
0.940933
1.18353
1.41249
1.58544
2187.03
2197.89
2190.49
2178.43
2161.28
2138.28
2108.29
2069.55
2019.45
1953.92
1866.62
1746.72
1580.75
0.610809
-0.212475
0.00514532
0.227666
0.434614
0.635293
0.830255
1.01209
1.16307
1.24964
2158.21
2168.06
2160.97
2149.57
2133.54
2112.31
2085.03
2050.35
2006.24
1949.43
1873.95
1770.41
354.751
-0.327954
-0.13573
0.0633654
0.236776
0.403909
0.564849
0.715628
0.846997
0.94297
0.980175
2131.99
2140.69
2133.92
2123.18
2108.24
2088.85
2064.5
2034.12
1996.61
1950.3
1889.07
1802.37
0.13772
-0.108449
8.18919e-05
0.119737
0.242863
0.36934
0.493318
0.606629
0.698946
0.757234
0.765467
2108.51
2116.14
2109.77
2099.63
2085.36
2067.41
2045.68
2018.07
1982.58
1943.68
1674.57
546.739
0.399275
0.196542
0.121437
0.158131
0.236435
0.329505
0.423325
0.507329
0.571231
0.60441
0.596083
1651.2
2091.39
2084.63
2069.43
2011.33
1857.5
1547.76
1020.21
411.731
37.8355
-0.0558513
0.178154
20.3449
0.192461
0.131596
0.151984
0.21038
0.283636
0.356832
0.419725
0.463689
0.480592
0.463346
0.127761
104.966
52.6204
0.207205
0.112809
-0.0445162
-0.222397
-0.216267
-0.289662
-0.404018
-0.281332
-0.139627
29.2184
0.00256135
0.0512133
0.104352
0.168062
0.234599
0.295788
0.34464
0.375037
0.38156
0.359807
0.140045
0.130653
0.115076
0.108775
0.0727749
-0.0141546
-0.120928
-0.215333
-0.34137
-0.494102
-0.537682
-0.428368
30.443
-0.175506
-0.0483995
0.0440148
0.121838
0.188719
0.24313
0.282424
0.303499
0.3033
0.279558
0.15099
0.139058
0.128379
0.111575
0.0769244
0.0159175
-0.0713992
-0.195369
-0.403972
-0.763298
-0.970593
-0.934972
6.97758
-0.318746
-0.130277
-0.00439549
0.0853823
0.15264
0.201599
0.233357
0.247299
0.242328
0.217683
0.166002
0.152751
0.143505
0.126751
0.0976652
0.050001
-0.0254368
-0.153124
-0.419821
-0.725226
0.229161
-1.46316
2.60261
-0.498705
-0.185603
-0.0290979
0.066648
0.130392
0.172493
0.196848
0.204541
0.19568
0.17045
0.18528
0.17144
0.163233
0.149322
0.126765
0.0910159
0.0329249
-0.0698168
-0.300835
-0.823049
0.414465
-0.83103
2.96394
-0.577073
-0.18623
-0.0204469
0.0685165
0.122357
0.154994
0.17134
0.172972
0.160588
0.134781
0.20585
0.192694
0.186182
0.175703
0.159928
0.135752
0.0972524
0.0332157
-0.0892798
-0.366325
-0.770634
-0.721692
-0.689983
-0.268979
-0.0799672
0.02641
0.0883773
0.125723
0.146689
0.154435
0.150144
0.134477
0.108001
0.224764
0.213669
0.209305
0.202479
0.192667
0.17795
0.155002
0.118511
0.0609591
-0.0335477
-0.143561
-0.17719
-0.122415
-0.0365052
0.0329661
0.0825286
0.115196
0.134894
0.144009
0.143505
0.133773
0.115176
0.0880697
0.240464
0.231944
0.229504
0.225829
0.220498
0.21223
0.199289
0.178955
0.148446
0.107477
0.0681523
0.0503212
0.0577992
0.0818298
0.106983
0.126049
0.138403
0.144209
0.143511
0.136091
0.121839
0.100862
0.0733196
0.251896
0.246162
0.245078
0.243562
0.241012
0.236592
0.229438
0.218479
0.20247
0.18203
0.162676
0.150596
0.146894
0.148848
0.152417
0.154756
0.154421
0.150689
0.142861
0.130296
0.112666
0.0899852
0.0623315
0.258928
0.255796
0.255506
0.255062
0.253954
0.251583
0.247534
0.241323
0.232343
0.220862
0.208784
0.198323
0.190165
0.183618
0.17766
0.171191
0.163413
0.153616
0.140998
0.124896
0.105022
0.0813921
0.0540074
0.261396
0.260733
0.260808
0.260703
0.260066
0.258632
0.256141
0.252139
0.246226
0.238398
0.229236
0.219582
0.209809
0.199806
0.189501
0.178605
0.166731
0.15328
0.137609
0.119325
0.0982763
0.0744047
0.0476072
0.259729
0.261216
0.261281
0.261093
0.260557
0.259525
0.257674
0.254574
0.249881
0.243485
0.235549
0.226314
0.215958
0.204654
0.192528
0.179613
0.165638
0.150145
0.13281
0.113506
0.0921339
0.0685431
0.0425806
0.253974
0.257386
0.257364
0.257114
0.256547
0.255518
0.253717
0.250802
0.246513
0.240702
0.233297
0.224315
0.213912
0.202336
0.189734
0.176095
0.161205
0.144854
0.126947
0.107471
0.086321
0.0633561
0.0384794
0.244893
0.24978
0.249652
0.249316
0.248621
0.247372
0.245361
0.242395
0.238271
0.232762
0.225683
0.217025
0.206957
0.195687
0.183253
0.169538
0.154487
0.138074
0.120307
0.101178
0.0806034
0.0585553
0.0350317
0.233269
0.239236
0.238966
0.23846
0.237572
0.236153
0.234063
0.231138
0.22714
0.221808
0.215
0.206761
0.19723
0.186469
0.174409
0.160971
0.14625
0.130265
0.113061
0.0946234
0.0749413
0.0540912
0.0321049
0.219652
0.226533
0.226119
0.225441
0.224433
0.222987
0.22094
0.218061
0.214104
0.208896
0.202402
0.194676
0.185741
0.175538
0.163996
0.151132
0.137035
0.121789
0.105419
0.0879542
0.0694374
0.0499726
0.0295681
0.204333
0.211982
0.211549
0.210848
0.209833
0.208386
0.206313
0.203404
0.199504
0.194548
0.188525
0.181398
0.173087
0.163502
0.152624
0.140522
0.12728
0.112961
0.0976201
0.0813218
0.0641243
0.046113
0.0272671
0.188026
0.196102
0.195732
0.195101
0.194119
0.192654
0.190561
0.187721
0.184063
0.179537
0.17406
0.16752
0.159807
0.150872
0.140752
0.129524
0.117254
0.103996
0.0898186
0.0747894
0.0589649
0.0424148
0.0251144
0.17118
0.179516
0.179187
0.178589
0.177629
0.17621
0.174245
0.171658
0.168375
0.164295
0.159294
0.153256
0.146114
0.137875
0.12859
0.118319
0.107114
0.0950205
0.0820843
0.068371
0.0539263
0.0388236
0.0230582
0.153934
0.162469
0.162133
0.161548
0.160648
0.159366
0.157631
0.155353
0.152423
0.148723
0.144146
0.138621
0.132128
0.124689
0.116333
0.107098
0.0970207
0.0861316
0.0744605
0.0620623
0.0489837
0.0353111
0.0210595
0.136428
0.145047
0.14473
0.144202
0.143418
0.142315
0.140811
0.138806
0.136193
0.132876
0.128787
0.123885
0.118152
0.111592
0.104213
0.0960296
0.0870691
0.0773573
0.0669241
0.0558187
0.0440937
0.0318388
0.0190783
0.118942
0.127548
0.127281
0.126847
0.1262
0.125268
0.123974
0.122236
0.119966
0.117095
0.113567
0.109344
0.104396
0.0987081
0.0922742
0.0850997
0.0772054
0.0686242
0.059399
0.0495747
0.0392023
0.0283635
0.0170921
0.101412
0.110107
0.109912
0.109579
0.109061
0.108297
0.107224
0.105777
0.103888
0.101492
0.0985361
0.0949756
0.0907765
0.0859155
0.0803813
0.0741794
0.067328
0.0598655
0.051847
0.0433099
0.0342947
0.0248731
0.0150883
0.0835541
0.0924952
0.0923671
0.0921365
0.091761
0.0911908
0.0903716
0.0892482
0.0877619
0.0858516
0.0834623
0.0805521
0.0770853
0.0730366
0.0683977
0.0631727
0.0573813
0.0510608
0.0442631
0.0370253
0.0293737
0.0213698
0.0130664
0.0651942
0.0744263
0.0743714
0.0742557
0.0740474
0.073707
0.0731838
0.0724233
0.0713698
0.069969
0.0681701
0.065931
0.0632173
0.0600074
0.056291
0.0520724
0.0473716
0.0422192
0.0366558
0.0307217
0.0244356
0.017848
0.0110177
0.0463788
0.0558565
0.0558839
0.0559049
0.0558942
0.0558174
0.0556256
0.0552635
0.0546809
0.0538288
0.0526582
0.0511255
0.0492006
0.0468634
0.0441008
0.0409165
0.0373269
0.0333557
0.0290328
0.0243981
0.019473
0.0142914
0.00891334
0.0273178
0.036932
0.0370485
0.0372231
0.0374314
0.037639
0.0378008
0.0378655
0.0377846
0.0375101
0.036995
0.0361981
0.0350886
0.0336468
0.0318593
0.0297226
0.0272494
0.0244592
0.0213749
0.0180317
0.0144564
0.0106706
0.00672934
0.0080443
0.0177478
0.0179412
0.0182782
0.0187235
0.0192382
0.0197789
0.0202967
0.0207406
0.0210639
0.0212232
0.0211777
0.0208965
0.0203601
0.0195539
0.0184701
0.017114
0.0155002
0.0136481
0.0115856
0.00934231
0.00694133
0.004431
-0.0112773
-0.00163679
-0.00140517
-0.000901106
-0.000206963
0.000626982
0.00155624
0.00253456
0.00351354
0.00444821
0.00529587
0.00601585
0.00657626
0.00695579
0.00713881
0.00711415
0.00687938
0.00644256
0.00581667
0.00501967
0.00408725
0.00305831
0.00197848
95.5367
-4.57986
-4.99838
-5.85716
212.96
-4.25015
-5.03434
-5.49791
558.097
-6.09916
-6.93835
-7.42666
355.081
106.359
-10.5387
-11.3188
5.36087
103.504
8.28434
-12.2881
3.04027
3.07662
6.05306
4.1728
2.17121
2.05247
1.60138
1.21685
1.60317
1.52604
1.38928
1.24643
1.22754
1.16733
1.072
0.941626
0.939553
0.884465
0.803522
0.695089
0.716721
0.666417
0.597829
0.5106
0.54591
0.501289
0.443651
0.373286
0.415169
0.376115
0.327646
0.270256
0.314961
0.280858
0.239812
0.192285
0.238371
0.20844
0.173216
0.133112
0.179724
0.153174
0.122557
0.0881791
0.135147
0.111291
0.084256
0.0542852
0.101571
0.0798045
0.0555168
0.0289517
0.0763673
0.0562574
0.0341934
0.0103626
0.0576999
0.0389409
0.0186963
-0.00291518
0.0441032
0.0264883
0.00772151
-0.0120949
0.0342733
0.0176735
0.000152047
-0.0181609
0.0271376
0.0114912
-0.00487984
-0.0218383
0.0219409
0.00721051
-0.00803612
-0.0237087
0.0181708
0.00436345
-0.00977863
-0.0242546
0.0154714
0.00261675
-0.0104907
-0.0239065
0.013571
0.0016552
-0.0105195
-0.0229837
0.0122201
0.00118678
-0.01012
-0.0216763
0.0111902
0.000989873
-0.00945969
-0.0201115
0.0103266
0.000945919
-0.00863346
-0.0183839
0.00959462
0.00101704
-0.00772786
-0.0166179
0.00893723
0.00113517
-0.00681156
-0.0148766
0.0083014
0.00124501
-0.00593342
-0.0131965
0.00764897
0.00132574
-0.00508979
-0.0115576
0.0069894
0.00140321
-0.00425188
-0.00994175
0.00630458
0.00144862
-0.00345783
-0.0083844
0.0056046
0.00148218
-0.00267719
-0.00685413
0.0048709
0.00146675
-0.00196929
-0.00541762
0.00406414
0.00137216
-0.00134127
-0.00406548
0.00317555
0.00119408
-0.000801313
-0.00280815
0.00216748
0.000890887
-0.000394113
-0.00168463
0.00100931
0.000454572
-0.00010003
-0.000660289
-5.04005
-4.60595
-4.35001
-4.02463
-3.69976
-3.4084
-3.15803
-2.94653
-2.76825
-2.61867
-2.49255
-2.38677
-2.29862
-2.226
-2.16723
-2.12108
-2.08662
-2.06319
-2.05031
-5.55743
-5.22854
-4.68336
-4.15337
-3.71325
-3.36408
-3.0881
-2.86949
-2.69041
-2.54428
-2.42361
-2.3236
-2.24086
-2.173
-2.11822
-2.0753
-2.04327
-2.02149
-2.00952
-7.40753
-6.20178
-5.0564
-4.23014
-3.66214
-3.26547
-2.9766
-2.7577
-2.58666
-2.44967
-2.33815
-2.24651
-2.17108
-2.10933
-2.0596
-2.02065
-1.99158
-1.9718
-1.96093
-10.9285
-7.49377
-5.28055
-4.13757
-3.49432
-3.08774
-2.81086
-2.60985
-2.45642
-2.33508
-2.2369
-2.15644
-2.09029
-2.03601
-1.99228
-1.95798
-1.93234
-1.91487
-1.90526
-12.4705
-8.00163
-4.93544
-3.74294
-3.15763
-2.81582
-2.58959
-2.42644
-2.30171
-2.20254
-2.12174
-2.05505
-1.99975
-1.95427
-1.91738
-1.88829
-1.86647
-1.85157
-1.84335
-1.57468
-5.79891
-3.61694
-2.99112
-2.66891
-2.46739
-2.3245
-2.21539
-2.12806
-2.05607
-1.9957
-1.94465
-1.90163
-1.86569
-1.8362
-1.81275
-1.79503
-1.78286
-1.77613
2.28026
-1.4299
-1.9982
-2.13117
-2.12746
-2.08788
-2.03915
-1.99011
-1.94382
-1.90122
-1.86256
-1.82819
-1.79801
-1.77203
-1.75024
-1.73261
-1.71912
-1.70978
-1.70458
0.985903
-0.211686
-1.04741
-1.45397
-1.64524
-1.72853
-1.76013
-1.76577
-1.758
-1.74386
-1.7267
-1.70871
-1.69124
-1.67516
-1.66102
-1.64919
-1.63992
-1.6334
-1.62973
0.701814
0.0316201
-0.591224
-1.01364
-1.27022
-1.4208
-1.50709
-1.55488
-1.57947
-1.59002
-1.59209
-1.5892
-1.58363
-1.57691
-1.57006
-1.56379
-1.55858
-1.55477
-1.55259
0.508964
0.0697176
-0.377818
-0.738512
-0.997412
-1.17327
-1.28958
-1.36527
-1.4137
-1.44394
-1.4621
-1.47226
-1.47723
-1.47896
-1.47878
-1.47764
-1.47619
-1.47492
-1.47412
0.368315
0.05508
-0.275738
-0.569708
-0.804476
-0.980829
-1.10884
-1.19997
-1.26401
-1.30854
-1.33917
-1.35994
-1.37378
-1.38278
-1.38844
-1.39184
-1.39378
-1.39479
-1.39524
0.262515
0.0271898
-0.225711
-0.463816
-0.668098
-0.833064
-0.961281
-1.05861
-1.13138
-1.18524
-1.2248
-1.25366
-1.27455
-1.28952
-1.30008
-1.30736
-1.31221
-1.31522
-1.31677
0.181991
-0.00155145
-0.200643
-0.395031
-0.57021
-0.719353
-0.841483
-0.938901
-1.01523
-1.07432
-1.11967
-1.15425
-1.18043
-1.20005
-1.21453
-1.22499
-1.23226
-1.23695
-1.23942
0.120359
-0.0269946
-0.187721
-0.348347
-0.498147
-0.630811
-0.743917
-0.837743
-0.914051
-0.975237
-1.02381
-1.06207
-1.09192
-1.11493
-1.13239
-1.14533
-1.15453
-1.16057
-1.16379
0.0732189
-0.0479871
-0.18048
-0.314919
-0.443419
-0.56063
-0.663748
-0.75201
-0.825973
-0.887019
-0.936842
-0.977077
-1.0092
-1.03449
-1.05407
-1.06884
-1.0795
-1.08656
-1.09036
0.0373747
-0.064389
-0.17559
-0.289548
-0.40041
-0.503814
-0.597045
-0.67884
-0.749094
-0.808512
-0.85811
-0.898986
-0.932229
-0.958862
-0.979799
-0.995805
-1.00749
-1.01529
-1.01951
0.010437
-0.0765776
-0.17137
-0.269109
-0.365408
-0.456759
-0.540689
-0.615809
-0.681684
-0.738522
-0.786843
-0.827345
-0.860807
-0.888004
-0.90966
-0.926397
-0.938717
-0.946994
-0.951493
-0.00946312
-0.0850799
-0.166953
-0.251698
-0.335949
-0.41687
-0.492322
-0.560976
-0.622202
-0.675887
-0.722228
-0.761633
-0.794628
-0.82178
-0.843635
-0.860679
-0.873311
-0.88184
-0.886492
-0.0237916
-0.0902093
-0.161905
-0.23614
-0.310378
-0.382331
-0.450202
-0.512763
-0.569308
-0.619555
-0.663491
-0.701311
-0.733344
-0.759982
-0.781623
-0.798624
-0.811297
-0.819891
-0.824593
-0.0336402
-0.0927425
-0.156125
-0.221707
-0.287614
-0.351853
-0.412983
-0.469894
-0.521898
-0.568624
-0.609926
-0.645851
-0.676577
-0.702357
-0.72346
-0.740144
-0.752642
-0.76115
-0.765819
-0.0400172
-0.0931196
-0.149666
-0.208113
-0.266901
-0.324497
-0.379635
-0.431377
-0.479078
-0.522328
-0.560902
-0.594752
-0.623946
-0.648622
-0.66895
-0.685108
-0.697267
-0.705573
-0.710143
-0.0437097
-0.0917748
-0.142613
-0.19504
-0.24778
-0.29958
-0.349397
-0.396444
-0.440122
-0.480017
-0.515866
-0.547559
-0.575084
-0.598492
-0.617878
-0.633361
-0.64506
-0.653078
-0.657498
-0.0453119
-0.0890862
-0.135097
-0.18239
-0.229901
-0.276616
-0.3217
-0.364483
-0.404448
-0.441147
-0.474336
-0.503857
-0.529637
-0.551674
-0.57001
-0.584715
-0.595869
-0.603536
-0.607772
-0.0453324
-0.0854073
-0.127268
-0.170098
-0.213028
-0.255261
-0.296128
-0.335058
-0.371569
-0.405274
-0.435903
-0.463273
-0.487283
-0.507898
-0.525123
-0.53899
-0.54954
-0.556809
-0.560838
-0.0442404
-0.0810635
-0.119262
-0.158142
-0.197022
-0.235284
-0.272379
-0.307811
-0.341144
-0.372025
-0.400195
-0.425468
-0.447726
-0.466909
-0.482999
-0.495994
-0.505904
-0.512748
-0.516549
-0.0424238
-0.0762946
-0.111181
-0.146525
-0.181803
-0.216522
-0.250216
-0.282452
-0.312843
-0.341074
-0.366902
-0.390153
-0.410702
-0.428472
-0.443421
-0.455529
-0.464781
-0.471183
-0.474755
-0.0401301
-0.0712479
-0.103104
-0.135262
-0.167307
-0.198834
-0.229434
-0.258733
-0.286395
-0.312145
-0.335761
-0.357079
-0.375977
-0.392365
-0.406184
-0.4174
-0.425992
-0.431945
-0.435271
-0.0375028
-0.0660319
-0.0951033
-0.124365
-0.153478
-0.182094
-0.209858
-0.236447
-0.261577
-0.285009
-0.306543
-0.326026
-0.343336
-0.35838
-0.371093
-0.38143
-0.38936
-0.394863
-0.397925
-0.0346569
-0.0607516
-0.0872473
-0.113851
-0.14027
-0.166201
-0.191346
-0.21543
-0.238208
-0.259473
-0.279049
-0.296792
-0.312579
-0.326323
-0.33796
-0.347434
-0.354711
-0.359766
-0.362581
-0.0317033
-0.0555049
-0.0795948
-0.103725
-0.127638
-0.151074
-0.173786
-0.195541
-0.21613
-0.235367
-0.253096
-0.269185
-0.28352
-0.296015
-0.306608
-0.315243
-0.321882
-0.326499
-0.329074
-0.028756
-0.0503678
-0.0721795
-0.0939758
-0.115537
-0.136643
-0.157083
-0.176662
-0.1952
-0.212533
-0.228515
-0.243033
-0.255984
-0.267283
-0.276873
-0.284696
-0.290717
-0.294909
-0.297246
-0.0258694
-0.0453712
-0.0650048
-0.0845837
-0.103926
-0.122843
-0.141153
-0.158689
-0.175295
-0.190827
-0.205156
-0.218181
-0.229811
-0.239969
-0.248594
-0.255637
-0.261062
-0.264839
-0.266945
-0.0230628
-0.0405161
-0.0580585
-0.0755273
-0.0927678
-0.109616
-0.125915
-0.141521
-0.156297
-0.170121
-0.182884
-0.194489
-0.204858
-0.213921
-0.22162
-0.227912
-0.232762
-0.236141
-0.238025
-0.0203218
-0.0357948
-0.0513312
-0.0667876
-0.0820265
-0.0969059
-0.111295
-0.125067
-0.138104
-0.150305
-0.161573
-0.171821
-0.180982
-0.188995
-0.195806
-0.201377
-0.205673
-0.208667
-0.210336
-0.0176421
-0.0312084
-0.0448161
-0.0583411
-0.0716621
-0.0846602
-0.0972244
-0.109246
-0.120624
-0.13127
-0.141104
-0.150051
-0.158054
-0.165057
-0.171016
-0.175892
-0.179653
-0.182272
-0.183734
-0.0150386
-0.0267554
-0.0384987
-0.0501587
-0.0616346
-0.0728273
-0.0836397
-0.0939812
-0.103765
-0.112918
-0.121373
-0.129071
-0.135956
-0.141984
-0.147117
-0.151322
-0.154563
-0.15682
-0.158081
-0.0125005
-0.0224267
-0.0323618
-0.042215
-0.0519067
-0.0613547
-0.0704743
-0.0791922
-0.0874388
-0.0951523
-0.102278
-0.108765
-0.114569
-0.119652
-0.123981
-0.127532
-0.130271
-0.132179
-0.133246
-0.0100634
-0.0182281
-0.0263955
-0.0344888
-0.0424429
-0.0501925
-0.0576681
-0.0648107
-0.0715671
-0.0778848
-0.0837169
-0.0890262
-0.0937794
-0.0979446
-0.101494
-0.104405
-0.106653
-0.108221
-0.109098
-0.00772701
-0.0141583
-0.0205863
-0.0269531
-0.0332058
-0.0392933
-0.0451639
-0.0507701
-0.0560697
-0.0610232
-0.0655951
-0.0697568
-0.0734828
-0.0767503
-0.0795363
-0.0818211
-0.0835881
-0.0848214
-0.0855094
-0.00549924
-0.0102163
-0.0149233
-0.0195846
-0.0241611
-0.0286131
-0.0329045
-0.0369997
-0.0408671
-0.0444824
-0.0478213
-0.0508586
-0.0535749
-0.0559584
-0.0579943
-0.0596636
-0.0609561
-0.0618606
-0.0623617
-0.00339619
-0.00639833
-0.00939521
-0.0123614
-0.015273
-0.0181044
-0.0208325
-0.0234339
-0.0258892
-0.0281846
-0.0303045
-0.0322311
-0.0339519
-0.0354646
-0.0367582
-0.037817
-0.0386389
-0.0392157
-0.0395317
-0.00140171
-0.00269306
-0.00398279
-0.00525683
-0.00650629
-0.00772158
-0.00889321
-0.0100096
-0.0110622
-0.0120459
-0.0129536
-0.0137773
-0.0145134
-0.015162
-0.0157162
-0.0161685
-0.0165206
-0.0167682
-0.0169014
2500.2
2495.16
2484.63
2469.54
2449.42
2423.68
2391.72
2352.97
2306.96
2253.49
2192.84
2126.22
2056.43
1988.84
1933.12
1905.82
1934
2061.84
2345.67
2841.23
3494.05
3932.97
4068.31
2499.17
2494.1
2483.59
2468.48
2448.33
2422.54
2390.49
2351.6
2305.4
2251.63
2190.54
2123.26
2052.46
1983.34
1925.25
1894.24
1916.45
2031.58
2294.15
2750.94
3368.93
3896.74
4154.93
2496.76
2491.64
2481.14
2466.01
2445.79
2419.86
2387.61
2348.42
2301.76
2247.3
2185.2
2116.38
2043.27
1970.62
1907.08
1867.52
1876.26
1970.94
2203.24
2621.81
3209.13
3828.96
4389.47
2493
2487.81
2477.33
2462.15
2441.82
2415.69
2383.14
2343.48
2296.1
2240.59
2176.91
2105.73
2029.05
1950.96
1879.03
1826.27
1814.22
1876.81
2062.69
2429.83
3010.88
3725.63
4388.17
2487.92
2482.63
2472.17
2456.94
2436.45
2410.07
2377.11
2336.83
2288.51
2231.59
2165.82
2091.5
2010.08
1924.77
1841.65
1771.3
1731.43
1749.97
1869.31
2154.72
2702.04
3514.88
4199.65
2481.57
2476.16
2465.72
2450.42
2429.75
2403.05
2369.59
2328.55
2279.09
2220.45
2152.09
2073.92
1986.68
1892.52
1795.7
1703.86
1629.72
1592.28
1620.42
1767.75
2206.02
3106.86
3887.68
2474
2468.46
2458.02
2442.64
2421.75
2394.69
2360.66
2318.74
2267.94
2207.3
2135.94
2053.27
1959.28
1854.87
1742.22
1625.71
1511.88
1407.6
1319.36
1239.15
1382.53
2334.34
3335.62
2465.28
2459.56
2449.15
2433.66
2412.54
2385.08
2350.41
2307.51
2255.23
2192.34
2117.62
2029.92
1928.39
1812.58
1682.46
1538.86
1381.02
1203
979.751
530.64
173.661
980.154
2339.59
-3.98443
-3.93479
-3.83252
-3.68498
-3.50953
-3.32368
-3.14056
-2.96849
-2.81195
-2.67284
-2.5515
-2.44765
-2.35974
-2.28708
-2.22867
-2.1836
-2.15116
-2.13079
-2.12209
-3.99127
-3.94238
-3.83879
-3.68883
-3.51108
-3.32347
-3.13923
-2.96653
-2.8097
-2.67052
-2.54921
-2.44547
-2.3577
-2.28517
-2.22688
-2.18191
-2.14954
-2.12921
-2.12056
-4.00802
-3.96056
-3.85356
-3.69783
-3.51455
-3.32282
-3.13594
-2.9618
-2.80433
-2.665
-2.54382
-2.44033
-2.3529
-2.2807
-2.22268
-2.17794
-2.14574
-2.12551
-2.11691
-4.03584
-3.99075
-3.87754
-3.71199
-3.51974
-3.32147
-3.13049
-2.95413
-2.79572
-2.65623
-2.5354
-2.43226
-2.34536
-2.27366
-2.21609
-2.17171
-2.13977
-2.11972
-2.11119
-4.07768
-4.03538
-3.91156
-3.73126
-3.52626
-3.319
-3.12253
-2.9433
-2.78374
-2.64414
-2.52384
-2.42123
-2.33506
-2.26407
-2.20711
-2.16323
-2.13166
-2.11185
-2.10342
-4.14145
-4.09852
-3.95665
-3.75541
-3.53349
-3.31481
-3.11162
-2.92901
-2.76821
-2.62863
-2.50896
-2.40723
-2.32203
-2.25195
-2.19578
-2.15253
-2.12143
-2.10191
-2.0936
-4.23539
-4.18331
-4.01362
-3.78392
-3.54055
-3.30808
-3.09717
-2.91091
-2.74893
-2.60971
-2.49082
-2.39024
-2.30627
-2.23732
-2.18211
-2.13963
-2.1091
-2.08994
-2.08179
-4.3646
-4.29355
-4.08328
-3.81579
-3.54612
-3.29779
-3.07847
-2.88856
-2.7257
-2.5871
-2.46934
-2.37027
-2.28779
-2.22021
-2.16615
-2.12458
-2.09472
-2.07598
-2.06801
2452.5
2446.62
2436.23
2420.59
2399.13
2371.11
2335.57
2291.32
2236.98
2170.98
2091.58
1996.9
1884.96
1753.4
1599.62
1419.41
1203.22
919.694
400.816
5.73265
6.65924
68.6141
659.575
2427.64
2421.54
2411.09
2395.18
2373.16
2344.19
2307.13
2260.49
2202.47
2130.87
2043.05
1935.79
1805.1
1645.74
1450.54
1208.61
890.339
131.001
1.38717
1.09774
1.43173
2.89958
617.511
2399.11
2392.79
2382.27
2366.1
2343.57
2313.75
2275.27
2226.37
2164.79
2087.68
1991.48
1871.68
1722.38
1535.88
1301.89
994.741
88.439
0.927677
0.793336
1.016
1.3527
1.75993
615.424
2367.76
2361.29
2350.72
2334.35
2311.49
2281.04
2241.48
2190.75
2126.18
2044.28
1940.64
1809.51
1643.54
1432.59
1163.86
229.442
0.78644
0.566508
0.799432
1.12547
1.55908
2.06637
25.5705
2334.52
2328
2317.42
2301.01
2278.05
2247.36
2207.26
2155.46
2088.9
2003.57
1894.24
1754.21
1574.39
1347.26
714.594
1.15113
0.393735
0.598534
0.882885
1.22898
1.65655
2.16808
2.68849
2300.3
2293.86
2283.35
2267.08
2244.35
2213.92
2174.02
2122.19
2055.08
1968.2
1855.62
1710.08
1521.86
1271.95
5.33698
0.115522
0.360916
0.623279
0.913451
1.24802
1.64036
2.11498
2.69452
2266.01
2259.76
2249.42
2233.52
2211.38
2181.77
2142.93
2092.35
2026.47
1940.44
1827.7
1679.59
1491.59
437.311
-0.041859
0.0866375
0.349782
0.612277
0.886058
1.18127
1.50262
1.83901
2.14311
2232.45
2226.48
2216.44
2201.14
2179.94
2151.73
2114.85
2066.89
2004.28
1921.88
1812.75
1666.51
1471.97
1.19102
-0.155942
0.0927713
0.341825
0.580041
0.819625
1.06264
1.3017
1.51142
1.62365
2200.31
2194.7
2185.06
2170.53
2150.58
2124.26
2090.16
2046.15
1988.96
1913.35
1811.33
1673.84
434.007
-0.313075
-0.108618
0.12132
0.332219
0.535492
0.733754
0.923644
1.0931
1.21761
1.25326
2170.2
2164.97
2155.82
2142.16
2123.61
2099.5
2068.73
2029.65
1979.83
1914.77
1825.4
1691.06
0.233155
-0.230076
-0.0352127
0.150709
0.321146
0.485273
0.641953
0.78459
0.900663
0.970731
0.9679
2142.51
2137.69
2129.06
2116.25
2099.12
2077.35
2050.16
2016.31
1974.88
1922.23
1853.13
494.549
-0.16873
-0.057998
0.0621079
0.180189
0.305786
0.432107
0.551879
0.656175
0.733255
0.768708
0.745461
2117.61
2113.29
2105.2
2092.99
2076.84
2057.07
2033
2000.98
1963.53
1876.21
1267.97
134.877
0.271682
0.134173
0.132659
0.194465
0.282124
0.376969
0.467203
0.542434
0.592331
0.606104
0.573126
2092.09
2088.16
2079
2048.54
1951.01
1726.19
1319.39
693.27
196.461
-0.120162
-0.0101267
0.305354
0.214559
0.14134
0.135132
0.17843
0.24631
0.320959
0.390112
0.444598
0.476001
0.476653
0.440041
89.0986
83.2255
20.967
0.183449
0.0347402
-0.132027
-0.274438
-0.209776
-0.379452
-0.3571
-0.212263
1.21488
0.0648913
0.0210787
0.0750228
0.135379
0.201559
0.266328
0.32216
0.362501
0.381587
0.374438
0.337358
0.1389
0.123569
0.110328
0.0983286
0.0335698
-0.0674611
-0.170374
-0.269565
-0.421724
-0.538417
-0.502424
-0.415196
-0.197692
-0.09916
-0.000998826
0.0840201
0.156683
0.217636
0.264853
0.295443
0.306225
0.294475
0.258464
0.142996
0.134841
0.121458
0.0976781
0.0498218
-0.0241532
-0.127074
-0.284326
-0.565208
-0.944639
-1.05562
-0.674231
-0.310402
-0.190452
-0.0591279
0.0436583
0.121434
0.17927
0.219647
0.242623
0.247239
0.232492
0.197908
0.156162
0.149249
0.136386
0.114165
0.0766812
0.0167066
-0.080013
-0.25771
-0.665758
0.573887
-0.740205
-1.18257
7.02473
-0.281107
-0.0914933
0.0242337
0.101638
0.153824
0.186775
0.202768
0.202174
0.185094
0.151775
0.174118
0.167945
0.157184
0.139291
0.110904
0.0656588
-0.0105552
-0.157479
-0.525318
-0.141621
0.264146
0.627648
0.217032
-0.335586
-0.0866278
0.0303565
0.0986855
0.140891
0.165072
0.173945
0.168495
0.149335
0.116971
0.194636
0.189941
0.181442
0.168649
0.149154
0.118845
0.0694437
-0.0162803
-0.201375
-0.573955
-0.873473
-0.658605
-0.477821
-0.165586
-0.0194656
0.0613845
0.109443
0.137992
0.152114
0.153749
0.143696
0.122566
0.0908192
0.214957
0.211764
0.206226
0.198004
0.186118
0.16776
0.138867
0.0930711
0.0193485
-0.0923432
-0.172842
-0.157777
-0.0772808
-0.00103612
0.060001
0.100671
0.126479
0.140692
0.144929
0.139778
0.125556
0.10268
0.0713878
0.232696
0.230891
0.227819
0.223448
0.216812
0.206489
0.190256
0.16507
0.129027
0.0860888
0.0560635
0.0507337
0.0689739
0.0949698
0.11728
0.133056
0.142111
0.144681
0.140657
0.129811
0.112177
0.0879115
0.0571098
0.246557
0.245662
0.244394
0.242469
0.239091
0.233418
0.224514
0.211157
0.192579
0.171739
0.155526
0.147833
0.147424
0.150652
0.153857
0.154969
0.15302
0.147333
0.137198
0.122121
0.101949
0.0767877
0.0466408
0.255921
0.255654
0.255328
0.254625
0.252959
0.249786
0.244744
0.2372
0.226828
0.214738
0.20326
0.193993
0.186728
0.180644
0.174547
0.16751
0.158818
0.147708
0.133408
0.115437
0.0936693
0.0681846
0.0388866
0.260717
0.260771
0.260801
0.260471
0.259457
0.257547
0.254361
0.249434
0.242532
0.23393
0.224435
0.214711
0.204845
0.19471
0.184146
0.172829
0.160245
0.145756
0.128807
0.109152
0.086696
0.0613867
0.0330909
0.261139
0.261269
0.261223
0.260877
0.260119
0.258727
0.256305
0.252442
0.246892
0.239693
0.231082
0.221261
0.210418
0.198677
0.186183
0.172783
0.158108
0.141719
0.123411
0.103089
0.0806235
0.055869
0.0287155
0.257353
0.257394
0.257277
0.256873
0.256107
0.254734
0.252417
0.248839
0.243802
0.237197
0.228996
0.219275
0.208258
0.196166
0.183059
0.16882
0.153221
0.136098
0.117409
0.0971166
0.0750684
0.0511624
0.0253581
0.249803
0.249735
0.249517
0.249026
0.248077
0.246474
0.244009
0.240493
0.235704
0.229426
0.221543
0.212155
0.201465
0.189626
0.176553
0.162183
0.146451
0.129361
0.110914
0.0910771
0.0697608
0.046982
0.0227534
0.239315
0.239126
0.238753
0.238073
0.236937
0.235201
0.232719
0.229292
0.224654
0.21859
0.211051
0.20215
0.192006
0.180606
0.167866
0.153774
0.138413
0.121814
0.103998
0.0849344
0.0646555
0.0432435
0.0207087
0.226649
0.226356
0.225815
0.224985
0.223776
0.222053
0.219622
0.21623
0.211661
0.205806
0.19869
0.190361
0.180805
0.169935
0.157727
0.144229
0.129553
0.113743
0.0968207
0.078823
0.059816
0.0398928
0.0190314
0.212108
0.211797
0.211234
0.210386
0.209175
0.207442
0.204973
0.201583
0.197159
0.191672
0.185104
0.177398
0.168457
0.158223
0.14672
0.13404
0.120249
0.105415
0.0895845
0.0728316
0.0552131
0.0367991
0.0175494
0.196209
0.195949
0.195454
0.19466
0.193455
0.191693
0.189239
0.185997
0.181912
0.176924
0.170931
0.163816
0.155492
0.145955
0.135272
0.123515
0.110745
0.0970182
0.0824069
0.0669727
0.0507752
0.033864
0.016208
0.179605
0.179378
0.178927
0.17816
0.176983
0.175301
0.173035
0.17011
0.166443
0.161918
0.15641
0.149824
0.14213
0.133359
0.123576
0.112831
0.101177
0.0886543
0.075321
0.0612374
0.0464503
0.0310287
0.0149532
0.16256
0.162328
0.161875
0.161142
0.160059
0.158562
0.156566
0.153978
0.150677
0.146549
0.141505
0.135496
0.128526
0.120625
0.111823
0.102164
0.0916756
0.0803923
0.0683469
0.0556045
0.0422116
0.0282619
0.0137398
0.145139
0.144912
0.144493
0.143845
0.142911
0.141618
0.139877
0.137581
0.134626
0.130932
0.126441
0.121125
0.114977
0.108006
0.100222
0.0916457
0.082306
0.0722282
0.0614521
0.0500301
0.0380233
0.0255271
0.0125236
0.127631
0.127434
0.127087
0.126555
0.125775
0.124671
0.123167
0.121173
0.118611
0.115417
0.111546
0.106963
0.101647
0.0955855
0.08878
0.0812402
0.0729977
0.0640888
0.0545578
0.0444532
0.0338321
0.0227878
0.011301
0.110169
0.110028
0.109767
0.109349
0.108715
0.107805
0.106552
0.104893
0.102758
0.100088
0.0968354
0.0929578
0.0884309
0.0832328
0.077363
0.0708334
0.063669
0.0559223
0.0476405
0.0388583
0.0296268
0.020031
0.0100562
0.0925293
0.0924408
0.0922664
0.0919699
0.0915034
0.0908149
0.0898504
0.0885537
0.0868633
0.0847204
0.0820746
0.0788916
0.0751344
0.0707915
0.0658585
0.0603471
0.054285
0.047719
0.0406989
0.0332487
0.0254103
0.0172577
0.00879333
0.0744344
0.0744021
0.0743216
0.0741633
0.0738957
0.0734712
0.0728374
0.0719374
0.0707173
0.0691228
0.0671085
0.0646357
0.061676
0.0582136
0.0542447
0.0497811
0.04485
0.0394858
0.0337336
0.0276197
0.0211741
0.0144631
0.00750392
0.0558402
0.0558685
0.0558977
0.0559055
0.0558671
0.0557401
0.0554694
0.0550026
0.0542911
0.0532859
0.0519402
0.0502134
0.0480859
0.045536
0.0425612
0.0391712
0.0353874
0.0312364
0.026752
0.02197
0.0169106
0.0116239
0.00614653
0.0368892
0.0369811
0.0371308
0.0373261
0.0375381
0.0377289
0.037848
0.0378454
0.037674
0.0372857
0.0366342
0.035685
0.0344109
0.0327981
0.0308348
0.0285273
0.0258929
0.0229523
0.0197333
0.0162723
0.0125885
0.00871447
0.00470696
0.0176902
0.0178198
0.0180934
0.018489
0.018974
0.0195075
0.020044
0.0205318
0.0209211
0.0211677
0.0212291
0.0210688
0.020662
0.0199926
0.0190477
0.0178258
0.0163382
0.0146022
0.0126404
0.0104856
0.00815898
0.00569604
0.00314968
-0.00170601
-0.00157118
-0.00118055
-0.000574606
0.000194951
0.00108175
0.00204168
0.00302624
0.00398826
0.0048852
0.00567484
0.00631759
0.00678972
0.00707227
0.00715311
0.00702299
0.00668545
0.00615258
0.00543831
0.00456573
0.00358049
0.00252261
0.00143279
-4.17402
-4.74004
-5.36329
-6.04539
-1.95515
-4.66019
-5.32485
-5.55871
115.87
-6.5947
-7.23347
-7.49708
383.434
-9.15154
-11.0162
-11.3964
28.1984
76.0479
-10.7439
-12.6708
3.29211
1.97891
9.22225
1.5339
2.14465
1.86095
1.32823
2.60071
1.573
1.46297
1.31438
1.18072
1.20174
1.12406
1.01143
0.861149
0.915075
0.847356
0.752834
0.63022
0.693792
0.634455
0.556542
0.460201
0.52521
0.474097
0.410012
0.333656
0.396827
0.353041
0.300021
0.23849
0.298798
0.261179
0.216825
0.166289
0.22409
0.191467
0.153747
0.111389
0.166975
0.138355
0.105817
0.0696961
0.123633
0.0981572
0.0696232
0.0382949
0.091019
0.067962
0.0425007
0.0149028
0.0665687
0.045459
0.0224852
-0.00215088
0.0485166
0.0289973
0.00805293
-0.0141949
0.0354479
0.0172445
-0.0020615
-0.0223669
0.026097
0.00902156
-0.00891458
-0.027583
0.0194113
0.00338932
-0.0132933
-0.0305126
0.0146452
-0.000354687
-0.0158228
-0.0317059
0.0113126
-0.00266768
-0.0169722
-0.0316465
0.00907544
-0.00390215
-0.017155
-0.0307623
0.00764247
-0.00439792
-0.0167129
-0.0293413
0.0067359
-0.00443332
-0.0158661
-0.0275522
0.00612308
-0.00420594
-0.014761
-0.0255192
0.005661
-0.00382118
-0.0134847
-0.0233352
0.00532719
-0.00333655
-0.0121525
-0.0211325
0.00505424
-0.00282191
-0.0108263
-0.0189669
0.00478972
-0.00233074
-0.00955303
-0.0168722
0.00449934
-0.00187393
-0.00831755
-0.0148246
0.0042061
-0.00141665
-0.00709119
-0.0128114
0.00388301
-0.00100079
-0.00592068
-0.0108672
0.00354746
-0.000593265
-0.00476235
-0.00895638
0.00317385
-0.000247361
-0.00369347
-0.00715011
0.00272035
1.78516e-05
-0.00270343
-0.00543151
0.0021864
0.000199338
-0.00180257
-0.00381145
0.00153041
0.000249018
-0.00104068
-0.00232789
0.000731514
0.000178181
-0.000377602
-0.000938509
-4.67764
-4.48866
-4.19089
-3.85924
-3.54907
-3.27812
-3.04768
-2.8536
-2.69048
-2.55287
-2.4373
-2.34064
-2.26048
-2.19499
-2.14264
-2.10244
-2.07356
-2.05545
-2.04775
-5.43999
-4.96384
-4.40901
-3.92114
-3.52835
-3.21813
-2.97137
-2.77519
-2.61379
-2.4811
-2.37126
-2.28024
-2.20519
-2.14404
-2.09534
-2.05797
-2.03113
-2.0143
-2.00714
-6.85694
-5.58975
-4.60543
-3.92007
-3.4477
-3.11088
-2.8599
-2.66723
-2.51454
-2.39113
-2.2901
-2.20695
-2.13864
-2.08305
-2.03884
-2.00492
-1.98056
-1.96527
-1.95877
-9.26587
-6.18624
-4.62505
-3.78002
-3.27006
-2.93727
-2.70304
-2.52836
-2.3924
-2.28349
-2.1947
-2.12174
-2.06173
-2.01291
-1.97401
-1.94411
-1.92261
-1.9091
-1.90335
-10.6339
-6.05942
-4.22323
-3.40603
-2.96704
-2.6925
-2.50206
-2.36025
-2.24947
-2.16015
-2.08682
-2.02607
-1.97588
-1.9348
-1.9019
-1.8765
-1.85817
-1.84663
-1.84171
-7.69457
-4.30951
-3.24416
-2.80779
-2.55838
-2.39061
-2.26665
-2.16949
-2.09043
-2.0246
-1.9691
-1.92221
-1.88282
-1.85017
-1.82374
-1.80318
-1.78826
-1.77882
-1.77478
0.398721
-1.84159
-2.09342
-2.13689
-2.10983
-2.06389
-2.0144
-1.96654
-1.922
-1.88133
-1.84485
-1.81257
-1.78449
-1.76061
-1.74091
-1.72535
-1.71393
-1.70666
-1.70354
0.425006
-0.705322
-1.28869
-1.56886
-1.69581
-1.74875
-1.76522
-1.76307
-1.75153
-1.7355
-1.71771
-1.69985
-1.68299
-1.66782
-1.6548
-1.64422
-1.63631
-1.63121
-1.62899
0.387898
-0.303923
-0.826521
-1.15854
-1.35572
-1.47006
-1.53465
-1.5694
-1.58609
-1.59186
-1.5911
-1.58664
-1.58034
-1.57345
-1.56682
-1.56102
-1.55648
-1.55347
-1.55214
0.300328
-0.161431
-0.571219
-0.879853
-1.09418
-1.23755
-1.33155
-1.39224
-1.43065
-1.45424
-1.46797
-1.47525
-1.47841
-1.47905
-1.47829
-1.47692
-1.47551
-1.47445
-1.47395
0.218317
-0.112247
-0.42945
-0.694806
-0.899414
-1.05014
-1.15835
-1.23485
-1.28832
-1.32531
-1.35058
-1.36757
-1.37878
-1.38595
-1.39037
-1.39296
-1.39437
-1.39507
-1.39532
0.149359
-0.0993041
-0.348172
-0.570786
-0.755459
-0.901433
-1.01341
-1.09769
-1.16036
-1.20656
-1.24038
-1.26496
-1.28267
-1.29527
-1.30407
-1.31005
-1.31392
-1.31617
-1.31706
0.0935011
-0.100482
-0.299516
-0.48562
-0.648199
-0.783697
-0.893072
-0.979458
-1.0467
-1.09851
-1.13815
-1.16826
-1.19096
-1.20785
-1.2202
-1.22898
-1.2349
-1.23845
-1.2399
0.0491879
-0.10654
-0.268817
-0.425101
-0.566844
-0.689839
-0.793155
-0.877944
-0.946375
-1.00095
-1.0441
-1.07794
-1.10419
-1.12428
-1.13937
-1.15036
-1.15792
-1.16252
-1.16442
0.0145887
-0.113408
-0.248003
-0.380309
-0.503666
-0.614037
-0.709726
-0.790706
-0.858005
-0.913228
-0.958063
-0.994066
-1.02262
-1.04494
-1.06201
-1.07465
-1.08345
-1.08886
-1.09111
-0.0119295
-0.11923
-0.232618
-0.345681
-0.453249
-0.55181
-0.639404
-0.715378
-0.780096
-0.834471
-0.879571
-0.916495
-0.946312
-0.969992
-0.988377
-1.00215
-1.01185
-1.01783
-1.02034
-0.0318129
-0.123306
-0.220163
-0.317684
-0.411879
-0.499763
-0.579398
-0.6499
-0.711204
-0.763706
-0.808024
-0.844906
-0.875142
-0.899484
-0.918609
-0.933083
-0.943342
-0.949703
-0.952379
-0.0461754
-0.12543
-0.209189
-0.29408
-0.376976
-0.455381
-0.527553
-0.592534
-0.649979
-0.699954
-0.742768
-0.778896
-0.808899
-0.833338
-0.852731
-0.867525
-0.878072
-0.88464
-0.887411
-0.0561799
-0.125572
-0.198869
-0.273415
-0.346764
-0.416867
-0.482204
-0.541813
-0.595224
-0.642304
-0.683148
-0.718025
-0.747311
-0.771404
-0.790683
-0.805485
-0.816091
-0.82272
-0.825523
-0.0625388
-0.12403
-0.188771
-0.254802
-0.320034
-0.382888
-0.442019
-0.496538
-0.545934
-0.589954
-0.628552
-0.661848
-0.690068
-0.713478
-0.73234
-0.746903
-0.757384
-0.763957
-0.766744
-0.066053
-0.121059
-0.178749
-0.237568
-0.295928
-0.352441
-0.405977
-0.455763
-0.501278
-0.542206
-0.578417
-0.609923
-0.636839
-0.659319
-0.677539
-0.691678
-0.701893
-0.708319
-0.71105
-0.0673355
-0.116919
-0.168707
-0.221454
-0.273867
-0.324792
-0.373312
-0.418733
-0.460563
-0.498458
-0.532236
-0.56184
-0.587298
-0.608681
-0.6261
-0.639677
-0.649524
-0.655733
-0.658375
-0.0668757
-0.11187
-0.158649
-0.206185
-0.253413
-0.299407
-0.343417
-0.384833
-0.423219
-0.458192
-0.489562
-0.517216
-0.541122
-0.561302
-0.577811
-0.590731
-0.600135
-0.606078
-0.608613
-0.06511
-0.106164
-0.148616
-0.191603
-0.234275
-0.275902
-0.315868
-0.353642
-0.388791
-0.420985
-0.450004
-0.475702
-0.498016
-0.516933
-0.532473
-0.544677
-0.553582
-0.559225
-0.561638
-0.0624469
-0.100034
-0.138661
-0.177623
-0.216265
-0.254009
-0.290332
-0.324764
-0.356908
-0.386462
-0.413203
-0.436977
-0.457703
-0.475341
-0.489883
-0.501334
-0.509707
-0.515026
-0.517302
-0.0592034
-0.0936481
-0.12883
-0.164205
-0.199261
-0.233525
-0.266542
-0.2979
-0.327244
-0.3543
-0.378859
-0.40077
-0.419937
-0.436301
-0.449828
-0.460511
-0.468339
-0.473315
-0.475452
-0.0555726
-0.0871125
-0.119172
-0.151325
-0.183161
-0.214275
-0.244268
-0.272787
-0.299524
-0.324231
-0.346715
-0.366836
-0.384489
-0.399599
-0.412118
-0.422025
-0.4293
-0.433931
-0.435914
-0.0516814
-0.0805236
-0.109733
-0.138963
-0.16787
-0.196104
-0.223319
-0.24921
-0.273518
-0.296024
-0.316549
-0.334958
-0.351145
-0.365031
-0.376561
-0.385697
-0.392417
-0.396699
-0.398531
-0.0476401
-0.0739702
-0.100554
-0.127103
-0.153315
-0.178891
-0.203538
-0.226996
-0.249041
-0.269481
-0.288158
-0.304935
-0.31971
-0.332408
-0.34297
-0.351349
-0.357517
-0.361455
-0.363141
-0.0435547
-0.0675304
-0.0916706
-0.115727
-0.139432
-0.162536
-0.184798
-0.205994
-0.225928
-0.244428
-0.261354
-0.276578
-0.290001
-0.301552
-0.311172
-0.318813
-0.324444
-0.328043
-0.329587
-0.0395256
-0.0612634
-0.0830937
-0.104801
-0.126161
-0.146959
-0.166993
-0.186072
-0.204027
-0.220701
-0.235965
-0.24971
-0.261844
-0.272295
-0.281008
-0.287933
-0.293043
-0.29631
-0.297713
-0.0355936
-0.0551851
-0.0748122
-0.0942969
-0.11345
-0.132085
-0.150028
-0.167117
-0.183204
-0.198149
-0.211838
-0.224175
-0.235078
-0.244477
-0.252316
-0.258553
-0.263158
-0.266102
-0.267369
-0.0317702
-0.049288
-0.0668111
-0.0841866
-0.10125
-0.117843
-0.133814
-0.149022
-0.163335
-0.176642
-0.188837
-0.199833
-0.209557
-0.217944
-0.224944
-0.230519
-0.234637
-0.237271
-0.238405
-0.0280435
-0.0435643
-0.0590772
-0.0744428
-0.0895195
-0.10417
-0.118267
-0.131684
-0.144315
-0.156062
-0.16683
-0.176542
-0.185136
-0.192553
-0.198748
-0.203686
-0.207335
-0.209669
-0.210675
-0.0244143
-0.038015
-0.0515963
-0.0650356
-0.0782086
-0.0910035
-0.10331
-0.115021
-0.126044
-0.136294
-0.145692
-0.154174
-0.161683
-0.16817
-0.173592
-0.177914
-0.181107
-0.183149
-0.184033
-0.0208905
-0.032632
-0.0443456
-0.0559264
-0.067272
-0.078287
-0.0888758
-0.0989491
-0.108425
-0.117236
-0.12532
-0.132618
-0.13908
-0.144665
-0.149338
-0.153066
-0.155816
-0.157576
-0.158341
-0.0174592
-0.0273994
-0.0373034
-0.0470856
-0.056667
-0.0659611
-0.0748887
-0.0833789
-0.0913651
-0.098792
-0.105604
-0.111755
-0.117203
-0.121911
-0.125856
-0.129005
-0.13133
-0.13282
-0.133467
-0.0141434
-0.0223168
-0.030456
-0.0384877
-0.0463479
-0.053969
-0.0612846
-0.0682404
-0.0747848
-0.0808643
-0.0864388
-0.0914737
-0.0959369
-0.0997979
-0.10303
-0.105613
-0.107524
-0.108748
-0.109282
-0.0109419
-0.0173764
-0.0237807
-0.0300972
-0.036273
-0.042259
-0.0480035
-0.0534615
-0.0585927
-0.0633588
-0.0677286
-0.0716751
-0.0751748
-0.0782049
-0.0807423
-0.0827708
-0.0842723
-0.0852352
-0.0856558
-0.00785859
-0.0125728
-0.0172611
-0.0218857
-0.0264053
-0.0307815
-0.0349793
-0.0389638
-0.0427069
-0.0461881
-0.0493791
-0.0522574
-0.0548087
-0.05702
-0.0588758
-0.0603575
-0.0614584
-0.0621642
-0.0624701
-0.00489781
-0.00789923
-0.0108833
-0.0138255
-0.0167002
-0.019483
-0.0221504
-0.0246803
-0.0270575
-0.0292673
-0.0312934
-0.0331171
-0.0347337
-0.03614
-0.037317
-0.0382577
-0.0389599
-0.0394086
-0.0396032
-0.00204538
-0.00333914
-0.00462237
-0.00588481
-0.00711782
-0.00831305
-0.00945912
-0.0105444
-0.0115636
-0.0125098
-0.0133767
-0.0141561
-0.0148483
-0.0154522
-0.015955
-0.016357
-0.0166582
-0.0168502
-0.0169346
2498.91
2498.25
2490.1
2477.33
2459.79
2436.92
2408.12
2372.8
2330.41
2280.59
2223.33
2159.29
2090.33
2020.34
1956.48
1911.35
1906
1973.95
2162.55
2532.16
3114.5
3746.87
3863.8
2497.89
2496.48
2488.36
2475.58
2458
2435.06
2406.14
2370.64
2327.98
2277.76
2219.9
2154.96
2084.64
2012.6
1945.59
1895.56
1882.48
1938.06
2108.79
2449.36
2978.73
3586.95
4063.51
2495.52
2493.33
2485.23
2472.43
2454.79
2431.73
2402.61
2366.79
2323.65
2272.71
2213.78
2147.25
2074.54
1998.85
1926.27
1867.56
1840.78
1875
2013.74
2311.48
2807.36
3449.97
4100.34
2491.81
2488.81
2480.73
2467.92
2450.2
2426.95
2397.54
2361.28
2317.47
2265.52
2205.09
2136.3
2060.21
1979.38
1898.93
1827.92
1781.75
1785.46
1877.49
2112.05
2557.4
3241.81
3989.19
2486.79
2482.99
2474.92
2462.09
2444.26
2420.78
2391.01
2354.19
2309.53
2256.29
2193.94
2122.3
2041.89
1954.55
1864.09
1777.45
1706.6
1670.84
1699.73
1839.54
2184.94
2878.2
3752.57
2480.51
2475.91
2467.84
2454.99
2437.01
2413.28
2383.08
2345.59
2299.91
2245.15
2180.51
2105.45
2019.91
1924.81
1822.46
1717.31
1617.26
1533.81
1482.86
1484.87
1627.75
2246.9
3302.22
2473.02
2467.64
2459.55
2446.67
2428.53
2404.5
2373.81
2335.57
2288.74
2232.25
2165
2086.03
1994.64
1890.74
1774.92
1648.96
1516.1
1378.32
1233.63
1053.8
771.987
1015.24
2460.87
2464.37
2458.18
2450.09
2437.17
2418.86
2394.49
2363.28
2324.22
2276.14
2217.74
2147.63
2064.37
1966.59
1853.07
1722.65
1574.46
1406.26
1209.96
961.713
494.101
29.253
85.0837
1339.13
-3.99244
-3.96842
-3.89258
-3.76515
-3.60046
-3.41716
-3.23089
-3.05224
-2.88741
-2.73941
-2.6092
-2.49661
-2.40103
-2.32091
-2.25554
-2.20394
-2.16527
-2.13896
-2.12447
-3.99859
-3.98103
-3.90451
-3.77365
-3.60484
-3.4181
-3.22942
-3.04934
-2.88379
-2.73552
-2.60532
-2.49303
-2.39748
-2.31761
-2.25245
-2.20103
-2.16253
-2.13629
-2.12187
-4.01401
-4.00485
-3.92681
-3.78919
-3.61263
-3.41954
-3.22655
-3.04392
-2.87711
-2.7284
-2.59825
-2.48632
-2.3911
-2.31165
-2.24688
-2.19579
-2.15754
-2.13149
-2.11716
-4.03912
-4.04197
-3.96078
-3.81204
-3.62361
-3.42117
-3.22196
-3.03575
-2.86722
-2.71796
-2.58797
-2.47647
-2.38185
-2.30305
-2.23885
-2.18823
-2.15036
-2.12456
-2.11038
-4.07657
-4.097
-4.00833
-3.84253
-3.63742
-3.42246
-3.21521
-3.02451
-2.85391
-2.7041
-2.57445
-2.46355
-2.36977
-2.29179
-2.22836
-2.17838
-2.14099
-2.11554
-2.10155
-4.1347
-4.17749
-4.0718
-3.88079
-3.65345
-3.42266
-3.20568
-3.00977
-2.83693
-2.68664
-2.55767
-2.44753
-2.35482
-2.27792
-2.21544
-2.16624
-2.12947
-2.10444
-2.09069
-4.23566
-4.28672
-4.15288
-3.92664
-3.67066
-3.42073
-3.19256
-2.99102
-2.81598
-2.66541
-2.53727
-2.42837
-2.33703
-2.26144
-2.20011
-2.15187
-2.11583
-2.09131
-2.07783
-4.42308
-4.44049
-4.2554
-3.97953
-3.68757
-3.41536
-3.17495
-2.96772
-2.79072
-2.64062
-2.51334
-2.40606
-2.3164
-2.24239
-2.18242
-2.1353
-2.10011
-2.07617
-2.06301
2451.84
2438.18
2430.01
2417
2398.32
2373.32
2341.07
2300.38
2249.8
2187.58
2111.71
2019.82
1909.17
1776.39
1617.19
1425.42
1190.34
881.263
236.023
1.84504
1.72039
3.92393
281.149
2427.35
2411.17
2402.97
2389.8
2370.72
2345
2311.57
2269
2215.46
2148.69
2065.88
1963.57
1837.42
1681.71
1488.83
1248.12
930.67
88.9838
1.07735
0.939058
1.1051
1.78858
3.4457
2399.19
2380.93
2372.72
2359.39
2339.99
2313.7
2279.28
2235.07
2178.88
2107.93
2018.63
1906.46
1765.57
1588.35
1364.62
1075.39
126.955
0.816707
0.675298
0.89832
1.22715
1.74552
2.09907
2368.24
2348.4
2340.2
2326.79
2307.22
2280.61
2245.57
2200.24
2142.1
2067.86
1973.26
1852.79
1699.4
1503.11
1254.81
407.644
0.873485
0.474528
0.700357
1.00523
1.38094
1.83182
2.21624
2335.39
2314.52
2306.39
2293
2273.49
2246.92
2211.8
2166.12
2107.08
2030.98
1932.94
1806.62
1643.91
1436.74
1096.61
2.13646
0.263966
0.488081
0.755405
1.07072
1.4458
1.90038
2.46294
2301.54
2280.22
2272.21
2259
2239.82
2213.72
2179.19
2134.13
2075.59
1999.49
1900.44
1771.59
1603.11
1388.39
121.317
-0.000616095
0.227201
0.486754
0.760195
1.06003
1.39769
1.78202
2.2388
2267.55
2246.33
2238.52
2225.66
2207.11
2181.94
2148.72
2105.38
2048.94
1975.14
1877.95
1749.95
1583.66
1109.24
0.287915
-0.0305898
0.216544
0.471899
0.726068
0.989729
1.26517
1.54258
1.78419
2234.24
2213.62
2206.06
2193.71
2176.04
2152.23
2121.02
2080.5
2027.87
1958.92
1867.26
1743.15
1580.27
106.557
-0.26054
-0.01929
0.224198
0.448502
0.668619
0.886975
1.0981
1.28488
1.40828
2202.3
2182.69
2175.43
2163.7
2147.1
2124.98
2096.31
2059.54
2012.3
1950.81
1868.91
1756.07
1265.75
-0.162626
-0.17929
0.0344117
0.232045
0.419681
0.600445
0.772676
0.927834
1.04881
1.10743
2172.32
2154.06
2147.12
2136.06
2120.57
2100.26
2074.43
2041.93
2001.21
1949.68
1881.54
1786.8
66.2574
-0.244739
-0.0735877
0.0920492
0.240763
0.387184
0.529018
0.6601
0.770525
0.845805
0.866586
2144.73
2128.04
2121.45
2111.03
2096.54
2077.97
2055.02
2026.26
1990.83
1948.96
1892.05
1691.59
0.185864
0.0581874
0.0705412
0.143183
0.241825
0.35018
0.458004
0.555597
0.632517
0.676934
0.675667
2120.09
2104.82
2098.55
2088.66
2074.19
2055.99
2034.29
1993.94
1768.32
1231.42
391.552
0.589605
2.22529
0.239706
0.142103
0.161353
0.225935
0.307244
0.389539
0.461997
0.514993
0.539147
0.525642
2095.84
1494.31
1365.82
1140.46
801.248
451.315
161.172
-0.0059673
-0.258584
-0.404156
-0.182448
-0.0136061
28.4918
0.103869
0.0977136
0.131798
0.190629
0.259163
0.325461
0.380599
0.417109
0.428245
0.408317
192.727
0.127254
0.103173
0.118399
0.0855745
-0.0284741
-0.159885
-0.227671
-0.317733
-0.42341
-0.377774
-0.268157
29.8898
-0.0935143
0.000779517
0.0738687
0.144495
0.210822
0.268217
0.311894
0.337238
0.340065
0.317108
0.135594
0.134281
0.121921
0.108066
0.0717126
0.00058754
-0.0936851
-0.206177
-0.372372
-0.611649
-0.771096
-0.648413
27.4397
-0.248679
-0.0928913
0.0173786
0.101745
0.169106
0.220847
0.256262
0.273592
0.270848
0.246581
0.144706
0.144632
0.135496
0.117985
0.0857834
0.0321773
-0.0496836
-0.178549
-0.424293
-0.857628
0.206725
-1.26062
0.920279
-0.385028
-0.16025
-0.0201518
0.0735204
0.139691
0.185499
0.213607
0.224372
0.217389
0.192438
0.157974
0.161699
0.152751
0.137334
0.111545
0.0697902
0.00226067
-0.116411
-0.379502
-0.600664
0.246369
-1.51929
2.92335
-0.58766
-0.199451
-0.0298805
0.0649975
0.12469
0.162413
0.182857
0.18751
0.176858
0.151352
0.175319
0.181898
0.174489
0.162224
0.143043
0.113231
0.0651515
-0.0179386
-0.19559
-0.622389
-0.331277
0.541055
-0.619349
-0.447326
-0.142038
-0.000562369
0.0767062
0.122922
0.149905
0.161974
0.160616
0.146555
0.120421
0.195586
0.203391
0.197924
0.189311
0.176677
0.157585
0.127573
0.0791488
-0.00334402
-0.165472
-0.382691
-0.434588
-0.326835
-0.130587
-0.0185842
0.0553681
0.101759
0.129985
0.144877
0.148388
0.141286
0.124096
0.0972892
0.215638
0.223244
0.219913
0.21476
0.207409
0.196273
0.178963
0.151573
0.109771
0.0491022
-0.0137775
-0.0388854
-0.0162547
0.0306244
0.0742246
0.106221
0.127603
0.139788
0.14367
0.139491
0.127365
0.1075
0.0801423
0.233083
0.239613
0.237926
0.23547
0.231713
0.225659
0.216034
0.201101
0.179032
0.150508
0.123714
0.109659
0.110375
0.120535
0.132705
0.142127
0.14735
0.14789
0.143291
0.133085
0.117
0.0950757
0.0674324
0.246737
0.251558
0.250941
0.250077
0.248395
0.245176
0.239831
0.231687
0.219887
0.204877
0.190016
0.178938
0.172449
0.169178
0.167088
0.164303
0.159719
0.152585
0.142116
0.127596
0.108703
0.0854557
0.057892
0.255978
0.258849
0.258785
0.258582
0.257798
0.255991
0.252865
0.247974
0.240851
0.231622
0.22131
0.211298
0.202149
0.193505
0.184921
0.175841
0.165694
0.153834
0.139494
0.122141
0.10156
0.0777307
0.0506032
0.260713
0.261527
0.261623
0.261496
0.260928
0.259749
0.257668
0.254234
0.249087
0.242137
0.233717
0.224315
0.214167
0.203349
0.191902
0.17978
0.166672
0.152027
0.135365
0.116446
0.0951466
0.0713627
0.0449538
0.261082
0.259811
0.259834
0.259612
0.259074
0.258083
0.256315
0.253371
0.248937
0.242893
0.235271
0.226161
0.215724
0.20419
0.19172
0.178319
0.16377
0.147724
0.129991
0.110518
0.089204
0.0658892
0.0404349
0.257317
0.254006
0.253939
0.253653
0.253036
0.251907
0.250003
0.247064
0.242867
0.237224
0.229992
0.221158
0.210887
0.199418
0.186859
0.173119
0.158077
0.141618
0.123713
0.10436
0.0834589
0.0609147
0.0366827
0.249801
0.244818
0.244619
0.244211
0.243417
0.242064
0.239989
0.23703
0.232975
0.227568
0.220628
0.21217
0.202356
0.191331
0.179069
0.16548
0.150523
0.134276
0.116748
0.0979261
0.0777595
0.0562784
0.0335098
0.239352
0.23313
0.232781
0.232176
0.231214
0.229769
0.2277
0.224809
0.220842
0.215567
0.208902
0.200905
0.191668
0.181181
0.16936
0.156183
0.141735
0.126091
0.109272
0.0912917
0.0721635
0.051992
0.030798
0.226696
0.21946
0.219025
0.218315
0.217294
0.215851
0.213801
0.210907
0.206962
0.201857
0.195578
0.188145
0.179522
0.16962
0.158395
0.145893
0.132207
0.117401
0.101527
0.0846266
0.0667571
0.0480173
0.0283943
0.212158
0.204163
0.20376
0.203091
0.202094
0.200636
0.198538
0.195641
0.191837
0.187082
0.181333
0.17451
0.166505
0.157241
0.146734
0.13506
0.12229
0.108486
0.0937146
0.0780404
0.0615276
0.0442475
0.0261752
0.196272
0.187877
0.18753
0.186922
0.18595
0.184495
0.182448
0.179719
0.176242
0.171946
0.16672
0.160438
0.153009
0.144412
0.134698
0.123937
0.112189
0.0995043
0.0859386
0.0715657
0.0564311
0.0406066
0.0240766
0.179658
0.17105
0.170717
0.170123
0.169184
0.167827
0.165973
0.16354
0.160441
0.156558
0.151766
0.145975
0.139142
0.131289
0.122458
0.112698
0.102054
0.0905598
0.0782581
0.065204
0.0514437
0.0370586
0.0220538
0.162608
0.153791
0.153457
0.152895
0.152049
0.150854
0.149236
0.1471
0.144329
0.140813
0.13647
0.131244
0.125121
0.118117
0.110248
0.101542
0.0920276
0.0817332
0.0706856
0.058936
0.0465356
0.0335718
0.0200674
0.145197
0.136295
0.135995
0.135511
0.134796
0.133781
0.132383
0.130508
0.128062
0.124962
0.121149
0.116585
0.111247
0.105129
0.0982288
0.090555
0.0821329
0.0729913
0.0631634
0.052699
0.0416498
0.0301017
0.0180857
0.127685
0.118831
0.118595
0.118214
0.117632
0.116781
0.115594
0.113999
0.111917
0.109281
0.106041
0.102153
0.0975833
0.0923137
0.0863332
0.0796468
0.0722737
0.0642497
0.0556268
0.0464444
0.0367493
0.0266196
0.0160924
0.110202
0.101344
0.101184
0.100901
0.100451
0.0997799
0.0988285
0.0975384
0.0958479
0.0936942
0.0910205
0.0877838
0.083951
0.0794946
0.0744056
0.0686901
0.0623647
0.0554684
0.048058
0.0401701
0.0318359
0.0231221
0.0140786
0.0925363
0.0835207
0.0834318
0.0832559
0.0829611
0.0825023
0.0818258
0.080879
0.0796059
0.0779465
0.0758471
0.0732689
0.0701746
0.0665402
0.0623591
0.0576331
0.0523829
0.0466437
0.0404619
0.0338756
0.0269065
0.0196115
0.0120471
0.0744298
0.0651975
0.0651858
0.0651354
0.0650214
0.0648085
0.0644476
0.0638826
0.0630585
0.0619266
0.0604381
0.0585477
0.0562238
0.0534473
0.0502042
0.0464999
0.042353
0.0377903
0.0328469
0.0275628
0.0219581
0.0160751
0.00997384
0.0558287
0.0464206
0.0464943
0.0465897
0.0466863
0.0467512
0.0467352
0.046583
0.0462492
0.0456856
0.0448411
0.0436739
0.0421555
0.0402645
0.0379874
0.0353253
0.0322936
0.0289138
0.0252103
0.0212221
0.0169741
0.0124919
0.00783344
0.0368732
0.0273859
0.0275429
0.0277974
0.0281215
0.0284781
0.0288248
0.0291124
0.0292899
0.0293092
0.029128
0.0287042
0.0280056
0.0270148
0.0257182
0.0241065
0.0221908
0.0199897
0.0175225
0.0148208
0.0119142
0.00882334
0.00559765
0.0176912
0.0080667
0.00828596
0.00870433
0.00927109
0.0099447
0.0106809
0.0114304
0.0121422
0.0127725
0.0132776
0.0136149
0.0137547
0.0136762
0.013364
0.0128097
0.0120132
0.0109867
0.00974819
0.00832027
0.00673506
0.00502161
0.00322643
-0.00156064
-0.0116881
-0.0114069
-0.0107934
-0.00995438
-0.00894418
-0.00780513
-0.00657971
-0.00531433
-0.00405577
-0.00284699
-0.00172598
-0.000727344
0.00012727
0.000821699
0.00134069
0.00167987
0.00184311
0.0018375
0.00167845
0.00139245
0.00104303
0.000682753
136.204
-3.60434
-4.4125
-5.0025
404.145
-5.21377
-5.81506
-6.24571
570.668
9.54482
-8.55892
-9.23479
40.2865
186.126
-11.0809
-12.9988
3.51173
7.00522
24.8761
-1.99985
2.59051
2.51725
1.61582
1.89738
1.84928
1.7445
1.49702
1.30856
1.40131
1.3355
1.22791
1.08844
1.07457
1.01743
0.930071
0.810316
0.820862
0.768004
0.693339
0.595974
0.625568
0.578055
0.515169
0.436934
0.476226
0.434452
0.381611
0.318152
0.361704
0.325214
0.28068
0.228577
0.27411
0.242194
0.204232
0.160668
0.207084
0.178936
0.146151
0.109091
0.155873
0.130754
0.102048
0.0700212
0.117165
0.0944187
0.0688416
0.0406791
0.088055
0.0671608
0.0440385
0.0189097
0.0663102
0.0469082
0.025802
0.00314178
0.0503537
0.0321882
0.0127194
-0.00795073
0.0387929
0.0216958
0.00357093
-0.015466
0.0304239
0.0143058
-0.00263449
-0.0202591
0.0243317
0.00914541
-0.00666225
-0.0229685
0.0199028
0.00563119
-0.00905777
-0.0241171
0.016704
0.00337053
-0.0102421
-0.0241711
0.0144384
0.00205871
-0.0105708
-0.023502
0.0128411
0.00137424
-0.0103616
-0.0223698
0.0116786
0.00106605
-0.00981416
-0.0209198
0.0107403
0.000950991
-0.00906228
-0.0192602
0.0099459
0.000969937
-0.00818651
-0.0175009
0.00926025
0.00107441
-0.00726684
-0.0157408
0.00861978
0.00119391
-0.006366
-0.0140286
0.00797683
0.00128742
-0.00551052
-0.0123752
0.0073205
0.00136574
-0.00466814
-0.010744
0.00665004
0.00142955
-0.00385067
-0.00915796
0.00595522
0.00146636
-0.0030649
-0.00761366
0.00524594
0.00148517
-0.00231019
-0.00612132
0.00447666
0.00142785
-0.00164796
-0.00473395
0.00363208
0.00129677
-0.00105523
-0.00341963
0.00268827
0.00105827
-0.000583082
-0.00223278
0.00160892
0.000691186
-0.000230634
-0.00115794
0.000360177
0.00017171
-1.5664e-05
-0.000204887
-5.14076
-4.88668
-4.50663
-4.09038
-3.71142
-3.39144
-3.12757
-2.91134
-2.73247
-2.58396
-2.46015
-2.35695
-2.27129
-2.20087
-2.14397
-2.09934
-2.06604
-2.04338
-2.03094
-6.2911
-5.66035
-4.87189
-4.20422
-3.69919
-3.32314
-3.03857
-2.81781
-2.64185
-2.49953
-2.38292
-2.28675
-2.20742
-2.14243
-2.09006
-2.04903
-2.01842
-1.9976
-1.98616
-9.02672
-6.84637
-5.20821
-4.21468
-3.59422
-3.1886
-2.90085
-2.68844
-2.5248
-2.39479
-2.28941
-2.20301
-2.13197
-2.07381
-2.02697
-1.99026
-1.96285
-1.94419
-1.93393
-12.2021
-7.94491
-5.21509
-3.98994
-3.34814
-2.96314
-2.70676
-2.52225
-2.38186
-2.27084
-2.18089
-2.10702
-2.04604
-1.9961
-1.9557
-1.92394
-1.90017
-1.88396
-1.87503
-10.1931
-7.47573
-4.39315
-3.40247
-2.92764
-2.64885
-2.46126
-2.32362
-2.21678
-2.13072
-2.05985
-2.0008
-1.95152
-1.91073
-1.87748
-1.85117
-1.83138
-1.81782
-1.81034
6.28216
-3.27351
-2.74802
-2.5512
-2.39675
-2.27807
-2.18262
-2.10356
-2.03668
-1.97931
-1.92975
-1.88699
-1.85036
-1.81938
-1.79373
-1.77317
-1.75756
-1.7468
-1.74083
1.15616
-0.580015
-1.44047
-1.76231
-1.87424
-1.9031
-1.89738
-1.87695
-1.8507
-1.82236
-1.79471
-1.76863
-1.74487
-1.72388
-1.70594
-1.69123
-1.67986
-1.67193
-1.66751
0.821798
-0.0436588
-0.776356
-1.2112
-1.44398
-1.56725
-1.62952
-1.65801
-1.66746
-1.66621
-1.65901
-1.64878
-1.6374
-1.6261
-1.61567
-1.60666
-1.59944
-1.5943
-1.59139
0.597599
0.0621051
-0.464758
-0.859174
-1.12227
-1.28962
-1.39366
-1.45713
-1.49472
-1.51579
-1.52634
-1.53026
-1.53016
-1.5278
-1.52438
-1.52074
-1.51745
-1.51494
-1.51346
0.433463
0.0654608
-0.317645
-0.644035
-0.892515
-1.07076
-1.19477
-1.27954
-1.33673
-1.37479
-1.39963
-1.41541
-1.42505
-1.43057
-1.43343
-1.43463
-1.43493
-1.43484
-1.43468
0.311761
0.041718
-0.246384
-0.510837
-0.730482
-0.902057
-1.03124
-1.12641
-1.19557
-1.24534
-1.28085
-1.30598
-1.32357
-1.33572
-1.34395
-1.34939
-1.35284
-1.35489
-1.35591
0.219549
0.0125622
-0.211069
-0.425907
-0.61525
-0.772556
-0.898265
-0.996239
-1.07133
-1.12825
-1.17107
-1.20306
-1.22681
-1.24427
-1.25691
-1.26587
-1.27199
-1.27589
-1.27792
0.149127
-0.0147937
-0.193165
-0.369587
-0.531561
-0.672406
-0.790244
-0.886204
-0.962881
-1.02335
-1.0706
-1.10725
-1.13545
-1.15692
-1.173
-1.18479
-1.19309
-1.19849
-1.20136
0.0951996
-0.0380716
-0.183649
-0.330363
-0.469019
-0.593776
-0.701924
-0.793135
-0.868495
-0.929841
-0.979253
-1.01869
-1.04983
-1.07411
-1.09274
-1.10667
-1.11666
-1.12324
-1.12678
0.0540504
-0.0567436
-0.177872
-0.301458
-0.420717
-0.530804
-0.628926
-0.714017
-0.786245
-0.846627
-0.896493
-0.937195
-0.970004
-0.996076
-1.01642
-1.03188
-1.0431
-1.05056
-1.0546
0.0229211
-0.070979
-0.173462
-0.278853
-0.382085
-0.47925
-0.567737
-0.646188
-0.714306
-0.772526
-0.821594
-0.862391
-0.895842
-0.922844
-0.944212
-0.960642
-0.972686
-0.980754
-0.985132
-0.000257744
-0.0812558
-0.169222
-0.260112
-0.350106
-0.436047
-0.515626
-0.587474
-0.651041
-0.706354
-0.753754
-0.793782
-0.827083
-0.854325
-0.876137
-0.893077
-0.905591
-0.914018
-0.918608
-0.0172588
-0.087982
-0.164522
-0.243743
-0.322755
-0.399022
-0.470573
-0.53613
-0.595006
-0.646993
-0.692171
-0.730832
-0.763397
-0.790343
-0.812137
-0.829199
-0.841881
-0.850463
-0.855152
-0.0292081
-0.0917764
-0.159103
-0.228822
-0.298697
-0.366652
-0.431052
-0.490729
-0.544977
-0.593465
-0.636104
-0.673005
-0.704419
-0.730665
-0.752073
-0.768945
-0.781554
-0.790121
-0.794815
-0.0372082
-0.0931707
-0.152977
-0.21484
-0.277037
-0.337832
-0.395878
-0.450144
-0.499964
-0.544941
-0.584883
-0.619786
-0.649768
-0.675022
-0.695762
-0.712205
-0.724551
-0.732969
-0.737597
-0.0421575
-0.0926366
-0.146207
-0.201518
-0.257166
-0.311764
-0.364168
-0.413504
-0.459157
-0.500712
-0.537918
-0.570695
-0.599067
-0.623126
-0.642999
-0.658835
-0.670777
-0.678948
-0.683448
-0.0447397
-0.0905759
-0.138905
-0.188667
-0.238702
-0.287878
-0.33526
-0.380123
-0.421905
-0.460182
-0.49469
-0.525295
-0.551955
-0.574687
-0.593557
-0.608661
-0.620097
-0.627946
-0.632277
-0.0454888
-0.0873492
-0.131213
-0.1762
-0.221348
-0.265753
-0.308669
-0.349479
-0.387677
-0.422861
-0.454756
-0.483198
-0.508093
-0.529422
-0.547208
-0.561498
-0.572357
-0.57983
-0.583965
-0.0448983
-0.0833029
-0.12328
-0.164078
-0.204922
-0.245111
-0.28404
-0.321181
-0.356071
-0.388343
-0.417729
-0.444044
-0.467171
-0.48707
-0.503729
-0.517163
-0.527397
-0.534455
-0.538373
-0.0434043
-0.0787228
-0.115225
-0.15229
-0.189318
-0.22576
-0.261112
-0.294912
-0.326747
-0.356279
-0.383264
-0.407515
-0.428912
-0.447385
-0.462905
-0.475457
-0.48504
-0.491664
-0.495349
-0.0413265
-0.073799
-0.107137
-0.140849
-0.174469
-0.207553
-0.239664
-0.2704
-0.299402
-0.326371
-0.351077
-0.373349
-0.393065
-0.410141
-0.424523
-0.436183
-0.445106
-0.451283
-0.454758
-0.0388516
-0.0686542
-0.0990907
-0.129768
-0.160312
-0.190352
-0.219505
-0.247422
-0.273794
-0.298366
-0.320924
-0.341311
-0.359409
-0.37512
-0.388382
-0.399157
-0.407418
-0.413147
-0.416338
-0.0361006
-0.0633926
-0.0911538
-0.11906
-0.146799
-0.174048
-0.200478
-0.22579
-0.249721
-0.272052
-0.292592
-0.311193
-0.327733
-0.342121
-0.354293
-0.364196
-0.371798
-0.377076
-0.380014
-0.0331857
-0.058119
-0.0833937
-0.108741
-0.133886
-0.158547
-0.182454
-0.205353
-0.227017
-0.247252
-0.26589
-0.282796
-0.297849
-0.31096
-0.322071
-0.331123
-0.338078
-0.342914
-0.345609
-0.030224
-0.0529204
-0.0758562
-0.0988048
-0.121525
-0.143777
-0.165334
-0.185983
-0.20553
-0.223801
-0.240643
-0.255939
-0.269572
-0.281461
-0.291548
-0.299774
-0.3061
-0.310504
-0.312959
-0.0273026
-0.0478512
-0.0685625
-0.0892372
-0.109674
-0.129669
-0.149027
-0.167568
-0.185127
-0.201549
-0.216692
-0.230453
-0.242736
-0.253458
-0.262561
-0.26999
-0.275709
-0.279693
-0.281914
-0.0244563
-0.0429275
-0.0615043
-0.080014
-0.0982922
-0.116161
-0.133452
-0.150011
-0.16569
-0.180356
-0.193892
-0.206199
-0.217191
-0.226796
-0.234953
-0.241616
-0.246752
-0.250328
-0.252321
-0.0216853
-0.0381381
-0.0546667
-0.0711181
-0.0873477
-0.1032
-0.118532
-0.133211
-0.147105
-0.160109
-0.172117
-0.183036
-0.192794
-0.201326
-0.208577
-0.214503
-0.219075
-0.222261
-0.224036
-0.0189729
-0.0334841
-0.0480473
-0.0625297
-0.0768003
-0.0907278
-0.104195
-0.117083
-0.129281
-0.140697
-0.15124
-0.160831
-0.169408
-0.176911
-0.183291
-0.188512
-0.192539
-0.195344
-0.196909
-0.0163321
-0.0289656
-0.0416332
-0.0542186
-0.0666086
-0.0786958
-0.0903762
-0.10155
-0.112123
-0.122015
-0.131152
-0.13947
-0.146909
-0.15342
-0.158963
-0.163503
-0.167001
-0.169436
-0.170798
-0.0137595
-0.024575
-0.0354085
-0.0461583
-0.0567355
-0.0670496
-0.0770085
-0.0865322
-0.0955411
-0.103967
-0.111752
-0.11884
-0.125181
-0.130732
-0.135461
-0.139337
-0.142326
-0.144407
-0.14557
-0.0112674
-0.0203107
-0.0293585
-0.0383261
-0.0471439
-0.0557384
-0.0640307
-0.0719551
-0.0794513
-0.0864622
-0.0929368
-0.0988306
-0.104106
-0.108727
-0.112663
-0.115893
-0.118386
-0.120123
-0.121095
-0.00888277
-0.0161763
-0.023472
-0.0306989
-0.0377981
-0.0447135
-0.0513823
-0.0577519
-0.0637774
-0.0694097
-0.0746068
-0.0793383
-0.0835755
-0.0872901
-0.090456
-0.0930525
-0.0950594
-0.0964594
-0.0972424
-0.00659717
-0.012171
-0.0177366
-0.0232493
-0.0286616
-0.0339286
-0.0390075
-0.0438561
-0.0484365
-0.0527176
-0.0566702
-0.0602672
-0.0634862
-0.0663105
-0.0687199
-0.0706959
-0.0722262
-0.0732947
-0.0738885
-0.00443349
-0.00829254
-0.0121426
-0.0159557
-0.0196997
-0.0233404
-0.0268491
-0.0301955
-0.033354
-0.0363076
-0.0390367
-0.0415179
-0.0437332
-0.0456793
-0.0473454
-0.0487087
-0.049765
-0.0505076
-0.0509158
-0.00238441
-0.00453238
-0.00667605
-0.00879591
-0.0108764
-0.0128996
-0.0148497
-0.0167085
-0.018462
-0.0201011
-0.0216145
-0.0229884
-0.0242154
-0.0252964
-0.0262203
-0.0269744
-0.0275622
-0.0279757
-0.0281985
-0.000452896
-0.000884427
-0.00131634
-0.00174216
-0.00215973
-0.00256595
-0.00295831
-0.00333168
-0.00368272
-0.00401153
-0.00431466
-0.00458862
-0.00483381
-0.00505048
-0.00523606
-0.00538597
-0.00550282
-0.00558666
-0.00562994
2499.86
2494.81
2484.29
2469.19
2449.06
2423.3
2391.31
2352.51
2306.44
2252.87
2192.08
2125.24
2055.11
1987.01
1930.5
1901.95
1928.12
2049.18
2321.17
2798.83
3453.46
3930.97
4061.59
2498.14
2493.05
2482.54
2467.42
2447.24
2421.39
2389.25
2350.24
2303.83
2249.77
2188.24
2120.3
2048.51
1977.87
1917.43
1882.74
1899.14
2005.5
2254.88
2693.39
3287.31
3860.6
4302.59
2495.05
2489.9
2479.41
2464.25
2443.98
2417.96
2385.57
2346.17
2299.18
2244.24
2181.41
2111.52
2036.77
1961.63
1894.26
1848.66
1847.91
1928.01
2139.3
2534.66
3120.17
3787.17
4407.98
2490.62
2485.38
2474.91
2459.71
2439.3
2413.06
2380.31
2340.36
2292.54
2236.37
2171.7
2099.05
2020.14
1938.65
1861.47
1800.44
1775.33
1817.4
1972.87
2304.34
2874.22
3637.99
4318.81
2484.9
2479.56
2469.1
2453.84
2433.26
2406.73
2373.53
2332.89
2284.02
2226.28
2159.27
2083.12
1998.91
1909.36
1819.69
1739.04
1682.79
1674.79
1751.77
1977.2
2483.75
3343.19
4062.95
2477.93
2472.46
2462.02
2446.68
2425.9
2399.03
2365.3
2323.83
2273.72
2214.11
2144.3
2063.96
1973.45
1874.33
1769.83
1666
1572.61
1502.99
1475.98
1522.47
1853.7
2785.92
3654.53
2469.78
2464.16
2453.73
2438.3
2417.29
2390.04
2355.7
2313.3
2261.77
2200.03
2127.04
2041.91
1944.23
1834.25
1713.02
1583.19
1447.85
1307.18
1153.57
913.23
714.154
1695.44
2899.26
2460.48
2454.67
2444.27
2428.73
2407.47
2379.8
2344.8
2301.38
2248.31
2184.24
2107.74
2017.37
1911.87
1790.04
1650.83
1493.19
1312.47
1095.32
789.375
156.62
36.5824
398.98
1695.33
-3.98663
-3.93735
-3.83465
-3.68627
-3.51005
-3.32362
-3.14013
-2.96785
-2.81121
-2.67207
-2.55074
-2.44698
-2.35906
-2.28644
-2.22807
-2.18304
-2.15062
-2.13026
-2.12156
-3.99837
-3.95007
-3.84507
-3.69269
-3.51258
-3.32322
-3.13784
-2.96452
-2.80741
-2.66816
-2.54691
-2.44327
-2.35564
-2.28325
-2.22508
-2.18021
-2.14791
-2.12762
-2.119
-4.02043
-3.97403
-3.86436
-3.70427
-3.51695
-3.32226
-3.1335
-2.95834
-2.80044
-2.66103
-2.53998
-2.43667
-2.34947
-2.2775
-2.21969
-2.17511
-2.14303
-2.12288
-2.11431
-4.05467
-4.01105
-3.89323
-3.721
-3.52287
-3.3204
-3.12685
-2.94912
-2.79016
-2.65061
-2.53002
-2.42711
-2.34055
-2.26919
-2.2119
-2.16775
-2.13599
-2.11604
-2.10756
-4.10611
-4.06435
-3.93266
-3.74274
-3.52983
-3.31716
-3.11747
-2.93661
-2.77643
-2.63681
-2.51681
-2.4146
-2.32889
-2.25833
-2.20174
-2.15816
-2.12681
-2.10714
-2.09877
-4.18458
-4.13812
-3.98361
-3.76917
-3.53711
-3.31182
-3.10488
-2.92046
-2.75905
-2.61955
-2.5003
-2.39911
-2.31449
-2.24495
-2.18923
-2.14635
-2.11552
-2.09618
-2.08794
-4.29338
-4.23446
-4.04679
-3.79951
-3.54362
-3.30346
-3.08839
-2.90029
-2.73782
-2.59896
-2.4805
-2.38063
-2.29737
-2.22907
-2.17442
-2.13237
-2.10216
-2.08321
-2.07515
-4.45408
-4.36263
-4.12313
-3.83257
-3.54788
-3.29095
-3.0673
-2.87567
-2.71256
-2.57433
-2.45735
-2.35916
-2.27755
-2.21074
-2.15732
-2.11626
-2.08677
-2.06826
-2.06039
2440.58
2434.6
2424.18
2408.4
2386.66
2358.17
2321.87
2276.43
2220.26
2151.49
2067.93
1967.02
1845.8
1700.39
1525.96
1314.11
1049.26
638.984
9.78406
1.62362
2.1818
10.2026
579.088
2413.78
2407.57
2397.09
2381.03
2358.75
2329.33
2291.53
2243.73
2183.89
2109.49
2017.41
1903.8
1763.67
1590.56
1375.04
1103.52
589.452
3.09095
0.888531
1.01286
1.28787
1.80075
621.604
2383.73
2377.32
2366.78
2350.49
2327.77
2297.6
2258.52
2208.63
2145.45
2065.83
1965.73
1840.04
1682.08
1482.74
1232.58
763.68
3.26816
0.619052
0.772537
1.06148
1.45848
1.94279
377.751
2351.32
2344.81
2334.23
2317.82
2294.87
2264.25
2224.33
2172.95
2107.23
2023.42
1916.66
1780.7
1607.39
1387.05
1090.7
6.09791
0.431585
0.576064
0.844955
1.18498
1.62236
2.12482
2.65623
2317.47
2310.98
2300.42
2284.06
2261.17
2230.54
2190.44
2138.48
2071.44
1985.06
1873.76
1730.55
1545.39
1310.57
208.985
0.283876
0.375293
0.616337
0.905956
1.25081
1.66434
2.17017
2.73871
2283.12
2276.75
2266.31
2250.2
2227.72
2197.63
2158.14
2106.77
2040.04
1953.25
1840.16
1693
1504.67
1074.72
0.831961
0.105503
0.353344
0.621092
0.906084
1.2234
1.58423
1.9928
2.45674
2249.09
2242.97
2232.76
2217.14
2195.43
2166.45
2128.48
2079.03
2014.53
1929.94
1818.51
1670.48
1481.03
95.2069
-0.168559
0.0856124
0.346132
0.598286
0.856335
1.12618
1.4056
1.67351
1.85981
2216.17
2210.36
2200.51
2185.58
2164.97
2137.65
2102.07
2055.93
1995.76
1916.33
1810.37
1668.26
1216.03
0.0280652
-0.131283
0.106472
0.337114
0.558769
0.778143
0.994174
1.19638
1.3588
1.4252
2184.97
2179.54
2170.15
2156.05
2136.79
2111.54
2079.06
2037.43
1983.72
1912.88
1816.01
1681.42
92.8772
-0.300751
-0.0779165
0.13584
0.327029
0.51085
0.68798
0.853251
0.994042
1.08831
1.10179
2156.04
2151.01
2142.12
2128.89
2111.06
2088.1
2059.11
2022.73
1977.17
1918.67
1839.36
1345.77
-0.192878
-0.153431
0.0138642
0.16605
0.314193
0.458979
0.596421
0.718707
0.813628
0.864407
0.849688
2129.69
2125.1
2116.73
2104.3
2087.78
2067.11
2041.53
2009.24
1970.98
1922.07
1861.27
250.014
0.068107
0.0503686
0.103701
0.190482
0.295342
0.404736
0.508698
0.597347
0.65957
0.682868
0.653727
2106.15
2101.94
2094.11
2081.92
2065.58
2045.57
2022.42
1917.07
1543.18
806.529
86.4564
18.9123
0.309345
0.164332
0.143655
0.190526
0.265712
0.348989
0.427609
0.491514
0.531246
0.53762
0.502307
1453.78
1445.01
1270.63
976.236
625.028
295.424
52.2938
-0.0442161
-0.427699
-0.261303
-0.122885
0.999193
0.113411
0.0868422
0.110212
0.159327
0.224594
0.293212
0.354908
0.401628
0.426236
0.422462
0.385338
0.142349
0.116641
0.100409
0.11756
0.0330569
-0.0948118
-0.208504
-0.256871
-0.385006
-0.419596
-0.328687
0.189002
0.0166133
-0.0431603
0.0362137
0.109355
0.178476
0.240943
0.292064
0.327135
0.341697
0.331967
0.29531
0.139571
0.128835
0.115678
0.0946128
0.039844
-0.0444711
-0.146645
-0.279344
-0.485397
-0.719264
-0.753192
-0.529437
-0.271015
-0.148449
-0.0332751
0.0616322
0.137371
0.196931
0.240689
0.267317
0.274841
0.261461
0.226174
0.148959
0.141816
0.128342
0.104474
0.0621711
-0.00450866
-0.106576
-0.278879
-0.637085
-0.666024
-1.12994
-0.94647
5.40104
-0.228212
-0.0783381
0.0309987
0.109423
0.164901
0.201706
0.221183
0.22312
0.207161
0.173236
0.16466
0.158029
0.14609
0.125993
0.0930911
0.0402065
-0.0479132
-0.216832
-0.630263
0.592253
-0.177141
-1.28293
6.75139
-0.333608
-0.0963255
0.0238604
0.0981418
0.145891
0.174661
0.187121
0.184071
0.165935
0.133139
0.18422
0.178755
0.169073
0.153673
0.129794
0.0922402
0.0296421
-0.0865734
-0.368849
-0.946463
0.439067
0.65899
-0.849271
-0.267563
-0.0591904
0.0434624
0.102722
0.138443
0.15768
0.162922
0.155134
0.134969
0.102951
0.205002
0.201045
0.194017
0.183594
0.168169
0.144329
0.106286
0.0440583
-0.0707836
-0.280334
-0.43507
-0.399363
-0.220781
-0.0728585
0.0224387
0.0812774
0.117749
0.138935
0.147992
0.146133
0.133917
0.111879
0.0803629
0.224249
0.221801
0.217571
0.211428
0.202452
0.188582
0.166828
0.132733
0.0818579
0.0150033
-0.0320593
-0.03471
0.00727747
0.0533208
0.0915261
0.118134
0.134769
0.14274
0.142585
0.134411
0.118379
0.0947556
0.0636959
0.240175
0.238867
0.236802
0.23382
0.229042
0.221389
0.209362
0.191024
0.165287
0.136082
0.114731
0.10837
0.114716
0.126811
0.137865
0.145302
0.148228
0.146265
0.138915
0.125777
0.106758
0.081976
0.0514763
0.251786
0.251263
0.25056
0.249387
0.247018
0.242804
0.236167
0.226273
0.212641
0.197151
0.183874
0.175194
0.170532
0.168124
0.165873
0.16228
0.156517
0.147819
0.135391
0.118703
0.0976161
0.0722247
0.0424795
0.258903
0.25881
0.258734
0.258291
0.257046
0.254612
0.250672
0.244704
0.236454
0.226505
0.216204
0.206626
0.197782
0.189237
0.180476
0.170939
0.160023
0.147018
0.131213
0.112262
0.0900478
0.0645918
0.0357798
0.261457
0.261589
0.261597
0.261279
0.260423
0.258848
0.256146
0.25189
0.245824
0.238081
0.229117
0.219326
0.208845
0.197707
0.185938
0.17338
0.159577
0.143969
0.126198
0.1061
0.0835692
0.0585002
0.030755
0.259762
0.259845
0.259761
0.259385
0.258651
0.257323
0.255018
0.251353
0.246121
0.239273
0.230897
0.221093
0.210084
0.198059
0.185144
0.171208
0.155955
0.139071
0.120476
0.100101
0.0778044
0.0534391
0.0269284
0.253993
0.253997
0.253832
0.253395
0.252555
0.25107
0.248678
0.245135
0.240234
0.233811
0.225768
0.216188
0.205286
0.193282
0.180146
0.165774
0.150024
0.132849
0.114218
0.0941138
0.0723929
0.0490143
0.0239741
0.244875
0.244734
0.24445
0.243876
0.242818
0.241127
0.238628
0.235153
0.230455
0.224294
0.21658
0.207422
0.196992
0.185363
0.17244
0.158161
0.14256
0.125671
0.107503
0.0880121
0.0671774
0.0450576
0.021672
0.233225
0.232986
0.232517
0.231745
0.230562
0.22882
0.226373
0.222978
0.21838
0.212407
0.205065
0.196438
0.186587
0.175439
0.162941
0.149113
0.134063
0.117825
0.100429
0.0818661
0.0622011
0.0415271
0.0198378
0.219591
0.219279
0.218705
0.21785
0.216633
0.214917
0.212477
0.209077
0.204557
0.198863
0.192005
0.183987
0.174735
0.164173
0.152297
0.139194
0.124937
0.109599
0.0931989
0.07581
0.0574891
0.0383222
0.0182706
0.204279
0.203992
0.20346
0.20264
0.201432
0.19968
0.197197
0.193855
0.189579
0.184334
0.178062
0.170662
0.162031
0.15214
0.141037
0.128809
0.115513
0.101218
0.0859852
0.069886
0.0529786
0.0353159
0.0168636
0.187974
0.187729
0.187265
0.186488
0.185293
0.183551
0.181173
0.178076
0.174202
0.169459
0.163719
0.15687
0.148855
0.139689
0.129446
0.118181
0.105962
0.0928253
0.0788503
0.0640907
0.0485998
0.0324353
0.0155726
0.171137
0.170912
0.170458
0.169703
0.168562
0.166968
0.164834
0.162081
0.158607
0.154282
0.149001
0.142689
0.13534
0.126993
0.11769
0.107485
0.0964097
0.0845086
0.0718209
0.0584101
0.0443212
0.0296396
0.0143447
0.153882
0.153648
0.153207
0.15251
0.151498
0.150103
0.14824
0.145803
0.142669
0.138749
0.133969
0.128293
0.121727
0.11429
0.105997
0.096885
0.0869757
0.0763004
0.0648946
0.0528137
0.0401158
0.0268934
0.013133
0.136383
0.136165
0.135777
0.135184
0.13433
0.133134
0.131512
0.12936
0.126597
0.123148
0.11896
0.114014
0.108285
0.101775
0.0944889
0.0864346
0.077651
0.0681601
0.0580071
0.0472443
0.0359295
0.0241587
0.0119138
0.118905
0.11873
0.118427
0.117953
0.117244
0.116235
0.114852
0.113023
0.110672
0.107738
0.104182
0.0999539
0.0950377
0.0894127
0.0830773
0.0760445
0.0683397
0.0600106
0.0511029
0.0416581
0.0317305
0.0214123
0.0106813
0.101391
0.101279
0.101061
0.100702
0.100147
0.0993436
0.09823
0.0967483
0.0948324
0.0924263
0.0894751
0.085944
0.0818023
0.0770297
0.071625
0.0656022
0.0589842
0.0518246
0.044172
0.0360555
0.0275206
0.0186452
0.0094262
0.0835424
0.0834864
0.0833558
0.0831252
0.0827551
0.0821939
0.0813902
0.0802865
0.0788285
0.0769547
0.0746195
0.0717899
0.0684244
0.0645185
0.060064
0.0550709
0.049572
0.0436051
0.0372186
0.0304357
0.023295
0.0158646
0.00815544
0.0651938
0.0651929
0.0651663
0.065088
0.0649307
0.06465
0.0641938
0.0635064
0.0625338
0.0612296
0.0595468
0.0574398
0.0548945
0.0518837
0.0484085
0.0444807
0.0401216
0.0353634
0.030246
0.0247991
0.0190468
0.0130511
0.00683411
0.0463906
0.0464522
0.0465413
0.0466407
0.046726
0.0467576
0.0466793
0.046442
0.0459998
0.0453016
0.0442992
0.0429602
0.0412579
0.0391741
0.0367038
0.0338546
0.0306457
0.0271005
0.0232488
0.0191298
0.0147599
0.0101792
0.00543905
0.0273318
0.0274486
0.0276589
0.0279532
0.0282982
0.0286555
0.028979
0.0292178
0.029322
0.029246
0.0289483
0.028392
0.027546
0.0264062
0.0249517
0.0231852
0.021125
0.0187877
0.0161987
0.0133925
0.0103901
0.00722173
0.00394522
0.00800632
0.0081405
0.00847351
0.00897102
0.00959712
0.0103078
0.0110572
0.0117936
0.01247
0.013044
0.01347
0.0137095
0.0137457
0.0135497
0.0131168
0.0124418
0.0115277
0.0103925
0.00905588
0.00754613
0.0058903
0.00413169
0.00231306
-0.0117533
-0.0116089
-0.0111332
-0.0103982
-0.00946772
-0.00838803
-0.00720051
-0.00594888
-0.00468082
-0.00344244
-0.00227329
-0.00120938
-0.000280932
0.000496059
0.00110393
0.00153249
0.00178309
0.00186081
0.00177534
0.00155327
0.0012184
0.00086374
0.000502674
-3.27458
-4.04704
-4.7349
-5.14869
21.9866
-5.45753
-6.07564
-6.31669
371.709
-8.18767
-8.94513
-9.30649
226.596
14.5255
-12.5622
-12.9504
4.35251
34.1684
11.9947
-7.20386
2.6296
2.17174
0.877733
7.90451
1.81395
1.63341
1.37103
1.30449
1.37397
1.28634
1.16209
1.00413
1.04958
0.977692
0.874435
0.737216
0.797057
0.73348
0.647525
0.538805
0.603698
0.54855
0.477938
0.392353
0.456723
0.409404
0.35116
0.282754
0.344478
0.303931
0.255536
0.199918
0.25893
0.223943
0.183118
0.136961
0.19361
0.163103
0.128134
0.0890942
0.143777
0.116834
0.0864321
0.0528675
0.10616
0.0819692
0.0550655
0.0257233
0.0779026
0.0558659
0.0317102
0.00566908
0.0568335
0.0365586
0.0146552
-0.00872054
0.0414411
0.0226113
0.00252729
-0.0187038
0.0303812
0.012756
-0.00584093
-0.0252974
0.0224754
0.00593258
-0.0113701
-0.0293
0.0168227
0.00131192
-0.0147604
-0.0312958
0.012825
-0.00166495
-0.0165408
-0.0318011
0.0100722
-0.00340047
-0.0171624
-0.0312869
0.00827714
-0.00422111
-0.0169938
-0.0301047
0.00713917
-0.00445988
-0.0163307
-0.0284848
0.00640678
-0.00434202
-0.0153387
-0.0265599
0.00587436
-0.00403007
-0.0141373
-0.0244373
0.00548075
-0.00358838
-0.0128219
-0.0222316
0.00518743
-0.00307827
-0.0114848
-0.0200424
0.00492445
-0.00257073
-0.0101824
-0.0179114
0.004647
-0.00210087
-0.00893415
-0.0158447
0.00435355
-0.00164361
-0.00769988
-0.0138107
0.00404809
-0.00120411
-0.00650094
-0.011833
0.00371616
-0.000795951
-0.0053381
-0.00990462
0.00337055
-0.000407605
-0.00421325
-0.00803852
0.00295532
-0.000107264
-0.00319188
-0.00628282
0.0024664
0.000123261
-0.00223613
-0.00460404
0.00187472
0.000239072
-0.00140821
-0.00305612
0.00115036
0.000231452
-0.000693625
-0.00161975
0.00026598
7.84009e-05
-0.000109348
-0.000298932
-5.03606
-4.70786
-4.29692
-3.89396
-3.54398
-3.25302
-3.01386
-2.81771
-2.65484
-2.51925
-2.40619
-2.31209
-2.23429
-2.17079
-2.12019
-2.08132
-2.05341
-2.0359
-2.02846
-6.02394
-5.26029
-4.51703
-3.93305
-3.49776
-3.17123
-2.92126
-2.72502
-2.56706
-2.43839
-2.33253
-2.24516
-2.17327
-2.11475
-2.06819
-2.03247
-2.00682
-1.99073
-1.98388
-7.99399
-5.9233
-4.65136
-3.87188
-3.3751
-3.03304
-2.78721
-2.60166
-2.45626
-2.33943
-2.24409
-2.16575
-2.10137
-2.04906
-2.0074
-1.97543
-1.95245
-1.93803
-1.93189
-10.2143
-6.26282
-4.49747
-3.62436
-3.13408
-2.8234
-2.60768
-2.44767
-2.3233
-2.2236
-2.14218
-2.0751
-2.01981
-1.97477
-1.93879
-1.91109
-1.89114
-1.87859
-1.87325
-10.3828
-5.43497
-3.79599
-3.12866
-2.77269
-2.547
-2.3877
-2.26711
-2.17157
-2.09363
-2.02901
-1.97503
-1.93013
-1.8932
-1.86349
-1.84048
-1.82383
-1.81333
-1.80885
-1.91623
-2.95169
-2.64428
-2.46821
-2.33394
-2.22795
-2.14135
-2.06879
-2.00692
-1.95365
-1.90756
-1.86795
-1.83419
-1.8059
-1.78282
-1.76476
-1.75158
-1.74322
-1.73963
0.4033
-1.12761
-1.64095
-1.83379
-1.89502
-1.90294
-1.8883
-1.8642
-1.83656
-1.80841
-1.78142
-1.75643
-1.73401
-1.71452
-1.69817
-1.68512
-1.67546
-1.66928
-1.66662
0.419641
-0.453227
-1.02439
-1.34534
-1.51566
-1.60392
-1.64685
-1.6645
-1.66783
-1.66314
-1.65414
-1.64315
-1.63168
-1.62073
-1.61096
-1.60281
-1.5966
-1.59256
-1.59079
0.344714
-0.214737
-0.679912
-1.00506
-1.21565
-1.34791
-1.4294
-1.47848
-1.50688
-1.5221
-1.52894
-1.53059
-1.52918
-1.52616
-1.52255
-1.51902
-1.51608
-1.51406
-1.51315
0.257845
-0.130017
-0.490236
-0.777916
-0.989454
-1.13854
-1.24125
-1.31099
-1.35773
-1.38857
-1.40845
-1.42085
-1.42822
-1.43226
-1.43418
-1.43486
-1.43491
-1.43475
-1.43463
0.182136
-0.103075
-0.383409
-0.626778
-0.82204
-0.971433
-1.08255
-1.16379
-1.22252
-1.26461
-1.29452
-1.31557
-1.33022
-1.34025
-1.34696
-1.35132
-1.35401
-1.35551
-1.3561
0.119875
-0.0988833
-0.320893
-0.524386
-0.697994
-0.839163
-0.950425
-1.03634
-1.10179
-1.1512
-1.18824
-1.21583
-1.23623
-1.25111
-1.26179
-1.26924
-1.27419
-1.27712
-1.27831
0.0700211
-0.103229
-0.282534
-0.452934
-0.604831
-0.734181
-0.840818
-0.926762
-0.99495
-1.04845
-1.0901
-1.12229
-1.14694
-1.16556
-1.17937
-1.18933
-1.19612
-1.20022
-1.20192
0.0307784
-0.110023
-0.257513
-0.401148
-0.533368
-0.64999
-0.749604
-0.832694
-0.90079
-0.955909
-1.00011
-1.0352
-1.06275
-1.08407
-1.10024
-1.11212
-1.12035
-1.12538
-1.12747
0.00041757
-0.116512
-0.239822
-0.361983
-0.477124
-0.581461
-0.673117
-0.751691
-0.817834
-0.872788
-0.917909
-0.95451
-0.983816
-1.00691
-1.02471
-1.03798
-1.04728
-1.05299
-1.05539
-0.0226184
-0.121506
-0.226132
-0.331015
-0.431617
-0.524691
-0.60826
-0.681523
-0.744609
-0.798152
-0.84297
-0.879977
-0.910095
-0.934186
-0.953007
-0.967183
-0.977196
-0.983393
-0.985994
-0.0396741
-0.124616
-0.214554
-0.305439
-0.393747
-0.47674
-0.552569
-0.6203
-0.679713
-0.731013
-0.774652
-0.81123
-0.84142
-0.865874
-0.885185
-0.899863
-0.910298
-0.916782
-0.919513
-0.0516928
-0.12574
-0.203981
-0.283448
-0.361368
-0.435483
-0.504157
-0.566425
-0.62186
-0.67042
-0.712292
-0.747846
-0.777543
-0.801856
-0.821235
-0.836068
-0.84667
-0.853285
-0.856079
-0.0597609
-0.124995
-0.193806
-0.263888
-0.333025
-0.39938
-0.461537
-0.518559
-0.569952
-0.615512
-0.655259
-0.689379
-0.718167
-0.741955
-0.761057
-0.775768
-0.786331
-0.792944
-0.795746
-0.064608
-0.122708
-0.183761
-0.246021
-0.307694
-0.367274
-0.423532
-0.475641
-0.523073
-0.565545
-0.602961
-0.635381
-0.662973
-0.685943
-0.704508
-0.718879
-0.729241
-0.735752
-0.738515
-0.0669415
-0.119119
-0.173732
-0.229391
-0.284673
-0.338307
-0.389264
-0.436821
-0.480465
-0.519867
-0.554862
-0.585426
-0.611628
-0.633577
-0.651412
-0.665284
-0.675327
-0.681652
-0.684341
-0.0672962
-0.114492
-0.163677
-0.213726
-0.26346
-0.311843
-0.358045
-0.401425
-0.4415
-0.477918
-0.510486
-0.539118
-0.563808
-0.584599
-0.601574
-0.614832
-0.624465
-0.630547
-0.633138
-0.0661278
-0.109084
-0.153626
-0.198815
-0.243692
-0.287439
-0.329372
-0.368929
-0.405663
-0.439231
-0.469417
-0.496091
-0.519202
-0.538756
-0.554786
-0.567354
-0.576514
-0.58231
-0.584786
-0.0638687
-0.103139
-0.143626
-0.184541
-0.225138
-0.264768
-0.302865
-0.338932
-0.372553
-0.40341
-0.431278
-0.456009
-0.477527
-0.495804
-0.510848
-0.522678
-0.53132
-0.536804
-0.539149
-0.0608826
-0.0968657
-0.133727
-0.170845
-0.207644
-0.243602
-0.278234
-0.311098
-0.341818
-0.370104
-0.395741
-0.418576
-0.438516
-0.455516
-0.469552
-0.480618
-0.488722
-0.49387
-0.496078
-0.0574275
-0.0903934
-0.123976
-0.157699
-0.191104
-0.223757
-0.255229
-0.285138
-0.313156
-0.339019
-0.362527
-0.383532
-0.401936
-0.417672
-0.430693
-0.440988
-0.448539
-0.453329
-0.4554
-0.0536539
-0.0838196
-0.114423
-0.14508
-0.175419
-0.205062
-0.233638
-0.260819
-0.286319
-0.309907
-0.331398
-0.350653
-0.367567
-0.38206
-0.394082
-0.403603
-0.4106
-0.415058
-0.416964
-0.0496726
-0.0772361
-0.105108
-0.132971
-0.160506
-0.187384
-0.213292
-0.237943
-0.261099
-0.282556
-0.302144
-0.319727
-0.3352
-0.348488
-0.359531
-0.368286
-0.37473
-0.378838
-0.380596
-0.0455949
-0.070732
-0.0960748
-0.121357
-0.146293
-0.170612
-0.194044
-0.216352
-0.237324
-0.256779
-0.274568
-0.290559
-0.304652
-0.31677
-0.326857
-0.334865
-0.340762
-0.344529
-0.346145
-0.0415301
-0.0643739
-0.0873445
-0.110208
-0.132723
-0.154656
-0.175784
-0.195906
-0.214834
-0.232409
-0.248492
-0.262969
-0.275739
-0.286734
-0.295896
-0.303176
-0.308545
-0.311976
-0.313449
-0.0375464
-0.0582005
-0.078917
-0.0994982
-0.119739
-0.139438
-0.158411
-0.176481
-0.193489
-0.209287
-0.223752
-0.236785
-0.248296
-0.258216
-0.266487
-0.273065
-0.27792
-0.281025
-0.282359
-0.0336689
-0.0522148
-0.0707771
-0.0891945
-0.107288
-0.12489
-0.141833
-0.157968
-0.173158
-0.187272
-0.200205
-0.211864
-0.222171
-0.231059
-0.238473
-0.244378
-0.248736
-0.251523
-0.252724
-0.029895
-0.046404
-0.0629116
-0.0792706
-0.0953298
-0.11094
-0.125962
-0.140263
-0.153725
-0.166244
-0.177717
-0.188064
-0.197217
-0.205114
-0.211708
-0.216961
-0.220843
-0.223326
-0.224395
-0.0262165
-0.0407686
-0.0553067
-0.0696997
-0.0838145
-0.0975261
-0.110719
-0.123274
-0.135092
-0.146083
-0.156159
-0.16525
-0.173297
-0.180244
-0.186049
-0.190676
-0.194096
-0.196282
-0.197227
-0.0226398
-0.0353037
-0.0479432
-0.0604453
-0.0726959
-0.084594
-0.0960324
-0.106916
-0.117159
-0.126682
-0.135418
-0.143303
-0.150282
-0.156316
-0.161361
-0.165383
-0.168352
-0.170252
-0.171077
-0.0191617
-0.0299969
-0.0407995
-0.0514742
-0.0619315
-0.0720784
-0.0818301
-0.0911057
-0.0998299
-0.107944
-0.115387
-0.122106
-0.128058
-0.133201
-0.137507
-0.140944
-0.14348
-0.145105
-0.14581
-0.0157868
-0.0248397
-0.0338568
-0.0427587
-0.0514739
-0.0599261
-0.0680433
-0.0757606
-0.0830207
-0.0897695
-0.0959583
-0.101548
-0.106501
-0.110781
-0.114369
-0.117233
-0.11935
-0.120707
-0.121297
-0.0125285
-0.019829
-0.0270978
-0.034268
-0.0412822
-0.0480829
-0.0546074
-0.0608105
-0.0666462
-0.0720634
-0.0770333
-0.0815212
-0.0854984
-0.088944
-0.0918264
-0.0941308
-0.095836
-0.0969294
-0.0974081
-0.00938473
-0.0149581
-0.0205021
-0.0259708
-0.0313165
-0.0364941
-0.0414633
-0.046182
-0.0506152
-0.0547377
-0.0585149
-0.061924
-0.0649495
-0.0675682
-0.0697627
-0.0715179
-0.0728191
-0.0736524
-0.0740151
-0.00636367
-0.0102207
-0.0140561
-0.0178387
-0.0215346
-0.0251129
-0.0285443
-0.0317996
-0.0348576
-0.0377021
-0.0403088
-0.0426591
-0.0447411
-0.046548
-0.0480662
-0.0492752
-0.0501765
-0.0507549
-0.0510042
-0.00345772
-0.00560582
-0.00774025
-0.00984219
-0.0118959
-0.0138855
-0.0157913
-0.0175985
-0.0192975
-0.0208732
-0.0223199
-0.0236205
-0.024774
-0.0257801
-0.026617
-0.0272903
-0.027792
-0.0281109
-0.0282515
-0.000667778
-0.00110109
-0.00152993
-0.00195232
-0.0023647
-0.00276393
-0.00314759
-0.00351003
-0.00384947
-0.00416683
-0.00445544
-0.00471473
-0.00494586
-0.0051471
-0.00531586
-0.00544826
-0.00554931
-0.00561417
-0.00564067
)
;

boundaryField
{
    leftWall
    {
        type            fixedFluxPressure;
        gradient        uniform 0;
        value           nonuniform List<scalar> 
100
(
2498.91
2497.89
2495.52
2491.81
2486.79
2480.51
2473.02
2464.37
2451.84
2427.35
2399.19
2368.24
2335.39
2301.54
2267.55
2234.24
2202.3
2172.32
2144.73
2120.09
2095.84
192.727
0.135594
0.144706
0.157974
0.175319
0.195586
0.215638
0.233083
0.246737
0.255978
0.260713
0.261082
0.257317
0.249801
0.239352
0.226696
0.212158
0.196272
0.179658
0.162608
0.145197
0.127685
0.110202
0.0925363
0.0744298
0.0558287
0.0368732
0.0176912
-0.00156064
2498.57
2496.88
2493.83
2489.46
2483.8
2476.91
2468.84
2459.64
2440.1
2413.67
2384.01
2351.99
2318.53
2284.51
2250.76
2218.06
2187.03
2158.21
2131.99
2108.51
1651.2
0.127761
0.140045
0.15099
0.166002
0.18528
0.20585
0.224764
0.240464
0.251896
0.258928
0.261396
0.259729
0.253974
0.244893
0.233269
0.219652
0.204333
0.188026
0.17118
0.153934
0.136428
0.118942
0.101412
0.0835541
0.0651942
0.0463788
0.0273178
0.0080443
-0.0112773
)
;
    }
    rightWall
    {
        type            fixedFluxPressure;
        gradient        uniform 0;
        value           nonuniform List<scalar> 
100
(
-2.12156
-2.119
-2.11431
-2.10756
-2.09877
-2.08794
-2.07515
-2.06039
-2.02846
-1.98388
-1.93189
-1.87325
-1.80885
-1.73963
-1.66662
-1.59079
-1.51315
-1.43463
-1.3561
-1.27831
-1.20192
-1.12747
-1.05539
-0.985994
-0.919513
-0.856079
-0.795746
-0.738515
-0.684341
-0.633138
-0.584786
-0.539149
-0.496078
-0.4554
-0.416964
-0.380596
-0.346145
-0.313449
-0.282359
-0.252724
-0.224395
-0.197227
-0.171077
-0.14581
-0.121297
-0.0974081
-0.0740151
-0.0510042
-0.0282515
-0.00564067
-2.12209
-2.12056
-2.11691
-2.11119
-2.10342
-2.0936
-2.08179
-2.06801
-2.04775
-2.00714
-1.95877
-1.90335
-1.84171
-1.77478
-1.70354
-1.62899
-1.55214
-1.47395
-1.39532
-1.31706
-1.2399
-1.16442
-1.09111
-1.02034
-0.952379
-0.887411
-0.825523
-0.766744
-0.71105
-0.658375
-0.608613
-0.561638
-0.517302
-0.475452
-0.435914
-0.398531
-0.363141
-0.329587
-0.297713
-0.267369
-0.238405
-0.210675
-0.184033
-0.158341
-0.133467
-0.109282
-0.0856558
-0.0624701
-0.0396032
-0.0169346
)
;
    }
    lowerWall
    {
        type            fixedFluxPressure;
        gradient        uniform 0;
        value           nonuniform List<scalar> 
124
(
2500.2
2495.16
2484.63
2469.54
2449.42
2423.68
2391.72
2352.97
2306.96
2253.49
2192.84
2126.22
2056.43
1988.84
1933.12
1905.82
1934
2061.84
2345.67
2841.23
3494.05
3932.97
4068.31
4061.59
4302.59
4407.98
4318.81
4062.95
3654.53
2899.26
1695.33
-4.17402
-4.74004
-5.36329
-6.04539
-3.99244
-3.99859
-4.01401
-4.03912
-4.07657
-4.1347
-4.23566
-4.42308
-3.98443
-3.93479
-3.83252
-3.68498
-3.50953
-3.32368
-3.14056
-2.96849
-2.81195
-2.67284
-2.5515
-2.44765
-2.35974
-2.28708
-2.22867
-2.1836
-2.15116
-2.13079
-2.12209
2498.91
2498.6
2490.45
2477.68
2460.14
2437.29
2408.51
2373.22
2330.89
2281.15
2224.01
2160.15
2091.46
2021.89
1958.66
1914.52
1910.74
1981.54
2180.09
2565.24
3162.56
3765.94
3927.35
95.5367
-4.57986
-4.99838
-5.85716
-3.99244
-3.96595
-3.89016
-3.76342
-3.59957
-3.41696
-3.23116
-3.05279
-2.88812
-2.74017
-2.60997
-2.49738
-2.40172
-2.32157
-2.25615
-2.20452
-2.16583
-2.1395
-2.125
4068.31
4154.93
4389.47
4388.17
4199.65
3887.68
3335.62
2339.59
-3.99431
-4.00516
-4.02526
-4.05598
-4.10209
-4.17763
-4.31182
-4.57944
)
;
    }
    atmosphere
    {
        type            totalPressure;
        rho             rho;
        psi             none;
        gamma           1;
        p0              uniform 0;
        value           nonuniform List<scalar> 
92
(
-0.0171659
-0.0169227
-0.0163772
-0.0155619
-0.0145358
-0.0133446
-0.0120269
-0.0106237
-0.00918288
-0.00775419
-0.00637775
-0.005087
-0.00391072
-0.00287166
-0.00198663
-0.0012651
-0.000709854
-0.00031825
-8.41502e-05
-4.42377e-07
0
0
0
0
0
0
0
0
0
0
0
0
0
0
0
0
0
0
0
0
0
0
0
0
0
0
-0.0161614
-0.0170491
-0.0166867
-0.0159989
-0.0150723
-0.0139587
-0.0126993
-0.0113333
-0.0099048
-0.0084646
-0.00705748
-0.00571995
-0.00448322
-0.00337313
-0.00240946
-0.00160535
-0.000966882
-0.000493935
-0.000182
-2.37874e-05
0
0
0
0
0
0
0
0
0
0
0
0
0
0
0
0
0
0
0
0
0
0
0
0
0
0
)
;
    }
    defaultFaces
    {
        type            empty;
    }
}


// ************************************************************************* //
