/*--------------------------------*- C++ -*----------------------------------*\
| =========                 |                                                 |
| \\      /  F ield         | OpenFOAM: The Open Source CFD Toolbox           |
|  \\    /   O peration     | Version:  v1912                                 |
|   \\  /    A nd           | Website:  www.openfoam.com                      |
|    \\/     M anipulation  |                                                 |
\*---------------------------------------------------------------------------*/
FoamFile
{
    version     2.0;
    format      ascii;
    class       volScalarField;
    location    "0.05";
    object      p;
}
// * * * * * * * * * * * * * * * * * * * * * * * * * * * * * * * * * * * * * //

dimensions      [1 -1 -2 0 0 0 0];


internalField   nonuniform List<scalar> 
9072
(
1282.45
1304.47
1287.43
1260.33
1222.67
1173.79
1112.83
1038.42
948.621
840.698
711.023
554.413
356.389
120.096
20.826
5.37345
2.94161
2.42803
2.15759
1.98658
1.87552
1.80551
1.76906
1225.52
1246.76
1229.75
1202.69
1165.06
1116.23
1055.34
980.995
891.223
783.221
653.164
495.463
290.954
56.4758
7.20685
3.21026
2.52302
2.30046
2.07501
1.91557
1.80825
1.73937
1.70339
1170.14
1190.63
1173.66
1146.67
1109.15
1060.45
999.707
925.513
835.824
727.712
596.883
436.954
217.915
23.1883
3.92434
2.24992
2.14167
2.11228
1.96203
1.82778
1.72856
1.66224
1.62701
1116.33
1136.06
1119.17
1092.3
1054.94
1006.45
945.96
872.014
782.526
674.395
542.84
380.907
145.947
10.2387
2.54688
1.97137
1.967
1.94524
1.83924
1.72806
1.63814
1.57477
1.53978
1064.07
1083.07
1066.28
1039.57
1002.44
954.253
894.117
820.559
731.449
623.581
491.812
329.437
88.7872
4.95177
1.9637
1.8185
1.81855
1.79407
1.71217
1.62009
1.53896
1.47755
1.44177
1013.41
1031.65
1015
988.499
951.671
903.879
844.22
771.226
682.759
575.571
444.473
283.971
49.6177
2.73182
1.70917
1.6852
1.6793
1.65164
1.58591
1.50696
1.43237
1.37146
1.33167
964.314
981.82
965.33
939.099
902.651
855.355
796.308
724.077
636.553
530.586
401.207
244.496
26.6843
1.9657
1.56043
1.55524
1.54593
1.51668
1.45903
1.39043
1.32067
1.25771
1.20903
916.736
933.579
917.291
891.382
855.4
808.711
750.426
679.174
592.943
488.774
362.108
211.121
14.5842
1.62887
1.43681
1.42683
1.41406
1.38475
1.33497
1.27263
1.2055
1.13878
1.07222
0.861181
0.884496
0.87127
0.853262
0.832945
0.812001
0.79141
0.771785
0.753504
0.736758
0.721616
0.708062
0.696099
0.685802
0.67725
0.670453
0.665357
0.661884
0.659979
0.80368
0.826421
0.812974
0.794698
0.774166
0.753084
0.732407
0.712738
0.694446
0.677697
0.662544
0.648982
0.637022
0.626734
0.618189
0.611396
0.606302
0.60283
0.600926
0.747322
0.7694
0.755367
0.736487
0.715492
0.694087
0.673196
0.653414
0.635089
0.618329
0.603145
0.589559
0.577618
0.567369
0.558851
0.552064
0.546968
0.543495
0.541592
0.691912
0.713665
0.698587
0.678628
0.656863
0.634965
0.613766
0.593816
0.575423
0.558629
0.543401
0.529791
0.517889
0.507712
0.499243
0.492467
0.487362
0.483883
0.481978
0.637219
0.659047
0.642383
0.62097
0.598199
0.575674
0.55411
0.533952
0.515434
0.498568
0.483302
0.469694
0.457847
0.44776
0.439358
0.432603
0.427489
0.423997
0.422088
0.582315
0.606118
0.586933
0.563465
0.539423
0.51616
0.494195
0.473804
0.455111
0.438135
0.422848
0.409282
0.397508
0.387509
0.379185
0.372468
0.367352
0.363846
0.361932
0.525677
0.554792
0.531826
0.505956
0.480472
0.456361
0.433958
0.413323
0.394441
0.377342
0.362052
0.348565
0.336879
0.32696
0.318715
0.312051
0.30695
0.303437
0.301514
0.459547
0.505992
0.476943
0.448241
0.421222
0.396225
0.373334
0.35244
0.333403
0.316216
0.300937
0.287545
0.275959
0.266115
0.257939
0.251339
0.246278
0.242775
0.24085
832.816
873.766
857.781
832.351
797.052
751.264
694.128
624.373
540.173
438.925
316.715
172.998
7.27474
1.27374
1.27366
1.26571
1.25166
1.22286
1.17791
1.12206
1.05779
0.985011
0.88245
742.823
780.497
765.133
740.702
706.828
662.959
608.359
541.981
462.403
367.749
255.368
126.343
3.06957
0.946605
1.01269
1.01339
0.999018
0.972226
0.933473
0.883681
0.823856
0.752614
0.664909
659.764
694.27
679.665
656.46
624.339
582.85
531.423
469.269
395.404
308.656
207.437
93.7331
1.58805
0.735577
0.77468
0.770904
0.755968
0.731735
0.697851
0.654202
0.601646
0.540386
0.469485
583.454
614.956
601.233
579.455
549.371
510.643
462.873
405.526
338.009
259.721
169.821
70.3849
0.83401
0.544015
0.543787
0.53649
0.52167
0.500377
0.470941
0.433242
0.388309
0.336655
0.279334
513.586
542.293
529.542
509.344
481.514
445.817
402.015
349.802
288.888
219.072
139.995
53.396
0.368826
0.309373
0.310729
0.306355
0.293959
0.275947
0.250657
0.218749
0.181067
0.138183
0.0916197
449.781
475.919
464.205
445.685
420.244
387.741
348.06
301.074
246.724
185.073
116.047
40.8885
0.111073
0.0725405
0.0837931
0.0822203
0.0721915
0.0572429
0.0361536
0.00961152
-0.0216705
-0.0567912
-0.0946656
391.637
415.432
404.792
388.008
365.018
335.765
300.226
258.4
210.378
156.388
96.5228
31.4931
-0.0847676
-0.130455
-0.131078
-0.135156
-0.144115
-0.156199
-0.173309
-0.195029
-0.220542
-0.249066
-0.279808
338.715
360.402
350.847
335.813
315.277
289.24
257.754
220.901
178.868
131.957
80.3402
24.2459
-0.324457
-0.335578
-0.342157
-0.3481
-0.355925
-0.365242
-0.378707
-0.395987
-0.416242
-0.439027
-0.463802
290.532
310.364
301.888
288.579
270.446
247.532
219.937
187.795
151.345
110.918
66.7039
18.5036
-0.594455
-0.554593
-0.554145
-0.558713
-0.564503
-0.570866
-0.580781
-0.593777
-0.609357
-0.627153
-0.646808
246.611
264.822
257.408
245.773
229.957
210.034
186.125
158.401
127.119
92.6035
55.0406
13.9357
-0.746246
-0.762841
-0.764873
-0.767766
-0.770563
-0.773675
-0.780008
-0.789002
-0.800378
-0.813812
-0.828853
206.443
223.273
216.871
206.841
193.24
176.145
155.699
132.093
105.578
76.4609
44.8941
10.1406
-1.00264
-0.981447
-0.977085
-0.975676
-0.974526
-0.974277
-0.977048
-0.98229
-0.989668
-0.998942
-1.00992
169.526
185.206
179.77
171.263
159.747
145.309
128.105
108.33
86.2196
62.0498
35.9349
6.95837
-1.27676
-1.20632
-1.18894
-1.18156
-1.1764
-1.17277
-1.1722
-1.17378
-1.17731
-1.18266
-1.18981
135.431
150.139
145.615
138.543
128.979
117.027
102.849
86.6267
68.593
48.9958
27.9134
4.36325
-1.47083
-1.41314
-1.39384
-1.38374
-1.37571
-1.36928
-1.3654
-1.36351
-1.36343
-1.36502
-1.36836
103.592
117.614
113.929
108.187
100.442
90.8084
79.429
66.4948
52.2491
36.9106
20.5565
2.24978
-1.6383
-1.60522
-1.59144
-1.58209
-1.57266
-1.56401
-1.55709
-1.55171
-1.54797
-1.5459
-1.54562
73.6166
87.1122
84.2232
79.7192
73.6599
66.158
57.3619
47.4732
36.7368
25.397
13.5891
0.52194
-1.80789
-1.79221
-1.78568
-1.77868
-1.76858
-1.75753
-1.74746
-1.73855
-1.73103
-1.72535
-1.72156
45.2493
58.0685
55.9048
52.5436
48.0391
42.4894
36.0489
28.9247
21.3829
13.7726
6.40403
-0.952706
-1.97127
-1.97818
-1.98118
-1.97701
-1.96541
-1.95112
-1.93703
-1.92407
-1.91271
-1.9034
-1.89603
17.289
31.5628
30.0816
27.7894
24.744
21.0101
16.7254
12.0897
7.4113
3.18257
-0.0362221
-1.90022
-2.14369
-2.16691
-2.18553
-2.18183
-2.16544
-2.14554
-2.12615
-2.10837
-2.09286
-2.07977
-2.06884
-4.52865
-0.104583
-0.975652
-2.28785
-4.05801
-6.21768
-8.67729
-11.2597
-13.6926
-15.36
-15.1078
-9.03729
-2.21274
-2.38357
-2.41434
-2.39904
-2.37034
-2.34093
-2.31432
-2.29103
-2.27111
-2.25413
-2.23974
-3.88453
5.01938
5.01791
4.94882
4.82907
4.72048
4.60104
4.49806
4.44078
4.47463
4.61871
-0.45979
-2.95018
-2.7833
-2.69364
-2.63088
-2.57827
-2.5354
-2.50029
-2.47106
-2.44656
-2.42589
-2.40839
-4.01472
-3.99541
-3.99026
-3.97938
-3.96364
-3.94392
-3.92046
-3.89341
-3.86443
-3.83875
-3.83692
-3.95945
-4.4394
-3.39542
-3.00137
-2.86219
-2.78154
-2.72501
-2.6817
-2.64695
-2.61841
-2.59451
-2.57425
-4.03974
-4.02287
-4.01458
-4.0035
-3.98709
-3.9662
-3.94072
-3.91118
-3.87695
-3.84068
-3.8053
-3.80032
-3.74552
-3.43084
-3.19949
-3.05877
-2.96841
-2.90467
-2.85619
-2.81756
-2.78588
-2.75944
-2.73703
-4.07068
-4.048
-4.04158
-4.02925
-4.01202
-3.98992
-3.96299
-3.93043
-3.89253
-3.84694
-3.79497
-3.7341
-3.62697
-3.46522
-3.3252
-3.21738
-3.13538
-3.07231
-3.02237
-2.98189
-2.94852
-2.92047
-2.8966
-4.11969
-4.09128
-4.08282
-4.06961
-4.05171
-4.02878
-4.00024
-3.96593
-3.92513
-3.87737
-3.81967
-3.74894
-3.65542
-3.54743
-3.44629
-3.35957
-3.28778
-3.22898
-3.1805
-3.14017
-3.1063
-3.07755
-3.05297
-4.17125
-4.14161
-4.13381
-4.12129
-4.10369
-4.08079
-4.05266
-4.01818
-3.97744
-3.92933
-3.8726
-3.80571
-3.72723
-3.64426
-3.5649
-3.49322
-3.43089
-3.37747
-3.33178
-3.29277
-3.25946
-3.23084
-3.20609
-4.2278
-4.19575
-4.18831
-4.1762
-4.15939
-4.13756
-4.11015
-4.07725
-4.03826
-3.99276
-3.94032
-3.88074
-3.8153
-3.74799
-3.68279
-3.62233
-3.56788
-3.51961
-3.47732
-3.4405
-3.40845
-3.38046
-3.35604
-4.28934
-4.25487
-4.24778
-4.23663
-4.22065
-4.20002
-4.17424
-4.14319
-4.10715
-4.06548
-4.01854
-3.96669
-3.91141
-3.85512
-3.80019
-3.74829
-3.70042
-3.6571
-3.61834
-3.58399
-3.55362
-3.52674
-3.50304
-4.356
-4.31935
-4.31285
-4.30221
-4.28756
-4.26833
-4.24458
-4.21637
-4.18344
-4.14595
-4.1044
-4.05931
-4.01198
-3.96409
-3.91705
-3.87201
-3.82987
-3.79101
-3.75569
-3.72396
-3.6955
-3.67004
-3.64735
-4.42672
-4.38838
-4.38229
-4.37267
-4.35924
-4.34191
-4.32044
-4.29492
-4.26535
-4.23203
-4.19541
-4.15625
-4.11546
-4.07428
-4.03357
-3.99424
-3.957
-3.92223
-3.89024
-3.86106
-3.83461
-3.8107
-3.78921
-4.50217
-4.46169
-4.45623
-4.44753
-4.43545
-4.41972
-4.40054
-4.37787
-4.35162
-4.32228
-4.29034
-4.25627
-4.22106
-4.1854
-4.14992
-4.11542
-4.08243
-4.05135
-4.02244
-3.9958
-3.97135
-3.94903
-3.92884
-4.58089
-4.539
-4.53404
-4.52611
-4.51512
-4.50121
-4.48423
-4.46414
-4.44127
-4.41579
-4.38793
-4.3585
-4.32811
-4.29707
-4.26608
-4.23574
-4.20649
-4.17872
-4.15269
-4.12844
-4.10596
-4.08532
-4.06648
-4.66317
-4.6197
-4.61517
-4.60803
-4.59828
-4.58586
-4.57092
-4.55351
-4.53366
-4.51151
-4.48757
-4.46232
-4.43594
-4.40893
-4.38188
-4.3552
-4.32929
-4.30452
-4.28112
-4.25915
-4.23868
-4.21974
-4.20236
-4.74804
-4.70351
-4.6994
-4.69298
-4.68428
-4.67343
-4.66038
-4.64519
-4.628
-4.60907
-4.58862
-4.56677
-4.54391
-4.52052
-4.49696
-4.47359
-4.45076
-4.42878
-4.40787
-4.38815
-4.3697
-4.35255
-4.33673
-4.83641
-4.79025
-4.7866
-4.78092
-4.77329
-4.76374
-4.75234
-4.73918
-4.72442
-4.70813
-4.69039
-4.67149
-4.65179
-4.6316
-4.61118
-4.59085
-4.57092
-4.55163
-4.53316
-4.51567
-4.49926
-4.48394
-4.46973
-4.92783
-4.88031
-4.87708
-4.87206
-4.86531
-4.85692
-4.84694
-4.83546
-4.82254
-4.80829
-4.79293
-4.77667
-4.75973
-4.74235
-4.72475
-4.70724
-4.69006
-4.67334
-4.65725
-4.64197
-4.62757
-4.61407
-4.6015
-5.02207
-4.97345
-4.97055
-4.96607
-4.96006
-4.95258
-4.94373
-4.93359
-4.92226
-4.90993
-4.89671
-4.88275
-4.86822
-4.85333
-4.83833
-4.82341
-4.80872
-4.79438
-4.78056
-4.76737
-4.7549
-4.74316
-4.73221
-5.11784
-5.06874
-5.06621
-5.06225
-5.05693
-5.05035
-5.04259
-5.03376
-5.02398
-5.01336
-5.00202
-4.99009
-4.97775
-4.96518
-4.95252
-4.93989
-4.92741
-4.91524
-4.90349
-4.89221
-4.88151
-4.87145
-4.86207
-5.21454
-5.16517
-5.16302
-5.15966
-5.15515
-5.14953
-5.14291
-5.13538
-5.12705
-5.11804
-5.10847
-5.09849
-5.08822
-5.07775
-5.06718
-5.05664
-5.04625
-5.0361
-5.02624
-5.01673
-5.0077
-4.99922
-4.99131
-5.31244
-5.26254
-5.26076
-5.25797
-5.25423
-5.24957
-5.24408
-5.23782
-5.23092
-5.22349
-5.21565
-5.20748
-5.19908
-5.19054
-5.18196
-5.17345
-5.16507
-5.15683
-5.14878
-5.14098
-5.1336
-5.12664
-5.12013
-5.41155
-5.36128
-5.35985
-5.35764
-5.35465
-5.3509
-5.34647
-5.34142
-5.33586
-5.32987
-5.32355
-5.31699
-5.3103
-5.3036
-5.29692
-5.29031
-5.28378
-5.27736
-5.27108
-5.26501
-5.25921
-5.25374
-5.2486
-5.51114
-5.46089
-5.45985
-5.45816
-5.45588
-5.45303
-5.44965
-5.44579
-5.44151
-5.43691
-5.43207
-5.42709
-5.42209
-5.41711
-5.41217
-5.40729
-5.40248
-5.39779
-5.39323
-5.38881
-5.38458
-5.38058
-5.37681
-5.61115
-5.56072
-5.55994
-5.55873
-5.55712
-5.55515
-5.55284
-5.55022
-5.54734
-5.54424
-5.54098
-5.53764
-5.53428
-5.53094
-5.52765
-5.52443
-5.52128
-5.51825
-5.51533
-5.51252
-5.50982
-5.50728
-5.50487
-5.71084
-5.66126
-5.6608
-5.66009
-5.65914
-5.658
-5.65668
-5.6552
-5.65359
-5.6519
-5.65015
-5.64837
-5.6466
-5.64487
-5.64321
-5.64163
-5.64014
-5.63874
-5.63743
-5.63621
-5.63504
-5.63395
-5.63291
0.55532
0.562541
0.553082
0.518792
0.572207
0.512839
0.466401
0.426375
0.401134
0.363601
0.328045
0.295159
0.226855
0.198157
0.170514
0.143996
0.0496304
0.0268427
0.00478738
-0.0165964
-0.128695
-0.147075
-0.16493
-0.182387
-0.307392
-0.322228
-0.336744
-0.351112
-0.486055
-0.498024
-0.509802
-0.52152
-0.664613
-0.674195
-0.683607
-0.692897
-0.842808
-0.850307
-0.857502
-0.864543
-1.0203
-1.02578
-1.03094
-1.03598
-1.19675
-1.20032
-1.20366
-1.20692
-1.37204
-1.37389
-1.37557
-1.37725
-1.54621
-1.54647
-1.54665
-1.54687
-1.71918
-1.71794
-1.7167
-1.71555
-1.89076
-1.88808
-1.88549
-1.88305
-2.06077
-2.0567
-2.05281
-2.04916
-2.22905
-2.22362
-2.21847
-2.21373
-2.39525
-2.38858
-2.38238
-2.37669
-2.55904
-2.55139
-2.54432
-2.5378
-2.72025
-2.71186
-2.70408
-2.69683
-2.87876
-2.86981
-2.86144
-2.85363
-3.03447
-3.02511
-3.01635
-3.00814
-3.18731
-3.17777
-3.16879
-3.16033
-3.33735
-3.32782
-3.3188
-3.31023
-3.48476
-3.47537
-3.46642
-3.4579
-3.6297
-3.62055
-3.61179
-3.60341
-3.77234
-3.76352
-3.75503
-3.74693
-3.91285
-3.90443
-3.89636
-3.88866
-4.05145
-4.04356
-4.03599
-4.02872
-4.18844
-4.18112
-4.17407
-4.16725
-4.324
-4.31726
-4.31074
-4.30441
-4.45826
-4.45214
-4.44618
-4.44038
-4.59132
-4.58589
-4.58056
-4.57531
-4.72334
-4.71862
-4.71395
-4.70932
-4.85448
-4.85046
-4.84645
-4.84244
-4.98492
-4.98155
-4.97818
-4.97481
-5.11484
-5.11205
-5.10929
-5.10654
-5.24439
-5.24216
-5.23998
-5.23785
-5.3737
-5.37205
-5.37045
-5.36891
-5.50287
-5.50182
-5.50082
-5.49986
-5.63205
-5.6316
-5.63118
-5.63079
0.45852
0.443998
0.406035
0.373685
0.344705
0.318582
0.295043
0.273816
0.254658
0.237449
0.222208
0.20892
0.197461
0.187714
0.179614
0.173099
0.168115
0.164652
0.162735
0.381397
0.327074
0.283457
0.246785
0.215353
0.187809
0.163424
0.141789
0.122567
0.105463
0.0903555
0.0772322
0.0659762
0.0564106
0.0484549
0.0420833
0.0372342
0.033861
0.0319815
0.255224
0.198587
0.152877
0.114699
0.082258
0.0541084
0.0294065
0.0077028
-0.0113634
-0.0282037
-0.043057
-0.0559339
-0.0669298
-0.0762621
-0.0840258
-0.0902172
-0.0949041
-0.0981698
-0.100004
0.110336
0.0584217
0.0144501
-0.0229289
-0.0549531
-0.0827958
-0.107193
-0.128552
-0.147202
-0.163592
-0.178045
-0.190576
-0.201244
-0.210286
-0.217807
-0.223778
-0.228275
-0.231414
-0.23319
-0.0446196
-0.090227
-0.130533
-0.165637
-0.196145
-0.222884
-0.246394
-0.266994
-0.284951
-0.300694
-0.314599
-0.32668
-0.336945
-0.34563
-0.352854
-0.358568
-0.362849
-0.365841
-0.367546
-0.205576
-0.244767
-0.280614
-0.312619
-0.340879
-0.365919
-0.388069
-0.407545
-0.424548
-0.439459
-0.452681
-0.464209
-0.473986
-0.482245
-0.48912
-0.494543
-0.498582
-0.501408
-0.50303
-0.370274
-0.403336
-0.434511
-0.463042
-0.488617
-0.511547
-0.531986
-0.550054
-0.565884
-0.579804
-0.592226
-0.603104
-0.612304
-0.620066
-0.626549
-0.631654
-0.635429
-0.638068
-0.639595
-0.537159
-0.564618
-0.591216
-0.616138
-0.638795
-0.659352
-0.677847
-0.694317
-0.708811
-0.721612
-0.733138
-0.743275
-0.751813
-0.759015
-0.765066
-0.769831
-0.773325
-0.77576
-0.777179
-0.705288
-0.727678
-0.749963
-0.771264
-0.79091
-0.808961
-0.82538
-0.840141
-0.853193
-0.864781
-0.875327
-0.884642
-0.892444
-0.899033
-0.904624
-0.909029
-0.912227
-0.914445
-0.915748
-0.874025
-0.891798
-0.910063
-0.92786
-0.944497
-0.960002
-0.974296
-0.987299
-0.998851
-1.00915
-1.01865
-1.02707
-1.03408
-1.04003
-1.04514
-1.04916
-1.05205
-1.05404
-1.05522
-1.04287
-1.05647
-1.071
-1.08548
-1.09918
-1.11216
-1.12434
-1.13558
-1.14559
-1.15457
-1.16296
-1.17044
-1.17662
-1.1819
-1.18652
-1.19016
-1.19272
-1.19448
-1.19554
-1.2115
-1.22132
-1.23243
-1.24374
-1.25462
-1.26516
-1.27527
-1.28475
-1.29321
-1.30085
-1.30811
-1.31461
-1.31995
-1.32458
-1.32868
-1.33191
-1.33415
-1.33568
-1.33662
-1.37977
-1.3861
-1.39402
-1.40233
-1.41054
-1.41876
-1.42687
-1.4346
-1.44152
-1.44783
-1.45396
-1.45946
-1.46397
-1.46795
-1.47154
-1.47435
-1.47626
-1.47756
-1.47838
-1.54746
-1.55058
-1.55548
-1.56098
-1.56669
-1.57272
-1.57889
-1.58491
-1.59032
-1.59534
-1.60035
-1.60487
-1.60858
-1.61192
-1.615
-1.61737
-1.61895
-1.62004
-1.62075
-1.71436
-1.71452
-1.71659
-1.71946
-1.72286
-1.72682
-1.73114
-1.7355
-1.73946
-1.74324
-1.74717
-1.75074
-1.75366
-1.75639
-1.75895
-1.76088
-1.76214
-1.76304
-1.76365
-1.88025
-1.87768
-1.87712
-1.87757
-1.87883
-1.88085
-1.88341
-1.88619
-1.88877
-1.89138
-1.89428
-1.89693
-1.89912
-1.90126
-1.9033
-1.90479
-1.90574
-1.90646
-1.90698
-2.04491
-2.03987
-2.03686
-2.0351
-2.0344
-2.03462
-2.03554
-2.03683
-2.03811
-2.03966
-2.04159
-2.04336
-2.04485
-2.04642
-2.04794
-2.04901
-2.04967
-2.05024
-2.05068
-2.20817
-2.20086
-2.19563
-2.19189
-2.18941
-2.18797
-2.18737
-2.18726
-2.18738
-2.18796
-2.18897
-2.18991
-2.19075
-2.19178
-2.1928
-2.19346
-2.19387
-2.19429
-2.19466
-2.36991
-2.36048
-2.35329
-2.34778
-2.34368
-2.34074
-2.33875
-2.33739
-2.33647
-2.33616
-2.33631
-2.33649
-2.33673
-2.33724
-2.33778
-2.33806
-2.33824
-2.33854
-2.33885
-2.52991
-2.51864
-2.50974
-2.50266
-2.49709
-2.4928
-2.48957
-2.4871
-2.48529
-2.48418
-2.48352
-2.483
-2.4827
-2.48272
-2.4828
-2.48275
-2.48273
-2.48293
-2.48319
-2.68799
-2.67521
-2.66485
-2.65639
-2.64955
-2.64408
-2.63976
-2.63635
-2.63376
-2.6319
-2.63051
-2.62937
-2.62858
-2.62814
-2.6278
-2.62746
-2.62729
-2.62739
-2.62759
-2.84406
-2.83004
-2.81847
-2.80887
-2.80096
-2.7945
-2.78925
-2.78507
-2.78178
-2.77923
-2.77719
-2.77552
-2.77429
-2.77343
-2.77272
-2.77213
-2.77183
-2.77186
-2.772
-2.99804
-2.98309
-2.97057
-2.96007
-2.9513
-2.94401
-2.93804
-2.93321
-2.9293
-2.92613
-2.92353
-2.92142
-2.9198
-2.91855
-2.91752
-2.91674
-2.91634
-2.91629
-2.91637
-3.14989
-3.1343
-3.12112
-3.10994
-3.1005
-3.09259
-3.08605
-3.08068
-3.07623
-3.07254
-3.06949
-3.06701
-3.06503
-3.06344
-3.06217
-3.06125
-3.06076
-3.06063
-3.06064
-3.29963
-3.28371
-3.2701
-3.25846
-3.24856
-3.2402
-3.23324
-3.22742
-3.22251
-3.21842
-3.21503
-3.21223
-3.20994
-3.20809
-3.20663
-3.20561
-3.20504
-3.20483
-3.20478
-3.44732
-3.43133
-3.41752
-3.40564
-3.39546
-3.38683
-3.37955
-3.37338
-3.36815
-3.36378
-3.36011
-3.35704
-3.35451
-3.35246
-3.35088
-3.34979
-3.34915
-3.34885
-3.34875
-3.59302
-3.57719
-3.56342
-3.55149
-3.54122
-3.53244
-3.52496
-3.51857
-3.51315
-3.50858
-3.5047
-3.50142
-3.49872
-3.49656
-3.49491
-3.49375
-3.49305
-3.49268
-3.49251
-3.73687
-3.72142
-3.70787
-3.69607
-3.68584
-3.67703
-3.66948
-3.66301
-3.65751
-3.65281
-3.64878
-3.64537
-3.64257
-3.64036
-3.63868
-3.63748
-3.63672
-3.63628
-3.63606
-3.87901
-3.86409
-3.85094
-3.8394
-3.82933
-3.82064
-3.81317
-3.80673
-3.80121
-3.79645
-3.79235
-3.78889
-3.78609
-3.78387
-3.78217
-3.78095
-3.78013
-3.77963
-3.77937
-4.01956
-4.00532
-3.99268
-3.98153
-3.97179
-3.96335
-3.95606
-3.94974
-3.94427
-3.93952
-3.93543
-3.93202
-3.92926
-3.92707
-3.92537
-3.92413
-3.92327
-3.92273
-3.92244
-4.15863
-4.14519
-4.13319
-4.12258
-4.11329
-4.10522
-4.09819
-4.09205
-4.08669
-4.08203
-4.07805
-4.07476
-4.07209
-4.06994
-4.06827
-4.06702
-4.06615
-4.06558
-4.06527
-4.29639
-4.28385
-4.27261
-4.26266
-4.25393
-4.24628
-4.23957
-4.23368
-4.22852
-4.22405
-4.22027
-4.21714
-4.21457
-4.21249
-4.21085
-4.20962
-4.20875
-4.20817
-4.20786
-4.43301
-4.42145
-4.41107
-4.40187
-4.39375
-4.38658
-4.38025
-4.37469
-4.36983
-4.36563
-4.36209
-4.35914
-4.3567
-4.35471
-4.35313
-4.35195
-4.35109
-4.35052
-4.35021
-4.56862
-4.55813
-4.54868
-4.54028
-4.53281
-4.52618
-4.52033
-4.51517
-4.51067
-4.50679
-4.50353
-4.50078
-4.49849
-4.49661
-4.49513
-4.494
-4.49318
-4.49264
-4.49234
-4.70335
-4.69397
-4.68551
-4.67794
-4.67119
-4.66519
-4.65987
-4.65518
-4.65109
-4.64757
-4.64459
-4.64206
-4.63994
-4.63821
-4.63684
-4.6358
-4.63504
-4.63453
-4.63425
-4.83724
-4.82904
-4.82162
-4.81495
-4.80899
-4.80366
-4.79893
-4.79475
-4.79111
-4.78798
-4.78529
-4.783
-4.78109
-4.77953
-4.7783
-4.77736
-4.77667
-4.7762
-4.77594
-4.97042
-4.96345
-4.95713
-4.95143
-4.9463
-4.94169
-4.93758
-4.93394
-4.93078
-4.92804
-4.92568
-4.92366
-4.92198
-4.92062
-4.91955
-4.91872
-4.91811
-4.9177
-4.91748
-5.10299
-5.09731
-5.09213
-5.08743
-5.08316
-5.0793
-5.07585
-5.0728
-5.07013
-5.0678
-5.06578
-5.06406
-5.06265
-5.06151
-5.06061
-5.05991
-5.05939
-5.05905
-5.05886
-5.23512
-5.23071
-5.22668
-5.22298
-5.21961
-5.21655
-5.21379
-5.21135
-5.20918
-5.20728
-5.20565
-5.20427
-5.20314
-5.20223
-5.20151
-5.20095
-5.20054
-5.20026
-5.20011
-5.36695
-5.36378
-5.36086
-5.35818
-5.35572
-5.35348
-5.35145
-5.34963
-5.348
-5.34657
-5.34534
-5.34432
-5.34348
-5.34281
-5.34229
-5.34188
-5.34157
-5.34136
-5.34125
-5.49864
-5.49665
-5.49481
-5.49312
-5.49158
-5.49017
-5.48888
-5.4877
-5.48664
-5.48571
-5.48492
-5.48426
-5.48373
-5.48331
-5.48297
-5.48271
-5.48251
-5.48238
-5.48231
-5.63028
-5.62944
-5.62865
-5.62794
-5.62728
-5.62669
-5.62614
-5.62563
-5.62517
-5.62477
-5.62442
-5.62414
-5.62392
-5.62374
-5.62359
-5.62348
-5.6234
-5.62334
-5.62331
1309.29
1297.18
1275.17
1242.86
1199.68
1144.9
1077.41
995.597
897.155
778.909
635.625
464.936
231.113
53.0239
9.25681
3.64888
2.62296
2.2771
2.06263
1.92517
1.83597
1.7834
1.76208
1251.58
1239.49
1217.5
1185.23
1142.09
1087.37
1019.96
938.191
839.744
721.332
577.174
404.623
159.655
16.7816
4.55322
2.68927
2.41554
2.18109
1.98736
1.85656
1.76942
1.71755
1.69649
1195.44
1183.37
1161.45
1129.27
1086.24
1031.66
964.404
882.762
784.338
665.615
519.813
342.454
85.7131
7.9914
2.68532
2.12359
2.15572
2.03932
1.89055
1.77394
1.69136
1.64092
1.62023
1140.85
1128.84
1107.01
1074.97
1032.13
977.782
910.784
829.376
731.078
612.14
464.791
281.089
35.9344
4.04733
2.10283
1.94842
1.97211
1.89668
1.78161
1.68004
1.6029
1.55382
1.53267
1087.83
1075.89
1054.19
1022.35
979.774
925.755
859.133
778.113
680.168
561.367
413.464
225.064
16.8791
2.54422
1.84762
1.8119
1.81603
1.75687
1.6655
1.57759
1.50527
1.45633
1.43423
1036.37
1024.53
1003
971.414
929.191
875.61
809.506
729.095
631.813
513.756
366.821
177.201
8.70558
1.92464
1.69513
1.68066
1.67094
1.62228
1.54652
1.46857
1.39958
1.34872
1.3213
986.505
974.771
953.457
922.189
880.405
827.376
761.955
682.39
586.176
469.582
325.186
138.623
4.60955
1.62086
1.56394
1.55072
1.5355
1.49026
1.42527
1.35533
1.2877
1.23131
1.19145
938.21
926.616
905.562
874.686
833.44
781.091
716.53
638.089
543.374
429.018
288.726
108.414
2.63313
1.4262
1.43378
1.42175
1.40201
1.3622
1.30469
1.23938
1.1718
1.10582
1.02965
0.888488
0.878651
0.862692
0.843264
0.822478
0.801617
0.781448
0.762461
0.744932
0.728987
0.714641
0.701878
0.690737
0.681306
0.673635
0.667697
0.663422
0.660737
0.659605
0.830445
0.820485
0.804263
0.784587
0.763622
0.742652
0.722418
0.703406
0.685874
0.669921
0.655564
0.642799
0.631664
0.622241
0.614576
0.608642
0.604367
0.601684
0.600551
0.773572
0.763196
0.746339
0.726124
0.704772
0.683535
0.663138
0.644058
0.626513
0.610539
0.59615
0.58338
0.572279
0.562892
0.555243
0.549309
0.545033
0.542349
0.541217
0.717975
0.706994
0.688985
0.66784
0.645869
0.624239
0.603609
0.584417
0.56683
0.550819
0.536387
0.523624
0.512586
0.503265
0.495644
0.489708
0.485423
0.482736
0.481604
0.663638
0.65163
0.632003
0.609624
0.586852
0.564739
0.543835
0.524483
0.5068
0.490735
0.476283
0.463547
0.452588
0.443352
0.435775
0.429842
0.425543
0.422847
0.421712
0.610933
0.597469
0.575419
0.551398
0.527657
0.504993
0.483792
0.464242
0.44641
0.430281
0.415845
0.40317
0.392292
0.383143
0.375627
0.369709
0.365398
0.362692
0.361559
0.56043
0.544081
0.518969
0.493072
0.468217
0.444938
0.423421
0.403662
0.385666
0.369471
0.355083
0.342498
0.331703
0.322635
0.315188
0.309304
0.304994
0.302278
0.301138
0.512913
0.491528
0.462449
0.43448
0.408463
0.384519
0.362648
0.342693
0.324574
0.308337
0.294009
0.28153
0.270823
0.261825
0.254446
0.248616
0.24433
0.241615
0.240474
878.305
866.933
846.268
815.969
775.516
724.182
660.927
584.219
491.904
381.067
247.063
76.8095
1.54512
1.24067
1.27024
1.26015
1.23948
1.20202
1.15116
1.09086
1.02279
0.940595
0.750015
784.862
773.93
754.071
724.976
686.183
637.057
576.722
503.947
417.116
314.266
192.955
43.2657
1.04626
0.991222
1.01478
1.0078
0.98719
0.954286
0.909887
0.855007
0.789923
0.711041
0.61683
698.422
688.028
669.154
641.54
604.798
558.423
501.745
433.868
353.735
260.257
152.674
23.9149
0.823234
0.772664
0.773926
0.764638
0.745028
0.716018
0.677208
0.628987
0.572162
0.506194
0.430682
618.859
609.09
591.364
565.471
531.11
487.918
435.433
373.077
300.261
216.554
122.292
12.5036
0.584457
0.548563
0.541103
0.529816
0.511963
0.486718
0.453072
0.411627
0.363289
0.308589
0.24929
545.922
536.84
520.383
496.397
464.663
424.947
376.98
320.447
255.112
180.971
99.0176
6.02449
0.261735
0.311314
0.310047
0.300764
0.285803
0.264225
0.235441
0.200621
0.16019
0.115267
0.0675028
479.255
470.908
455.802
433.839
404.883
368.805
325.487
274.819
216.81
151.721
80.8973
2.59995
0.0156386
0.0798622
0.0847407
0.0777527
0.0654451
0.0474675
0.0235054
-0.00549005
-0.0388049
-0.0754619
-0.114233
418.463
410.877
397.171
377.293
351.177
318.782
280.096
235.152
184.117
127.397
66.5033
0.895895
-0.141797
-0.131534
-0.13206
-0.139386
-0.149574
-0.164119
-0.183649
-0.207364
-0.234469
-0.264215
-0.295696
363.127
356.31
344.016
326.234
302.944
274.174
239.99
200.515
156.004
106.915
54.8042
0.00865487
-0.32805
-0.340485
-0.344504
-0.352075
-0.360141
-0.37142
-0.386945
-0.405761
-0.42735
-0.451215
-0.476625
312.78
306.731
295.838
280.114
259.581
234.313
204.422
170.09
131.609
89.438
45.0809
-0.482082
-0.557251
-0.554336
-0.555694
-0.561904
-0.567296
-0.575358
-0.586939
-0.601278
-0.617986
-0.6368
-0.657046
266.934
261.645
252.116
238.384
220.504
198.569
172.726
143.186
110.246
74.3343
36.865
-0.675529
-0.752998
-0.764804
-0.765783
-0.769575
-0.771746
-0.776434
-0.784212
-0.794405
-0.806864
-0.821146
-0.836858
225.096
220.529
212.307
200.484
185.122
166.33
144.277
119.181
91.3272
61.0957
29.7563
-0.967632
-0.977149
-0.979649
-0.975864
-0.975371
-0.974065
-0.975256
-0.979411
-0.985713
-0.994085
-1.00424
-1.01586
186.75
182.874
175.897
165.876
152.884
137.041
118.525
97.5494
74.3771
49.33
23.5041
-1.26979
-1.21495
-1.19625
-1.18439
-1.17908
-1.17423
-1.17212
-1.17275
-1.17534
-1.17972
-1.18607
-1.19379
151.423
148.197
142.394
134.067
123.293
110.206
94.9794
77.8209
58.9783
38.7208
17.957
-1.48185
-1.42282
-1.40226
-1.38798
-1.37983
-1.37213
-1.36707
-1.3642
-1.36327
-1.364
-1.36649
-1.37047
118.679
116.035
111.318
104.563
95.8587
85.3311
73.1459
59.5269
44.7093
28.9266
12.9213
-1.65435
-1.61055
-1.59785
-1.58638
-1.57761
-1.56809
-1.56032
-1.55422
-1.54961
-1.54672
-1.54556
-1.54593
87.9051
85.8727
82.1697
76.875
70.0779
61.9073
52.5367
42.1907
31.121
19.5974
8.18905
-1.82126
-1.79333
-1.78905
-1.78235
-1.77402
-1.76303
-1.75232
-1.74285
-1.73459
-1.72793
-1.72327
-1.72013
58.6675
57.1266
54.3587
50.4222
45.3759
39.3601
32.5478
25.1766
17.5573
10.0823
3.32304
-1.96871
-1.97368
-1.98052
-1.98014
-1.97191
-1.95836
-1.94396
-1.93036
-1.91813
-1.90779
-1.89952
-1.89289
32.0351
30.9385
29.0553
26.3794
22.9789
18.9482
14.4577
9.75196
5.22682
1.47836
-0.789796
-2.18408
-2.15019
-2.17951
-2.18586
-2.17472
-2.15552
-2.13568
-2.11701
-2.10032
-2.08601
-2.07406
-2.06405
0.0291365
-0.537151
-1.5924
-3.16094
-5.12559
-7.45696
-10.0052
-12.5466
-14.7171
-15.5933
-13.1457
-2.36907
-2.31408
-2.40889
-2.40942
-2.38544
-2.35536
-2.32722
-2.30223
-2.28067
-2.26228
-2.24663
-2.23342
4.93621
5.07381
4.91557
4.86479
4.74363
4.62905
4.51961
4.42565
4.43141
4.62279
4.39255
-1.05487
-2.76717
-2.73325
-2.6609
-2.60325
-2.55578
-2.51699
-2.48503
-2.45827
-2.43579
-2.41679
-2.40064
-3.98982
-3.99755
-3.98435
-3.97224
-3.95409
-3.93254
-3.90711
-3.87868
-3.85177
-3.82792
-3.86638
-4.22016
-3.92483
-3.13067
-2.92024
-2.81767
-2.75115
-2.70208
-2.66342
-2.63202
-2.60596
-2.58396
-2.56527
-4.02645
-4.01938
-4.00977
-3.99622
-3.97739
-3.95405
-3.92634
-3.89458
-3.85794
-3.8238
-3.7902
-3.81273
-3.60044
-3.30262
-3.12055
-3.00918
-2.93414
-2.87894
-2.83585
-2.80098
-2.77209
-2.74779
-2.72712
-4.04863
-4.04451
-4.03567
-4.02096
-4.00121
-3.97697
-3.94746
-3.91231
-3.87114
-3.82157
-3.76635
-3.69124
-3.54683
-3.39109
-3.26774
-3.17355
-3.10188
-3.04596
-3.00113
-2.96444
-2.93392
-2.90805
-2.88607
-4.09348
-4.08757
-4.077
-4.06119
-4.0411
-4.01524
-3.98383
-3.94637
-3.90214
-3.85
-3.78609
-3.70562
-3.60136
-3.4954
-3.40097
-3.32189
-3.25693
-3.20361
-3.15943
-3.12251
-3.09135
-3.06478
-3.04207
-4.14378
-4.13837
-4.12814
-4.11326
-4.0928
-4.06742
-4.03618
-3.9986
-3.95441
-3.90207
-3.84059
-3.76767
-3.68568
-3.60383
-3.52793
-3.46088
-3.40313
-3.35373
-3.31149
-3.27548
-3.24463
-3.218
-3.19504
-4.19783
-4.19263
-4.1829
-4.16833
-4.14914
-4.12457
-4.0944
-4.05855
-4.01636
-3.9674
-3.91143
-3.84853
-3.78163
-3.71491
-3.65187
-3.59431
-3.54299
-3.49774
-3.45826
-3.42393
-3.39398
-3.36782
-3.34506
-4.25691
-4.25185
-4.24268
-4.22928
-4.21094
-4.1878
-4.15938
-4.12582
-4.08703
-4.04265
-3.99316
-3.93935
-3.88321
-3.82737
-3.77379
-3.72381
-3.67819
-3.63714
-3.60064
-3.56833
-3.53978
-3.51449
-3.49232
-4.32108
-4.31664
-4.30805
-4.2954
-4.27856
-4.25699
-4.23105
-4.20052
-4.16521
-4.12567
-4.08222
-4.03582
-3.98799
-3.9404
-3.8942
-3.85055
-3.81
-3.7729
-3.73939
-3.70934
-3.68242
-3.65834
-3.63702
-4.3902
-4.38569
-4.378
-4.36642
-4.35105
-4.33171
-4.30818
-4.28062
-4.24913
-4.2141
-4.17611
-4.13598
-4.09487
-4.05381
-4.01368
-3.97533
-3.93928
-3.90588
-3.8753
-3.84751
-3.82234
-3.79965
-3.77936
-4.46314
-4.45943
-4.45222
-4.44195
-4.42804
-4.41055
-4.38966
-4.36517
-4.33731
-4.3066
-4.27351
-4.23875
-4.20325
-4.16758
-4.13251
-4.0987
-4.06663
-4.03661
-4.00884
-3.9833
-3.95993
-3.93866
-3.91952
-4.54044
-4.53683
-4.53051
-4.52098
-4.50854
-4.49312
-4.47457
-4.45304
-4.42884
-4.40212
-4.37337
-4.34342
-4.31263
-4.28153
-4.25081
-4.22095
-4.1924
-4.16548
-4.14034
-4.11698
-4.09541
-4.07566
-4.05774
-4.62098
-4.6178
-4.6119
-4.60349
-4.59239
-4.5787
-4.56252
-4.54387
-4.52284
-4.49973
-4.4751
-4.44924
-4.42247
-4.39538
-4.36847
-4.34212
-4.31674
-4.29264
-4.26995
-4.24872
-4.22902
-4.21084
-4.19426
-4.70465
-4.70173
-4.69649
-4.6889
-4.67913
-4.66717
-4.65304
-4.63684
-4.61874
-4.59903
-4.57785
-4.55544
-4.53226
-4.50874
-4.48523
-4.46208
-4.43964
-4.41818
-4.39785
-4.37876
-4.36096
-4.34446
-4.32933
-4.79131
-4.78869
-4.784
-4.77735
-4.76875
-4.75827
-4.74598
-4.732
-4.71646
-4.69942
-4.68106
-4.66173
-4.64174
-4.6214
-4.60098
-4.58082
-4.56119
-4.54228
-4.52428
-4.50733
-4.49146
-4.47669
-4.46307
-4.88124
-4.87892
-4.87479
-4.86889
-4.86131
-4.85212
-4.84138
-4.82917
-4.81557
-4.80074
-4.7849
-4.76827
-4.75108
-4.73356
-4.71597
-4.6986
-4.68163
-4.6652
-4.6495
-4.63466
-4.62071
-4.60766
-4.59559
-4.97429
-4.97221
-4.9685
-4.96326
-4.9565
-4.94832
-4.93882
-4.92807
-4.91621
-4.90342
-4.88981
-4.87554
-4.8608
-4.84583
-4.83085
-4.81603
-4.80149
-4.7874
-4.77388
-4.76104
-4.74894
-4.73758
-4.72705
-5.06947
-5.06766
-5.06441
-5.05976
-5.05379
-5.04661
-5.0383
-5.02898
-5.01877
-5.00777
-4.99612
-4.98397
-4.97149
-4.95886
-4.9462
-4.93362
-4.92128
-4.90931
-4.89779
-4.88678
-4.8764
-4.86667
-4.85764
-5.16578
-5.16424
-5.16148
-5.15754
-5.15246
-5.14633
-5.13925
-5.13131
-5.12262
-5.11331
-5.10353
-5.09338
-5.083
-5.07247
-5.0619
-5.05142
-5.04114
-5.03113
-5.02143
-5.01215
-5.00339
-4.99519
-4.98758
-5.26304
-5.26177
-5.25948
-5.25621
-5.25201
-5.24693
-5.24103
-5.23444
-5.22727
-5.21962
-5.2116
-5.2033
-5.19482
-5.18625
-5.1777
-5.16924
-5.16093
-5.15277
-5.14485
-5.13724
-5.13006
-5.12332
-5.11704
-5.36169
-5.36066
-5.35885
-5.35624
-5.35287
-5.34877
-5.34402
-5.3387
-5.33292
-5.32675
-5.32029
-5.31366
-5.30695
-5.30025
-5.29361
-5.28703
-5.28055
-5.2742
-5.26802
-5.26207
-5.25643
-5.25113
-5.24615
-5.46119
-5.46045
-5.45908
-5.45709
-5.45452
-5.4514
-5.44777
-5.4437
-5.43925
-5.43451
-5.42959
-5.42459
-5.41959
-5.41463
-5.40972
-5.40488
-5.40012
-5.39549
-5.391
-5.38667
-5.38255
-5.37867
-5.375
-5.56095
-5.56039
-5.55939
-5.55797
-5.55618
-5.55403
-5.55157
-5.54881
-5.54582
-5.54263
-5.53932
-5.53596
-5.5326
-5.52929
-5.52603
-5.52284
-5.51975
-5.51677
-5.51391
-5.51115
-5.50853
-5.50606
-5.50371
-5.66137
-5.66106
-5.66047
-5.65964
-5.6586
-5.65736
-5.65595
-5.65441
-5.65276
-5.65103
-5.64926
-5.64748
-5.64573
-5.64404
-5.64241
-5.64087
-5.63942
-5.63807
-5.63681
-5.63562
-5.63449
-5.63343
-5.63241
0.543302
0.564673
0.537028
0.497768
0.540966
0.488551
0.445649
0.408675
0.382203
0.345524
0.311243
0.279751
0.212437
0.184181
0.157112
0.131193
0.0381774
0.0157173
-0.0059678
-0.0271389
-0.137934
-0.156068
-0.173687
-0.191057
-0.314843
-0.32952
-0.343941
-0.358262
-0.492067
-0.503926
-0.515669
-0.527349
-0.669429
-0.678921
-0.688263
-0.697498
-0.84659
-0.853936
-0.861035
-0.868042
-1.02309
-1.02839
-1.03346
-1.0385
-1.19857
-1.20201
-1.20529
-1.20857
-1.37299
-1.37474
-1.37641
-1.37812
-1.54636
-1.54656
-1.54675
-1.54702
-1.71856
-1.71732
-1.71611
-1.71503
-1.88941
-1.88678
-1.88425
-1.88192
-2.05871
-2.05472
-2.05094
-2.04748
-2.2263
-2.221
-2.21604
-2.21155
-2.39186
-2.38542
-2.37947
-2.37405
-2.55514
-2.54778
-2.54099
-2.53475
-2.71597
-2.7079
-2.70039
-2.69341
-2.8742
-2.86556
-2.85747
-2.84993
-3.02971
-3.02066
-3.01218
-3.00423
-3.18246
-3.17321
-3.1645
-3.1563
-3.33252
-3.32325
-3.31446
-3.30614
-3.48
-3.47084
-3.46211
-3.45382
-3.62507
-3.61612
-3.60755
-3.59941
-3.76789
-3.75923
-3.75093
-3.74305
-3.9086
-3.90035
-3.89247
-3.88495
-4.04746
-4.03973
-4.03233
-4.0252
-4.18474
-4.17756
-4.17063
-4.16394
-4.3206
-4.31397
-4.30755
-4.30133
-4.45518
-4.44914
-4.44327
-4.43755
-4.58859
-4.58321
-4.57792
-4.57275
-4.72098
-4.71628
-4.71163
-4.70703
-4.85246
-4.84846
-4.84445
-4.84046
-4.98323
-4.97986
-4.9765
-4.97313
-5.11344
-5.11066
-5.10791
-5.10519
-5.24327
-5.24107
-5.23891
-5.23681
-5.37287
-5.37124
-5.36967
-5.36816
-5.50234
-5.50132
-5.50034
-5.4994
-5.63182
-5.63139
-5.63099
-5.6306
0.456399
0.424224
0.389415
0.358816
0.331304
0.306506
0.284157
0.26399
0.245811
0.229582
0.215326
0.202971
0.192379
0.183462
0.176163
0.170417
0.166191
0.163499
0.162358
0.351328
0.304484
0.264341
0.230513
0.201151
0.17525
0.152284
0.131897
0.113763
0.0976598
0.0835498
0.0713834
0.0609899
0.0522326
0.0450743
0.0394732
0.0353634
0.0327317
0.0316093
0.225075
0.174698
0.132956
0.0978657
0.0677124
0.0413598
0.0182013
-0.00213435
-0.0200395
-0.0358754
-0.0497417
-0.0616533
-0.071794
-0.0803406
-0.0873157
-0.0927418
-0.0967128
-0.0992695
-0.100369
0.0832686
0.0355456
-0.00499131
-0.0395292
-0.0693403
-0.0953951
-0.118234
-0.13819
-0.155652
-0.171054
-0.184553
-0.196129
-0.205956
-0.214239
-0.220985
-0.226202
-0.230011
-0.232477
-0.233545
-0.0680888
-0.11104
-0.148711
-0.181411
-0.209944
-0.235021
-0.257043
-0.27628
-0.293069
-0.307868
-0.320874
-0.332027
-0.341471
-0.349427
-0.355899
-0.360877
-0.364502
-0.36686
-0.367889
-0.225558
-0.263141
-0.29711
-0.327185
-0.353775
-0.377341
-0.39813
-0.416338
-0.432233
-0.446272
-0.458668
-0.469306
-0.47829
-0.485859
-0.492014
-0.496723
-0.500141
-0.502376
-0.503358
-0.387011
-0.4192
-0.44915
-0.476183
-0.500396
-0.522071
-0.541309
-0.558237
-0.573052
-0.586194
-0.597874
-0.607904
-0.616346
-0.623472
-0.629278
-0.633694
-0.636883
-0.638977
-0.639905
-0.550981
-0.578053
-0.603952
-0.627744
-0.649328
-0.668858
-0.686333
-0.701803
-0.715391
-0.727527
-0.738403
-0.747735
-0.755559
-0.762191
-0.767616
-0.771723
-0.774666
-0.776603
-0.777469
-0.716492
-0.738864
-0.760802
-0.781298
-0.800132
-0.817378
-0.832972
-0.846877
-0.859137
-0.87018
-0.880169
-0.888723
-0.895864
-0.901962
-0.906985
-0.910766
-0.913448
-0.915218
-0.916016
-0.882836
-0.900914
-0.919086
-0.936327
-0.952393
-0.967306
-0.980971
-0.993258
-1.00412
-1.014
-1.02303
-1.03074
-1.03716
-1.0427
-1.0473
-1.05074
-1.05315
-1.05474
-1.05547
-1.04954
-1.06366
-1.07832
-1.09242
-1.10576
-1.11836
-1.13009
-1.14074
-1.15017
-1.15884
-1.16685
-1.17368
-1.17934
-1.18431
-1.18848
-1.19156
-1.19369
-1.19511
-1.19576
-1.21625
-1.22676
-1.23813
-1.24923
-1.25993
-1.27028
-1.28012
-1.28911
-1.2971
-1.30454
-1.3115
-1.31741
-1.32232
-1.32671
-1.33043
-1.33314
-1.33499
-1.33623
-1.33681
-1.38271
-1.38992
-1.39819
-1.40644
-1.41465
-1.42284
-1.43081
-1.43817
-1.44471
-1.45093
-1.45683
-1.46182
-1.466
-1.46982
-1.47307
-1.4754
-1.47697
-1.47804
-1.47856
-1.54877
-1.55288
-1.55822
-1.5638
-1.56967
-1.5758
-1.58196
-1.5877
-1.59284
-1.59786
-1.60272
-1.60681
-1.61027
-1.61352
-1.61629
-1.61824
-1.61954
-1.62046
-1.62091
-1.71417
-1.71538
-1.71797
-1.72109
-1.72478
-1.72895
-1.73335
-1.73753
-1.74133
-1.7452
-1.74904
-1.75226
-1.75503
-1.75772
-1.76001
-1.76158
-1.76262
-1.76339
-1.76378
-1.87867
-1.87722
-1.87725
-1.87809
-1.87976
-1.88208
-1.88481
-1.88751
-1.89004
-1.89282
-1.89568
-1.89806
-1.90018
-1.90232
-1.90413
-1.90531
-1.90612
-1.90676
-1.9071
-2.0421
-2.03817
-2.03585
-2.03463
-2.03441
-2.03501
-2.03617
-2.03747
-2.03883
-2.04061
-2.04252
-2.04412
-2.04562
-2.04722
-2.04855
-2.04937
-2.04996
-2.05049
-2.05079
-2.20422
-2.19803
-2.1936
-2.1905
-2.18857
-2.18758
-2.18728
-2.18729
-2.1876
-2.18844
-2.18947
-2.19032
-2.19124
-2.19232
-2.19318
-2.19367
-2.19407
-2.1945
-2.19475
-2.3649
-2.35664
-2.35035
-2.34557
-2.34207
-2.33965
-2.33801
-2.33686
-2.33624
-2.33621
-2.33641
-2.33658
-2.33696
-2.33753
-2.33795
-2.33814
-2.33837
-2.33871
-2.33893
-2.52396
-2.51393
-2.506
-2.4997
-2.4948
-2.49107
-2.48825
-2.48611
-2.48465
-2.48382
-2.48325
-2.48281
-2.48268
-2.48277
-2.48279
-2.48272
-2.48281
-2.48307
-2.48325
-2.68128
-2.66976
-2.6604
-2.65278
-2.64666
-2.64179
-2.63795
-2.63496
-2.63275
-2.63117
-2.62991
-2.62892
-2.62833
-2.62798
-2.62763
-2.62734
-2.62731
-2.6275
-2.62764
-2.83672
-2.82398
-2.81344
-2.80472
-2.79756
-2.79173
-2.78704
-2.78332
-2.78043
-2.77816
-2.77631
-2.77485
-2.77383
-2.77306
-2.7724
-2.77194
-2.77181
-2.77193
-2.77203
-2.99024
-2.97655
-2.96509
-2.95548
-2.94748
-2.94087
-2.93549
-2.93115
-2.92763
-2.92477
-2.92242
-2.92055
-2.91914
-2.91801
-2.91709
-2.91649
-2.91628
-2.91633
-2.91639
-3.14178
-3.12744
-3.1153
-3.10502
-3.09637
-3.08916
-3.08324
-3.07835
-3.07429
-3.07094
-3.06819
-3.06596
-3.06419
-3.06277
-3.06166
-3.06095
-3.06066
-3.06063
-3.06065
-3.29137
-3.27664
-3.26405
-3.25331
-3.24419
-3.23656
-3.2302
-3.22486
-3.22037
-3.21665
-3.21356
-3.21102
-3.20897
-3.20731
-3.20606
-3.20527
-3.2049
-3.20479
-3.20478
-3.43904
-3.42417
-3.41136
-3.40035
-3.39096
-3.38304
-3.37634
-3.37065
-3.36587
-3.36186
-3.35851
-3.35571
-3.35343
-3.35162
-3.35027
-3.34941
-3.34897
-3.34879
-3.34873
-3.58485
-3.57007
-3.55724
-3.54616
-3.53665
-3.52855
-3.52164
-3.51574
-3.51077
-3.50656
-3.50299
-3.5
-3.49757
-3.49567
-3.49427
-3.49335
-3.49283
-3.49258
-3.49248
-3.72891
-3.71441
-3.70177
-3.69077
-3.68126
-3.67311
-3.66612
-3.66015
-3.65507
-3.65072
-3.647
-3.64389
-3.6414
-3.63946
-3.63802
-3.63705
-3.63646
-3.63615
-3.63602
-3.87134
-3.8573
-3.84498
-3.83419
-3.82482
-3.81676
-3.80983
-3.80387
-3.79875
-3.79432
-3.79054
-3.78741
-3.78491
-3.78296
-3.7815
-3.78049
-3.77985
-3.77948
-3.77932
-4.01224
-3.99881
-3.98693
-3.97649
-3.96741
-3.95957
-3.95279
-3.94691
-3.94181
-3.93739
-3.93364
-3.93056
-3.9281
-3.92616
-3.9247
-3.92366
-3.92297
-3.92256
-3.92239
-4.15174
-4.13902
-4.12772
-4.11777
-4.10912
-4.10158
-4.09501
-4.08928
-4.08428
-4.07996
-4.07632
-4.07335
-4.07096
-4.06905
-4.06759
-4.06654
-4.06583
-4.06539
-4.06521
-4.28997
-4.27807
-4.26747
-4.25815
-4.24998
-4.24282
-4.23652
-4.23101
-4.2262
-4.22207
-4.21862
-4.21579
-4.21348
-4.21162
-4.21019
-4.20915
-4.20843
-4.20799
-4.2078
-4.42709
-4.41611
-4.40633
-4.39768
-4.39006
-4.38332
-4.37738
-4.37218
-4.36764
-4.36378
-4.36055
-4.35786
-4.35565
-4.35387
-4.3525
-4.35148
-4.35078
-4.35034
-4.35015
-4.56325
-4.55327
-4.54436
-4.53643
-4.5294
-4.52316
-4.51767
-4.51284
-4.50865
-4.50509
-4.50209
-4.49958
-4.4975
-4.49582
-4.49452
-4.49356
-4.49288
-4.49246
-4.49228
-4.69855
-4.68962
-4.68162
-4.67447
-4.6681
-4.66245
-4.65745
-4.65306
-4.64926
-4.64602
-4.64328
-4.64096
-4.63903
-4.63748
-4.63628
-4.63539
-4.63475
-4.63436
-4.63419
-4.83305
-4.82523
-4.81819
-4.81189
-4.80625
-4.80123
-4.79677
-4.79286
-4.78948
-4.78658
-4.7841
-4.782
-4.78026
-4.77888
-4.7778
-4.77698
-4.77641
-4.77605
-4.77589
-4.96686
-4.96021
-4.95421
-4.9488
-4.94393
-4.93957
-4.9357
-4.9323
-4.92936
-4.92682
-4.92463
-4.92278
-4.92126
-4.92005
-4.91911
-4.91839
-4.91788
-4.91757
-4.91743
-5.10009
-5.09466
-5.08972
-5.08524
-5.08118
-5.07753
-5.07427
-5.07142
-5.06892
-5.06675
-5.06488
-5.06332
-5.06205
-5.06103
-5.06023
-5.05963
-5.0592
-5.05893
-5.05882
-5.23287
-5.22865
-5.22479
-5.22126
-5.21804
-5.21513
-5.21253
-5.21023
-5.2082
-5.20643
-5.20493
-5.20367
-5.20266
-5.20185
-5.20121
-5.20073
-5.20038
-5.20017
-5.20008
-5.36534
-5.36229
-5.35949
-5.35692
-5.35457
-5.35244
-5.35052
-5.34879
-5.34726
-5.34593
-5.34481
-5.34388
-5.34313
-5.34253
-5.34207
-5.34171
-5.34146
-5.3413
-5.34123
-5.49763
-5.49571
-5.49395
-5.49233
-5.49086
-5.48951
-5.48828
-5.48716
-5.48616
-5.4853
-5.48457
-5.48398
-5.48351
-5.48313
-5.48283
-5.4826
-5.48244
-5.48234
-5.48229
-5.62985
-5.62904
-5.62829
-5.6276
-5.62698
-5.62641
-5.62588
-5.62539
-5.62496
-5.62459
-5.62428
-5.62402
-5.62382
-5.62366
-5.62353
-5.62344
-5.62337
-5.62332
-5.6233
1311.5
1275.42
1258.39
1231.31
1193.66
1144.79
1083.85
1009.47
919.673
811.724
681.92
524.967
324.598
87.2767
12.0336
4.16793
2.78297
2.38637
2.1226
1.95361
1.84354
1.77387
1.73759
1253.79
1218.5
1201.5
1174.47
1136.89
1088.12
1027.29
953.009
863.271
755.209
624.795
466.043
255.42
35.725
5.13886
2.55442
2.28222
2.2037
2.02028
1.87335
1.76986
1.70213
1.66652
1197.64
1163.15
1146.22
1119.28
1081.83
1033.23
972.596
898.513
808.903
700.761
569.531
408.479
180.606
15.1779
3.09256
2.07941
2.04871
2.02612
1.90154
1.77926
1.68455
1.61975
1.58478
1143.04
1109.37
1092.52
1065.73
1028.48
980.127
919.799
846.026
756.702
648.655
516.903
354.487
115.182
7.09156
2.19264
1.8898
1.89092
1.8686
1.77571
1.67479
1.58959
1.52734
1.49213
1090
1057.16
1040.44
1013.83
976.838
928.836
868.922
795.624
706.797
599.209
467.65
305.924
66.9569
3.55991
1.81263
1.75103
1.74803
1.72146
1.64914
1.56414
1.48643
1.42555
1.38835
1038.54
1006.53
989.96
963.589
926.941
879.383
820.012
747.372
659.337
552.686
422.314
263.517
36.4254
2.26174
1.62948
1.62008
1.61235
1.5839
1.52222
1.4489
1.37709
1.31543
1.27192
988.663
957.508
941.114
915.036
878.811
831.806
773.122
701.357
614.436
509.304
381.186
227.029
19.7472
1.777
1.49736
1.49069
1.47952
1.44996
1.39683
1.33165
1.26332
1.19867
1.14251
940.345
910.005
893.831
868.101
832.375
786.022
728.162
657.459
571.971
468.858
343.775
196.057
10.4816
1.47699
1.37471
1.36319
1.34979
1.32075
1.27301
1.21348
1.14759
1.0785
0.999994
0.890364
0.855323
0.842021
0.823925
0.803541
0.782552
0.761934
0.742295
0.72401
0.707264
0.692119
0.678563
0.6666
0.656305
0.647755
0.640959
0.635864
0.632392
0.630487
0.832284
0.797771
0.784095
0.765561
0.744819
0.723595
0.702827
0.683111
0.664807
0.648054
0.632887
0.619315
0.607362
0.597088
0.588553
0.581764
0.57667
0.573198
0.571293
0.775373
0.741377
0.726861
0.707504
0.686176
0.664548
0.64351
0.623647
0.605295
0.588522
0.573318
0.559718
0.547792
0.537578
0.529082
0.522298
0.517198
0.513723
0.51182
0.719491
0.686192
0.670435
0.649799
0.627542
0.605339
0.583965
0.563917
0.54547
0.528646
0.513395
0.499782
0.487907
0.477773
0.469334
0.462569
0.45746
0.453973
0.452066
0.664553
0.632371
0.614549
0.592182
0.568828
0.545953
0.524191
0.503916
0.485314
0.468397
0.45312
0.439527
0.427713
0.417672
0.409309
0.40257
0.397453
0.393954
0.392043
0.609769
0.580217
0.559378
0.534746
0.509974
0.486296
0.46412
0.44361
0.424822
0.407782
0.392491
0.378962
0.367231
0.357271
0.348987
0.342296
0.337185
0.333673
0.331755
0.55489
0.530025
0.504359
0.477116
0.45089
0.426342
0.403701
0.382936
0.363969
0.346818
0.331533
0.318093
0.306454
0.296575
0.288366
0.281732
0.276647
0.273137
0.271212
0.491249
0.482332
0.449406
0.419256
0.391447
0.366001
0.342856
0.321831
0.302741
0.285536
0.270269
0.25692
0.245387
0.23558
0.227435
0.220869
0.215836
0.212346
0.210424
880.438
826.249
810.557
785.598
750.968
706.08
650.125
581.939
499.888
401.724
284.178
147.531
4.46479
1.07731
1.13863
1.13843
1.12396
1.09595
1.05443
1.00176
0.939244
0.864647
0.761175
786.946
736.509
721.507
697.662
664.625
621.894
568.809
504.452
427.624
336.81
229.929
108.643
2.1891
0.83498
0.891966
0.890748
0.876266
0.850733
0.814454
0.76774
0.711423
0.645235
0.567046
700.436
653.763
639.585
617.071
585.936
545.787
496.138
436.332
365.587
283.041
187.515
81.1118
1.16334
0.643527
0.659308
0.653052
0.637911
0.61508
0.58345
0.542826
0.494062
0.437669
0.373949
620.783
577.815
564.568
543.564
514.585
477.347
431.532
376.727
312.499
238.47
154.067
61.2178
0.567254
0.430776
0.427392
0.420825
0.40706
0.387398
0.360048
0.325262
0.284059
0.236913
0.185258
547.737
508.343
496.104
476.736
450.088
415.976
374.224
324.624
267.011
201.333
127.387
46.6648
0.226257
0.187369
0.195733
0.193376
0.182355
0.165901
0.142733
0.113567
0.0791724
0.040328
-0.00167233
480.95
444.966
433.787
416.13
391.911
361.032
323.427
279.037
227.888
170.139
105.807
35.8554
0.00536372
-0.0319394
-0.024792
-0.0272392
-0.036582
-0.0500829
-0.0691523
-0.0932233
-0.121538
-0.153237
-0.187383
420.026
387.263
377.166
361.257
339.498
311.862
278.366
239.055
194.075
143.701
88.0696
27.6445
-0.188781
-0.229837
-0.236451
-0.242066
-0.250478
-0.261202
-0.276453
-0.295925
-0.318744
-0.34431
-0.37194
364.553
334.789
325.774
311.607
292.282
267.822
238.304
203.842
164.653
121.06
73.2434
21.2108
-0.476986
-0.445424
-0.448186
-0.453727
-0.460541
-0.468427
-0.480141
-0.495244
-0.513096
-0.533296
-0.555418
314.06
287.063
279.123
266.659
249.695
228.295
202.571
172.676
138.86
101.458
60.6558
16.0983
-0.671185
-0.659149
-0.659448
-0.663535
-0.667819
-0.67256
-0.680702
-0.691674
-0.705091
-0.720662
-0.737954
268.071
243.581
236.679
225.856
211.162
192.674
170.525
144.897
116.046
84.2919
49.8
11.9564
-0.86063
-0.869448
-0.870514
-0.87202
-0.872791
-0.874215
-0.878763
-0.885865
-0.895238
-0.906566
-0.919515
226.09
203.836
197.922
188.665
176.123
160.38
141.581
119.924
95.6544
69.0645
40.2816
8.47355
-1.14723
-1.095
-1.0834
-1.07915
-1.07577
-1.07375
-1.07487
-1.07827
-1.08367
-1.09097
-1.10003
187.608
167.324
162.353
154.576
144.051
130.877
115.215
97.2504
77.2163
55.3765
31.8215
5.59651
-1.38158
-1.3122
-1.29237
-1.28333
-1.2764
-1.27124
-1.26901
-1.26886
-1.27056
-1.27402
-1.27925
152.148
133.594
129.495
123.101
114.464
103.694
90.943
76.3953
60.2903
42.8609
24.1713
3.25983
-1.5527
-1.51013
-1.49328
-1.48345
-1.47442
-1.4668
-1.46143
-1.45779
-1.45589
-1.45566
-1.45714
119.287
102.139
98.8611
93.746
86.8605
78.3147
68.254
56.8744
44.4182
31.108
17.0371
1.34651
-1.7229
-1.69902
-1.68862
-1.6805
-1.67066
-1.66083
-1.65241
-1.6453
-1.63967
-1.6358
-1.63376
88.3768
72.4399
69.9206
66.0063
60.7391
54.235
46.646
38.1766
29.077
19.6427
10.0811
-0.229424
-1.88903
-1.88512
-1.88297
-1.87742
-1.86672
-1.85423
-1.84231
-1.83146
-1.82206
-1.81457
-1.80898
59.0957
44.392
42.5816
39.7602
35.9994
31.3789
26.048
20.2124
14.1626
8.31059
3.04107
-1.52196
-2.05763
-2.07164
-2.08149
-2.0784
-2.06481
-2.04817
-2.03166
-2.01637
-2.00298
-1.99182
-1.98266
32.2901
16.7793
15.5883
13.7751
11.3564
8.39321
5.00645
1.38458
-2.16805
-5.07482
-6.35732
-3.61132
-2.20689
-2.26798
-2.29534
-2.28857
-2.26728
-2.24316
-2.22041
-2.19997
-2.18228
-2.16722
-2.15454
0.180956
-4.84217
-5.23792
-5.82387
-6.64148
-7.63085
-8.74544
-9.8496
-10.7686
-11.0372
-9.8381
-3.07934
-2.29016
-2.53648
-2.54615
-2.51357
-2.47427
-2.43846
-2.40771
-2.38145
-2.35923
-2.34038
-2.32439
5.33301
-3.86264
-3.8695
-3.89119
-3.91418
-3.90192
-3.87873
-3.85134
-3.81808
-3.8045
-3.80291
-3.98186
-4.52618
-3.12203
-2.852
-2.74862
-2.68123
-2.63114
-2.59172
-2.55962
-2.53299
-2.51062
-2.49168
-4.01428
-4.01015
-4.00502
-3.9937
-3.97764
-3.95726
-3.93273
-3.90446
-3.87338
-3.84073
-3.82462
-3.87519
-4.00865
-3.46254
-3.1184
-2.96643
-2.87756
-2.81631
-2.76993
-2.73298
-2.70272
-2.67747
-2.65604
-4.02635
-4.03624
-4.02762
-4.0163
-3.99962
-3.97825
-3.95218
-3.92123
-3.88498
-3.84405
-3.79515
-3.75503
-3.64994
-3.43263
-3.26361
-3.14117
-3.05411
-2.98998
-2.94033
-2.90052
-2.86783
-2.84044
-2.81722
-4.05117
-4.06673
-4.05998
-4.04706
-4.02925
-4.00663
-3.97875
-3.94503
-3.90541
-3.85823
-3.80369
-3.7341
-3.63195
-3.50437
-3.38632
-3.28984
-3.21301
-3.15185
-3.10239
-3.06177
-3.028
-2.9995
-2.9752
-4.09379
-4.11597
-4.10777
-4.09476
-4.07702
-4.05396
-4.02549
-3.99101
-3.94987
-3.90153
-3.84362
-3.77389
-3.68849
-3.59465
-3.50568
-3.42711
-3.36027
-3.30413
-3.2569
-3.21713
-3.18344
-3.15466
-3.12993
-4.14493
-4.16815
-4.1606
-4.14835
-4.13105
-4.10868
-4.08081
-4.04693
-4.007
-3.95986
-3.90487
-3.84154
-3.76995
-3.69551
-3.62391
-3.55826
-3.50003
-3.4492
-3.40519
-3.36721
-3.33445
-3.30609
-3.28145
-4.19896
-4.22465
-4.21734
-4.20565
-4.18924
-4.16795
-4.14129
-4.10926
-4.07157
-4.02798
-3.97834
-3.92266
-3.86266
-3.80127
-3.74158
-3.68563
-3.6346
-3.58888
-3.54833
-3.51271
-3.48149
-3.454
-3.42988
-4.25792
-4.28649
-4.2797
-4.2688
-4.25348
-4.23354
-4.20869
-4.17899
-4.14455
-4.10491
-4.06069
-4.01237
-3.96125
-3.90942
-3.85867
-3.81038
-3.76549
-3.72443
-3.68741
-3.65438
-3.62493
-3.59873
-3.57552
-4.32208
-4.35333
-4.347
-4.33688
-4.32279
-4.30448
-4.28192
-4.25505
-4.22375
-4.18839
-4.14936
-4.10732
-4.06341
-4.01906
-3.97533
-3.93328
-3.89366
-3.85691
-3.8233
-3.79282
-3.76537
-3.74069
-3.71857
-4.39082
-4.4245
-4.41874
-4.40957
-4.39688
-4.38036
-4.36
-4.3359
-4.30803
-4.27671
-4.24245
-4.20595
-4.16804
-4.12974
-4.09176
-4.05494
-4.0199
-3.98703
-3.95659
-3.9287
-3.90327
-3.88013
-3.85929
-4.46397
-4.49991
-4.49469
-4.4864
-4.47483
-4.46002
-4.44198
-4.42062
-4.39605
-4.36867
-4.33886
-4.30714
-4.27444
-4.24119
-4.20803
-4.17568
-4.14462
-4.11523
-4.0878
-4.06237
-4.0389
-4.01742
-3.9979
-4.54109
-4.57891
-4.57421
-4.56665
-4.55632
-4.54317
-4.5272
-4.50849
-4.48719
-4.46342
-4.43753
-4.41027
-4.38197
-4.353
-4.32405
-4.29559
-4.26805
-4.24182
-4.21712
-4.19402
-4.17255
-4.15275
-4.13462
-4.62167
-4.66125
-4.65693
-4.65016
-4.64092
-4.6293
-4.61534
-4.59908
-4.58058
-4.56007
-4.53797
-4.5145
-4.48993
-4.46478
-4.43953
-4.41454
-4.39019
-4.36683
-4.34469
-4.32385
-4.30438
-4.28633
-4.26972
-4.70519
-4.74649
-4.7426
-4.73654
-4.7284
-4.71822
-4.70601
-4.69188
-4.67597
-4.65845
-4.63942
-4.61909
-4.59787
-4.57612
-4.55417
-4.53235
-4.51099
-4.49037
-4.47068
-4.45208
-4.43465
-4.41842
-4.40339
-4.79185
-4.83487
-4.83144
-4.82611
-4.81894
-4.80999
-4.79935
-4.78709
-4.77331
-4.75807
-4.74154
-4.72401
-4.70573
-4.68698
-4.66802
-4.64912
-4.63059
-4.61261
-4.59533
-4.57895
-4.56356
-4.54915
-4.53576
-4.88173
-4.92656
-4.92349
-4.91874
-4.91238
-4.90447
-4.89507
-4.88428
-4.87216
-4.85889
-4.84463
-4.82956
-4.81386
-4.79776
-4.78149
-4.76531
-4.74941
-4.73391
-4.71897
-4.70476
-4.69134
-4.67873
-4.66698
-4.97471
-5.02089
-5.01817
-5.01394
-5.00827
-5.00122
-4.99291
-4.98343
-4.97289
-4.96144
-4.94919
-4.93626
-4.92285
-4.90914
-4.89534
-4.8816
-4.86804
-4.85482
-4.84205
-4.82984
-4.81827
-4.80739
-4.79723
-5.06981
-5.11686
-5.11452
-5.11086
-5.10593
-5.09983
-5.09264
-5.08446
-5.07541
-5.06559
-5.05514
-5.0442
-5.03291
-5.02141
-5.00983
-4.99824
-4.98682
-4.97568
-4.96488
-4.9545
-4.94465
-4.93539
-4.92675
-5.16606
-5.2137
-5.21174
-5.20867
-5.20455
-5.19942
-5.19336
-5.18648
-5.17887
-5.17066
-5.16197
-5.15292
-5.14361
-5.13413
-5.12456
-5.11504
-5.10567
-5.09649
-5.08754
-5.07891
-5.07069
-5.06297
-5.05577
-5.26331
-5.31174
-5.31013
-5.30763
-5.30426
-5.30007
-5.29511
-5.28947
-5.28326
-5.27657
-5.26951
-5.26216
-5.25463
-5.24702
-5.23941
-5.23187
-5.22443
-5.21711
-5.20996
-5.20304
-5.19644
-5.19022
-5.1844
-5.36189
-5.41104
-5.40981
-5.40787
-5.40524
-5.40195
-5.39804
-5.39358
-5.38865
-5.38334
-5.37774
-5.37197
-5.36613
-5.3603
-5.35451
-5.34878
-5.34312
-5.33757
-5.33217
-5.32693
-5.32192
-5.31719
-5.31273
-5.46131
-5.51078
-5.50987
-5.50843
-5.50648
-5.50407
-5.50123
-5.49799
-5.4944
-5.49054
-5.48649
-5.48233
-5.47815
-5.474
-5.46989
-5.46584
-5.46187
-5.45801
-5.45428
-5.45067
-5.44721
-5.44394
-5.44085
-5.56105
-5.61088
-5.61025
-5.60927
-5.608
-5.60644
-5.60464
-5.60261
-5.6004
-5.59803
-5.59554
-5.59299
-5.59043
-5.5879
-5.58543
-5.58302
-5.58071
-5.57849
-5.57638
-5.57436
-5.57243
-5.57061
-5.56889
-5.66141
-5.71085
-5.7106
-5.71019
-5.70964
-5.70896
-5.70818
-5.7073
-5.70636
-5.70539
-5.70442
-5.70348
-5.70257
-5.70171
-5.70091
-5.70019
-5.69954
-5.69898
-5.69849
-5.69808
-5.69768
-5.69732
-5.69697
0.624394
0.57104
0.52393
0.481747
0.486194
0.440849
0.400788
0.364379
0.314693
0.282016
0.250733
0.221175
0.138425
0.112964
0.088332
0.0645511
-0.0394585
-0.0598979
-0.079721
-0.0990138
-0.218037
-0.234544
-0.250644
-0.266481
-0.396732
-0.410065
-0.423151
-0.436153
-0.57536
-0.586084
-0.596654
-0.607135
-0.753779
-0.762296
-0.770585
-0.778724
-0.931668
-0.938152
-0.944304
-0.950307
-1.10866
-1.11317
-1.1174
-1.12152
-1.28453
-1.28722
-1.28971
-1.29217
-1.45926
-1.46031
-1.46123
-1.46216
-1.63286
-1.63236
-1.63182
-1.63134
-1.80516
-1.80319
-1.80127
-1.79945
-1.97597
-1.97259
-1.96935
-1.96628
-2.14515
-2.14038
-2.13584
-2.13163
-2.31243
-2.30636
-2.30066
-2.29542
-2.47746
-2.47027
-2.4636
-2.4575
-2.63997
-2.63193
-2.62449
-2.61759
-2.79986
-2.79116
-2.78307
-2.77551
-2.95697
-2.94779
-2.93921
-2.93117
-3.11125
-3.10177
-3.09288
-3.08452
-3.26267
-3.25311
-3.2441
-3.23556
-3.41138
-3.4019
-3.3929
-3.38434
-3.55753
-3.54825
-3.53938
-3.53092
-3.7013
-3.69231
-3.68366
-3.67541
-3.84285
-3.83422
-3.82592
-3.81801
-3.98237
-3.9742
-3.96638
-3.95889
-4.12013
-4.11252
-4.10522
-4.09817
-4.25639
-4.24936
-4.24257
-4.23599
-4.39128
-4.38485
-4.3786
-4.37253
-4.52493
-4.51915
-4.5135
-4.50797
-4.65745
-4.65238
-4.64737
-4.64243
-4.78901
-4.78465
-4.78031
-4.77598
-4.91978
-4.91609
-4.91241
-4.90871
-5.04993
-5.04686
-5.0438
-5.04074
-5.17965
-5.17714
-5.17467
-5.17224
-5.30907
-5.30713
-5.30523
-5.3034
-5.43829
-5.43694
-5.43564
-5.43439
-5.56745
-5.56671
-5.566
-5.56533
-5.69668
-5.69653
-5.6964
-5.69627
0.433221
0.386713
0.345686
0.310828
0.28045
0.253531
0.229516
0.208051
0.188836
0.171662
0.156476
0.143261
0.131897
0.122235
0.114202
0.107754
0.102833
0.099413
0.0975138
0.321543
0.264446
0.2192
0.181439
0.14931
0.121348
0.0967304
0.0750118
0.0558372
0.0388435
0.0238468
0.0108344
-0.000300085
-0.00975522
-0.0176208
-0.0239075
-0.028679
-0.032001
-0.0338589
0.184416
0.129762
0.0845717
0.0465604
0.0141689
-0.0139387
-0.0385656
-0.0601505
-0.0790436
-0.095682
-0.110353
-0.123071
-0.133913
-0.143107
-0.150756
-0.156842
-0.161438
-0.164642
-0.166448
0.033797
-0.0150215
-0.0573128
-0.0936953
-0.125075
-0.152453
-0.176473
-0.197502
-0.215841
-0.231931
-0.246126
-0.258446
-0.268924
-0.277795
-0.285173
-0.291021
-0.295414
-0.298482
-0.300223
-0.12451
-0.166894
-0.205023
-0.238648
-0.268104
-0.294055
-0.316936
-0.337014
-0.354525
-0.369875
-0.383453
-0.39527
-0.405303
-0.413783
-0.420838
-0.42641
-0.430574
-0.433486
-0.43515
-0.287566
-0.323639
-0.357155
-0.38745
-0.414407
-0.438433
-0.459764
-0.478566
-0.495007
-0.509442
-0.522274
-0.53349
-0.54299
-0.551009
-0.557693
-0.562959
-0.56687
-0.569604
-0.57118
-0.453509
-0.483707
-0.512561
-0.539299
-0.563435
-0.5852
-0.604692
-0.621979
-0.637157
-0.650532
-0.662516
-0.673034
-0.681913
-0.689403
-0.695675
-0.700611
-0.704249
-0.706787
-0.708261
-0.621105
-0.645983
-0.67038
-0.693485
-0.714644
-0.733955
-0.751424
-0.767049
-0.780832
-0.793038
-0.804082
-0.813817
-0.821996
-0.828897
-0.83472
-0.839307
-0.842657
-0.844984
-0.846345
-0.789608
-0.809646
-0.829879
-0.849406
-0.867546
-0.884323
-0.899683
-0.913567
-0.925874
-0.936828
-0.946855
-0.955731
-0.963144
-0.969414
-0.974765
-0.978984
-0.98203
-0.984136
-0.985376
-0.958453
-0.974096
-0.99045
-1.00656
-1.02172
-1.03596
-1.04919
-1.06131
-1.0721
-1.08175
-1.09069
-1.09864
-1.10525
-1.11086
-1.11572
-1.11956
-1.12229
-1.12416
-1.12528
-1.12722
-1.1389
-1.15167
-1.16455
-1.17682
-1.18857
-1.19971
-1.21006
-1.2193
-1.22762
-1.23544
-1.24243
-1.24819
-1.25315
-1.25751
-1.26094
-1.26335
-1.26499
-1.26598
-1.29569
-1.30374
-1.31322
-1.32301
-1.33253
-1.3419
-1.351
-1.3596
-1.36729
-1.37427
-1.38096
-1.38696
-1.39188
-1.39618
-1.40003
-1.40305
-1.40513
-1.40654
-1.40742
-1.4637
-1.4684
-1.47478
-1.48167
-1.4886
-1.49571
-1.50284
-1.50971
-1.51587
-1.52153
-1.52709
-1.5321
-1.53621
-1.53987
-1.5432
-1.54579
-1.54754
-1.54874
-1.54949
-1.63103
-1.63264
-1.63609
-1.64026
-1.64479
-1.64976
-1.655
-1.66018
-1.66486
-1.66925
-1.67371
-1.67775
-1.68107
-1.6841
-1.68692
-1.68907
-1.69049
-1.69148
-1.69214
-1.79745
-1.79621
-1.79693
-1.79857
-1.80088
-1.80386
-1.80729
-1.81084
-1.8141
-1.81729
-1.82069
-1.8238
-1.82635
-1.82878
-1.83108
-1.83279
-1.83389
-1.8347
-1.83526
-1.96274
-1.95892
-1.9571
-1.95642
-1.95668
-1.95778
-1.95951
-1.96152
-1.96344
-1.96552
-1.96792
-1.97012
-1.97196
-1.97381
-1.97559
-1.97687
-1.97767
-1.97831
-1.97879
-2.1267
-2.12053
-2.11638
-2.1136
-2.11199
-2.11136
-2.1115
-2.11208
-2.11276
-2.11382
-2.11528
-2.11663
-2.11779
-2.11908
-2.12035
-2.12121
-2.12174
-2.12223
-2.12264
-2.28925
-2.28085
-2.2746
-2.26996
-2.26664
-2.26443
-2.26312
-2.26237
-2.26195
-2.26208
-2.26265
-2.2632
-2.26374
-2.2645
-2.26528
-2.26575
-2.26604
-2.26639
-2.26674
-2.45014
-2.43976
-2.43167
-2.42536
-2.4205
-2.41686
-2.41424
-2.4123
-2.41092
-2.4102
-2.40994
-2.40976
-2.40972
-2.40998
-2.41029
-2.4104
-2.41048
-2.41072
-2.41101
-2.6092
-2.59713
-2.58747
-2.57967
-2.57344
-2.56855
-2.56474
-2.56179
-2.55958
-2.55808
-2.55705
-2.55621
-2.55565
-2.55544
-2.55531
-2.5551
-2.55501
-2.55516
-2.55538
-2.76628
-2.75285
-2.74185
-2.73279
-2.72539
-2.7194
-2.71459
-2.71078
-2.70783
-2.70562
-2.70389
-2.70248
-2.70146
-2.7008
-2.70027
-2.6998
-2.69956
-2.69963
-2.6998
-2.92131
-2.90679
-2.89471
-2.88463
-2.87627
-2.86937
-2.86374
-2.85922
-2.85561
-2.85274
-2.85041
-2.84851
-2.84708
-2.84601
-2.84514
-2.84445
-2.8441
-2.84408
-2.84419
-3.07423
-3.05892
-3.04604
-3.03517
-3.02605
-3.01842
-3.01215
-3.00703
-3.00284
-2.9994
-2.99656
-2.99426
-2.99245
-2.99103
-2.98987
-2.98901
-2.98856
-2.98847
-2.98852
-3.22502
-3.20923
-3.19581
-3.18437
-3.17467
-3.16652
-3.15975
-3.15415
-3.14945
-3.14554
-3.14232
-3.13967
-3.13753
-3.1358
-3.13442
-3.13345
-3.13292
-3.13274
-3.13273
-3.37373
-3.35774
-3.34401
-3.33222
-3.32215
-3.31364
-3.30651
-3.3005
-3.29541
-3.29117
-3.28763
-3.28469
-3.28227
-3.28031
-3.27878
-3.27772
-3.27712
-3.27686
-3.27679
-3.52041
-3.50447
-3.49066
-3.47873
-3.46848
-3.45976
-3.45237
-3.44607
-3.44073
-3.43625
-3.43247
-3.42928
-3.42666
-3.42455
-3.42293
-3.4218
-3.42113
-3.42079
-3.42066
-3.66517
-3.6495
-3.63582
-3.62394
-3.61367
-3.60486
-3.59733
-3.59088
-3.58541
-3.58077
-3.57681
-3.57345
-3.57069
-3.5685
-3.56683
-3.56565
-3.56491
-3.56451
-3.56431
-3.80815
-3.79294
-3.77958
-3.76789
-3.75772
-3.74895
-3.74142
-3.73496
-3.72944
-3.72471
-3.72063
-3.71718
-3.71437
-3.71215
-3.71046
-3.70925
-3.70845
-3.70799
-3.70775
-3.94948
-3.93488
-3.92197
-3.91061
-3.90069
-3.8921
-3.88471
-3.87833
-3.87282
-3.86806
-3.86395
-3.8605
-3.85771
-3.85551
-3.85381
-3.85257
-3.85173
-3.85121
-3.85094
-4.08927
-4.07542
-4.06308
-4.05218
-4.04265
-4.03439
-4.02722
-4.02098
-4.01556
-4.01084
-4.00679
-4.00344
-4.00072
-3.99855
-3.99686
-3.99561
-3.99474
-3.99419
-3.99389
-4.22767
-4.21467
-4.20303
-4.19273
-4.18372
-4.17585
-4.16897
-4.16294
-4.15768
-4.1531
-4.14921
-4.14599
-4.14337
-4.14126
-4.1396
-4.13836
-4.13748
-4.13691
-4.1366
-4.36483
-4.35278
-4.34195
-4.33237
-4.32394
-4.31652
-4.30999
-4.30426
-4.29924
-4.29489
-4.29122
-4.28819
-4.28568
-4.28364
-4.28203
-4.28082
-4.27996
-4.27938
-4.27907
-4.50093
-4.4899
-4.47998
-4.47117
-4.46337
-4.45646
-4.45036
-4.445
-4.4403
-4.43626
-4.43285
-4.43001
-4.42764
-4.4257
-4.42417
-4.42301
-4.42217
-4.42161
-4.4213
-4.63609
-4.62615
-4.61719
-4.6092
-4.60208
-4.59575
-4.59016
-4.58523
-4.58093
-4.57723
-4.57411
-4.57147
-4.56926
-4.56745
-4.56602
-4.56493
-4.56414
-4.56361
-4.56332
-4.77039
-4.76159
-4.75364
-4.74652
-4.74015
-4.73449
-4.72945
-4.72501
-4.72114
-4.71782
-4.71499
-4.71257
-4.71055
-4.7089
-4.7076
-4.70661
-4.70588
-4.70539
-4.70512
-4.90392
-4.89632
-4.88945
-4.88326
-4.8777
-4.87273
-4.8683
-4.86439
-4.86099
-4.85805
-4.85552
-4.85337
-4.85156
-4.8501
-4.84895
-4.84806
-4.84741
-4.84697
-4.84673
-5.03677
-5.03045
-5.02469
-5.01949
-5.01478
-5.01055
-5.00676
-5.00341
-5.00049
-4.99796
-4.99576
-4.99389
-4.99234
-4.99109
-4.9901
-4.98934
-4.98877
-4.98839
-4.98819
-5.1691
-5.16406
-5.15946
-5.15525
-5.15143
-5.14797
-5.14486
-5.14211
-5.13969
-5.13757
-5.13574
-5.13419
-5.13291
-5.13189
-5.13107
-5.13045
-5.12998
-5.12967
-5.1295
-5.30106
-5.29728
-5.29381
-5.29062
-5.2877
-5.28505
-5.28266
-5.28052
-5.27862
-5.27695
-5.27551
-5.27431
-5.27333
-5.27254
-5.27191
-5.27143
-5.27107
-5.27082
-5.27069
-5.43281
-5.43023
-5.42786
-5.42568
-5.42367
-5.42185
-5.42019
-5.41869
-5.41734
-5.41615
-5.41514
-5.4143
-5.41362
-5.41307
-5.41264
-5.4123
-5.41205
-5.41188
-5.41179
-5.56446
-5.56305
-5.56174
-5.56054
-5.55944
-5.55844
-5.55752
-5.55668
-5.55592
-5.55525
-5.55468
-5.55421
-5.55383
-5.55353
-5.55329
-5.5531
-5.55296
-5.55287
-5.55281
-5.69611
-5.69583
-5.69557
-5.69533
-5.69512
-5.69492
-5.69474
-5.69457
-5.69441
-5.69428
-5.69417
-5.69407
-5.694
-5.69394
-5.69389
-5.69385
-5.69383
-5.69381
-5.6938
1280.24
1268.14
1246.13
1213.84
1170.67
1115.9
1048.45
966.648
868.203
749.902
606.312
435.084
196.849
31.1975
6.42543
3.18426
2.55729
2.24124
2.02869
1.89283
1.8042
1.75186
1.73065
1223.32
1211.23
1189.27
1157.04
1113.95
1059.28
991.941
910.226
811.786
693.222
548.29
373.732
121.738
11.3702
3.30916
2.29624
2.27203
2.11118
1.94073
1.8168
1.73177
1.68055
1.65968
1167.95
1155.91
1134.03
1101.91
1058.97
1004.49
937.35
855.809
757.425
638.569
491.922
311.316
56.1583
5.58028
2.32192
2.02421
2.05941
1.96752
1.83743
1.72826
1.64833
1.59868
1.57791
1114.14
1102.17
1080.4
1048.45
1005.73
951.536
884.71
803.471
705.319
586.385
438.588
252.218
24.0262
3.12489
1.95544
1.87938
1.89197
1.82644
1.72393
1.62972
1.55519
1.50635
1.48482
1061.9
1050.01
1028.39
996.668
954.259
900.445
834.063
753.319
655.657
537.144
389.528
199.964
12.0682
2.16808
1.76504
1.74573
1.74208
1.68887
1.60651
1.52378
1.4533
1.40378
1.37992
1011.24
999.449
978.023
946.587
904.571
851.251
785.467
705.445
608.647
491.224
345.364
156.804
6.29849
1.75231
1.62926
1.61587
1.60278
1.55606
1.48584
1.41236
1.34434
1.29117
1.25877
962.168
950.5
929.31
898.229
856.702
803.998
738.986
659.953
564.435
448.878
306.355
122.54
3.47188
1.51414
1.49855
1.48586
1.4681
1.4257
1.36501
1.29755
1.23003
1.1694
1.11634
914.603
903.091
882.183
851.523
810.574
758.601
694.521
616.715
522.875
409.814
271.912
95.4785
1.96498
1.35005
1.36896
1.35801
1.33764
1.29896
1.24424
1.1811
1.11338
1.04124
0.92998
0.859323
0.849446
0.8334
0.813891
0.793049
0.772153
0.751963
0.732968
0.715438
0.699492
0.685144
0.672379
0.661238
0.651809
0.64414
0.638204
0.633929
0.631245
0.630114
0.801853
0.791734
0.775252
0.755338
0.734194
0.713112
0.692809
0.67377
0.656234
0.640271
0.6259
0.613133
0.602011
0.592601
0.584943
0.57901
0.574735
0.572051
0.570919
0.745624
0.734953
0.717575
0.696955
0.675334
0.653913
0.633404
0.614273
0.596712
0.580723
0.566312
0.553542
0.54247
0.533115
0.525477
0.51954
0.515261
0.512578
0.511446
0.690618
0.679209
0.660479
0.638742
0.616376
0.594513
0.573751
0.554487
0.536861
0.520823
0.506376
0.493625
0.482626
0.473343
0.465743
0.459809
0.455516
0.452824
0.451692
0.63708
0.624397
0.603637
0.580503
0.557284
0.534904
0.513852
0.494402
0.476649
0.460554
0.446106
0.433395
0.422476
0.413286
0.405738
0.399808
0.395503
0.392803
0.391668
0.585291
0.570694
0.547225
0.522269
0.497969
0.475005
0.453651
0.433998
0.416084
0.399918
0.385504
0.372871
0.362035
0.352926
0.345445
0.339542
0.335229
0.332516
0.331382
0.536465
0.517716
0.490706
0.463807
0.438387
0.41478
0.393091
0.373229
0.355162
0.338942
0.324585
0.312051
0.301299
0.292268
0.284856
0.278994
0.274694
0.271978
0.270835
0.489678
0.465389
0.43408
0.405046
0.378432
0.354149
0.332092
0.312052
0.2939
0.277658
0.26336
0.250934
0.240272
0.231304
0.223959
0.218162
0.213897
0.211188
0.210049
830.706
819.542
799.257
769.524
729.851
679.549
617.652
542.77
453.009
345.923
218.014
57.7081
1.21473
1.10324
1.14061
1.13283
1.1118
1.07667
1.0294
0.971702
0.903963
0.817931
0.68982
740.772
730.096
710.708
682.321
644.508
596.695
538.108
467.683
384.089
285.821
171.357
32.3363
0.921686
0.882583
0.892619
0.884954
0.864873
0.833918
0.792366
0.740736
0.679666
0.607876
0.522922
657.794
647.702
629.384
602.603
567.016
522.187
467.552
402.378
325.86
237.263
136.443
17.4392
0.718976
0.662091
0.657136
0.64643
0.627526
0.600404
0.564229
0.519391
0.466835
0.406637
0.340105
581.584
572.151
555.048
530.089
497.017
455.535
405.281
345.817
276.743
197.868
109.9
8.75031
0.422605
0.431201
0.425253
0.41458
0.398114
0.374724
0.343499
0.305449
0.261166
0.211528
0.158388
511.828
503.108
487.319
464.334
433.976
396.066
350.417
296.826
235.19
165.651
89.4093
3.98862
0.124177
0.193291
0.196277
0.188469
0.174934
0.155147
0.128811
0.0970087
0.0602248
0.0196352
-0.0233724
448.151
440.182
425.773
404.847
377.308
343.074
302.082
254.3
199.832
139.017
73.3038
1.567
-0.0684286
-0.0274683
-0.0245781
-0.031465
-0.0426825
-0.058931
-0.0806158
-0.106908
-0.13702
-0.170069
-0.205012
390.141
382.94
369.94
351.112
326.414
295.844
259.432
217.26
169.547
116.733
60.3679
0.388335
-0.224834
-0.234929
-0.238522
-0.246179
-0.255338
-0.268239
-0.285725
-0.306957
-0.331224
-0.357915
-0.38623
337.36
330.926
319.335
302.589
280.69
253.689
221.68
184.82
143.389
97.8436
49.7276
-0.261225
-0.445528
-0.447425
-0.450287
-0.457277
-0.464065
-0.473788
-0.487343
-0.503849
-0.522917
-0.544166
-0.5669
289.325
283.66
273.455
258.737
239.544
215.966
188.132
156.239
120.588
81.6236
40.8089
-0.586263
-0.656814
-0.659692
-0.660826
-0.665985
-0.669806
-0.676223
-0.685871
-0.698097
-0.71262
-0.729133
-0.747036
245.546
240.623
231.755
218.989
202.385
182.047
158.131
130.856
100.514
67.5083
33.1898
-0.814709
-0.858793
-0.871257
-0.870781
-0.872704
-0.873125
-0.876119
-0.882024
-0.890272
-0.900701
-0.912839
-0.926473
205.518
201.3
193.708
182.8
168.645
151.35
131.096
108.099
82.634
55.0497
26.5322
-1.1181
-1.0978
-1.08864
-1.08058
-1.07755
-1.0744
-1.07393
-1.07634
-1.08073
-1.08708
-1.09533
-1.10497
168.736
165.191
158.812
149.652
137.786
123.345
106.506
87.4756
66.5083
43.8995
20.6528
-1.36667
-1.32331
-1.30097
-1.28685
-1.2799
-1.27344
-1.26983
-1.26867
-1.26952
-1.27202
-1.27646
-1.28229
134.764
131.834
126.585
119.058
109.339
97.5584
83.8815
68.525
51.7331
33.7472
15.3906
-1.54689
-1.5182
-1.50093
-1.4877
-1.47906
-1.47027
-1.46389
-1.45938
-1.45662
-1.45559
-1.45619
-1.45834
103.072
100.736
96.5324
90.5213
82.7901
73.4644
62.7166
50.7687
37.8583
24.2224
10.527
-1.72175
-1.70288
-1.69368
-1.6844
-1.67585
-1.66562
-1.65642
-1.64871
-1.64227
-1.63749
-1.6346
-1.6332
73.1361
71.3439
68.129
63.5266
57.6233
50.5553
42.497
33.6775
24.371
14.9127
5.82142
-1.88997
-1.88367
-1.88458
-1.8807
-1.87257
-1.86052
-1.84814
-1.83671
-1.82656
-1.81804
-1.81158
-1.80671
44.9065
43.6287
41.2933
38.002
33.7955
28.7993
23.1857
17.1989
11.1986
5.64055
1.08726
-2.03705
-2.06386
-2.07799
-2.08155
-2.07261
-2.05661
-2.03981
-2.0238
-2.00941
-1.99712
-1.98703
-1.97868
17.1336
16.2487
14.7733
12.6401
9.94291
6.74489
3.2117
-0.422087
-3.75611
-5.98083
-5.49646
-2.37461
-2.2329
-2.28813
-2.29445
-2.27899
-2.25514
-2.23154
-2.20985
-2.19079
-2.17444
-2.1606
-2.14898
-4.87781
-5.03511
-5.5466
-6.25462
-7.15385
-8.22363
-9.35211
-10.387
-11.0507
-10.7287
-7.50985
-2.60569
-2.42176
-2.55305
-2.53173
-2.49384
-2.45577
-2.42248
-2.39404
-2.36987
-2.34943
-2.33206
-2.31732
-3.8537
-3.86099
-3.88187
-3.90141
-3.9131
-3.89133
-3.86471
-3.83778
-3.81129
-3.77306
-3.88058
-4.34946
-3.46821
-2.94127
-2.79352
-2.71204
-2.65456
-2.61035
-2.5749
-2.54571
-2.52133
-2.50077
-2.4833
-4.00247
-4.01501
-3.99868
-3.98703
-3.96837
-3.9459
-3.91933
-3.88943
-3.85722
-3.83011
-3.82664
-3.97793
-3.80734
-3.25089
-3.03014
-2.91729
-2.84455
-2.7917
-2.75047
-2.71714
-2.68956
-2.66632
-2.64655
-4.04252
-4.02923
-4.02231
-4.00809
-3.98894
-3.96529
-3.93692
-3.90336
-3.86481
-3.82043
-3.77215
-3.72439
-3.54129
-3.34219
-3.1973
-3.09402
-3.01982
-2.96369
-2.9194
-2.88342
-2.85355
-2.82835
-2.80696
-4.06673
-4.06453
-4.05439
-4.03884
-4.01877
-3.99362
-3.96282
-3.92624
-3.8829
-3.83217
-3.77115
-3.68871
-3.56854
-3.44297
-3.33543
-3.2492
-3.18075
-3.12586
-3.08111
-3.04413
-3.01317
-2.98686
-2.96445
-4.11866
-4.11257
-4.10193
-4.08658
-4.06623
-4.04042
-4.00906
-3.97123
-3.92669
-3.87385
-3.81042
-3.73315
-3.64158
-3.54914
-3.46493
-3.39226
-3.33096
-3.27951
-3.23617
-3.19961
-3.1685
-3.14182
-3.11893
-4.1702
-4.16495
-4.15508
-4.14032
-4.1205
-4.09551
-4.06459
-4.02782
-3.98443
-3.93338
-3.87436
-3.80654
-3.73271
-3.6591
-3.59022
-3.52817
-3.47372
-3.4264
-3.38549
-3.35023
-3.31976
-3.29333
-3.27041
-4.22669
-4.22152
-4.21203
-4.19808
-4.17919
-4.1553
-4.12596
-4.0911
-4.05055
-4.0039
-3.9512
-3.89305
-3.83191
-3.77106
-3.71304
-3.65944
-3.6111
-3.56796
-3.52994
-3.4966
-3.46731
-3.44153
-3.41902
-4.28837
-4.28369
-4.27476
-4.26169
-4.24416
-4.2217
-4.19443
-4.16243
-4.12533
-4.08336
-4.03698
-3.98704
-3.93528
-3.88383
-3.83413
-3.78749
-3.74446
-3.7054
-3.67043
-3.63922
-3.61145
-3.58675
-3.56498
-4.35516
-4.35053
-4.34247
-4.33032
-4.31415
-4.29375
-4.26902
-4.23995
-4.20655
-4.16931
-4.12865
-4.08551
-4.04122
-3.99705
-3.95404
-3.91314
-3.8749
-3.83971
-3.80766
-3.77874
-3.7527
-3.7293
-3.70847
-4.42605
-4.4221
-4.41455
-4.40371
-4.38911
-4.37065
-4.34844
-4.32243
-4.29276
-4.2599
-4.22446
-4.18709
-4.14891
-4.11065
-4.07317
-4.03717
-4.00318
-3.97149
-3.94234
-3.91569
-3.89141
-3.86942
-3.8497
-4.50141
-4.49765
-4.49097
-4.48102
-4.46782
-4.45141
-4.43172
-4.40869
-4.38269
-4.35407
-4.32317
-4.29088
-4.25785
-4.22455
-4.19173
-4.15997
-4.12969
-4.10126
-4.07484
-4.05039
-4.02792
-4.00741
-3.98886
-4.58023
-4.57692
-4.57077
-4.56183
-4.5501
-4.53554
-4.51817
-4.49816
-4.47561
-4.45068
-4.42403
-4.39625
-4.36753
-4.33849
-4.30973
-4.28168
-4.25475
-4.22927
-4.20537
-4.18308
-4.16244
-4.14347
-4.12619
-4.6625
-4.65941
-4.65386
-4.64585
-4.63541
-4.62262
-4.6075
-4.59011
-4.57055
-4.5492
-4.52641
-4.50233
-4.47739
-4.45214
-4.42698
-4.40226
-4.37837
-4.3556
-4.3341
-4.31394
-4.29518
-4.27783
-4.26197
-4.74756
-4.74482
-4.73983
-4.73272
-4.72356
-4.71236
-4.69917
-4.68412
-4.6674
-4.64912
-4.6294
-4.60856
-4.58704
-4.56515
-4.54323
-4.52159
-4.50058
-4.4804
-4.46124
-4.44321
-4.42638
-4.41074
-4.39636
-4.83587
-4.83339
-4.829
-4.82275
-4.81468
-4.80488
-4.79341
-4.78039
-4.76587
-4.74995
-4.73288
-4.71495
-4.69641
-4.67751
-4.65854
-4.6398
-4.62152
-4.60386
-4.58702
-4.57113
-4.55623
-4.54232
-4.52948
-4.92744
-4.92524
-4.92132
-4.91576
-4.90862
-4.89995
-4.88985
-4.87838
-4.86565
-4.85187
-4.83719
-4.82178
-4.80585
-4.78962
-4.77337
-4.75732
-4.7416
-4.72636
-4.71177
-4.69795
-4.68494
-4.67274
-4.66144
-5.02168
-5.01972
-5.01624
-5.01128
-5.0049
-4.99722
-4.9883
-4.97827
-4.96727
-4.9554
-4.9428
-4.9296
-4.91601
-4.90223
-4.88846
-4.87479
-4.86138
-4.84837
-4.83587
-4.82398
-4.81275
-4.80221
-4.79244
-5.11752
-5.11586
-5.11285
-5.10855
-5.10303
-5.09636
-5.08867
-5.08004
-5.0706
-5.06044
-5.04972
-5.03859
-5.02718
-5.01563
-5.00403
-4.9925
-4.98121
-4.97024
-4.95963
-4.9495
-4.93994
-4.93099
-4.92268
-5.21425
-5.21286
-5.21034
-5.20674
-5.2021
-5.1965
-5.19002
-5.18276
-5.17483
-5.16637
-5.15749
-5.1483
-5.13889
-5.12935
-5.11979
-5.11033
-5.10105
-5.09198
-5.08318
-5.07473
-5.06676
-5.0593
-5.05236
-5.3122
-5.31104
-5.30898
-5.30604
-5.30226
-5.29768
-5.29236
-5.28642
-5.27997
-5.27308
-5.26586
-5.25841
-5.25083
-5.2432
-5.23563
-5.22814
-5.22076
-5.21351
-5.20646
-5.19969
-5.19328
-5.18726
-5.18163
-5.41139
-5.41052
-5.40894
-5.40665
-5.40368
-5.40007
-5.39588
-5.39117
-5.38604
-5.38057
-5.37487
-5.36905
-5.36321
-5.3574
-5.35164
-5.34594
-5.34033
-5.33485
-5.32953
-5.32439
-5.31952
-5.31492
-5.3106
-5.51104
-5.5104
-5.50922
-5.50752
-5.50534
-5.50271
-5.49966
-5.49624
-5.4925
-5.48853
-5.48442
-5.48024
-5.47607
-5.47194
-5.46786
-5.46384
-5.45993
-5.45613
-5.45246
-5.44892
-5.44555
-5.44238
-5.43936
-5.61106
-5.6106
-5.60979
-5.60867
-5.60724
-5.60556
-5.60365
-5.60152
-5.59923
-5.5968
-5.59427
-5.59171
-5.58916
-5.58665
-5.58422
-5.58185
-5.57959
-5.57742
-5.57536
-5.57338
-5.57151
-5.56974
-5.56805
-5.71091
-5.71076
-5.71043
-5.70994
-5.70933
-5.7086
-5.70776
-5.70684
-5.70588
-5.7049
-5.70395
-5.70302
-5.70213
-5.7013
-5.70054
-5.69986
-5.69925
-5.69873
-5.69828
-5.69788
-5.6975
-5.69714
-5.6968
0.594217
0.547606
0.502011
0.463093
0.462704
0.420404
0.382053
0.347713
0.298285
0.266146
0.23574
0.207091
0.12563
0.100531
0.0763455
0.0529276
-0.049739
-0.0698941
-0.0894092
-0.108567
-0.226338
-0.242646
-0.258577
-0.274355
-0.403431
-0.416624
-0.429658
-0.44263
-0.580751
-0.591377
-0.601902
-0.612341
-0.758067
-0.766469
-0.774665
-0.782759
-0.934957
-0.941258
-0.947313
-0.953303
-1.11097
-1.11531
-1.11946
-1.12359
-1.28591
-1.28848
-1.29094
-1.29342
-1.45982
-1.46077
-1.46168
-1.46267
-1.63262
-1.63209
-1.63157
-1.63115
-1.80417
-1.80222
-1.80034
-1.79863
-1.97427
-1.97096
-1.96779
-1.96487
-2.14274
-2.13808
-2.13369
-2.12969
-2.30936
-2.30346
-2.29798
-2.29301
-2.4738
-2.46686
-2.46048
-2.45464
-2.63587
-2.62813
-2.62097
-2.61434
-2.79543
-2.78704
-2.77923
-2.77194
-2.9523
-2.94343
-2.93513
-2.92736
-3.10643
-3.09725
-3.08864
-3.08055
-3.25782
-3.24854
-3.23977
-3.23149
-3.40657
-3.39734
-3.38857
-3.38025
-3.55283
-3.54376
-3.5351
-3.52687
-3.69676
-3.68794
-3.67948
-3.67146
-3.83849
-3.83002
-3.82192
-3.81421
-3.97824
-3.97025
-3.9626
-3.95527
-4.11629
-4.10883
-4.10166
-4.09475
-4.25284
-4.24593
-4.23926
-4.2328
-4.38804
-4.3817
-4.37555
-4.36958
-4.52203
-4.51631
-4.51072
-4.50527
-4.6549
-4.64987
-4.64489
-4.64
-4.78682
-4.78248
-4.77815
-4.77385
-4.91793
-4.91425
-4.91056
-4.90688
-5.04839
-5.04533
-5.04227
-5.03923
-5.17839
-5.1759
-5.17345
-5.17104
-5.30809
-5.30617
-5.30431
-5.30251
-5.43761
-5.43629
-5.43501
-5.43379
-5.56707
-5.56635
-5.56566
-5.565
-5.6966
-5.69647
-5.69634
-5.69621
0.406874
0.365611
0.327582
0.295153
0.266602
0.241185
0.218484
0.198179
0.180001
0.16382
0.149626
0.137358
0.12686
0.118017
0.110783
0.105106
0.100935
0.0982714
0.0971382
0.29066
0.240842
0.199489
0.164779
0.134873
0.108655
0.0855293
0.0651301
0.0470864
0.0310972
0.017094
0.00504597
-0.00522787
-0.0138866
-0.0209592
-0.0264769
-0.0305201
-0.0331164
-0.0342276
0.155663
0.106181
0.0647645
0.0297559
-0.000357568
-0.0266544
-0.0497184
-0.0699077
-0.0876181
-0.103259
-0.116958
-0.128712
-0.138704
-0.147126
-0.153993
-0.159318
-0.163211
-0.165724
-0.166809
0.00852375
-0.0369422
-0.0761956
-0.109942
-0.139214
-0.164856
-0.187344
-0.206984
-0.224137
-0.239258
-0.252525
-0.263902
-0.273547
-0.281673
-0.288288
-0.29339
-0.297109
-0.299524
-0.300573
-0.146212
-0.186508
-0.222396
-0.253854
-0.281481
-0.305862
-0.327312
-0.346071
-0.362439
-0.376875
-0.389591
-0.400498
-0.409722
-0.417492
-0.42381
-0.428657
-0.432181
-0.43448
-0.435487
-0.305892
-0.340752
-0.372734
-0.401323
-0.426764
-0.449427
-0.469472
-0.487066
-0.502443
-0.516048
-0.528098
-0.538445
-0.547167
-0.554521
-0.560506
-0.565072
-0.568377
-0.570544
-0.5715
-0.468754
-0.49833
-0.526253
-0.551682
-0.574601
-0.595229
-0.613605
-0.629821
-0.644038
-0.656689
-0.667979
-0.67767
-0.685811
-0.692697
-0.698315
-0.702579
-0.705647
-0.707664
-0.708562
-0.633595
-0.658259
-0.682165
-0.704309
-0.724523
-0.742924
-0.759467
-0.774164
-0.7871
-0.798698
-0.809139
-0.818094
-0.825582
-0.83195
-0.837178
-0.841124
-0.843937
-0.845792
-0.846625
-0.799595
-0.81977
-0.839797
-0.858656
-0.876103
-0.892185
-0.906816
-0.919917
-0.931485
-0.941953
-0.951471
-0.959611
-0.966394
-0.972214
-0.97703
-0.98064
-0.983187
-0.984871
-0.985632
-0.966169
-0.982222
-0.99861
-1.01427
-1.02896
-1.04271
-1.05541
-1.06688
-1.07703
-1.0863
-1.09483
-1.1021
-1.10815
-1.1134
-1.11779
-1.12105
-1.12332
-1.12482
-1.12551
-1.13291
-1.14518
-1.15817
-1.17076
-1.18276
-1.19422
-1.20501
-1.21483
-1.22354
-1.23159
-1.23908
-1.24545
-1.25074
-1.25542
-1.25936
-1.26226
-1.26425
-1.26558
-1.26619
-1.29952
-1.30835
-1.31814
-1.3278
-1.33723
-1.34649
-1.35539
-1.36357
-1.37083
-1.37765
-1.38409
-1.38954
-1.39408
-1.39818
-1.40167
-1.40419
-1.4059
-1.40706
-1.4076
-1.46581
-1.47144
-1.47822
-1.48512
-1.49213
-1.49928
-1.50634
-1.51288
-1.51872
-1.52433
-1.52971
-1.53425
-1.53807
-1.5416
-1.54461
-1.54675
-1.54819
-1.54918
-1.54966
-1.63157
-1.6342
-1.63814
-1.64247
-1.64723
-1.65237
-1.65763
-1.66259
-1.66705
-1.67149
-1.67583
-1.67948
-1.68259
-1.68556
-1.6881
-1.68985
-1.69102
-1.69186
-1.69228
-1.79655
-1.79639
-1.79768
-1.79964
-1.8023
-1.80553
-1.80908
-1.81251
-1.81567
-1.81898
-1.82232
-1.82512
-1.82756
-1.82998
-1.83203
-1.8334
-1.83432
-1.83503
-1.83539
-1.96053
-1.95782
-1.95665
-1.95643
-1.95713
-1.95858
-1.96051
-1.9625
-1.96443
-1.9667
-1.96908
-1.97107
-1.97287
-1.97474
-1.9763
-1.97731
-1.978
-1.97859
-1.9789
-2.12336
-2.11825
-2.11484
-2.11266
-2.11156
-2.11135
-2.11177
-2.1124
-2.11322
-2.11452
-2.11599
-2.11721
-2.11841
-2.11975
-2.12084
-2.1215
-2.12198
-2.12246
-2.12274
-2.28475
-2.27749
-2.2721
-2.26815
-2.26541
-2.26369
-2.2627
-2.26211
-2.26194
-2.26234
-2.26295
-2.26345
-2.26409
-2.26491
-2.26555
-2.26589
-2.2662
-2.26658
-2.26682
-2.44464
-2.43546
-2.42832
-2.42276
-2.41854
-2.41545
-2.4132
-2.41153
-2.41048
-2.41004
-2.40985
-2.4097
-2.40982
-2.41015
-2.41037
-2.41042
-2.41058
-2.41088
-2.41108
-2.60284
-2.59204
-2.58336
-2.57638
-2.57084
-2.56653
-2.56317
-2.56059
-2.55875
-2.55753
-2.5566
-2.55588
-2.55552
-2.55538
-2.55521
-2.55503
-2.55505
-2.55528
-2.55544
-2.75924
-2.74708
-2.7371
-2.72889
-2.72223
-2.71686
-2.71257
-2.7092
-2.70665
-2.70471
-2.70314
-2.70191
-2.7011
-2.70053
-2.70002
-2.69964
-2.69956
-2.69972
-2.69984
-2.91373
-2.90048
-2.88944
-2.88025
-2.87265
-2.8664
-2.86135
-2.85731
-2.8541
-2.85152
-2.8494
-2.84774
-2.84651
-2.84556
-2.84476
-2.84422
-2.84406
-2.84414
-2.84422
-3.06626
-3.0522
-3.04037
-3.03041
-3.02205
-3.01512
-3.00946
-3.00483
-3.00103
-2.99791
-2.99535
-2.9933
-2.9917
-2.99041
-2.98939
-2.98873
-2.98848
-2.98849
-2.98854
-3.21682
-3.20225
-3.18986
-3.17932
-3.17041
-3.16297
-3.15682
-3.15169
-3.14741
-3.14385
-3.14093
-3.13854
-3.13662
-3.13507
-3.13388
-3.13313
-3.1328
-3.13273
-3.13273
-3.36545
-3.35061
-3.33789
-3.32698
-3.31771
-3.30992
-3.30338
-3.29785
-3.29319
-3.28932
-3.28609
-3.28342
-3.28124
-3.27949
-3.27819
-3.27736
-3.27696
-3.27681
-3.27678
-3.51217
-3.49732
-3.48447
-3.4734
-3.46394
-3.45591
-3.44909
-3.44329
-3.43839
-3.43428
-3.43081
-3.4279
-3.42554
-3.42368
-3.4223
-3.42141
-3.42093
-3.42071
-3.42063
-3.65709
-3.64243
-3.62967
-3.61862
-3.60909
-3.60094
-3.59398
-3.58803
-3.58299
-3.57871
-3.57505
-3.57199
-3.56952
-3.5676
-3.56618
-3.56523
-3.56468
-3.56439
-3.56428
-3.80032
-3.78604
-3.77354
-3.76262
-3.75317
-3.74504
-3.73807
-3.73209
-3.72699
-3.72259
-3.71882
-3.7157
-3.71319
-3.71124
-3.7098
-3.70881
-3.70819
-3.70784
-3.7077
-3.94197
-3.92822
-3.91611
-3.90547
-3.89624
-3.88827
-3.8814
-3.87547
-3.87036
-3.86592
-3.86214
-3.85903
-3.85654
-3.8546
-3.85314
-3.85211
-3.85144
-3.85105
-3.85088
-4.08216
-4.06907
-4.05746
-4.04725
-4.03837
-4.03068
-4.02399
-4.01818
-4.01311
-4.00873
-4.00503
-4.002
-3.99957
-3.99764
-3.99618
-3.99513
-3.99443
-3.99401
-3.99383
-4.221
-4.20868
-4.19772
-4.18807
-4.17965
-4.17229
-4.16585
-4.16022
-4.1553
-4.15107
-4.14752
-4.14462
-4.14226
-4.14038
-4.13893
-4.13788
-4.13716
-4.13672
-4.13654
-4.35866
-4.34721
-4.33701
-4.32802
-4.32012
-4.31315
-4.30703
-4.30166
-4.29698
-4.29298
-4.28963
-4.28687
-4.28461
-4.28279
-4.28138
-4.28035
-4.27963
-4.27919
-4.27901
-4.49529
-4.4848
-4.47544
-4.46715
-4.45981
-4.45332
-4.44759
-4.44257
-4.4382
-4.43448
-4.43137
-4.42877
-4.42662
-4.42488
-4.42354
-4.42255
-4.42186
-4.42143
-4.42124
-4.631
-4.62155
-4.61308
-4.60553
-4.59882
-4.59287
-4.58762
-4.583
-4.579
-4.5756
-4.57273
-4.57031
-4.5683
-4.56669
-4.56543
-4.5645
-4.56384
-4.56343
-4.56326
-4.76589
-4.75751
-4.74998
-4.74325
-4.73724
-4.73189
-4.72716
-4.72301
-4.71942
-4.71635
-4.71373
-4.71152
-4.70968
-4.70821
-4.70707
-4.70621
-4.7056
-4.70523
-4.70507
-4.90004
-4.89279
-4.88627
-4.8804
-4.87515
-4.87045
-4.86628
-4.86263
-4.85946
-4.85674
-4.8544
-4.85242
-4.85079
-4.84949
-4.84848
-4.84771
-4.84717
-4.84683
-4.84668
-5.03354
-5.0275
-5.02202
-5.01707
-5.01261
-5.0086
-5.00503
-5.0019
-4.99918
-4.99682
-4.99479
-4.99308
-4.99168
-4.99056
-4.98969
-4.98903
-4.98856
-4.98827
-4.98815
-5.16653
-5.1617
-5.15731
-5.1533
-5.14965
-5.14637
-5.14344
-5.14086
-5.13859
-5.13662
-5.13493
-5.13352
-5.13237
-5.13146
-5.13074
-5.1302
-5.12981
-5.12956
-5.12947
-5.29913
-5.29551
-5.29218
-5.28913
-5.28634
-5.28382
-5.28156
-5.27954
-5.27775
-5.2762
-5.27488
-5.27379
-5.27291
-5.2722
-5.27165
-5.27123
-5.27093
-5.27074
-5.27066
-5.4315
-5.42902
-5.42675
-5.42465
-5.42274
-5.421
-5.41942
-5.418
-5.41673
-5.41563
-5.4147
-5.41394
-5.41333
-5.41284
-5.41246
-5.41217
-5.41196
-5.41183
-5.41177
-5.56374
-5.56238
-5.56113
-5.55998
-5.55893
-5.55797
-5.55709
-5.55629
-5.55557
-5.55495
-5.55443
-5.55401
-5.55367
-5.5534
-5.55319
-5.55303
-5.55291
-5.55283
-5.5528
-5.69597
-5.6957
-5.69545
-5.69522
-5.69502
-5.69483
-5.69465
-5.69449
-5.69434
-5.69422
-5.69412
-5.69403
-5.69397
-5.69391
-5.69387
-5.69384
-5.69382
-5.6938
-5.6938
)
;

boundaryField
{
    leftWall
    {
        type            calculated;
        value           nonuniform List<scalar> 
100
(
1311.5
1253.79
1197.64
1143.04
1090
1038.54
988.663
940.345
880.438
786.946
700.436
620.783
547.737
480.95
420.026
364.553
314.06
268.071
226.09
187.608
152.148
119.287
88.3768
59.0957
32.2901
0.180956
5.33301
-4.01428
-4.02635
-4.05117
-4.09379
-4.14493
-4.19896
-4.25792
-4.32208
-4.39082
-4.46397
-4.54109
-4.62167
-4.70519
-4.79185
-4.88173
-4.97471
-5.06981
-5.16606
-5.26331
-5.36189
-5.46131
-5.56105
-5.66141
1282.45
1225.52
1170.14
1116.33
1064.07
1013.41
964.314
916.736
832.816
742.823
659.764
583.454
513.586
449.781
391.637
338.715
290.532
246.611
206.443
169.526
135.431
103.592
73.6166
45.2493
17.289
-4.52865
-3.88453
-4.01472
-4.03974
-4.07068
-4.11969
-4.17125
-4.2278
-4.28934
-4.356
-4.42672
-4.50217
-4.58089
-4.66317
-4.74804
-4.83641
-4.92783
-5.02207
-5.11784
-5.21454
-5.31244
-5.41155
-5.51114
-5.61115
-5.71084
)
;
    }
    rightWall
    {
        type            calculated;
        value           nonuniform List<scalar> 
100
(
0.630114
0.570919
0.511446
0.451692
0.391668
0.331382
0.270835
0.210049
0.0971382
-0.0342276
-0.166809
-0.300573
-0.435487
-0.5715
-0.708562
-0.846625
-0.985632
-1.12551
-1.26619
-1.4076
-1.54966
-1.69228
-1.83539
-1.9789
-2.12274
-2.26682
-2.41108
-2.55544
-2.69984
-2.84422
-2.98854
-3.13273
-3.27678
-3.42063
-3.56428
-3.7077
-3.85088
-3.99383
-4.13654
-4.27901
-4.42124
-4.56326
-4.70507
-4.84668
-4.98815
-5.12947
-5.27066
-5.41177
-5.5528
-5.6938
0.659605
0.600551
0.541217
0.481604
0.421712
0.361559
0.301138
0.240474
0.162358
0.0316093
-0.100369
-0.233545
-0.367889
-0.503358
-0.639905
-0.777469
-0.916016
-1.05547
-1.19576
-1.33681
-1.47856
-1.62091
-1.76378
-1.9071
-2.05079
-2.19475
-2.33893
-2.48325
-2.62764
-2.77203
-2.91639
-3.06065
-3.20478
-3.34873
-3.49248
-3.63602
-3.77932
-3.92239
-4.06521
-4.2078
-4.35015
-4.49228
-4.63419
-4.77589
-4.91743
-5.05882
-5.20008
-5.34123
-5.48229
-5.6233
)
;
    }
    lowerWall
    {
        type            calculated;
        value           nonuniform List<scalar> 
124
(
1324
1311.9
1289.88
1257.58
1214.4
1159.61
1092.13
1010.31
911.87
793.624
650.34
479.646
245.589
64.0669
9.98673
3.77503
2.64875
2.29249
2.07737
1.93988
1.85069
1.79811
1.77679
1.73065
1.65968
1.57791
1.48482
1.37992
1.25877
1.11634
0.92998
0.574601
0.595971
0.568326
0.529066
0.890364
0.832284
0.775373
0.719491
0.664553
0.609769
0.55489
0.491249
0.903203
0.893366
0.877407
0.857979
0.837192
0.816332
0.796162
0.777175
0.759647
0.743702
0.729356
0.716593
0.705451
0.69602
0.68835
0.682412
0.678137
0.675452
0.67432
1326.21
1319.18
1302.15
1275.05
1237.39
1188.51
1127.55
1053.14
963.335
855.413
725.738
569.128
371.053
133.933
24.3948
5.68682
2.99354
2.44566
2.17244
2.0013
1.89024
1.82022
1.78378
0.586618
0.59384
0.58438
0.55009
0.905079
0.89921
0.885985
0.867977
0.847659
0.826716
0.806125
0.7865
0.768218
0.751473
0.73633
0.722777
0.710814
0.700517
0.691965
0.685168
0.680071
0.676599
0.674694
1.76208
1.69649
1.62023
1.53267
1.43423
1.3213
1.19145
1.02965
0.861181
0.80368
0.747322
0.691912
0.637219
0.582315
0.525677
0.459547
)
;
    }
    atmosphere
    {
        type            calculated;
        value           nonuniform List<scalar> 
92
(
-5.7349
-5.73483
-5.73464
-5.73437
-5.73403
-5.73362
-5.73315
-5.73263
-5.7321
-5.73158
-5.7311
-5.73066
-5.73025
-5.72989
-5.72959
-5.72935
-5.72918
-5.72908
-5.72904
-5.72904
-5.72904
-5.72904
-5.72904
-5.72904
-5.72904
-5.72904
-5.72904
-5.72904
-5.72904
-5.72904
-5.72904
-5.72904
-5.72904
-5.72904
-5.72904
-5.72904
-5.72904
-5.72904
-5.72904
-5.72904
-5.72904
-5.72904
-5.72904
-5.72904
-5.72904
-5.72904
-5.73473
-5.73485
-5.73471
-5.73448
-5.73418
-5.7338
-5.73337
-5.73288
-5.73235
-5.73183
-5.73134
-5.73088
-5.73045
-5.73007
-5.72974
-5.72946
-5.72926
-5.72912
-5.72905
-5.72904
-5.72904
-5.72904
-5.72904
-5.72904
-5.72904
-5.72904
-5.72904
-5.72904
-5.72904
-5.72904
-5.72904
-5.72904
-5.72904
-5.72904
-5.72904
-5.72904
-5.72904
-5.72904
-5.72904
-5.72904
-5.72904
-5.72904
-5.72904
-5.72904
-5.72904
-5.72904
)
;
    }
    defaultFaces
    {
        type            empty;
    }
}


// ************************************************************************* //
