/*--------------------------------*- C++ -*----------------------------------*\
| =========                 |                                                 |
| \\      /  F ield         | OpenFOAM: The Open Source CFD Toolbox           |
|  \\    /   O peration     | Version:  v1912                                 |
|   \\  /    A nd           | Website:  www.openfoam.com                      |
|    \\/     M anipulation  |                                                 |
\*---------------------------------------------------------------------------*/
FoamFile
{
    version     2.0;
    format      ascii;
    class       volScalarField;
    location    "0.05";
    object      p_rgh;
}
// * * * * * * * * * * * * * * * * * * * * * * * * * * * * * * * * * * * * * //

dimensions      [1 -1 -2 0 0 0 0];


internalField   nonuniform List<scalar> 
9072
(
1326.59
1319.18
1302.15
1275.05
1237.39
1188.51
1127.55
1053.14
963.335
855.413
725.738
569.128
371.053
133.933
24.3948
5.68682
2.99354
2.44566
2.17244
2.0013
1.89024
1.82022
1.78378
1328.52
1320.34
1303.32
1276.26
1238.64
1189.81
1128.91
1054.57
964.796
856.795
726.738
569.036
363.706
103.84
11.6081
5.0318
2.94702
2.39658
2.1499
1.98919
1.88182
1.81294
1.77697
1332
1323.06
1306.09
1279.1
1241.58
1192.88
1132.14
1057.95
968.256
860.144
729.316
569.387
348.435
52.9597
6.78926
3.06224
2.39525
2.25702
2.09522
1.96024
1.861
1.79467
1.75945
1337.05
1327.35
1310.46
1283.59
1246.23
1197.74
1137.25
1063.31
973.817
865.685
734.131
572.198
330.239
20.8439
4.31631
2.45155
2.20368
2.14112
2.03082
1.91936
1.82944
1.76606
1.73108
1343.65
1333.21
1316.43
1289.72
1252.59
1204.4
1144.27
1070.71
981.599
873.731
741.962
579.587
310.634
11.785
3.04916
2.18197
2.08383
2.04567
1.9624
1.87024
1.78911
1.7277
1.69192
1351.85
1340.66
1324
1297.51
1260.68
1212.89
1153.23
1080.23
991.767
884.579
753.482
592.98
295.496
7.54953
2.44246
2.03848
1.99317
1.96107
1.89494
1.81597
1.74138
1.68046
1.64068
1361.61
1349.69
1333.2
1306.97
1270.52
1223.22
1164.18
1091.94
1004.42
898.453
769.075
612.363
279.558
5.61643
2.15585
1.94128
1.91538
1.88466
1.8269
1.7583
1.68854
1.62558
1.5769
1372.89
1360.3
1344.02
1318.11
1282.13
1235.44
1177.15
1105.9
1019.67
915.5
788.834
637.846
264.67
4.57657
2.00082
1.86191
1.84135
1.81151
1.76169
1.69936
1.63223
1.5655
1.49894
0.905325
0.89921
0.885985
0.867977
0.847659
0.826716
0.806125
0.7865
0.768218
0.751473
0.73633
0.722777
0.710814
0.700517
0.691965
0.685168
0.680071
0.676599
0.674694
0.906683
0.899995
0.886547
0.868271
0.84774
0.826658
0.805981
0.786311
0.768019
0.751271
0.736117
0.722555
0.710595
0.700307
0.691762
0.68497
0.679875
0.676403
0.674499
0.909184
0.901832
0.8878
0.86892
0.847924
0.826519
0.805628
0.785846
0.767521
0.750761
0.735577
0.721991
0.71005
0.699801
0.691283
0.684496
0.6794
0.675927
0.674024
0.912632
0.904956
0.889878
0.869918
0.848154
0.826255
0.805056
0.785106
0.766713
0.74992
0.734692
0.721082
0.709179
0.699003
0.690533
0.683757
0.678653
0.675173
0.673269
0.916798
0.909197
0.892533
0.87112
0.848348
0.825823
0.804259
0.784101
0.765583
0.748718
0.733452
0.719843
0.707997
0.697909
0.689507
0.682753
0.677639
0.674147
0.672237
0.920753
0.915127
0.895942
0.872474
0.848432
0.825169
0.803204
0.782813
0.764119
0.747143
0.731857
0.718291
0.706516
0.696517
0.688194
0.681477
0.67636
0.672855
0.670941
0.922974
0.922659
0.899693
0.873823
0.848339
0.824228
0.801826
0.78119
0.762308
0.745209
0.729919
0.716433
0.704746
0.694827
0.686582
0.679918
0.674817
0.671304
0.669382
0.915702
0.932718
0.903669
0.874966
0.847948
0.82295
0.80006
0.779166
0.760129
0.742941
0.727663
0.71427
0.702684
0.692841
0.684665
0.678065
0.673003
0.669501
0.667576
1397.58
1375.93
1359.95
1334.52
1299.22
1253.43
1196.3
1126.54
1042.34
941.093
818.883
675.167
236.59
3.54666
1.85119
1.77133
1.754
1.72503
1.68008
1.62423
1.55996
1.48718
1.38462
1432.78
1407.86
1392.5
1368.07
1334.19
1290.32
1235.72
1169.34
1089.77
995.112
882.731
753.707
176.336
2.44508
1.67111
1.64195
1.62643
1.59959
1.56084
1.51104
1.45122
1.37998
1.29227
1474.92
1446.83
1432.22
1409.02
1376.9
1335.41
1283.98
1221.83
1147.96
1061.21
959.995
846.291
125.27
1.87798
1.53762
1.52379
1.50854
1.48429
1.45041
1.40676
1.3542
1.29294
1.22204
1523.8
1492.71
1478.98
1457.21
1427.12
1388.39
1340.62
1283.28
1215.76
1137.47
1047.57
948.137
83.1842
1.59124
1.42485
1.41432
1.39942
1.37813
1.34869
1.31099
1.26606
1.21441
1.15709
1579.13
1545.24
1532.49
1512.29
1484.46
1448.77
1404.96
1352.75
1291.84
1222.02
1142.94
1056.34
51.2322
1.39023
1.31478
1.30932
1.29691
1.2789
1.25361
1.2217
1.18402
1.14113
1.09457
1640.52
1604.06
1592.35
1573.83
1548.39
1515.89
1476.21
1429.22
1374.87
1313.22
1244.19
1169.03
28.5983
1.24172
1.21236
1.21037
1.20034
1.18539
1.1643
1.13776
1.10647
1.07135
1.03348
1707.57
1668.77
1658.13
1641.35
1618.36
1589.11
1553.57
1511.74
1463.72
1409.73
1349.86
1284.83
14.1842
1.1432
1.12243
1.11819
1.10923
1.09714
1.08003
1.05831
1.0328
1.00427
0.973533
1779.84
1738.93
1729.37
1714.34
1693.8
1667.77
1636.28
1599.43
1557.39
1510.48
1458.87
1402.77
6.48247
1.0521
1.03643
1.03043
1.0226
1.01328
0.999819
0.982539
0.962284
0.939499
0.914723
1856.85
1814.08
1805.61
1792.3
1774.17
1751.25
1723.66
1691.52
1655.07
1614.64
1570.42
1522.22
2.73622
0.953211
0.949597
0.945008
0.939218
0.932855
0.92294
0.909944
0.894364
0.876568
0.856913
1938.12
1893.74
1886.32
1874.69
1858.87
1838.95
1815.04
1787.32
1756.04
1721.52
1683.96
1642.85
1.66776
0.867629
0.86405
0.86115
0.858353
0.855241
0.848908
0.839914
0.828539
0.815104
0.800063
2023.15
1977.38
1970.98
1960.95
1947.35
1930.26
1909.81
1886.2
1859.69
1830.57
1799.01
1764.25
1.17444
0.773179
0.777028
0.778436
0.779585
0.779835
0.777063
0.771821
0.764443
0.75517
0.74419
2111.43
2064.51
2059.08
2050.57
2039.05
2024.62
2007.41
1987.64
1965.53
1941.36
1915.24
1886.27
0.891829
0.673199
0.690369
0.697751
0.702903
0.706538
0.70711
0.705523
0.702001
0.696652
0.689493
2202.53
2154.64
2150.12
2143.05
2133.48
2121.53
2107.35
2091.13
2073.09
2053.5
2032.42
2008.87
0.750864
0.591463
0.61066
0.620758
0.628789
0.63522
0.639101
0.640988
0.641076
0.639477
0.636146
2295.89
2247.31
2243.63
2237.88
2230.14
2220.51
2209.13
2196.19
2181.95
2166.61
2150.25
2131.95
0.632706
0.524527
0.538257
0.547607
0.557034
0.56569
0.572609
0.577988
0.581731
0.583792
0.584074
2391.1
2342
2339.11
2334.61
2328.55
2321.05
2312.25
2302.36
2291.63
2280.29
2268.48
2255.41
0.53176
0.462678
0.469211
0.476209
0.486315
0.497358
0.507427
0.516345
0.523859
0.529541
0.533332
2487.83
2438.13
2435.97
2432.61
2428.1
2422.55
2416.1
2408.97
2401.43
2393.81
2386.43
2378.99
0.468624
0.401942
0.39891
0.403076
0.414677
0.428969
0.443054
0.456016
0.467381
0.476685
0.484054
2583.08
2536.37
2534.87
2532.56
2529.48
2525.71
2521.38
2516.68
2511.93
2507.62
2504.27
2501.06
0.443131
0.338381
0.319755
0.323455
0.339845
0.359745
0.37913
0.396909
0.412422
0.425514
0.436446
2616.42
2620.93
2619.87
2618.25
2616.05
2613.35
2610.24
2606.89
2603.59
2600.98
2599.57
2575.55
0.424029
0.246938
0.216139
0.231437
0.26014
0.289545
0.31616
0.339452
0.359365
0.376352
0.390735
9.04483
1338.51
1324.26
1302.21
1273.18
1234.1
1186.73
1134.19
1077.93
1019.92
907.377
310.537
42.0153
-0.00365046
0.0620348
0.12479
0.177406
0.220274
0.255388
0.284612
0.309115
0.329783
0.347283
-1.07125
-1.11454
-1.10939
-1.09851
-1.08277
-1.06305
-1.03959
-1.01255
-0.983564
-0.957881
-0.955985
-1.07384
10.9175
-0.512727
-0.120501
0.0186755
0.0993315
0.155862
0.199171
0.233918
0.262454
0.286355
0.306623
-0.971084
-1.01681
-1.00851
-0.99744
-0.981027
-0.96014
-0.934657
-0.905119
-0.870888
-0.834612
-0.799226
-0.794039
-0.694331
-0.424688
-0.193431
-0.0527018
0.0376586
0.101397
0.149874
0.188505
0.220179
0.246625
0.269029
-0.876835
-0.916754
-0.910332
-0.898002
-0.880771
-0.85867
-0.831738
-0.79918
-0.761284
-0.71569
-0.663722
-0.602851
-0.495594
-0.333965
-0.193952
-0.0861296
-0.00412763
0.0589373
0.108879
0.149357
0.182725
0.210782
0.234646
-0.800653
-0.834835
-0.82638
-0.813167
-0.795267
-0.77234
-0.743797
-0.709486
-0.668682
-0.620922
-0.563221
-0.492501
-0.398977
-0.290981
-0.189846
-0.103121
-0.031335
0.0274598
0.0759479
0.11627
0.150147
0.178897
0.20347
-0.727013
-0.759972
-0.752175
-0.73965
-0.722051
-0.699152
-0.671026
-0.636545
-0.5958
-0.547695
-0.490959
-0.424068
-0.345586
-0.26262
-0.183265
-0.11158
-0.0492461
0.00416794
0.0498615
0.0888716
0.122178
0.150799
0.17555
-0.658367
-0.688919
-0.681474
-0.669369
-0.652553
-0.63073
-0.603319
-0.570417
-0.53143
-0.485923
-0.433482
-0.373905
-0.308468
-0.241156
-0.175954
-0.1155
-0.0610425
-0.0127786
0.0295188
0.0663375
0.0983824
0.126371
0.150798
-0.594716
-0.622842
-0.61575
-0.604596
-0.588617
-0.567995
-0.542209
-0.511165
-0.475125
-0.43345
-0.386506
-0.334659
-0.279379
-0.223089
-0.168165
-0.116259
-0.0683874
-0.0250688
0.0136925
0.0480437
0.0784132
0.105288
0.128993
-0.536173
-0.562128
-0.55562
-0.54499
-0.530333
-0.511103
-0.48736
-0.459144
-0.426215
-0.388728
-0.347178
-0.302083
-0.254751
-0.206861
-0.159824
-0.11478
-0.0726422
-0.0337812
0.00153353
0.0332689
0.0617286
0.0871843
0.109873
-0.481705
-0.505958
-0.499868
-0.490252
-0.47682
-0.459488
-0.438022
-0.412499
-0.382925
-0.349607
-0.312991
-0.273834
-0.233039
-0.191863
-0.151146
-0.11182
-0.0745749
-0.0398049
-0.00781991
0.0213576
0.0478108
0.0717216
0.0932144
-0.431958
-0.454079
-0.448617
-0.43991
-0.427836
-0.412102
-0.392928
-0.370251
-0.344003
-0.31466
-0.282726
-0.248653
-0.213444
-0.177785
-0.142307
-0.107804
-0.0748109
-0.0437374
-0.0148262
0.0118205
0.0362643
0.0585878
0.0787756
-0.385477
-0.406185
-0.401232
-0.393298
-0.382313
-0.368402
-0.351417
-0.331334
-0.308455
-0.282981
-0.255124
-0.225691
-0.195299
-0.164258
-0.133272
-0.102932
-0.0736793
-0.0459081
-0.0198748
0.00436962
0.0268471
0.0474938
0.066328
-0.342566
-0.361689
-0.357167
-0.350027
-0.34027
-0.327858
-0.312913
-0.295501
-0.275653
-0.2535
-0.229561
-0.204313
-0.17793
-0.150926
-0.123875
-0.0971951
-0.0712803
-0.0465121
-0.0231107
-0.00114393
0.0193271
0.0382637
0.0556508
-0.302242
-0.320311
-0.316203
-0.309774
-0.301081
-0.290224
-0.277175
-0.261988
-0.244802
-0.225872
-0.205419
-0.183573
-0.160712
-0.137317
-0.113759
-0.0903868
-0.067554
-0.045574
-0.0246659
-0.00494725
0.0135024
0.0306529
0.0464762
-0.26542
-0.281858
-0.2782
-0.272519
-0.264893
-0.255342
-0.243939
-0.230789
-0.216028
-0.199732
-0.181992
-0.163093
-0.143395
-0.123201
-0.102785
-0.0824514
-0.0625264
-0.0432359
-0.0247605
-0.00727446
0.00913919
0.0244543
0.0386619
-0.231643
-0.246721
-0.243493
-0.238468
-0.23172
-0.223329
-0.213353
-0.201872
-0.188951
-0.174703
-0.159339
-0.143081
-0.126142
-0.108756
-0.0911602
-0.0736502
-0.0564682
-0.039751
-0.0236539
-0.00837677
0.00601766
0.0195184
0.0320901
-0.200692
-0.214662
-0.211764
-0.207281
-0.201273
-0.193795
-0.184944
-0.174801
-0.163476
-0.151139
-0.137926
-0.123963
-0.10943
-0.0945425
-0.0795396
-0.0646272
-0.0499308
-0.0355959
-0.0217703
-0.00858471
0.00388764
0.0156234
0.0265756
-0.171272
-0.184772
-0.18224
-0.17828
-0.172959
-0.166375
-0.158615
-0.149783
-0.140006
-0.12939
-0.118047
-0.106122
-0.0937822
-0.081207
-0.0685488
-0.0559138
-0.0434366
-0.0312719
-0.0195183
-0.00823702
0.00246131
0.0125204
0.0219064
-0.142774
-0.156005
-0.153849
-0.150496
-0.145978
-0.140361
-0.13374
-0.126216
-0.117886
-0.108869
-0.0993036
-0.0893252
-0.0790508
-0.0685846
-0.0580165
-0.0474689
-0.0370799
-0.0269306
-0.0170687
-0.00756561
0.00146613
0.00994596
0.017853
-0.115484
-0.128177
-0.126394
-0.123607
-0.119863
-0.115212
-0.109712
-0.103455
-0.0965557
-0.0891311
-0.0812859
-0.0731149
-0.0647136
-0.0561742
-0.0475996
-0.0390899
-0.0307041
-0.0224644
-0.0144167
-0.00662152
0.000766319
0.00772706
0.0142367
-0.0893931
-0.101721
-0.100294
-0.0980796
-0.0950873
-0.0913462
-0.0869112
-0.0818653
-0.0763032
-0.0703137
-0.063988
-0.0574298
-0.0507471
-0.0440371
-0.0373628
-0.0307529
-0.0242225
-0.0177977
-0.011526
-0.00545468
0.000347248
0.00581832
0.010961
-0.063793
-0.0761399
-0.0750935
-0.073411
-0.0711253
-0.0682745
-0.0648952
-0.0610348
-0.0567602
-0.0521544
-0.0473126
-0.0423417
-0.037335
-0.0323551
-0.0274196
-0.0225378
-0.0177305
-0.0130338
-0.00847285
-0.00406128
0.000169681
0.00416938
0.00794469
-0.0385991
-0.0507732
-0.0499942
-0.0487837
-0.047174
-0.0452006
-0.0428919
-0.0402761
-0.037394
-0.034294
-0.031036
-0.027692
-0.0243294
-0.0209921
-0.0177031
-0.0144777
-0.0113361
-0.00829973
-0.00537857
-0.00256782
0.000124493
0.00266804
0.00507639
-0.0131027
-0.0261119
-0.025658
-0.024944
-0.0240011
-0.0228558
-0.0215314
-0.0200529
-0.0184501
-0.0167555
-0.0150023
-0.0132232
-0.011456
-0.0097313
-0.00807121
-0.00648888
-0.00499333
-0.00359153
-0.00228511
-0.00106149
0.00010234
0.00119303
0.00222864
1.05749
1.06471
1.05525
1.02096
1.19957
1.1402
1.09376
1.05374
1.15369
1.11616
1.0806
1.04772
1.10461
1.07591
1.04827
1.02175
1.05258
1.02979
1.00774
0.986352
0.99945
0.98107
0.963215
0.945759
0.945949
0.931112
0.916596
0.902228
0.89247
0.880502
0.868724
0.857006
0.839108
0.829526
0.820114
0.810824
0.786108
0.778609
0.771415
0.764373
0.733814
0.72833
0.723167
0.718136
0.682559
0.67899
0.67565
0.672383
0.632466
0.630612
0.62893
0.62725
0.583484
0.583226
0.583047
0.582829
0.535709
0.536956
0.53819
0.539344
0.489328
0.492008
0.494593
0.497038
0.444512
0.448587
0.452477
0.456126
0.401429
0.40686
0.412008
0.416752
0.360424
0.367089
0.373294
0.37898
0.321826
0.32948
0.336552
0.343065
0.285809
0.294205
0.301983
0.309231
0.252485
0.261442
0.269804
0.277624
0.221973
0.231331
0.240091
0.248309
0.194333
0.203871
0.212846
0.221311
0.169481
0.179012
0.188037
0.196603
0.147267
0.15666
0.16561
0.174132
0.127526
0.136672
0.145438
0.153812
0.110081
0.118896
0.127387
0.13549
0.0947665
0.103181
0.111252
0.118959
0.081359
0.0892539
0.0968162
0.104089
0.0695678
0.0768868
0.0839382
0.0907569
0.0592009
0.0659409
0.0724635
0.0787909
0.0501396
0.0562545
0.0622116
0.0680165
0.0422669
0.0476988
0.0530363
0.0582795
0.0354432
0.0401627
0.044834
0.0494699
0.0294965
0.0335138
0.0375178
0.0415273
0.0242477
0.0276206
0.0309864
0.0343603
0.0195241
0.022314
0.0250767
0.0278185
0.0151668
0.0173936
0.0195791
0.0217119
0.0110566
0.0127028
0.0143055
0.0158469
0.0070784
0.008124
0.0091264
0.0100842
0.00309845
0.00354318
0.00395881
0.00435258
0.960689
0.946167
0.908203
0.875853
0.846873
0.820751
0.797211
0.775985
0.756826
0.739618
0.724377
0.711088
0.69963
0.689882
0.681782
0.675268
0.670283
0.66682
0.664904
1.00876
0.954437
0.910821
0.874148
0.842716
0.815172
0.790787
0.769153
0.749931
0.732826
0.717719
0.704595
0.693339
0.683774
0.675818
0.669447
0.664597
0.661224
0.659345
1.00778
0.951144
0.905435
0.867257
0.834815
0.806666
0.781964
0.76026
0.741194
0.724354
0.709501
0.696624
0.685628
0.676295
0.668532
0.66234
0.657653
0.654388
0.652554
0.988088
0.936173
0.892202
0.854823
0.822799
0.794956
0.770559
0.7492
0.730549
0.71416
0.699707
0.687176
0.676507
0.667466
0.659945
0.653974
0.649477
0.646338
0.644562
0.958329
0.912721
0.872415
0.837311
0.806803
0.780064
0.756554
0.735954
0.717997
0.702254
0.688349
0.676268
0.666003
0.657318
0.650095
0.644381
0.6401
0.637108
0.635402
0.922569
0.883378
0.847531
0.815526
0.787266
0.762226
0.740076
0.7206
0.703597
0.688686
0.675464
0.663936
0.654159
0.6459
0.639025
0.633602
0.629563
0.626738
0.625115
0.883066
0.850004
0.818829
0.790298
0.764724
0.741794
0.721354
0.703286
0.687456
0.673536
0.661115
0.650237
0.641037
0.633274
0.626791
0.621687
0.617911
0.615273
0.613746
0.841367
0.813908
0.787309
0.762387
0.73973
0.719174
0.700678
0.684209
0.669715
0.656914
0.645388
0.635251
0.626713
0.619511
0.613459
0.608695
0.6052
0.602766
0.601347
0.798433
0.776042
0.753758
0.732457
0.712811
0.69476
0.678341
0.66358
0.650527
0.63894
0.628394
0.619079
0.611277
0.604688
0.599097
0.594692
0.591494
0.589276
0.587973
0.754892
0.737118
0.718853
0.701056
0.684419
0.668914
0.65462
0.641617
0.630066
0.619762
0.610267
0.601845
0.594835
0.58889
0.58378
0.579751
0.576863
0.574872
0.573692
0.711244
0.69764
0.683109
0.668635
0.654934
0.641954
0.629772
0.618535
0.60852
0.599542
0.591149
0.583676
0.577493
0.572208
0.567593
0.563956
0.561388
0.559627
0.558573
0.667803
0.657985
0.64688
0.635567
0.624689
0.614149
0.604033
0.594558
0.586093
0.578455
0.571192
0.564699
0.559355
0.554731
0.550622
0.547393
0.545152
0.543622
0.542691
0.624737
0.618403
0.610485
0.602167
0.593966
0.585746
0.577634
0.569905
0.562983
0.556674
0.550544
0.545041
0.540528
0.536553
0.532958
0.530152
0.528244
0.526937
0.526122
0.58224
0.579113
0.574212
0.568713
0.563006
0.556978
0.550803
0.544786
0.539373
0.534357
0.529346
0.524823
0.521118
0.517777
0.514699
0.512327
0.510749
0.509653
0.508945
0.540529
0.540375
0.538303
0.53543
0.532032
0.528072
0.523752
0.519391
0.515434
0.511655
0.507725
0.504157
0.501229
0.498502
0.495944
0.49401
0.492753
0.491854
0.491245
0.499841
0.502407
0.50297
0.50252
0.501257
0.499238
0.496673
0.493895
0.491321
0.488703
0.485803
0.483154
0.480966
0.47883
0.476791
0.475296
0.474346
0.473626
0.473104
0.460376
0.46541
0.46842
0.470181
0.470879
0.470662
0.469739
0.468456
0.467169
0.46562
0.463693
0.461921
0.460432
0.458862
0.457338
0.456271
0.455608
0.455047
0.454601
0.422303
0.42962
0.434847
0.438586
0.441072
0.442509
0.443108
0.443215
0.443097
0.442521
0.441509
0.440565
0.439727
0.4387
0.437679
0.437018
0.436613
0.436192
0.435815
0.38576
0.395189
0.402387
0.407889
0.411998
0.414935
0.416922
0.418287
0.419204
0.41951
0.419359
0.419185
0.418945
0.418434
0.417896
0.417612
0.417432
0.417132
0.416818
0.350958
0.362227
0.371129
0.378209
0.383782
0.388065
0.391299
0.393764
0.395578
0.39669
0.397344
0.397868
0.398172
0.39815
0.398067
0.398121
0.398134
0.397937
0.397681
0.31807
0.330856
0.341217
0.349674
0.356517
0.36198
0.366307
0.369712
0.372305
0.374167
0.375553
0.376693
0.377484
0.377922
0.378259
0.378605
0.378777
0.37867
0.378471
0.28719
0.301205
0.31278
0.322382
0.330286
0.336753
0.341996
0.346181
0.349466
0.352017
0.354061
0.355726
0.356956
0.35782
0.358531
0.359116
0.359417
0.359391
0.359252
0.258408
0.273356
0.285876
0.296376
0.305144
0.312433
0.318406
0.323235
0.327143
0.330313
0.332911
0.335021
0.336647
0.337897
0.338923
0.339699
0.340103
0.340156
0.340076
0.23175
0.247335
0.260523
0.271696
0.281136
0.289051
0.295587
0.300958
0.305413
0.309104
0.312146
0.31463
0.316611
0.318195
0.319471
0.320392
0.320883
0.321014
0.320995
0.207203
0.223122
0.236732
0.24837
0.258278
0.266633
0.273594
0.279416
0.284321
0.288413
0.291803
0.294607
0.296894
0.298745
0.300204
0.301229
0.301798
0.302009
0.302052
0.184707
0.200703
0.214507
0.226393
0.236569
0.245202
0.252479
0.258649
0.263878
0.268254
0.271918
0.274991
0.277524
0.279566
0.281145
0.282245
0.282883
0.283176
0.283281
0.164203
0.180031
0.193803
0.20573
0.216003
0.224788
0.232268
0.238655
0.244077
0.248646
0.252523
0.255805
0.25851
0.260667
0.262317
0.26347
0.264176
0.264546
0.264711
0.145552
0.161003
0.174548
0.186346
0.196582
0.205393
0.21294
0.219406
0.224915
0.22961
0.23364
0.237054
0.239847
0.242058
0.243742
0.244938
0.245704
0.246143
0.246361
0.128605
0.143521
0.156677
0.168214
0.178281
0.186975
0.19445
0.200882
0.206401
0.211161
0.215268
0.218724
0.22153
0.223746
0.225443
0.22667
0.227488
0.227985
0.228244
0.113254
0.127492
0.140129
0.151277
0.161024
0.16946
0.176752
0.183069
0.188541
0.193295
0.197385
0.200795
0.203553
0.205744
0.207438
0.208684
0.209539
0.210079
0.210367
0.099374
0.112812
0.124812
0.135429
0.144714
0.152786
0.159821
0.165961
0.171316
0.175975
0.179952
0.183245
0.185917
0.188062
0.189739
0.190986
0.191861
0.192428
0.192733
0.0868083
0.0993469
0.11059
0.120544
0.129271
0.136917
0.143634
0.149526
0.154679
0.159149
0.162935
0.166066
0.168629
0.170709
0.172348
0.173577
0.174451
0.175027
0.175339
0.0753902
0.086944
0.0973234
0.106526
0.114644
0.121815
0.128142
0.133703
0.138569
0.142769
0.14631
0.149254
0.151693
0.153686
0.155261
0.156449
0.157302
0.157872
0.158183
0.0649705
0.0754662
0.0849071
0.0933141
0.100783
0.107408
0.113263
0.118418
0.122925
0.126797
0.130065
0.13281
0.135104
0.136982
0.138466
0.139592
0.140407
0.140954
0.141254
0.0554391
0.06482
0.0732775
0.0808454
0.0875975
0.0936
0.0989173
0.103608
0.107702
0.111213
0.114194
0.116722
0.118843
0.120576
0.121944
0.122988
0.123749
0.124261
0.124541
0.0467277
0.0549342
0.0623554
0.0690188
0.0749836
0.0803078
0.0850443
0.0892256
0.0928662
0.0959966
0.098679
0.100968
0.102885
0.104444
0.105673
0.106615
0.107307
0.107773
0.108029
0.0387468
0.0457129
0.0520332
0.0577347
0.0628679
0.0674758
0.0715911
0.0752244
0.0783882
0.0811254
0.0834895
0.0855083
0.0871893
0.0885493
0.089621
0.0904459
0.0910553
0.0914664
0.0916909
0.0313684
0.0370517
0.0422315
0.0469371
0.0512056
0.0550607
0.0585133
0.0615659
0.0642375
0.0665673
0.0685848
0.070298
0.0717145
0.0728563
0.0737571
0.0744525
0.0749683
0.0753168
0.0755054
0.0244411
0.0288456
0.0328818
0.0365751
0.0399496
0.0430125
0.0457642
0.0482117
0.050375
0.0522733
0.0539106
0.0552884
0.0564209
0.057331
0.0580496
0.0586055
0.0590179
0.0592988
0.0594515
0.0178008
0.020971
0.0238893
0.0265731
0.029034
0.0312742
0.0332999
0.035122
0.0367505
0.0381837
0.0394102
0.0404322
0.0412683
0.0419383
0.0424676
0.042877
0.0431811
0.0433901
0.0435043
0.0113051
0.0132961
0.0151335
0.0168248
0.0183716
0.0197823
0.0210698
0.0222442
0.0233044
0.0242372
0.0250299
0.0256847
0.0262168
0.026642
0.0269789
0.0272399
0.0274337
0.0275676
0.027641
0.00486276
0.00570832
0.00648986
0.00720844
0.00786103
0.00845611
0.00900447
0.00951182
0.0099734
0.0103778
0.0107195
0.0110001
0.0112266
0.0114073
0.0115514
0.0116635
0.0117462
0.0118035
0.0118356
1324
1311.9
1289.88
1257.58
1214.4
1159.61
1092.13
1010.31
911.87
793.624
650.34
479.646
245.589
64.0669
9.98673
3.77503
2.64875
2.29249
2.07737
1.93988
1.85069
1.79811
1.77679
1325.15
1313.06
1291.07
1258.81
1215.67
1160.94
1093.53
1011.76
913.318
794.905
650.747
478.162
227.974
30.2424
7.48515
3.72226
2.56871
2.26045
2.0612
1.93014
1.84299
1.79113
1.77007
1327.87
1315.8
1293.88
1261.7
1218.67
1164.09
1096.84
1015.19
916.77
798.047
652.245
474.886
188.168
13.7791
4.18606
2.56426
2.3299
2.17501
2.02314
1.90638
1.82379
1.77336
1.75266
1332.14
1320.13
1298.3
1266.26
1223.42
1169.07
1102.07
1020.67
922.369
803.431
656.081
472.379
133.258
8.02968
2.96341
2.2598
2.17871
2.0892
1.97296
1.87134
1.79419
1.74511
1.72396
1337.98
1326.04
1304.34
1272.5
1229.92
1175.9
1109.28
1028.26
930.318
811.517
663.613
475.213
89.0136
5.15847
2.39896
2.10463
2.07112
2.00741
1.91567
1.82774
1.75541
1.70648
1.68438
1345.38
1333.54
1312.01
1280.42
1238.2
1184.62
1118.51
1038.1
940.822
822.765
675.83
486.209
56.6199
3.63254
2.13791
2.00454
1.98145
1.93139
1.85554
1.77758
1.70859
1.65773
1.63031
1354.37
1342.64
1321.32
1290.06
1248.27
1195.24
1129.82
1050.26
954.043
837.449
693.053
506.49
37.0148
2.85784
1.99454
1.92398
1.90381
1.85815
1.79314
1.7232
1.65557
1.59918
1.55932
1364.94
1353.34
1332.29
1301.41
1260.17
1207.82
1143.26
1064.82
970.1
855.743
715.452
535.139
23.4821
2.44353
1.89367
1.85064
1.82888
1.78893
1.73141
1.6661
1.59853
1.53255
1.45637
0.903203
0.893366
0.877407
0.857979
0.837192
0.816332
0.796162
0.777175
0.759647
0.743702
0.729356
0.716593
0.705451
0.69602
0.68835
0.682412
0.678137
0.675452
0.67432
0.904018
0.894058
0.877837
0.85816
0.837195
0.816225
0.795991
0.776979
0.759447
0.743494
0.729138
0.716372
0.705237
0.695814
0.688149
0.682215
0.677941
0.675257
0.674125
0.906004
0.895628
0.878771
0.858556
0.837204
0.815967
0.79557
0.77649
0.758945
0.742971
0.728582
0.715812
0.704711
0.695325
0.687675
0.681741
0.677465
0.674781
0.673649
0.909265
0.898285
0.880276
0.85913
0.837159
0.815529
0.794899
0.775708
0.75812
0.742109
0.727678
0.714914
0.703877
0.694556
0.686934
0.680999
0.676713
0.674026
0.672895
0.913787
0.90178
0.882152
0.859773
0.837001
0.814888
0.793985
0.774632
0.756949
0.740885
0.726432
0.713697
0.702738
0.693501
0.685925
0.679991
0.675692
0.672996
0.671862
0.919941
0.906478
0.884427
0.860407
0.836665
0.814001
0.792801
0.773251
0.755419
0.739289
0.724854
0.712178
0.7013
0.692152
0.684636
0.678717
0.674407
0.6717
0.670567
0.928298
0.911948
0.886837
0.860939
0.836084
0.812805
0.791288
0.771529
0.753533
0.737338
0.722951
0.710365
0.69957
0.690502
0.683055
0.677171
0.672861
0.670145
0.669005
0.939638
0.918254
0.889175
0.861205
0.835189
0.811245
0.789374
0.769419
0.7513
0.735062
0.720735
0.708256
0.697549
0.68855
0.681172
0.675341
0.671055
0.668341
0.6672
1380.47
1369.1
1348.44
1318.14
1277.68
1226.35
1163.1
1086.39
994.073
883.236
749.232
579.035
12.4479
2.10821
1.78831
1.76308
1.74169
1.70419
1.65333
1.59303
1.52496
1.44276
1.25218
1412.23
1401.29
1381.43
1352.34
1313.55
1264.42
1204.09
1131.31
1044.48
941.63
820.318
633.01
6.38194
1.78073
1.64821
1.6354
1.61456
1.58165
1.53725
1.48237
1.41729
1.3384
1.24419
1450.98
1440.59
1421.71
1394.1
1357.36
1310.98
1254.3
1186.43
1106.29
1012.81
905.232
676.369
4.19969
1.58683
1.52832
1.51726
1.49759
1.46858
1.42977
1.38154
1.32472
1.25875
1.18324
1496.61
1486.84
1469.12
1443.22
1408.86
1365.67
1313.19
1250.83
1178.01
1094.31
1000.04
702.936
2.85051
1.44909
1.41937
1.40758
1.38972
1.36447
1.33082
1.28938
1.24104
1.18634
1.12704
1548.87
1539.79
1523.33
1499.35
1467.61
1427.9
1379.93
1323.4
1258.06
1183.92
1101.97
711.232
2.01567
1.32318
1.31314
1.30372
1.28875
1.26717
1.23839
1.20357
1.16314
1.11822
1.07045
1607.4
1599.05
1583.95
1561.98
1533.03
1496.95
1453.63
1402.96
1344.96
1279.87
1209.04
703.411
1.58582
1.21205
1.21293
1.2059
1.19359
1.17561
1.15165
1.12266
1.08934
1.05268
1.01391
1671.8
1664.22
1650.51
1630.63
1604.52
1572.12
1533.44
1488.49
1437.46
1380.74
1319.84
681.577
1.35679
1.1236
1.1213
1.11395
1.10377
1.08922
1.06969
1.04598
1.01887
0.989125
0.957644
1741.65
1734.84
1722.54
1704.76
1681.47
1652.7
1618.52
1579.04
1534.53
1485.44
1433.33
648.178
1.17278
1.03875
1.03403
1.02645
1.01839
1.00711
0.991581
0.972765
0.951175
0.927311
0.901901
1816.5
1810.45
1799.56
1783.84
1763.3
1738.03
1708.14
1673.81
1635.33
1593.16
1548.8
607.034
1.01625
0.949682
0.948029
0.941817
0.936425
0.928363
0.916782
0.902443
0.885735
0.866921
0.846675
1895.85
1890.56
1881.03
1867.3
1849.42
1827.48
1801.64
1772.1
1739.16
1703.25
1665.78
560.622
0.908276
0.864213
0.863133
0.859341
0.85717
0.852482
0.844704
0.834511
0.822052
0.80777
0.792058
1979.21
1974.64
1966.42
1954.6
1939.23
1920.44
1898.39
1873.29
1845.44
1815.21
1783.87
510.501
0.789023
0.774496
0.778248
0.77874
0.780046
0.778855
0.774701
0.768399
0.760027
0.749871
0.738247
2066.06
2062.18
2055.2
2045.18
2032.19
2016.35
1997.83
1976.86
1953.68
1928.64
1902.81
458.468
0.670172
0.683068
0.694915
0.700225
0.705079
0.70719
0.706561
0.703971
0.69959
0.69324
0.685516
2155.92
2152.7
2146.9
2138.57
2127.79
2114.71
2099.48
2082.32
2063.48
2043.22
2022.46
404.324
0.584766
0.602245
0.616522
0.624669
0.632373
0.637434
0.640301
0.641234
0.640498
0.638007
0.634036
2248.38
2245.73
2241.01
2234.26
2225.56
2215.03
2202.84
2189.22
2174.41
2158.62
2142.62
348.542
0.521455
0.531846
0.543319
0.552091
0.561606
0.569378
0.575472
0.580089
0.582973
0.584132
0.583772
2342.8
2340.76
2337.06
2331.77
2324.97
2316.8
2307.43
2297.08
2286.01
2274.49
2263.08
291.332
0.461761
0.465841
0.472541
0.480871
0.491858
0.502577
0.512041
0.520297
0.52696
0.531625
0.534763
2438.73
2437.19
2434.42
2430.48
2425.43
2419.42
2412.6
2405.22
2397.6
2390.12
2383.35
230.981
0.4074
0.399568
0.399945
0.408181
0.421731
0.436128
0.449732
0.461954
0.472302
0.480572
0.487193
2536.84
2535.74
2533.84
2531.14
2527.7
2523.63
2519.08
2514.31
2509.71
2505.88
2503.44
179.684
0.357848
0.325773
0.319425
0.330562
0.349767
0.3696
0.388272
0.404959
0.41927
0.431226
0.441229
2621.12
2620.42
2619.12
2617.18
2614.74
2611.81
2608.55
2605.19
2602.11
2600.35
2600.63
352.671
0.316711
0.221593
0.221058
0.245035
0.275115
0.303255
0.32825
0.349808
0.368195
0.383852
0.397058
1345.65
1332.95
1315.72
1289.84
1256.73
1212.56
1162.73
1107.97
1049.05
1001.87
888.855
300.46
0.424497
0.022475
0.0947774
0.152425
0.199897
0.238688
0.270639
0.297405
0.319886
0.338882
0.355037
-1.10896
-1.11668
-1.10348
-1.09137
-1.07322
-1.05168
-1.02625
-0.997814
-0.970898
-0.947043
-0.984991
-1.28859
4.49525
-0.249676
-0.0393693
0.0631937
0.129719
0.17879
0.217444
0.248848
0.274904
0.296907
0.315594
-1.02038
-1.01331
-1.0037
-0.990161
-0.971329
-0.94799
-0.920279
-0.888515
-0.851877
-0.81773
-0.78408
-0.795368
-0.587433
-0.296556
-0.114483
-0.0031172
0.0719219
0.12712
0.170211
0.205083
0.233977
0.258274
0.278939
-0.917384
-0.913265
-0.904425
-0.88971
-0.869956
-0.845725
-0.816206
-0.781066
-0.739889
-0.690322
-0.635103
-0.559918
-0.415562
-0.259846
-0.136493
-0.0422999
0.0293686
0.0852858
0.130123
0.166805
0.197328
0.223202
0.24518
-0.837035
-0.831123
-0.820552
-0.804749
-0.784658
-0.758796
-0.727388
-0.68993
-0.645701
-0.593555
-0.529644
-0.449179
-0.34492
-0.23896
-0.144525
-0.0654479
-0.000490643
0.0528327
0.0970123
0.133931
0.165092
0.191667
0.214373
-0.762141
-0.756733
-0.746501
-0.731619
-0.711163
-0.685785
-0.654544
-0.616958
-0.572771
-0.520432
-0.458951
-0.386035
-0.304046
-0.222188
-0.146294
-0.0792408
-0.0214875
0.0279049
0.0701544
0.106164
0.137009
0.163641
0.186601
-0.690995
-0.685791
-0.676061
-0.661497
-0.64231
-0.617738
-0.587564
-0.551718
-0.509522
-0.460565
-0.404599
-0.341695
-0.274793
-0.208074
-0.145034
-0.0874782
-0.0361597
0.00909463
0.0485705
0.0829043
0.112859
0.139012
0.161774
-0.62488
-0.619819
-0.610653
-0.597249
-0.578909
-0.555769
-0.527353
-0.493793
-0.455004
-0.410623
-0.361129
-0.307321
-0.251185
-0.195342
-0.141756
-0.0917774
-0.0461576
-0.00511208
0.0313905
0.063704
0.0922519
0.117536
0.139714
-0.563853
-0.559417
-0.550822
-0.538178
-0.521338
-0.499769
-0.473821
-0.443294
-0.407986
-0.368447
-0.324998
-0.278599
-0.230769
-0.183173
-0.136977
-0.0933245
-0.0527747
-0.0156766
0.0178324
0.0478878
0.0748099
0.0988851
0.120204
-0.507776
-0.503266
-0.495576
-0.484003
-0.468629
-0.44929
-0.425755
-0.398197
-0.366709
-0.331679
-0.293687
-0.253556
-0.21245
-0.171385
-0.131258
-0.0929095
-0.0568568
-0.0234604
0.0071187
0.0349111
0.0600773
0.0827753
0.103064
-0.455524
-0.451816
-0.444605
-0.434335
-0.420424
-0.40293
-0.382041
-0.357557
-0.329696
-0.298982
-0.265897
-0.231135
-0.195638
-0.159966
-0.124898
-0.0910895
-0.0590162
-0.0289992
-0.00122248
0.0243132
0.0476878
0.0689543
0.0880924
-0.407631
-0.404022
-0.397698
-0.388173
-0.375734
-0.360307
-0.341755
-0.320232
-0.296028
-0.269309
-0.24056
-0.210606
-0.179821
-0.148718
-0.117995
-0.0881439
-0.0595867
-0.0326687
-0.00752972
0.015833
0.0373992
0.0571465
0.0750752
-0.362975
-0.35979
-0.353894
-0.345481
-0.33438
-0.320694
-0.304511
-0.285868
-0.264838
-0.241725
-0.217091
-0.191236
-0.164464
-0.137376
-0.110464
-0.0841156
-0.0587331
-0.0346342
-0.0119441
0.00928172
0.0289884
0.0471612
0.0637467
-0.321446
-0.31853
-0.313284
-0.305698
-0.295929
-0.283971
-0.269839
-0.253635
-0.235543
-0.215824
-0.194646
-0.172235
-0.149057
-0.125536
-0.102027
-0.0788805
-0.0564422
-0.0349773
-0.0146525
0.00444116
0.0222389
0.0387423
0.0538704
-0.282918
-0.280298
-0.275609
-0.268955
-0.260357
-0.249872
-0.237581
-0.223608
-0.208067
-0.191026
-0.172668
-0.153329
-0.133344
-0.113002
-0.0925876
-0.0724216
-0.052792
-0.0338806
-0.0158859
0.00106904
0.0169329
0.0317081
0.045325
-0.247646
-0.245332
-0.241197
-0.235297
-0.227722
-0.21853
-0.20779
-0.19558
-0.181979
-0.167146
-0.15131
-0.134679
-0.117486
-0.0999651
-0.0823744
-0.0650083
-0.0480412
-0.0316109
-0.0159067
-0.00106835
0.0128796
0.0259318
0.0380003
-0.215499
-0.213419
-0.209717
-0.20447
-0.197714
-0.189536
-0.18003
-0.169279
-0.157426
-0.144635
-0.131027
-0.116752
-0.102018
-0.0870419
-0.0720649
-0.0572437
-0.0427078
-0.0286148
-0.0150891
-0.00225743
0.00984944
0.0212077
0.0317347
-0.185498
-0.183693
-0.18044
-0.175786
-0.169822
-0.16264
-0.154329
-0.145008
-0.134797
-0.123801
-0.112148
-0.0999965
-0.0875171
-0.0748829
-0.0622228
-0.0496458
-0.037309
-0.0253405
-0.0138159
-0.00281018
0.00757282
0.0173041
0.0263336
-0.156613
-0.155072
-0.152316
-0.148374
-0.143295
-0.137165
-0.130081
-0.12214
-0.113452
-0.104145
-0.0943586
-0.0842174
-0.0738332
-0.0633058
-0.0527299
-0.0422483
-0.0319716
-0.0219607
-0.0122648
-0.00298373
0.00577514
0.0139747
0.0215881
-0.128676
-0.12741
-0.12512
-0.121851
-0.117649
-0.112563
-0.106671
-0.100079
-0.0929036
-0.0852562
-0.0772348
-0.0689354
-0.0604545
-0.0518846
-0.0433327
-0.0348798
-0.0265634
-0.0184119
-0.0104854
-0.00287938
0.00430342
0.0110394
0.017323
-0.10213
-0.101107
-0.0992885
-0.0966829
-0.093311
-0.0892142
-0.0844621
-0.0791456
-0.0733587
-0.0671877
-0.0607328
-0.0540987
-0.0473931
-0.0406944
-0.0340496
-0.0274767
-0.020994
-0.0146395
-0.0084627
-0.00251282
0.00312508
0.00843107
0.0134119
-0.0764342
-0.0756998
-0.0743309
-0.07234
-0.0697681
-0.0666478
-0.0630202
-0.0589436
-0.0544928
-0.0497571
-0.0448372
-0.0398382
-0.034839
-0.0298813
-0.0249707
-0.0201223
-0.0153657
-0.0107357
-0.00624745
-0.00191857
0.00219862
0.00608344
0.00975554
-0.0509979
-0.0504386
-0.0494392
-0.0480249
-0.0462282
-0.0440845
-0.0416185
-0.0388644
-0.0358678
-0.0326804
-0.0293697
-0.026009
-0.022655
-0.0193402
-0.0160816
-0.0128949
-0.00980365
-0.0068245
-0.00396058
-0.00120455
0.00141485
0.00388743
0.00624064
-0.0262308
-0.0259186
-0.0253309
-0.0245003
-0.0234532
-0.0222154
-0.02081
-0.0192644
-0.0176119
-0.0158838
-0.014114
-0.0123354
-0.0105868
-0.00889176
-0.00726976
-0.00572938
-0.00428023
-0.00292696
-0.00166431
-0.00047215
0.000656002
0.00171717
0.00273363
1.04547
1.06684
1.0392
0.999936
1.16833
1.11591
1.07301
1.03604
1.13476
1.09808
1.0638
1.03231
1.09019
1.06193
1.03486
1.00894
1.04113
1.01867
0.996981
0.97581
0.990211
0.972077
0.954458
0.937089
0.938497
0.923821
0.909399
0.895078
0.886459
0.874599
0.862856
0.851177
0.834292
0.8248
0.815457
0.806223
0.782326
0.77498
0.767881
0.760874
0.731024
0.725721
0.720647
0.715614
0.680735
0.677296
0.674018
0.670737
0.631509
0.62976
0.628094
0.626377
0.583332
0.583135
0.58295
0.582674
0.536328
0.537576
0.538782
0.53986
0.490678
0.493312
0.49584
0.498165
0.44657
0.450561
0.454341
0.457803
0.404175
0.409474
0.414439
0.418925
0.363809
0.370251
0.376202
0.381618
0.325724
0.33309
0.339874
0.346121
0.290092
0.298165
0.305669
0.312653
0.257044
0.265693
0.273779
0.281322
0.226734
0.235782
0.244263
0.252211
0.19918
0.208426
0.217139
0.22534
0.174319
0.183583
0.192374
0.200694
0.152025
0.161189
0.169923
0.178208
0.13215
0.141104
0.149675
0.157818
0.114532
0.123187
0.131486
0.139367
0.0990152
0.107262
0.115146
0.122668
0.085349
0.093076
0.100483
0.107608
0.0732651
0.0804454
0.0873712
0.0940653
0.0626
0.0692288
0.0756475
0.0818682
0.0532175
0.0592536
0.0651301
0.0708446
0.0449966
0.0503796
0.0556674
0.0608446
0.0378112
0.0425037
0.0471554
0.0517539
0.0315103
0.0355155
0.0395211
0.0435142
0.0259379
0.029303
0.0326717
0.0360335
0.020923
0.0236983
0.0264496
0.0291712
0.0162839
0.018492
0.0206516
0.0227525
0.0118835
0.013511
0.0150839
0.0165913
0.00760603
0.00863088
0.00961024
0.0105478
0.00332406
0.00375426
0.00415771
0.00454494
0.958568
0.926393
0.891584
0.860985
0.833473
0.808674
0.786325
0.766158
0.747979
0.73175
0.717494
0.705139
0.694547
0.68563
0.678331
0.672586
0.66836
0.665667
0.664527
0.978691
0.931847
0.891704
0.857876
0.828514
0.802613
0.779647
0.759261
0.741126
0.725023
0.710913
0.698747
0.688353
0.679596
0.672438
0.666836
0.662727
0.660095
0.658973
0.977633
0.927255
0.885514
0.850423
0.82027
0.793917
0.770759
0.750423
0.732518
0.716682
0.702816
0.690904
0.680763
0.672217
0.665242
0.659816
0.655845
0.653288
0.652189
0.96102
0.913297
0.87276
0.838222
0.808411
0.782357
0.759518
0.739561
0.7221
0.706697
0.693199
0.681623
0.671796
0.663513
0.656767
0.65155
0.647741
0.645275
0.644207
0.93486
0.891908
0.854237
0.821538
0.793005
0.767927
0.745906
0.726668
0.70988
0.69508
0.682075
0.670921
0.661477
0.653521
0.64705
0.642072
0.638447
0.636088
0.635059
0.902587
0.865004
0.831035
0.80096
0.774371
0.750804
0.730016
0.711807
0.695912
0.681873
0.669478
0.658839
0.649855
0.642286
0.636131
0.631422
0.628004
0.625769
0.624787
0.86633
0.83414
0.80419
0.777158
0.752944
0.731269
0.712031
0.695104
0.680289
0.667147
0.655466
0.645436
0.636995
0.629868
0.624063
0.619646
0.616458
0.614363
0.613435
0.827545
0.800473
0.774574
0.750782
0.729198
0.709668
0.692192
0.676723
0.663135
0.650998
0.640123
0.630791
0.622967
0.616335
0.61091
0.606802
0.60386
0.601922
0.601056
0.787229
0.764857
0.742919
0.722423
0.703589
0.686343
0.670749
0.656844
0.644584
0.633541
0.623552
0.614998
0.607857
0.601759
0.596736
0.592955
0.590273
0.588503
0.587705
0.74608
0.728002
0.709831
0.692589
0.676523
0.66161
0.647946
0.635658
0.624794
0.614915
0.605886
0.598174
0.591757
0.58622
0.581616
0.578179
0.575769
0.574174
0.573447
0.704573
0.690453
0.67579
0.661689
0.648354
0.635756
0.624017
0.613368
0.603939
0.59527
0.587257
0.580436
0.574769
0.569802
0.565634
0.562552
0.560421
0.559006
0.558353
0.663058
0.65255
0.64118
0.630076
0.619379
0.609028
0.59919
0.590192
0.582211
0.574771
0.567805
0.561898
0.556984
0.552594
0.548877
0.546164
0.544314
0.543076
0.542495
0.62179
0.614578
0.606314
0.598061
0.589856
0.581664
0.573691
0.566336
0.559793
0.553576
0.54767
0.542679
0.538502
0.534686
0.531435
0.529103
0.527532
0.52646
0.525947
0.580929
0.57682
0.571482
0.565897
0.560027
0.553895
0.547741
0.541998
0.536855
0.531836
0.526981
0.522889
0.519428
0.51618
0.513404
0.511456
0.510156
0.509242
0.508791
0.540723
0.539513
0.536924
0.533805
0.530114
0.525943
0.521541
0.517358
0.51356
0.509691
0.505856
0.502635
0.499862
0.497174
0.494881
0.493316
0.492273
0.491503
0.49111
0.501419
0.502872
0.50284
0.501993
0.500331
0.498009
0.495277
0.492582
0.49005
0.487265
0.484412
0.482025
0.479907
0.477768
0.47596
0.474774
0.473969
0.473327
0.472985
0.463188
0.467113
0.469432
0.470657
0.470873
0.470273
0.46911
0.467817
0.466452
0.464676
0.46276
0.461165
0.459666
0.458064
0.456737
0.455911
0.455324
0.454794
0.454496
0.426255
0.432452
0.436881
0.439974
0.44191
0.442896
0.443196
0.443192
0.442882
0.442039
0.441008
0.440155
0.439239
0.43816
0.437299
0.436804
0.43641
0.435981
0.435724
0.390777
0.399031
0.405326
0.410103
0.4136
0.416028
0.417662
0.41881
0.419438
0.419461
0.419264
0.419093
0.418718
0.418143
0.417723
0.417529
0.417299
0.416959
0.416742
0.356912
0.366937
0.374871
0.38117
0.386071
0.389795
0.392614
0.394757
0.396215
0.397047
0.397619
0.398063
0.398192
0.398095
0.398081
0.39815
0.39806
0.397798
0.397617
0.324787
0.336306
0.345661
0.353283
0.359406
0.364271
0.368115
0.371108
0.373314
0.374892
0.376156
0.37714
0.377734
0.378088
0.378439
0.378726
0.378753
0.378563
0.37842
0.294524
0.307266
0.317807
0.32653
0.333684
0.339517
0.34421
0.347927
0.35082
0.353089
0.354943
0.356396
0.35742
0.358187
0.358849
0.359311
0.359436
0.359318
0.359214
0.266202
0.279893
0.291359
0.30096
0.308962
0.315575
0.32095
0.325292
0.328809
0.331675
0.334027
0.335891
0.337307
0.338434
0.339351
0.339953
0.340162
0.340116
0.340053
0.239856
0.254202
0.266341
0.276618
0.285274
0.29248
0.298401
0.303289
0.307347
0.310699
0.313454
0.315678
0.317445
0.318872
0.319982
0.320692
0.320983
0.32101
0.320987
0.21546
0.230194
0.242781
0.253527
0.262641
0.270273
0.27663
0.281975
0.286463
0.290187
0.293273
0.29581
0.297869
0.299525
0.300775
0.301568
0.301937
0.30204
0.302057
0.192988
0.207861
0.220674
0.231685
0.241069
0.248995
0.255689
0.261376
0.266165
0.270166
0.273524
0.276322
0.278603
0.280414
0.281756
0.282617
0.283063
0.283242
0.2833
0.172379
0.187159
0.199986
0.211063
0.220571
0.228677
0.235588
0.241481
0.246458
0.250662
0.254237
0.257229
0.259654
0.261555
0.262954
0.263873
0.264394
0.264647
0.264744
0.153513
0.168006
0.180653
0.191651
0.201158
0.209312
0.2163
0.222272
0.227353
0.231702
0.235424
0.238527
0.241022
0.242963
0.244398
0.245369
0.245957
0.246275
0.246404
0.136278
0.150311
0.162637
0.173426
0.182791
0.190854
0.197788
0.203746
0.208866
0.213294
0.217079
0.220206
0.222707
0.224656
0.226112
0.227125
0.22777
0.22814
0.228295
0.120567
0.134004
0.145883
0.156322
0.165396
0.173237
0.180024
0.185902
0.191001
0.195423
0.199176
0.202251
0.204714
0.20665
0.208113
0.209156
0.209843
0.210252
0.210425
0.106265
0.118988
0.130291
0.140233
0.14889
0.156423
0.162995
0.168729
0.173729
0.17805
0.181682
0.184653
0.187051
0.188956
0.190413
0.191466
0.192179
0.192611
0.192794
0.0932292
0.105131
0.115726
0.125053
0.133219
0.140385
0.146677
0.15219
0.156999
0.161128
0.164578
0.167412
0.169725
0.171581
0.173011
0.174054
0.174773
0.175215
0.175401
0.0813021
0.0922823
0.102069
0.110713
0.11834
0.125078
0.131014
0.13622
0.140752
0.144619
0.147851
0.150532
0.152743
0.154524
0.1559
0.156914
0.15762
0.158058
0.158244
0.070339
0.0803202
0.0892349
0.0971591
0.104196
0.110428
0.115924
0.120751
0.124939
0.128502
0.131497
0.13401
0.136094
0.137772
0.13907
0.140034
0.140712
0.141133
0.141312
0.0602377
0.069164
0.0771677
0.0843197
0.0906886
0.0963403
0.101338
0.105729
0.109527
0.112765
0.115511
0.117831
0.119756
0.121303
0.122503
0.123401
0.124034
0.124429
0.124596
0.0509224
0.0587426
0.0657787
0.0720846
0.0777218
0.0827471
0.087203
0.0911117
0.0944915
0.0973892
0.0998708
0.101972
0.103708
0.105097
0.106177
0.10699
0.107566
0.107927
0.10808
0.0423045
0.0489535
0.0549576
0.0603694
0.0652353
0.0695929
0.0734671
0.0768629
0.0798063
0.0823513
0.0845408
0.0863902
0.0879074
0.0891186
0.0900616
0.0907759
0.0912846
0.091601
0.0917344
0.0342695
0.0397032
0.0446409
0.0491248
0.0531832
0.0568365
0.0600892
0.0629473
0.0654425
0.067614
0.0694789
0.071042
0.0723174
0.0733341
0.0741284
0.0747316
0.0751632
0.0754303
0.0755409
0.0266873
0.0309092
0.0347695
0.0383012
0.0415197
0.0444275
0.0470249
0.0493274
0.0513569
0.0531246
0.0546314
0.0558834
0.0569018
0.0577119
0.058346
0.0588284
0.0591738
0.0593906
0.0594804
0.0194161
0.0224611
0.0252591
0.0278315
0.0301818
0.0323134
0.0342358
0.0359604
0.0374926
0.0388234
0.0399452
0.0408719
0.0416223
0.042219
0.0426857
0.0430405
0.0432964
0.0434581
0.0435257
0.0123194
0.0142334
0.0159974
0.017616
0.0190932
0.0204409
0.0216714
0.0227893
0.0237877
0.0246513
0.0253735
0.025965
0.0264413
0.0268201
0.0271178
0.0273437
0.0275075
0.027611
0.0276538
0.00529394
0.00610694
0.0068577
0.00754323
0.0081649
0.00873503
0.00926312
0.00974951
0.0101834
0.0105561
0.0108671
0.0111195
0.0113217
0.011483
0.0116115
0.0117079
0.0117771
0.0118225
0.011841
1326.21
1319.56
1302.53
1275.45
1237.8
1188.94
1128
1053.61
963.817
855.868
726.064
569.111
368.413
125.475
19.61
5.37394
3.03315
2.45033
2.16787
1.99779
1.88769
1.81801
1.78173
1327.36
1321.5
1304.51
1277.48
1239.9
1191.12
1130.29
1056.01
966.273
858.212
727.798
569.045
356.74
77.3553
8.70025
3.80034
2.64751
2.3247
2.12436
1.97639
1.87287
1.80514
1.76953
1330.07
1325.01
1308.08
1281.14
1243.69
1195.09
1134.46
1060.37
970.764
862.622
731.392
570.341
338.927
33.8784
5.37379
2.69155
2.28637
2.19572
2.06389
1.94114
1.84642
1.78161
1.74664
1334.33
1330.09
1313.24
1286.45
1249.2
1200.85
1140.52
1066.75
977.422
869.375
737.623
575.207
321.265
15.1736
3.5722
2.29223
2.13806
2.09194
1.99659
1.89551
1.81031
1.74806
1.71285
1340.15
1336.74
1320.02
1293.41
1256.42
1208.42
1148.5
1075.2
986.376
878.788
747.229
585.503
302.6
9.31669
2.68823
2.10118
2.03616
2.00181
1.92877
1.84372
1.76601
1.70512
1.66793
1347.55
1344.97
1328.4
1302.03
1265.38
1217.82
1158.45
1085.81
997.775
891.124
760.751
601.955
288.629
6.40416
2.27423
1.98655
1.95351
1.92254
1.86067
1.78734
1.71553
1.65387
1.61036
1356.53
1354.8
1338.41
1312.33
1276.11
1229.1
1170.42
1098.65
1011.73
906.601
778.482
624.325
268.519
5.03982
2.06914
1.90006
1.87772
1.84732
1.79413
1.72895
1.66061
1.59597
1.5398
1367.07
1366.16
1349.99
1324.26
1288.53
1242.18
1184.32
1113.61
1028.13
925.013
799.93
652.212
257.005
4.14614
1.94058
1.82524
1.80628
1.77692
1.72917
1.66963
1.60374
1.53465
1.45615
0.905079
0.899467
0.886165
0.868069
0.847685
0.826696
0.806078
0.786439
0.768154
0.751409
0.736263
0.722707
0.710744
0.700449
0.691899
0.685104
0.680008
0.676536
0.674631
0.905858
0.900774
0.887098
0.868563
0.847822
0.826598
0.80583
0.786114
0.767809
0.751056
0.735889
0.722317
0.710365
0.70009
0.691556
0.684767
0.679673
0.6762
0.674296
0.907805
0.903238
0.888723
0.869365
0.848037
0.82641
0.805372
0.785509
0.767156
0.750384
0.735179
0.721579
0.709653
0.699439
0.690943
0.68416
0.679059
0.675585
0.673682
0.910782
0.906912
0.891155
0.870519
0.848262
0.826059
0.804685
0.784637
0.766191
0.749366
0.734116
0.720502
0.708628
0.698493
0.690054
0.683289
0.67818
0.674693
0.672786
0.914703
0.911951
0.894128
0.871761
0.848407
0.825532
0.80377
0.783495
0.764893
0.747976
0.7327
0.719106
0.707292
0.697251
0.688888
0.682149
0.677032
0.673534
0.671622
0.918777
0.918654
0.897815
0.873184
0.848411
0.824733
0.802557
0.782048
0.763259
0.74622
0.730929
0.7174
0.705669
0.695709
0.687425
0.680734
0.675623
0.672111
0.670193
0.922757
0.927322
0.901656
0.874413
0.848187
0.823639
0.800998
0.780233
0.761265
0.744114
0.728829
0.71539
0.703751
0.693871
0.685663
0.679028
0.673943
0.670434
0.668509
0.917975
0.938487
0.905561
0.875411
0.847602
0.822156
0.799011
0.777986
0.758896
0.741691
0.726424
0.713075
0.701542
0.691736
0.68359
0.677024
0.671992
0.668502
0.666579
1382.61
1391.02
1375.32
1350.36
1315.73
1270.85
1214.89
1146.7
1064.65
966.49
848.944
712.297
204.863
2.91764
1.75384
1.70527
1.68881
1.66072
1.6192
1.56652
1.50401
1.42941
1.32594
1414.31
1426.47
1411.47
1387.62
1354.59
1311.85
1258.77
1194.41
1117.58
1026.77
919.89
798.603
150.016
2.11151
1.60008
1.58135
1.56625
1.54069
1.50441
1.4577
1.40138
1.3352
1.25701
1452.99
1468.92
1454.74
1432.23
1401.09
1360.94
1311.29
1251.49
1180.74
1098.2
1002.67
896.266
102.954
1.71613
1.48033
1.46837
1.45307
1.43023
1.3986
1.35798
1.30922
1.25282
1.1891
1498.53
1518.16
1504.92
1483.91
1454.93
1417.7
1371.88
1317.08
1252.85
1178.82
1094.42
1001.57
65.9818
1.48476
1.36963
1.36122
1.34741
1.32775
1.3004
1.26561
1.22441
1.17726
1.12561
1550.69
1573.89
1561.65
1542.28
1515.64
1481.52
1439.77
1390.17
1332.56
1266.88
1192.93
1112.21
38.6556
1.30909
1.26195
1.25893
1.2479
1.23145
1.20828
1.17911
1.14472
1.10588
1.06388
1609.1
1635.71
1624.53
1606.87
1582.65
1551.77
1514.17
1469.78
1418.63
1360.88
1296.55
1226.6
20.524
1.18835
1.16622
1.16351
1.15416
1.14066
1.12159
1.09752
1.0692
1.03751
1.00336
1673.37
1703.2
1693.1
1677.19
1655.43
1627.79
1594.3
1554.99
1510.01
1459.63
1404
1343.58
9.45769
1.09961
1.07958
1.07387
1.06546
1.05473
1.03948
1.02001
0.997189
0.971623
0.943993
1743.08
1775.91
1766.9
1752.73
1733.41
1708.95
1679.43
1644.97
1605.78
1562.18
1514.37
1462.33
4.34583
1.00206
0.992972
0.987397
0.980582
0.972697
0.960982
0.945879
0.928027
0.907828
0.885705
1817.78
1853.38
1845.44
1832.98
1816.01
1794.61
1768.89
1738.99
1705.18
1667.78
1626.97
1582.42
1.95318
0.909866
0.906883
0.902784
0.8985
0.893759
0.885617
0.874644
0.861228
0.845656
0.828365
1896.99
1935.09
1928.19
1917.37
1902.68
1884.19
1862.04
1836.41
1807.56
1775.81
1741.31
1703.47
1.3644
0.822999
0.821003
0.819494
0.818723
0.817299
0.812751
0.805649
0.796276
0.784948
0.771999
1980.2
2020.54
2014.63
2005.37
1992.83
1977.09
1958.29
1936.63
1912.36
1885.77
1856.99
1825.18
0.972741
0.722046
0.733313
0.737558
0.740943
0.74296
0.741836
0.738437
0.733035
0.725738
0.716679
2066.91
2109.23
2104.26
2096.48
2085.96
2072.78
2057.12
2039.15
2019.12
1997.28
1973.73
1947.5
0.784693
0.629867
0.649533
0.658577
0.665501
0.670661
0.672892
0.673048
0.671348
0.667888
0.662656
2156.65
2200.69
2196.59
2190.2
2181.56
2170.79
2158.04
2143.49
2127.39
2109.96
2091.27
2070.36
0.675807
0.557042
0.573819
0.583651
0.592675
0.600295
0.605674
0.609312
0.611209
0.611437
0.60996
2248.98
2294.43
2291.16
2286.04
2279.15
2270.61
2260.55
2249.17
2236.71
2223.4
2209.33
2193.64
0.568069
0.493305
0.503673
0.511794
0.521637
0.531465
0.53988
0.546997
0.552628
0.556492
0.558533
2343.27
2389.92
2387.41
2383.49
2378.22
2371.72
2364.13
2355.66
2346.56
2337.12
2327.56
2317.23
0.490163
0.432391
0.434525
0.44007
0.450768
0.463255
0.47518
0.486034
0.495431
0.502923
0.508506
2439.16
2486.97
2485.16
2482.33
2478.56
2473.93
2468.59
2462.74
2456.67
2450.79
2445.49
2440.59
0.453976
0.371078
0.361197
0.364289
0.377879
0.394517
0.411023
0.426315
0.439702
0.450863
0.460027
2537.11
2582.53
2581.29
2579.39
2576.86
2573.74
2570.17
2566.34
2562.54
2559.35
2557.6
2551.82
0.588283
0.299858
0.272539
0.279315
0.300605
0.324715
0.347473
0.367913
0.385599
0.40066
0.413342
2621.36
2614.66
2611.45
2606.38
2599.41
2590.37
2579.25
2566.12
2551.3
2534.15
2492.31
1950.9
4.3033
0.157218
0.146922
0.179507
0.218804
0.254619
0.285367
0.311625
0.333848
0.352696
0.36869
1345.71
8.3652
6.3834
3.40071
-0.347057
-1.08365
-1.06046
-1.03401
-1.00018
-0.986364
-0.984167
-1.11388
58.4769
-0.29536
-0.0337339
0.0696538
0.137042
0.187129
0.226551
0.258656
0.285278
0.307647
0.326586
-1.13341
-1.06669
-1.06155
-1.05024
-1.03417
-1.0138
-0.989266
-0.960992
-0.929912
-0.897265
-0.881074
-0.927217
-1.01194
-0.518617
-0.17493
-0.0229641
0.0659104
0.127158
0.173532
0.210482
0.240742
0.266
0.287428
-1.02028
-0.967583
-0.958968
-0.947642
-0.930964
-0.909598
-0.883523
-0.852576
-0.816325
-0.775393
-0.726492
-0.686414
-0.578495
-0.363958
-0.19495
-0.0725134
0.014549
0.0786721
0.128327
0.168132
0.200825
0.228216
0.25144
-0.919924
-0.872879
-0.866138
-0.85321
-0.8354
-0.812787
-0.784901
-0.751185
-0.71156
-0.66438
-0.609847
-0.540253
-0.438099
-0.310521
-0.192472
-0.095992
-0.0191593
0.0419963
0.0914601
0.132075
0.165851
0.194347
0.218647
-0.83735
-0.796925
-0.788733
-0.775715
-0.757981
-0.734913
-0.706444
-0.67197
-0.63083
-0.58249
-0.524576
-0.454844
-0.369444
-0.275607
-0.186636
-0.10807
-0.0412322
0.0149122
0.0621371
0.101913
0.135599
0.164381
0.18911
-0.763292
-0.723917
-0.71636
-0.704116
-0.68681
-0.664443
-0.636573
-0.602696
-0.562761
-0.515628
-0.460628
-0.397304
-0.325713
-0.25127
-0.17967
-0.114024
-0.0557909
-0.00496207
0.0390428
0.0770259
0.10979
0.138145
0.162786
-0.692121
-0.655214
-0.647908
-0.636216
-0.619812
-0.598514
-0.571853
-0.539832
-0.502139
-0.458552
-0.408903
-0.353229
-0.29323
-0.231837
-0.172148
-0.116196
-0.0651659
-0.019446
0.0210978
0.0567194
0.0879421
0.11543
0.139548
-0.625889
-0.59186
-0.585077
-0.574174
-0.558856
-0.538913
-0.514065
-0.484367
-0.44992
-0.410281
-0.366061
-0.317746
-0.266625
-0.214789
-0.164045
-0.115748
-0.0708629
-0.0297989
0.00721906
0.0402463
0.0696957
0.0958928
0.11911
-0.564853
-0.533511
-0.527179
-0.517052
-0.502963
-0.484655
-0.462095
-0.43523
-0.403928
-0.36857
-0.329539
-0.287495
-0.243584
-0.199236
-0.155512
-0.11346
-0.0738405
-0.0370863
-0.00347387
0.0269997
0.0544567
0.0791356
0.101249
-0.508401
-0.479484
-0.473723
-0.464555
-0.451858
-0.435339
-0.414983
-0.390883
-0.363008
-0.331688
-0.297435
-0.260929
-0.223025
-0.184725
-0.146746
-0.109925
-0.0748806
-0.0420157
-0.0115768
0.0163133
0.0417498
0.0648882
0.0857322
-0.45635
-0.429697
-0.424477
-0.416187
-0.404621
-0.389809
-0.371772
-0.350404
-0.325837
-0.298461
-0.268648
-0.236931
-0.204225
-0.170974
-0.137821
-0.105471
-0.0744056
-0.0450188
-0.0175874
0.00784148
0.0313105
0.0527948
0.0723149
-0.408274
-0.383504
-0.378797
-0.371247
-0.360914
-0.347764
-0.331796
-0.313081
-0.291779
-0.268008
-0.242124
-0.214865
-0.186565
-0.157595
-0.12864
-0.100185
-0.0726412
-0.0464082
-0.0217119
0.00138744
0.0228587
0.0426603
0.0607865
-0.363661
-0.340645
-0.336326
-0.329553
-0.320314
-0.308694
-0.294738
-0.278471
-0.259976
-0.239471
-0.217366
-0.193901
-0.169322
-0.144181
-0.118924
-0.0939329
-0.0695891
-0.0462288
-0.0240843
-0.00324767
0.0162194
0.0342727
0.0508865
-0.321989
-0.300688
-0.2968
-0.290739
-0.282601
-0.272421
-0.260214
-0.246077
-0.230166
-0.212648
-0.193623
-0.173293
-0.15207
-0.130323
-0.108372
-0.0865556
-0.0651941
-0.0445686
-0.0248836
-0.00627783
0.0111522
0.0273831
0.0424054
-0.283456
-0.263878
-0.260443
-0.255113
-0.247945
-0.239001
-0.228354
-0.216094
-0.202312
-0.187074
-0.170547
-0.153013
-0.13474
-0.115989
-0.097024
-0.0781266
-0.0595967
-0.0416123
-0.0243325
-0.00796081
0.00743614
0.021842
0.035231
-0.248141
-0.230373
-0.227297
-0.22255
-0.216189
-0.208277
-0.198883
-0.188087
-0.175971
-0.162696
-0.148445
-0.133373
-0.117672
-0.101571
-0.0852971
-0.0691198
-0.0532183
-0.0377206
-0.0227802
-0.00856955
0.00484726
0.0174545
0.0292121
-0.215919
-0.19951
-0.196793
-0.192565
-0.186886
-0.179844
-0.171533
-0.162046
-0.151509
-0.140058
-0.127805
-0.114881
-0.101466
-0.087756
-0.0739584
-0.0602227
-0.0466621
-0.0334367
-0.020673
-0.00846307
0.00310512
0.0139901
0.0241505
-0.185836
-0.170286
-0.167946
-0.164287
-0.159363
-0.153259
-0.146066
-0.13789
-0.128841
-0.119024
-0.108571
-0.0976292
-0.0863394
-0.0748448
-0.0632558
-0.051673
-0.0402491
-0.0291067
-0.0183143
-0.00793026
0.00192332
0.0111811
0.0198156
-0.156897
-0.141932
-0.139974
-0.136908
-0.132783
-0.127653
-0.121599
-0.114713
-0.107103
-0.0988933
-0.0902083
-0.0811586
-0.0718463
-0.0623614
-0.0527968
-0.0432777
-0.0339042
-0.0247218
-0.0157728
-0.00714917
0.00107882
0.00879758
0.0159979
-0.128947
-0.114781
-0.113167
-0.110666
-0.107303
-0.103112
-0.0981511
-0.0925092
-0.0862967
-0.0796126
-0.0725485
-0.0651986
-0.0576687
-0.0500548
-0.0424499
-0.0349113
-0.0274741
-0.0201532
-0.013
-0.0060752
0.000523682
0.00673548
0.0125606
-0.102335
-0.088881
-0.0876571
-0.0857192
-0.0830856
-0.0797903
-0.0758802
-0.0714217
-0.0664944
-0.0611848
-0.0555883
-0.049817
-0.0439732
-0.0381428
-0.0323551
-0.0266255
-0.0209677
-0.0154164
-0.0100108
-0.00477795
0.000234179
0.00496789
0.00942749
-0.0765615
-0.0634331
-0.0625231
-0.0610779
-0.0591326
-0.0567238
-0.0538805
-0.0506381
-0.0470523
-0.043192
-0.0391364
-0.0349798
-0.0308007
-0.0266494
-0.0225416
-0.018492
-0.0145202
-0.0106614
-0.00692734
-0.00332097
0.000138194
0.00340895
0.00649939
-0.0511029
-0.0383356
-0.0377002
-0.0367286
-0.0354504
-0.0338944
-0.0320909
-0.0300664
-0.0278534
-0.0254833
-0.0229974
-0.020445
-0.0178846
-0.0153536
-0.0128818
-0.0104789
-0.00816247
-0.00594268
-0.00383034
-0.00181119
0.0001168
0.00193437
0.00365726
-0.0262679
-0.0131101
-0.0128617
-0.0124491
-0.0118955
-0.0112219
-0.0104363
-0.00955805
-0.00861567
-0.00764715
-0.0066823
-0.00573734
-0.00482762
-0.0039685
-0.00317124
-0.0024484
-0.00180213
-0.00123815
-0.000753124
-0.00033452
5.97138e-05
0.000423303
0.000770214
1.18916
1.13581
1.0887
1.04651
1.17615
1.13081
1.09075
1.05434
1.12985
1.09717
1.06589
1.03633
1.07877
1.05331
1.02868
1.0049
1.02609
1.00565
0.985826
0.966534
0.972706
0.956198
0.940098
0.924262
0.919201
0.905868
0.892782
0.87978
0.865763
0.85504
0.844469
0.833989
0.812539
0.804023
0.795733
0.787594
0.759845
0.753362
0.74721
0.741207
0.708046
0.703537
0.699304
0.695187
0.657371
0.654682
0.65219
0.649736
0.607835
0.606787
0.605874
0.604942
0.559437
0.559939
0.560474
0.560958
0.512332
0.514303
0.516222
0.518035
0.466715
0.470091
0.473337
0.476401
0.422734
0.427496
0.432037
0.436252
0.380645
0.386711
0.392413
0.397651
0.340808
0.348004
0.354667
0.360775
0.303491
0.311539
0.31898
0.325879
0.268798
0.277497
0.28559
0.293144
0.236873
0.246054
0.254636
0.262677
0.207796
0.21727
0.226163
0.234522
0.181567
0.191122
0.200138
0.208676
0.158054
0.16753
0.176534
0.18509
0.137096
0.146381
0.15525
0.163711
0.118526
0.127514
0.13616
0.144417
0.10217
0.110798
0.119095
0.127008
0.0878459
0.0960093
0.10383
0.111325
0.0752748
0.0828847
0.0901928
0.0972405
0.0642149
0.0712483
0.0780368
0.0846125
0.0545155
0.060948
0.0671939
0.0732668
0.0460613
0.0518423
0.0574979
0.0630266
0.0387351
0.0438122
0.0488186
0.0537627
0.0323714
0.0367337
0.0410701
0.045396
0.0267943
0.0304822
0.034163
0.0378552
0.0218317
0.0249064
0.0279661
0.031023
0.0173073
0.019816
0.0222893
0.0247234
0.0130869
0.0150276
0.016924
0.0187592
0.00906058
0.0104065
0.0117096
0.0129583
0.00509611
0.00584039
0.00654595
0.0072173
0.00106141
0.00120818
0.00134211
0.0014677
0.997987
0.951478
0.910452
0.875594
0.845216
0.818297
0.794282
0.772816
0.753602
0.736428
0.721241
0.708026
0.696663
0.687001
0.678968
0.67252
0.667599
0.664179
0.662279
1.0115
0.954407
0.90916
0.871399
0.83927
0.811308
0.786691
0.764972
0.745798
0.728804
0.713807
0.700795
0.68966
0.680205
0.67234
0.666053
0.661281
0.657959
0.656101
0.99957
0.944917
0.899726
0.861715
0.829323
0.801216
0.776589
0.755004
0.736111
0.719473
0.704801
0.692084
0.681242
0.672048
0.664399
0.658313
0.653717
0.650512
0.648707
0.974146
0.925328
0.883037
0.846654
0.815275
0.787897
0.763876
0.742847
0.724509
0.708418
0.694223
0.681903
0.671425
0.662554
0.655176
0.649328
0.644935
0.641868
0.640126
0.941038
0.898654
0.860525
0.8269
0.797444
0.771493
0.748612
0.728533
0.711022
0.695672
0.682095
0.670277
0.660244
0.651764
0.64471
0.639137
0.634973
0.632062
0.630397
0.903177
0.867103
0.833588
0.803293
0.776335
0.75231
0.730979
0.712177
0.695736
0.681301
0.668468
0.657253
0.647752
0.639734
0.63305
0.627783
0.623873
0.621139
0.619563
0.862424
0.832226
0.803372
0.776634
0.752498
0.730733
0.711241
0.693954
0.678776
0.665401
0.653417
0.642899
0.63402
0.62653
0.620258
0.615322
0.611684
0.609146
0.607672
0.820018
0.795141
0.770743
0.747639
0.726479
0.707168
0.689699
0.674075
0.660291
0.648086
0.637042
0.627306
0.619127
0.612226
0.606403
0.601816
0.598467
0.596139
0.594779
0.77671
0.756673
0.73644
0.716912
0.698772
0.681995
0.666636
0.652752
0.640445
0.629491
0.619464
0.610588
0.603175
0.596904
0.591553
0.587335
0.584289
0.582183
0.580943
0.733061
0.717418
0.701064
0.68495
0.66979
0.655556
0.642321
0.630202
0.619415
0.609769
0.600823
0.592871
0.586269
0.580653
0.575791
0.571956
0.569226
0.567349
0.566234
0.68949
0.677811
0.665038
0.652163
0.639887
0.628142
0.616998
0.606646
0.597404
0.589093
0.581266
0.574281
0.568516
0.563562
0.559201
0.555766
0.553359
0.551714
0.550724
0.646213
0.638166
0.628688
0.618891
0.60937
0.600008
0.5909
0.582305
0.574613
0.567638
0.560945
0.554949
0.55002
0.545722
0.541872
0.538853
0.536777
0.535359
0.534489
0.603404
0.598699
0.592322
0.585432
0.5785
0.571394
0.564257
0.557394
0.551231
0.54557
0.540005
0.534997
0.530888
0.527232
0.523898
0.521308
0.519564
0.518364
0.517605
0.56127
0.559653
0.556203
0.552036
0.547506
0.54253
0.53729
0.532114
0.527436
0.523042
0.518581
0.514541
0.511225
0.508195
0.505379
0.503225
0.501807
0.500812
0.500156
0.520041
0.521277
0.520556
0.518915
0.516606
0.513635
0.510203
0.506648
0.503391
0.5002
0.496795
0.493693
0.491136
0.488708
0.486413
0.484698
0.483595
0.482787
0.482225
0.479941
0.483769
0.485587
0.486267
0.486007
0.484907
0.483177
0.481161
0.479242
0.477168
0.474766
0.472561
0.470724
0.468876
0.467097
0.465818
0.465013
0.464374
0.463893
0.441179
0.447346
0.451503
0.454279
0.455893
0.456522
0.456376
0.455805
0.455116
0.454064
0.452605
0.451253
0.450093
0.448799
0.44753
0.446669
0.446137
0.445649
0.445239
0.403828
0.412227
0.418474
0.423117
0.426434
0.428641
0.429952
0.430707
0.431122
0.430997
0.430425
0.429873
0.429338
0.428574
0.4278
0.42733
0.42704
0.426683
0.426339
0.368127
0.378515
0.3866
0.392915
0.397775
0.401408
0.404035
0.40597
0.407351
0.408069
0.408331
0.408514
0.408552
0.408289
0.407984
0.407873
0.407793
0.407547
0.407264
0.334269
0.346332
0.355996
0.363791
0.370024
0.374921
0.378722
0.381676
0.383891
0.385384
0.386417
0.387258
0.387812
0.388025
0.388158
0.388362
0.388459
0.388309
0.388082
0.302373
0.315809
0.32681
0.335869
0.343268
0.349256
0.354064
0.357877
0.360826
0.363039
0.364768
0.366179
0.367195
0.367853
0.368384
0.368854
0.369094
0.369028
0.36886
0.272534
0.287052
0.299135
0.309216
0.317576
0.324477
0.330108
0.334629
0.338234
0.341107
0.343441
0.345336
0.34677
0.347835
0.348711
0.349394
0.349751
0.349764
0.349655
0.244814
0.260118
0.273005
0.283869
0.292997
0.300622
0.306896
0.312009
0.316201
0.319645
0.322477
0.324782
0.326592
0.328017
0.329176
0.330029
0.330479
0.33057
0.330521
0.219216
0.235003
0.248431
0.259864
0.269562
0.277719
0.284484
0.290092
0.294786
0.298693
0.301918
0.30457
0.306711
0.308437
0.309813
0.31079
0.311321
0.311492
0.311504
0.1957
0.211691
0.225426
0.237215
0.24728
0.255791
0.262925
0.268935
0.274019
0.278266
0.281801
0.284746
0.287165
0.289121
0.290648
0.291712
0.292317
0.292569
0.292643
0.174214
0.190153
0.20397
0.2159
0.226143
0.234867
0.242261
0.248557
0.253897
0.25838
0.262158
0.265344
0.267972
0.27008
0.271701
0.272829
0.273502
0.273834
0.27397
0.154655
0.17032
0.184
0.195879
0.20615
0.214966
0.222496
0.228938
0.234415
0.239055
0.243017
0.246376
0.249135
0.251326
0.252996
0.254172
0.254909
0.255315
0.255508
0.136873
0.152075
0.165442
0.177127
0.187296
0.196067
0.203593
0.210054
0.215576
0.220312
0.224392
0.227837
0.230646
0.232864
0.234557
0.23577
0.236563
0.237033
0.237273
0.120736
0.135331
0.148243
0.159602
0.169527
0.178109
0.185504
0.191886
0.197389
0.202157
0.206268
0.209711
0.212499
0.214706
0.216402
0.217641
0.21848
0.219
0.219275
0.106138
0.119991
0.132325
0.143224
0.152756
0.16102
0.168191
0.174428
0.179851
0.184569
0.188615
0.191973
0.194692
0.196862
0.198549
0.199798
0.200666
0.201221
0.20152
0.0929379
0.105937
0.117574
0.127873
0.136887
0.144753
0.151637
0.157662
0.162928
0.167503
0.171393
0.17461
0.177229
0.179343
0.181005
0.182246
0.183123
0.183696
0.184006
0.0809655
0.0930214
0.103845
0.113431
0.121858
0.129274
0.135806
0.141543
0.146562
0.150906
0.154574
0.157614
0.160117
0.162156
0.163767
0.164979
0.165844
0.166419
0.166731
0.0700634
0.0810966
0.0910135
0.0998236
0.107623
0.11453
0.120631
0.125998
0.130692
0.134733
0.13814
0.140987
0.143356
0.145295
0.146828
0.147987
0.148823
0.149384
0.14969
0.0600992
0.0700435
0.0789975
0.0869923
0.0941128
0.100436
0.106028
0.110957
0.115262
0.118957
0.122084
0.124722
0.126934
0.128743
0.130172
0.131259
0.132049
0.13258
0.13287
0.0509848
0.0597875
0.0677356
0.0748592
0.0812246
0.0868934
0.0919253
0.0963655
0.100237
0.10356
0.106394
0.108805
0.110828
0.112477
0.113779
0.114774
0.115502
0.115992
0.116261
0.0426534
0.0502473
0.0571246
0.0633124
0.0688665
0.0738368
0.0782673
0.0821791
0.085584
0.088519
0.0910454
0.0932041
0.0950061
0.0964687
0.0976211
0.0985063
0.0991584
0.0995979
0.0998397
0.0349914
0.0413182
0.0470712
0.0522783
0.0569831
0.0612183
0.0650074
0.0683546
0.0712742
0.0738099
0.0760045
0.0778742
0.0794263
0.0806799
0.081667
0.0824286
0.0829933
0.0833735
0.0835795
0.0278592
0.0328999
0.0375049
0.0417056
0.0455305
0.0489939
0.0521002
0.0548532
0.0572734
0.0593907
0.0612223
0.0627708
0.0640469
0.0650745
0.0658856
0.0665121
0.066977
0.0672926
0.067463
0.0210948
0.0248752
0.0283482
0.0315357
0.0344549
0.0371082
0.0394993
0.041637
0.0435366
0.0452076
0.0466419
0.0478425
0.0488296
0.0496203
0.0502443
0.0507276
0.0510857
0.0513316
0.0514653
0.0145422
0.0171173
0.0194899
0.0216745
0.0236773
0.0255024
0.0271602
0.0286609
0.0300092
0.0311961
0.0322079
0.0330474
0.0337323
0.0342797
0.0347134
0.0350482
0.0352966
0.0354692
0.0355627
0.00808111
0.00949659
0.0108043
0.0120086
0.0131042
0.014104
0.0150214
0.0158645
0.0166291
0.0173
0.0178688
0.0183367
0.0187164
0.0190191
0.019259
0.0194459
0.0195838
0.0196794
0.0197324
0.00163227
0.00191124
0.0021688
0.00240712
0.00262346
0.00282175
0.00300433
0.00317338
0.00332724
0.00346092
0.00357391
0.00366704
0.00374154
0.00380079
0.00384914
0.00388652
0.00391382
0.00393302
0.00394387
1324.38
1312.28
1290.28
1257.98
1214.82
1160.05
1092.59
1010.79
912.347
794.046
650.456
479.203
239.247
57.741
8.78048
3.75376
2.67032
2.29039
2.07306
1.93698
1.84834
1.796
1.77479
1326.32
1314.23
1292.27
1260.04
1216.95
1162.29
1094.94
1013.23
914.789
796.224
651.293
476.734
211.127
18.0213
5.36492
3.03875
2.44808
2.21887
2.04395
1.9198
1.83477
1.78356
1.76269
1329.81
1317.77
1295.89
1263.77
1220.83
1166.35
1099.21
1017.67
919.287
800.431
653.784
473.178
160.701
10.4817
3.45662
2.38209
2.24701
2.13144
1.99939
1.89012
1.81019
1.76054
1.73978
1334.86
1322.89
1301.12
1269.17
1226.45
1172.26
1105.43
1024.19
926.039
807.105
659.308
472.938
109.248
6.37025
2.62783
2.17198
2.12145
2.04785
1.94469
1.85044
1.77591
1.72707
1.70554
1341.48
1329.59
1307.97
1276.25
1233.84
1180.02
1113.64
1032.9
935.236
816.724
669.107
479.543
71.0388
4.27437
2.24487
2.05037
2.02435
1.96864
1.88609
1.80336
1.73288
1.68336
1.6595
1349.68
1337.89
1316.46
1285.02
1243.01
1189.69
1123.9
1043.88
947.085
829.661
683.801
495.241
46.4828
3.17863
2.05819
1.96313
1.942
1.89455
1.82427
1.7508
1.68277
1.62961
1.59721
1359.46
1347.8
1326.61
1295.53
1254
1201.29
1136.28
1057.25
961.732
846.175
703.651
519.836
29.5221
2.6212
1.94072
1.88648
1.86564
1.82301
1.76231
1.69485
1.62733
1.5667
1.51363
1370.76
1359.25
1338.34
1307.68
1266.73
1214.76
1150.68
1072.87
979.03
865.969
728.067
551.638
19.3913
2.30114
1.85013
1.81558
1.79387
1.75512
1.7004
1.63726
1.56954
1.49739
1.38614
0.903467
0.89359
0.877544
0.858035
0.837193
0.816297
0.796107
0.777112
0.759582
0.743636
0.729288
0.716523
0.705382
0.695953
0.688284
0.682348
0.678073
0.675389
0.674258
0.904855
0.894736
0.878255
0.85834
0.837197
0.816115
0.795812
0.776772
0.759236
0.743274
0.728902
0.716136
0.705013
0.695604
0.687945
0.682013
0.677738
0.675054
0.673921
0.907486
0.896815
0.879437
0.858816
0.837195
0.815775
0.795266
0.776135
0.758573
0.742585
0.728174
0.715404
0.704332
0.694976
0.687339
0.681402
0.677123
0.674439
0.673307
0.911338
0.899929
0.881199
0.859462
0.837096
0.815233
0.794471
0.775207
0.757581
0.741543
0.727096
0.714345
0.703346
0.694063
0.686463
0.680529
0.676237
0.673544
0.672412
0.916659
0.903976
0.883216
0.860082
0.836863
0.814483
0.793431
0.773981
0.756228
0.740133
0.725685
0.712974
0.702055
0.692865
0.685317
0.679387
0.675082
0.672382
0.671247
0.923729
0.909132
0.885663
0.860707
0.836407
0.813442
0.792089
0.772436
0.754521
0.738356
0.723941
0.711309
0.700472
0.691364
0.683882
0.67798
0.673666
0.670954
0.66982
0.933762
0.915012
0.888002
0.861104
0.835684
0.812077
0.790387
0.770526
0.752458
0.736239
0.721882
0.709348
0.698596
0.689565
0.682152
0.676291
0.67199
0.669274
0.668131
0.945833
0.921544
0.890235
0.861201
0.834587
0.810304
0.788247
0.768207
0.750055
0.733813
0.719515
0.707089
0.696427
0.687459
0.680114
0.674317
0.670052
0.667343
0.666204
1395.47
1384.31
1364.02
1334.29
1294.62
1244.31
1182.42
1107.54
1017.77
910.689
782.779
609.061
7.94724
1.92116
1.71556
1.69802
1.67658
1.64143
1.59417
1.53647
1.46873
1.3827
1.25459
1430.73
1420.06
1400.67
1372.28
1334.47
1286.66
1228.07
1157.64
1074.05
975.781
861.318
656.796
5.16674
1.67311
1.58597
1.57504
1.55484
1.52388
1.48233
1.4307
1.36963
1.29784
1.21288
1472.95
1462.86
1444.54
1417.76
1382.17
1337.34
1282.71
1217.53
1141.01
1052.42
951.597
691.896
3.44726
1.51473
1.47326
1.46161
1.44268
1.41556
1.37938
1.33455
1.28199
1.22179
1.15526
1521.93
1512.5
1495.4
1470.44
1437.37
1395.88
1345.63
1286.17
1217.09
1138.22
1050.25
709.138
2.37443
1.3856
1.36587
1.35494
1.33846
1.31507
1.28385
1.2458
1.20152
1.15188
1.09874
1577.38
1568.66
1552.87
1529.88
1499.52
1461.61
1415.96
1362.37
1300.74
1231.2
1154.96
709.127
1.76548
1.26476
1.26191
1.25402
1.24048
1.22069
1.19436
1.16256
1.12577
1.08518
1.04218
1638.89
1630.93
1616.52
1595.59
1568.05
1533.82
1492.82
1445.04
1390.57
1329.76
1264.05
693.655
1.45692
1.16602
1.16619
1.15928
1.14806
1.13181
1.11013
1.08383
1.05372
1.02067
0.98573
1706.07
1698.87
1685.87
1667.04
1642.35
1611.78
1575.36
1533.19
1485.48
1432.67
1376.3
665.807
1.26432
1.08216
1.07742
1.06975
1.06059
1.04769
1.03021
1.00898
0.984709
0.958018
0.929703
1778.48
1772.05
1760.46
1743.71
1721.81
1694.81
1662.8
1625.94
1584.51
1538.97
1490.85
627.876
1.08098
0.994159
0.990839
0.983847
0.977058
0.967336
0.953781
0.937274
0.918206
0.896957
0.874224
1855.64
1849.98
1839.77
1825.06
1805.86
1782.28
1754.45
1722.56
1686.91
1647.94
1607.13
583.956
0.954793
0.906803
0.905493
0.900334
0.896513
0.890095
0.880448
0.868222
0.853699
0.837186
0.819282
1937.06
1932.14
1923.27
1910.5
1893.9
1873.56
1849.64
1822.37
1792.03
1759.02
1724.7
535.129
0.847885
0.820313
0.820733
0.81881
0.818389
0.815395
0.80949
0.801242
0.790813
0.778675
0.765041
2022.23
2018.01
2010.42
1999.51
1985.35
1968.06
1947.8
1924.81
1899.34
1871.76
1843.24
484.143
0.722853
0.728086
0.736132
0.739157
0.742307
0.74278
0.740367
0.735982
0.729633
0.72138
0.711737
2110.64
2107.1
2100.72
2091.56
2079.69
2065.25
2048.41
2029.38
2008.41
1985.8
1962.56
431.135
0.62039
0.640944
0.655053
0.662002
0.668461
0.672077
0.673236
0.672383
0.66988
0.665446
0.659616
2201.86
2198.93
2193.68
2186.16
2176.44
2164.66
2150.98
2135.62
2118.83
2100.85
2082.49
376.2
0.55061
0.566176
0.5794
0.588036
0.596828
0.603209
0.607718
0.610482
0.611514
0.610906
0.608761
2295.37
2293.03
2288.83
2282.82
2275.08
2265.76
2255.01
2243.06
2230.15
2216.52
2202.82
319.922
0.491403
0.498618
0.507897
0.51644
0.526678
0.535874
0.543584
0.550025
0.554806
0.557698
0.559099
2390.62
2388.83
2385.61
2381.01
2375.11
2368.04
2359.98
2351.16
2341.85
2332.39
2323.3
261.563
0.435159
0.432914
0.436786
0.444916
0.456969
0.469353
0.480779
0.49093
0.499448
0.505911
0.510784
2487.49
2486.21
2483.87
2480.57
2476.35
2471.34
2465.72
2459.71
2453.69
2448.11
2443.51
203.018
0.38031
0.364694
0.361134
0.370079
0.386079
0.402876
0.418882
0.433279
0.445565
0.455656
0.464005
2582.9
2581.98
2580.44
2578.2
2575.37
2572.01
2568.28
2564.41
2560.81
2558.32
2558.19
179.962
0.342368
0.279753
0.273431
0.288889
0.312736
0.336343
0.358035
0.377088
0.393444
0.407285
0.418905
2615.92
2613.37
2609.41
2603.35
2595.39
2585.32
2573.24
2559.22
2543.46
2528.21
2474.98
523.131
0.277617
0.140053
0.161343
0.199237
0.23731
0.270597
0.29904
0.323209
0.34365
0.361019
0.375752
9.59311
7.54274
5.26462
1.81435
-1.09483
-1.07306
-1.04644
-1.02014
-0.993256
-0.95481
-1.05768
-0.961581
11.6612
-0.11638
0.0247459
0.106227
0.163707
0.207925
0.243366
0.272565
0.29694
0.317501
0.334971
-1.059
-1.07155
-1.05521
-1.04356
-1.0249
-1.00244
-0.975862
-0.945961
-0.913757
-0.88663
-0.882491
-1.01621
-0.419554
-0.307421
-0.0866727
0.0261724
0.0989152
0.151762
0.192997
0.226327
0.253908
0.277141
0.296914
-0.973866
-0.960571
-0.953658
-0.939436
-0.920282
-0.896632
-0.868262
-0.834703
-0.796154
-0.751778
-0.703498
-0.654062
-0.47222
-0.273529
-0.128646
-0.0253632
0.0488325
0.104966
0.149252
0.185231
0.215103
0.240304
0.261693
-0.872887
-0.87068
-0.860544
-0.844994
-0.824925
-0.799776
-0.768977
-0.732396
-0.689056
-0.638321
-0.577299
-0.494864
-0.374692
-0.249126
-0.141583
-0.0553502
0.0130983
0.0679874
0.112732
0.14972
0.180673
0.206985
0.2294
-0.79962
-0.793528
-0.782889
-0.767535
-0.747189
-0.721377
-0.69002
-0.652191
-0.607646
-0.554804
-0.491379
-0.41411
-0.322535
-0.230095
-0.145889
-0.0732212
-0.0119167
0.0395359
0.0828703
0.119436
0.150539
0.177226
0.200111
-0.725963
-0.720718
-0.710845
-0.696083
-0.676261
-0.651268
-0.620348
-0.583585
-0.540196
-0.489139
-0.430124
-0.362307
-0.288473
-0.214864
-0.145984
-0.083937
-0.0294814
0.0178331
0.0587464
0.094004
0.124472
0.150908
0.173827
-0.657263
-0.652084
-0.642598
-0.628648
-0.609756
-0.585866
-0.556531
-0.521668
-0.481118
-0.434472
-0.381763
-0.323618
-0.262476
-0.201628
-0.143606
-0.0900118
-0.0416662
0.00147659
0.0394902
0.0728362
0.102125
0.127902
0.150415
-0.593741
-0.589065
-0.580137
-0.567062
-0.54953
-0.52707
-0.499806
-0.467798
-0.430701
-0.38873
-0.342355
-0.292411
-0.240655
-0.189206
-0.139503
-0.0928647
-0.0498288
-0.0107768
0.024202
0.0554062
0.0831726
0.107877
0.12965
-0.535338
-0.530706
-0.522644
-0.510494
-0.494324
-0.473924
-0.449192
-0.420125
-0.386725
-0.349489
-0.308825
-0.265687
-0.221394
-0.177231
-0.13422
-0.0933169
-0.0550742
-0.0198899
0.0121591
0.0410866
0.0671238
0.0905248
0.111351
-0.481036
-0.477079
-0.469536
-0.458693
-0.444095
-0.42563
-0.403425
-0.377414
-0.347743
-0.31488
-0.279438
-0.242069
-0.203888
-0.165637
-0.128147
-0.0921476
-0.0581626
-0.0264771
0.0026814
0.0293249
0.0536094
0.0756018
0.0953183
-0.431201
-0.427437
-0.420754
-0.410809
-0.39761
-0.381198
-0.361505
-0.338479
-0.312475
-0.283855
-0.252954
-0.220667
-0.187639
-0.154334
-0.121513
-0.0897563
-0.0594787
-0.0310507
-0.00462674
0.0198255
0.042297
0.0628074
0.0813563
-0.384825
-0.381507
-0.375357
-0.366426
-0.354688
-0.340129
-0.322763
-0.302749
-0.280204
-0.255273
-0.228627
-0.200839
-0.172121
-0.14308
-0.114325
-0.0862714
-0.0593386
-0.0338636
-0.0099597
0.0123274
0.0329695
0.0519424
0.0692175
-0.341892
-0.338802
-0.333256
-0.325247
-0.314807
-0.302015
-0.2869
-0.269503
-0.249943
-0.228592
-0.205805
-0.181724
-0.156789
-0.131541
-0.106374
-0.0816572
-0.0577678
-0.0349965
-0.0134996
0.00666141
0.0254226
0.04277
0.058637
-0.301763
-0.299018
-0.294032
-0.286919
-0.27776
-0.266559
-0.253372
-0.238322
-0.221597
-0.203323
-0.183601
-0.162763
-0.141238
-0.119354
-0.0974286
-0.0757951
-0.0547773
-0.0345984
-0.0154393
0.00258876
0.0194153
0.035059
0.0494382
-0.264878
-0.262394
-0.258008
-0.251754
-0.243691
-0.233885
-0.222419
-0.209394
-0.194875
-0.178955
-0.161885
-0.143951
-0.125411
-0.10652
-0.0875439
-0.0688023
-0.0505285
-0.0328687
-0.0160255
-0.000139975
0.0147631
0.0286754
0.0415186
-0.231247
-0.229048
-0.225133
-0.219571
-0.212426
-0.203764
-0.193662
-0.182188
-0.169463
-0.15568
-0.141001
-0.125591
-0.109658
-0.0934348
-0.0771815
-0.0611279
-0.045409
-0.0301707
-0.0155776
-0.00176081
0.0112533
0.0234502
0.0347472
-0.200296
-0.198345
-0.194859
-0.189897
-0.183525
-0.175837
-0.166921
-0.156892
-0.145887
-0.134024
-0.121418
-0.108219
-0.0946312
-0.0808547
-0.0670779
-0.0534115
-0.0399972
-0.0269926
-0.0144914
-0.0025956
0.00863389
0.0191702
0.0289396
-0.170953
-0.169287
-0.166284
-0.161984
-0.156458
-0.149795
-0.142099
-0.133474
-0.124027
-0.11387
-0.103152
-0.0920189
-0.0806115
-0.0690592
-0.0574556
-0.0459316
-0.0346371
-0.0236652
-0.0130585
-0.00293217
0.00662854
0.0155804
0.0238905
-0.142487
-0.141097
-0.138578
-0.134975
-0.130339
-0.124739
-0.118256
-0.110992
-0.103063
-0.0946025
-0.0857217
-0.0765325
-0.0671209
-0.057582
-0.0480231
-0.038569
-0.0292877
-0.0202138
-0.0114114
-0.00296977
0.00500286
0.0124646
0.0194047
-0.115238
-0.114078
-0.112017
-0.109083
-0.1053
-0.100716
-0.095401
-0.089462
-0.0830054
-0.0761203
-0.0689042
-0.0614481
-0.053866
-0.0462446
-0.0386704
-0.0311798
-0.0237961
-0.0165524
-0.00950458
-0.00272878
0.00367735
0.00969641
0.0153292
-0.0892302
-0.0883648
-0.0867833
-0.0844928
-0.0815248
-0.0779133
-0.0737207
-0.0690162
-0.0638846
-0.0584167
-0.0527167
-0.0468973
-0.0410532
-0.0352428
-0.0294821
-0.0237859
-0.0181766
-0.0126929
-0.00737083
-0.00223873
0.00263666
0.00723077
0.0115585
-0.0636899
-0.0630488
-0.0618696
-0.0601693
-0.0579875
-0.055359
-0.0523083
-0.048886
-0.0451517
-0.0411829
-0.0370647
-0.0328901
-0.0287191
-0.0245902
-0.0205082
-0.0164941
-0.0125753
-0.00877859
-0.00510837
-0.00156907
0.00179705
0.00497501
0.00798894
-0.0385134
-0.0380536
-0.0372471
-0.0361191
-0.034697
-0.0330142
-0.0310991
-0.0289775
-0.0266845
-0.0242511
-0.0217277
-0.0191629
-0.0166149
-0.0141087
-0.0116714
-0.00930882
-0.00703961
-0.00487409
-0.00280949
-0.00083485
0.00103763
0.00280631
0.00449351
-0.0131648
-0.0130176
-0.0126861
-0.012202
-0.0115877
-0.010855
-0.0100174
-0.00909843
-0.00813453
-0.00716326
-0.00620433
-0.00527595
-0.00438919
-0.00356037
-0.00279895
-0.0021142
-0.00150977
-0.000985791
-0.00053784
-0.000135657
0.000244413
0.000598468
0.000939526
1.15898
1.11237
1.06678
1.02786
1.15266
1.11036
1.07201
1.03767
1.11344
1.0813
1.05089
1.02225
1.06598
1.04088
1.01669
0.993277
1.01581
0.995653
0.976138
0.956981
0.964405
0.948097
0.932166
0.916388
0.912502
0.899309
0.886275
0.873303
0.860372
0.849747
0.839222
0.828782
0.808252
0.79985
0.791654
0.78356
0.756557
0.750255
0.744201
0.73821
0.705741
0.701397
0.697247
0.693115
0.655991
0.653422
0.650966
0.648486
0.607281
0.606327
0.605417
0.604431
0.559676
0.560209
0.560727
0.561145
0.513321
0.515271
0.517145
0.518864
0.468419
0.471729
0.474899
0.477812
0.425138
0.429799
0.434194
0.438186
0.383718
0.389613
0.395096
0.400063
0.344467
0.351407
0.357787
0.363626
0.307595
0.315331
0.322492
0.329127
0.27323
0.281614
0.28943
0.296715
0.241545
0.250415
0.258721
0.266488
0.212612
0.221787
0.230404
0.238495
0.186422
0.195693
0.204463
0.212746
0.162858
0.172089
0.180865
0.189183
0.141796
0.150866
0.15953
0.167761
0.123066
0.131882
0.140338
0.148363
0.106526
0.114993
0.123096
0.130805
0.0919705
0.0999635
0.107613
0.11494
0.0791199
0.0865764
0.0937437
0.100656
0.0677661
0.0746717
0.0813458
0.0878082
0.0577565
0.0640948
0.0702492
0.0762203
0.0489687
0.0546869
0.0602754
0.0657246
0.0412844
0.0463233
0.051297
0.0561905
0.0345585
0.0389044
0.0432339
0.0475321
0.028643
0.0323212
0.0360066
0.0396868
0.0233724
0.0264373
0.0294947
0.0325358
0.0185661
0.0210576
0.0235105
0.0259175
0.0140612
0.0159822
0.0178494
0.0196494
0.00973764
0.011065
0.0123409
0.0135609
0.00547296
0.00619804
0.00688519
0.00754425
0.00113661
0.00127616
0.00140555
0.00152963
0.97164
0.930376
0.892348
0.859919
0.831368
0.80595
0.78325
0.762944
0.744767
0.728585
0.714392
0.702124
0.691625
0.682783
0.675549
0.669872
0.665701
0.663037
0.661904
0.98062
0.930802
0.88945
0.854739
0.824834
0.798615
0.77549
0.75509
0.737047
0.721058
0.707054
0.695006
0.684732
0.676074
0.669001
0.663483
0.65944
0.656844
0.655733
0.970818
0.921335
0.879919
0.84491
0.814797
0.7885
0.765436
0.745247
0.727537
0.711895
0.698196
0.686443
0.676451
0.668028
0.661162
0.655837
0.651943
0.64943
0.648346
0.948873
0.903407
0.864154
0.830407
0.801136
0.775494
0.753005
0.733366
0.716212
0.701091
0.687824
0.676447
0.666802
0.658676
0.652061
0.64696
0.64324
0.640826
0.639777
0.919335
0.879039
0.843151
0.811694
0.784066
0.759686
0.738235
0.719476
0.703109
0.688672
0.675957
0.665049
0.655826
0.648055
0.641737
0.63689
0.633366
0.631067
0.630061
0.884851
0.84999
0.818008
0.78942
0.763978
0.741316
0.721271
0.703676
0.688299
0.674695
0.662645
0.652298
0.643575
0.636221
0.630237
0.625671
0.622366
0.620199
0.619243
0.847179
0.817603
0.78968
0.764251
0.741332
0.720704
0.702328
0.686112
0.671895
0.659244
0.647954
0.638263
0.630122
0.623236
0.617618
0.613354
0.610286
0.608269
0.607371
0.807529
0.782864
0.758959
0.736815
0.716601
0.6982
0.681656
0.666959
0.654023
0.642426
0.631984
0.62303
0.615541
0.609173
0.603946
0.599999
0.597186
0.595331
0.594499
0.766723
0.746548
0.726521
0.707663
0.690216
0.674133
0.659503
0.646402
0.634833
0.624365
0.614848
0.606707
0.599925
0.594105
0.589289
0.585678
0.583131
0.581448
0.580686
0.725345
0.709291
0.692904
0.677248
0.662558
0.648806
0.636108
0.624638
0.614486
0.60521
0.596684
0.589411
0.583368
0.578116
0.573728
0.570466
0.568195
0.56669
0.566001
0.683797
0.67153
0.658535
0.64595
0.63395
0.622485
0.611702
0.601878
0.593172
0.585118
0.577625
0.571259
0.56597
0.561292
0.557347
0.554448
0.552457
0.551131
0.550515
0.642381
0.633558
0.623759
0.614101
0.604671
0.59541
0.586511
0.578337
0.571076
0.564251
0.557816
0.552367
0.547824
0.543722
0.540236
0.537712
0.536003
0.534848
0.534302
0.601292
0.595659
0.588877
0.581983
0.574966
0.567815
0.56076
0.554215
0.548378
0.542766
0.537387
0.532849
0.529033
0.525502
0.522488
0.520347
0.518913
0.517921
0.517441
0.560723
0.558098
0.554155
0.549828
0.545067
0.539928
0.534661
0.529705
0.525242
0.520806
0.516466
0.512812
0.5097
0.506734
0.504198
0.502442
0.501272
0.500432
0.500012
0.520945
0.521097
0.51981
0.51785
0.515194
0.511962
0.508407
0.504978
0.501823
0.498505
0.495167
0.492369
0.489926
0.487515
0.485465
0.48409
0.483169
0.482464
0.482098
0.482155
0.484869
0.48604
0.486253
0.485551
0.484106
0.482171
0.48019
0.478254
0.475983
0.473606
0.47162
0.469815
0.467947
0.466381
0.465378
0.464684
0.4641
0.463782
0.444522
0.449633
0.45304
0.455224
0.45632
0.456529
0.456113
0.455481
0.454656
0.453357
0.45189
0.450672
0.449469
0.448131
0.44704
0.446383
0.445895
0.445418
0.445141
0.408325
0.415583
0.420973
0.424928
0.427664
0.42939
0.430375
0.430965
0.431138
0.430736
0.430129
0.429625
0.428984
0.428161
0.427523
0.427183
0.426875
0.426491
0.426255
0.373633
0.382811
0.389953
0.395513
0.399733
0.402825
0.405071
0.406737
0.407792
0.408227
0.408424
0.408569
0.408451
0.408118
0.407906
0.407849
0.407691
0.407391
0.407194
0.340624
0.35143
0.360102
0.367089
0.372625
0.37694
0.380293
0.382878
0.384718
0.385933
0.386861
0.387583
0.387949
0.388083
0.388257
0.388439
0.388411
0.388186
0.388024
0.309417
0.32158
0.33156
0.339762
0.346424
0.351795
0.356085
0.359455
0.362011
0.363946
0.365515
0.366742
0.367555
0.368122
0.368635
0.369014
0.369092
0.368939
0.368815
0.280115
0.293369
0.304406
0.313594
0.321195
0.327442
0.332495
0.336535
0.339749
0.34233
0.344445
0.34611
0.347336
0.348289
0.349088
0.349622
0.34979
0.349708
0.349626
0.252784
0.266837
0.27867
0.288633
0.296987
0.303919
0.309582
0.314207
0.318007
0.32113
0.323695
0.325745
0.327342
0.328628
0.329648
0.330307
0.330559
0.330548
0.330506
0.227415
0.241988
0.254378
0.264916
0.273825
0.281263
0.287415
0.292543
0.296832
0.300383
0.303312
0.305699
0.307619
0.30917
0.310357
0.31111
0.31144
0.311505
0.311503
0.203987
0.21882
0.231547
0.242451
0.251721
0.259515
0.266055
0.271587
0.27624
0.280114
0.283342
0.286017
0.288197
0.289939
0.29124
0.292068
0.292476
0.292618
0.292656
0.182456
0.197311
0.210156
0.221223
0.230685
0.238715
0.245535
0.251341
0.256237
0.260347
0.263822
0.266726
0.269088
0.270952
0.272326
0.273217
0.273702
0.273918
0.273996
0.162736
0.177395
0.190153
0.201206
0.210729
0.218878
0.225845
0.231791
0.236829
0.241113
0.244771
0.24783
0.250299
0.252224
0.253643
0.25459
0.255145
0.255432
0.255546
0.144699
0.158981
0.171482
0.182393
0.191848
0.199973
0.206949
0.212924
0.218031
0.22243
0.226195
0.22932
0.231824
0.233773
0.235221
0.236213
0.236832
0.237178
0.23732
0.128239
0.141989
0.154107
0.16474
0.173978
0.181943
0.188813
0.194739
0.199857
0.204293
0.208074
0.211183
0.21367
0.215615
0.217076
0.218106
0.218774
0.219165
0.219331
0.113248
0.126342
0.13795
0.148157
0.157036
0.164731
0.171419
0.177232
0.182294
0.186678
0.190379
0.193407
0.195841
0.197763
0.199225
0.200276
0.200979
0.201401
0.20158
0.0995991
0.111924
0.122888
0.132535
0.140952
0.148309
0.15475
0.160384
0.1653
0.169535
0.173083
0.175988
0.178345
0.180228
0.181676
0.182725
0.183444
0.183883
0.184067
0.0871356
0.0985891
0.108792
0.117781
0.125683
0.132644
0.138768
0.144139
0.148818
0.152823
0.156168
0.158926
0.161192
0.163014
0.164419
0.165451
0.166165
0.166607
0.166793
0.0757084
0.086198
0.0955516
0.103841
0.111182
0.117677
0.123402
0.128426
0.132795
0.136512
0.139627
0.142227
0.144377
0.146111
0.147451
0.148442
0.149136
0.149567
0.14975
0.0651863
0.0746439
0.0831097
0.090657
0.09737
0.103319
0.108572
0.113187
0.117184
0.120588
0.123459
0.125879
0.127888
0.129503
0.130756
0.131688
0.132345
0.132755
0.132927
0.0554857
0.0638684
0.0713965
0.0781332
0.0841425
0.0894847
0.0942176
0.0983723
0.101964
0.105033
0.10765
0.109864
0.111699
0.113169
0.114311
0.115169
0.115775
0.116154
0.116314
0.0465345
0.0537753
0.0603009
0.0661659
0.0714214
0.0761177
0.0802877
0.0839432
0.0871065
0.0898298
0.0921699
0.0941485
0.0957782
0.0970815
0.0980942
0.0988603
0.0994035
0.099743
0.0998867
0.0382217
0.0442656
0.0497404
0.0546912
0.059157
0.0631684
0.0667365
0.069865
0.0725866
0.0749491
0.0769786
0.0786897
0.0800887
0.0812038
0.0820744
0.082734
0.0832057
0.0834978
0.0836196
0.0304306
0.0352559
0.0396534
0.0436636
0.0473065
0.0505918
0.0535202
0.0561031
0.0583684
0.0603408
0.0620322
0.0634422
0.0645898
0.0655046
0.0662204
0.0667638
0.0671531
0.0673956
0.0674952
0.0230215
0.0266488
0.029976
0.033028
0.0358146
0.0383367
0.0405984
0.0426156
0.044401
0.0459548
0.0472709
0.048361
0.0492481
0.0499516
0.0505016
0.0509221
0.0512226
0.0514118
0.0514906
0.0158539
0.0183279
0.0206052
0.0226983
0.0246119
0.0263511
0.0279293
0.0293545
0.0306241
0.0317243
0.032648
0.0334088
0.0340207
0.0345101
0.0348927
0.0351817
0.0353928
0.0355254
0.0355803
0.00880269
0.0101639
0.0114196
0.0125695
0.013615
0.014572
0.0154527
0.0162574
0.0169765
0.0175973
0.0181152
0.0185367
0.018877
0.0191455
0.0193587
0.0195208
0.0196364
0.0197113
0.0197419
0.00177424
0.00204238
0.00229058
0.00251826
0.00272473
0.00291467
0.00309053
0.00325259
0.00339706
0.0035202
0.00362251
0.0037062
0.00377262
0.00382655
0.00386928
0.00390115
0.00392447
0.00393948
0.0039456
)
;

boundaryField
{
    leftWall
    {
        type            fixedFluxPressure;
        gradient        uniform 0;
        value           nonuniform List<scalar> 
100
(
1326.21
1327.36
1330.07
1334.33
1340.15
1347.55
1356.53
1367.07
1382.61
1414.31
1452.99
1498.53
1550.69
1609.1
1673.37
1743.08
1817.78
1896.99
1980.2
2066.91
2156.65
2248.98
2343.27
2439.16
2537.11
2621.36
1345.71
-1.13341
-1.02028
-0.919924
-0.83735
-0.763292
-0.692121
-0.625889
-0.564853
-0.508401
-0.45635
-0.408274
-0.363661
-0.321989
-0.283456
-0.248141
-0.215919
-0.185836
-0.156897
-0.128947
-0.102335
-0.0765615
-0.0511029
-0.0262679
1326.59
1328.52
1332
1337.05
1343.65
1351.85
1361.61
1372.89
1397.58
1432.78
1474.92
1523.8
1579.13
1640.52
1707.57
1779.84
1856.85
1938.12
2023.15
2111.43
2202.53
2295.89
2391.1
2487.83
2583.08
2616.42
9.04483
-1.07125
-0.971084
-0.876835
-0.800653
-0.727013
-0.658367
-0.594716
-0.536173
-0.481705
-0.431958
-0.385477
-0.342566
-0.302242
-0.26542
-0.231643
-0.200692
-0.171272
-0.142774
-0.115484
-0.0893931
-0.063793
-0.0385991
-0.0131027
)
;
    }
    rightWall
    {
        type            fixedFluxPressure;
        gradient        uniform 0;
        value           nonuniform List<scalar> 
100
(
0.674258
0.673921
0.673307
0.672412
0.671247
0.66982
0.668131
0.666204
0.661904
0.655733
0.648346
0.639777
0.630061
0.619243
0.607371
0.594499
0.580686
0.566001
0.550515
0.534302
0.517441
0.500012
0.482098
0.463782
0.445141
0.426255
0.407194
0.388024
0.368815
0.349626
0.330506
0.311503
0.292656
0.273996
0.255546
0.23732
0.219331
0.20158
0.184067
0.166793
0.14975
0.132927
0.116314
0.0998867
0.0836196
0.0674952
0.0514906
0.0355803
0.0197419
0.0039456
0.67432
0.674125
0.673649
0.672895
0.671862
0.670567
0.669005
0.6672
0.664527
0.658973
0.652189
0.644207
0.635059
0.624787
0.613435
0.601056
0.587705
0.573447
0.558353
0.542495
0.525947
0.508791
0.49111
0.472985
0.454496
0.435724
0.416742
0.397617
0.37842
0.359214
0.340053
0.320987
0.302057
0.2833
0.264744
0.246404
0.228295
0.210425
0.192794
0.175401
0.158244
0.141312
0.124596
0.10808
0.0917344
0.0755409
0.0594804
0.0435257
0.0276538
0.011841
)
;
    }
    lowerWall
    {
        type            fixedFluxPressure;
        gradient        uniform 0;
        value           nonuniform List<scalar> 
124
(
1324
1311.9
1289.88
1257.58
1214.4
1159.61
1092.13
1010.31
911.87
793.624
650.34
479.646
245.589
64.0669
9.98673
3.77503
2.64875
2.29249
2.07737
1.93988
1.85069
1.79811
1.77679
1.77479
1.76269
1.73978
1.70554
1.6595
1.59721
1.51363
1.38614
1.04547
1.06684
1.0392
0.999936
0.905079
0.905858
0.907805
0.910782
0.914703
0.918777
0.922757
0.917975
0.903203
0.893366
0.877407
0.857979
0.837192
0.816332
0.796162
0.777175
0.759647
0.743702
0.729356
0.716593
0.705451
0.69602
0.68835
0.682412
0.678137
0.675452
0.67432
1326.21
1319.18
1302.15
1275.05
1237.39
1188.51
1127.55
1053.14
963.335
855.413
725.738
569.128
371.053
133.933
24.3948
5.68682
2.99354
2.44566
2.17244
2.0013
1.89024
1.82022
1.78378
1.05749
1.06471
1.05525
1.02096
0.905079
0.89921
0.885985
0.867977
0.847659
0.826716
0.806125
0.7865
0.768218
0.751473
0.73633
0.722777
0.710814
0.700517
0.691965
0.685168
0.680071
0.676599
0.674694
1.77679
1.77007
1.75266
1.72396
1.68438
1.63031
1.55932
1.45637
0.905325
0.906683
0.909184
0.912632
0.916798
0.920753
0.922974
0.915702
)
;
    }
    atmosphere
    {
        type            totalPressure;
        rho             rho;
        psi             none;
        gamma           1;
        p0              uniform 0;
        value           nonuniform List<scalar> 
92
(
-0.00585887
-0.00578723
-0.00560282
-0.00533212
-0.00499115
-0.00458468
-0.00411434
-0.00359408
-0.00305785
-0.00254232
-0.00206044
-0.00161603
-0.001212
-0.000853959
-0.000550901
-0.000310973
-0.000139472
-3.7249e-05
-3.87948e-07
0
0
0
0
0
0
0
0
0
0
0
0
0
0
0
0
0
0
0
0
0
0
0
0
0
0
0
-0.0056941
-0.00580936
-0.00567428
-0.00544318
-0.00513631
-0.00476422
-0.00432894
-0.00383745
-0.00331262
-0.00279201
-0.00229746
-0.00183608
-0.00141147
-0.00102884
-0.000696657
-0.000424043
-0.000217745
-8.07164e-05
-1.14488e-05
0
0
0
0
0
0
0
0
0
0
0
0
0
0
0
0
0
0
0
0
0
0
0
0
0
0
0
)
;
    }
    defaultFaces
    {
        type            empty;
    }
}


// ************************************************************************* //
