/*--------------------------------*- C++ -*----------------------------------*\
| =========                 |                                                 |
| \\      /  F ield         | OpenFOAM: The Open Source CFD Toolbox           |
|  \\    /   O peration     | Version:  v1912                                 |
|   \\  /    A nd           | Website:  www.openfoam.com                      |
|    \\/     M anipulation  |                                                 |
\*---------------------------------------------------------------------------*/
FoamFile
{
    version     2.0;
    format      ascii;
    class       volScalarField;
    location    "0.6";
    object      p;
}
// * * * * * * * * * * * * * * * * * * * * * * * * * * * * * * * * * * * * * //

dimensions      [1 -1 -2 0 0 0 0];


internalField   nonuniform List<scalar> 
9072
(
481.009
508.03
510.739
520.202
533.684
544.937
555.947
569.69
586.291
605.406
626.695
649.802
674.335
699.867
726.018
752.31
776.339
793.185
798.312
819.773
816.429
812.279
876.841
420.785
447.923
450.325
459.574
473.9
485.473
496.514
510.235
526.907
546.102
567.463
590.644
615.243
640.79
666.802
692.669
716.918
736.177
738.213
758.649
762.194
720.432
790.021
359.911
386.872
388.059
396.609
413.097
425.471
436.532
450.283
466.97
486.214
507.696
531.063
555.859
581.538
607.493
632.928
656.424
675.344
683.025
706.33
717.785
647.035
702.511
299.521
325.28
323.985
329.366
350.798
365.446
376.301
389.928
406.531
425.791
447.442
471.098
496.222
522.172
548.244
573.594
596.981
616.559
630.736
650.559
662.211
611.009
650.094
241.143
263.375
257.489
255.697
286.056
305.772
315.934
329.232
345.62
364.843
386.713
410.769
436.363
462.741
489.114
514.638
538.279
558.831
575.965
593.602
603.694
584.663
614.636
185.876
202.29
192.148
184.842
223.275
246.313
255.205
268.086
284.17
303.321
325.49
350.081
376.3
403.28
430.147
456.079
480.223
501.775
520.652
538.259
551.035
552.998
577.903
133.469
144.664
130.795
122.896
163.763
184.907
193.729
206.318
222.046
241.109
263.727
289.014
316.041
343.817
371.372
397.911
422.726
445.254
465.441
483.775
498.921
510.586
533.189
81.1158
91.8629
73.9888
57.4907
97.2217
119.741
131.077
143.789
159.132
178.065
201.378
227.537
255.581
284.363
312.809
340.127
365.732
389.198
410.496
429.816
446.784
462.559
483.532
359.968
358.552
372.867
368.974
426.262
884.555
758.562
613.636
672.621
1123.29
522.016
200.537
176.624
176.591
171.616
215.9
338.596
1749.46
2646.3
327.995
323.807
327.611
324.237
340.212
723.733
621.772
483.5
560.735
912.135
179.186
150.442
149.649
150.526
148.095
152.855
170.106
1175.29
2410.38
327.823
323.433
323.397
323.672
317.534
510.856
440.475
324.284
386.797
256.939
152.982
149.349
149.026
148.495
146.336
145.496
142.615
408.246
2109.2
324.137
323.367
323.274
323.551
282.112
321.187
236.711
160.358
349.285
145.014
150.179
148.649
148.695
148.547
146.485
144.788
142.5
165.448
1605.11
323.72
323.386
323.064
312.701
223.551
145.876
52.5942
11.573
320.509
148.016
147.916
148.337
148.576
148.338
145.819
144.174
142.83
147.051
1015.97
323.875
323.348
319.291
260.764
156.715
46.0625
-4.59585
-21.085
160.007
146.863
146.733
148.103
148.825
146.536
142.939
142.383
143.196
146.584
406.251
323.965
322.426
283.113
204.359
86.5904
-0.701297
-5.88089
-54.0455
137.361
146.04
145.502
147.235
147.318
143.59
142.289
141.829
142.708
143.888
156.213
305.295
297.151
233.508
151.58
20.241
-5.27411
-6.39514
-61.3066
131.292
144.354
143.794
144.126
143.337
142.564
141.921
141.56
142.476
142.854
141.661
6.9118
22.9872
15.129
15.0879
28.7632
40.3028
49.7014
61.6966
76.8755
95.604
120.766
148.211
177.819
208.156
238.065
266.576
293.321
317.933
340.498
361.116
379.971
397.565
415.625
1.45879
1.50314
1.47523
1.4168
1.20855
1.19778
1.29695
1.4103
1.56681
3.82412
10.8011
23.9254
49.1315
81.8582
115.379
145.782
174.732
201.24
225.61
247.934
268.977
289.514
310.145
1.25681
1.30324
1.2524
1.13623
1.00294
1.08389
1.1797
1.25126
1.29016
1.31101
1.36004
1.40822
1.47941
4.19093
12.9931
33.3706
58.1387
85.4577
111.234
134.624
156.949
179.146
203.135
1.05864
1.12292
1.08915
1.05052
0.99635
1.01696
1.06221
1.1078
1.14384
1.17873
1.21182
1.24459
1.26572
1.29968
1.35707
1.37396
1.78835
5.25934
16.4341
29.8037
45.8776
65.2661
91.5735
0.883866
0.958807
0.940236
0.920021
0.903545
0.911915
0.937742
0.969504
1.00078
1.03245
1.06752
1.09969
1.13086
1.16482
1.20576
1.23642
1.27428
1.32603
1.38652
1.41096
1.48592
1.68943
6.00769
0.718538
0.794753
0.785964
0.778501
0.775825
0.784294
0.803256
0.828478
0.856608
0.887012
0.919078
0.953481
0.987607
1.02616
1.06807
1.10805
1.15461
1.2057
1.25488
1.30284
1.34962
1.41683
1.49217
0.556481
0.633812
0.630606
0.629718
0.633107
0.643241
0.660267
0.682632
0.708868
0.738329
0.770818
0.806006
0.843802
0.884027
0.92848
0.973486
1.02381
1.07779
1.13307
1.19124
1.25557
1.32215
1.39072
0.39409
0.473104
0.472703
0.475488
0.482117
0.493702
0.510483
0.53195
0.557465
0.586626
0.619257
0.655212
0.694469
0.737137
0.783399
0.833977
0.888756
0.94719
1.00818
1.07191
1.13953
1.21536
1.2723
0.228844
0.310504
0.311931
0.316861
0.325382
0.338032
0.355025
0.376256
0.401504
0.430607
0.463516
0.500269
0.540992
0.585924
0.635421
0.689833
0.749048
0.812156
0.87716
0.940708
0.99969
1.06184
1.10458
0.0595738
0.144777
0.147997
0.154382
0.164084
0.177426
0.194622
0.215755
0.240842
0.269897
0.303018
0.340409
0.382352
0.42923
0.481545
0.539722
0.603663
0.672235
0.742508
0.807857
0.863355
0.892875
0.894838
-0.11256
-0.0241282
-0.0189453
-0.0115122
-0.00113787
0.0125157
0.0296999
0.0506068
0.0753915
0.104206
0.137266
0.174915
0.217601
0.265881
0.320486
0.382089
0.450888
0.526087
0.605337
0.682567
0.755862
0.792113
0.75609
-0.284001
-0.194808
-0.188384
-0.180452
-0.169898
-0.156327
-0.139464
-0.119063
-0.094882
-0.0666769
-0.0341406
0.00317545
0.0458679
0.0946954
0.150665
0.214813
0.287772
0.369492
0.458765
0.551022
0.639598
0.694209
0.6636
-0.454745
-0.366026
-0.359971
-0.352234
-0.341973
-0.328868
-0.31267
-0.293125
-0.269958
-0.242862
-0.211478
-0.175289
-0.133582
-0.0854246
-0.029558
0.0354294
0.110628
0.196681
0.293678
0.399219
0.505589
0.592184
0.616242
-0.628434
-0.538897
-0.533958
-0.526841
-0.517228
-0.504926
-0.489733
-0.471423
-0.449726
-0.42432
-0.394838
-0.360746
-0.321251
-0.275319
-0.221545
-0.158307
-0.0841734
0.0021409
0.101679
0.214139
0.335075
0.454375
0.560193
-0.805507
-0.714799
-0.710651
-0.704269
-0.695524
-0.68429
-0.670419
-0.653722
-0.633964
-0.610863
-0.584093
-0.55315
-0.517246
-0.475355
-0.426117
-0.367931
-0.299249
-0.218497
-0.123865
-0.0140942
0.110136
0.244837
0.395485
-0.985158
-0.893524
-0.88996
-0.884364
-0.876635
-0.866681
-0.854405
-0.839672
-0.822306
-0.802109
-0.778843
-0.752092
-0.72118
-0.685245
-0.643207
-0.59377
-0.53567
-0.467578
-0.387492
-0.293119
-0.182045
-0.0505871
0.116517
-1.16704
-1.07461
-1.07161
-1.06685
-1.06025
-1.05174
-1.04128
-1.02882
-1.01424
-0.99747
-0.978392
-0.956757
-0.932115
-0.903933
-0.871628
-0.834561
-0.792297
-0.744635
-0.690872
-0.629612
-0.558829
-0.470229
-0.340419
-1.35085
-1.25774
-1.25528
-1.25139
-1.24599
-1.23904
-1.23057
-1.22061
-1.20913
-1.19617
-1.18179
-1.16596
-1.14857
-1.12954
-1.10897
-1.0872
-1.06524
-1.04514
-1.0299
-1.02377
-1.03502
-1.0715
-1.14781
-1.53624
-1.44258
-1.44064
-1.43762
-1.43344
-1.42812
-1.42173
-1.4144
-1.40619
-1.39727
-1.38788
-1.37824
-1.36861
-1.35948
-1.3517
-1.34681
-1.34764
-1.35936
-1.3908
-1.45797
-1.59518
-1.88306
-2.59587
-1.72286
-1.62877
-1.6273
-1.62512
-1.62216
-1.61847
-1.61419
-1.6095
-1.6046
-1.59975
-1.59538
-1.59195
-1.59008
-1.59079
-1.59568
-1.60736
-1.63039
-1.67291
-1.74938
-1.88769
-2.15021
-2.7035
-4.08253
-1.9103
-1.81594
-1.81488
-1.8135
-1.81171
-1.8096
-1.80737
-1.80525
-1.80354
-1.80259
-1.80299
-1.80544
-1.81082
-1.82054
-1.83676
-1.86285
-1.90436
-1.97088
-2.0791
-2.2598
-2.5755
-3.17138
-4.40808
-2.09809
-2.00367
-2.00298
-2.00234
-2.00164
-2.00101
-2.00068
-2.00097
-2.0022
-2.00483
-2.00953
-2.01719
-2.02888
-2.04617
-2.07149
-2.10848
-2.16277
-2.24349
-2.36499
-2.5518
-2.84386
-3.30583
-4.01893
-2.28576
-2.19154
-2.19122
-2.19126
-2.19156
-2.19227
-2.19367
-2.19609
-2.19994
-2.20569
-2.21407
-2.22604
-2.2428
-2.26592
-2.2977
-2.34165
-2.40268
-2.48816
-2.60854
-2.77828
-3.01603
-3.34166
-3.76361
-2.47298
-2.37916
-2.37923
-2.37989
-2.38107
-2.38296
-2.38586
-2.39012
-2.39615
-2.40449
-2.41584
-2.43114
-2.4516
-2.47873
-2.51454
-2.56188
-2.62469
-2.70822
-2.81884
-2.96358
-3.14872
-3.37599
-3.63349
-2.65959
-2.56626
-2.56671
-2.56792
-2.56985
-2.57275
-2.5769
-2.58266
-2.59044
-2.60077
-2.61435
-2.63205
-2.65495
-2.68438
-2.72199
-2.76997
-2.83116
-2.90891
-3.00663
-3.1268
-3.26976
-3.43108
-3.59731
-2.84537
-2.75261
-2.75341
-2.75508
-2.75764
-2.76136
-2.76651
-2.77343
-2.78252
-2.79428
-2.80937
-2.82857
-2.85279
-2.88312
-2.92084
-2.96752
-3.02508
-3.09552
-3.18028
-3.27955
-3.39146
-3.51068
-3.62676
-3.03042
-2.93814
-2.93917
-2.94118
-2.94423
-2.94859
-2.9545
-2.96226
-2.97224
-2.9849
-3.00084
-3.02073
-3.04535
-3.07553
-3.11218
-3.15638
-3.20935
-3.27222
-3.3454
-3.42812
-3.51805
-3.61084
-3.69955
-3.21458
-3.12278
-3.12395
-3.12611
-3.12948
-3.13428
-3.14072
-3.14902
-3.15951
-3.17262
-3.18885
-3.20878
-3.23304
-3.26228
-3.29713
-3.33825
-3.38636
-3.44209
-3.50543
-3.5754
-3.64994
-3.72604
-3.79964
-3.39766
-3.30645
-3.30754
-3.30979
-3.31334
-3.31839
-3.32512
-3.3337
-3.34437
-3.35753
-3.3736
-3.39306
-3.41642
-3.44415
-3.47671
-3.5145
-3.5579
-3.60721
-3.66231
-3.72237
-3.78587
-3.85092
-3.91544
-3.57941
-3.48888
-3.48987
-3.49216
-3.49577
-3.5009
-3.50771
-3.51633
-3.52692
-3.5398
-3.55534
-3.57395
-3.59601
-3.62189
-3.65188
-3.68626
-3.72521
-3.76884
-3.817
-3.8691
-3.92417
-3.98112
-4.03906
-3.75959
-3.67
-3.67087
-3.67315
-3.67677
-3.68186
-3.68856
-3.69699
-3.70727
-3.71963
-3.73438
-3.75184
-3.77234
-3.79615
-3.82346
-3.85445
-3.88922
-3.92776
-3.96991
-4.01529
-4.06338
-4.11361
-4.16567
-3.93807
-3.84959
-3.85043
-3.85274
-3.85633
-3.8613
-3.86776
-3.87581
-3.88557
-3.89722
-3.91099
-3.92712
-3.94589
-3.96752
-3.99213
-4.01982
-4.05062
-4.08448
-4.12126
-4.16072
-4.20262
-4.24671
-4.29289
-4.115
-4.02756
-4.02857
-4.03095
-4.0345
-4.0393
-4.04542
-4.05296
-4.06204
-4.07281
-4.08545
-4.10015
-4.11712
-4.13654
-4.15848
-4.18296
-4.20997
-4.23947
-4.27134
-4.30541
-4.3416
-4.37979
-4.41995
-4.29078
-4.20411
-4.20545
-4.20792
-4.21141
-4.21597
-4.22168
-4.22863
-4.2369
-4.24667
-4.25808
-4.27128
-4.28642
-4.30362
-4.32292
-4.3443
-4.36772
-4.39316
-4.4205
-4.44962
-4.48044
-4.51291
-4.54695
-4.4659
-4.37963
-4.38133
-4.38386
-4.38721
-4.39147
-4.39671
-4.40299
-4.4104
-4.41909
-4.42921
-4.44087
-4.45415
-4.46912
-4.48581
-4.5042
-4.52425
-4.54591
-4.56909
-4.59364
-4.61944
-4.64645
-4.67454
-4.64071
-4.55456
-4.55646
-4.55895
-4.56207
-4.56595
-4.57064
-4.5762
-4.58272
-4.59031
-4.5991
-4.60918
-4.62059
-4.63335
-4.6475
-4.66303
-4.6799
-4.69805
-4.71737
-4.7377
-4.75891
-4.78089
-4.8035
-4.81533
-4.72919
-4.73107
-4.73339
-4.7362
-4.73959
-4.74367
-4.74848
-4.75408
-4.76055
-4.76801
-4.7765
-4.78604
-4.79664
-4.80835
-4.82117
-4.83506
-4.84992
-4.86565
-4.88212
-4.89918
-4.91672
-4.93458
-4.98976
-4.90357
-4.90526
-4.9073
-4.9097
-4.91256
-4.91596
-4.91998
-4.92464
-4.93
-4.93611
-4.94301
-4.95072
-4.95927
-4.96867
-4.97893
-4.99001
-5.00181
-5.01423
-5.02717
-5.04053
-5.05421
-5.06807
-5.16399
-5.07769
-5.07909
-5.08077
-5.08272
-5.085
-5.08769
-5.09088
-5.09459
-5.09882
-5.10359
-5.10893
-5.11488
-5.12148
-5.12871
-5.13655
-5.14499
-5.15393
-5.16331
-5.17306
-5.18312
-5.19345
-5.20396
-5.33803
-5.25157
-5.25263
-5.25391
-5.25536
-5.25703
-5.259
-5.26134
-5.26408
-5.26717
-5.27061
-5.27444
-5.27872
-5.28347
-5.28864
-5.29421
-5.30015
-5.30645
-5.31303
-5.31989
-5.32703
-5.33448
-5.34223
-5.51194
-5.42527
-5.42596
-5.42681
-5.42774
-5.4288
-5.43004
-5.43152
-5.43327
-5.43522
-5.43737
-5.43976
-5.44243
-5.4454
-5.44861
-5.45204
-5.45567
-5.4595
-5.46354
-5.46781
-5.47232
-5.47727
-5.48281
-5.68571
-5.59888
-5.59919
-5.59956
-5.59997
-5.60041
-5.60094
-5.60157
-5.60231
-5.60314
-5.60404
-5.60504
-5.60617
-5.60742
-5.60876
-5.61017
-5.61166
-5.61322
-5.61486
-5.61657
-5.61872
-5.62151
-5.62526
396.703
409.219
404.628
380.717
323.171
325.643
324.103
313.88
223.385
231.295
233.661
227.278
121.801
138.351
148.177
146.775
27.5724
62.6039
88.1924
88.1625
1.55286
1.60029
2.55934
10.8991
1.4579
1.50826
1.53953
1.49775
1.31924
1.35991
1.40144
1.42463
1.11341
1.14689
1.21648
1.30789
0.857358
0.906607
1.01827
1.16682
0.715656
0.765764
0.88049
1.03592
0.688215
0.760049
0.892192
1.07297
0.679054
0.780868
0.937277
1.12745
0.68628
0.785708
0.926914
1.09395
0.57485
0.697434
0.844623
1.00987
0.340378
0.496936
0.67838
0.873712
-0.091355
0.117851
0.392588
0.677935
-1.11332
-0.967038
-0.517098
0.316759
-3.91321
-4.17116
-3.58988
-2.21191
-7.80478
-10.1984
-9.17612
-6.90563
-6.67072
-7.65649
-7.37965
-6.46171
-4.8852
-5.40426
-5.78198
-5.95537
-4.17842
-4.38439
-4.54046
-4.64321
-3.84948
-3.94612
-4.01642
-4.0537
-3.72357
-3.77548
-3.81095
-3.82691
-3.71109
-3.74527
-3.76916
-3.78103
-3.76513
-3.79359
-3.81624
-3.83208
-3.8572
-3.88478
-3.90977
-3.93175
-3.96915
-3.99699
-4.02425
-4.05092
-4.0896
-4.11714
-4.14517
-4.17376
-4.21233
-4.23837
-4.26538
-4.29341
-4.33476
-4.35828
-4.38275
-4.40827
-4.45641
-4.47682
-4.49781
-4.51957
-4.57766
-4.59469
-4.61185
-4.62927
-4.69957
-4.71322
-4.72663
-4.73988
-4.82336
-4.83403
-4.8443
-4.85415
-4.95008
-4.95836
-4.9663
-4.97383
-5.08008
-5.0865
-5.09268
-5.0986
-5.21314
-5.21806
-5.22276
-5.22721
-5.34918
-5.35299
-5.3567
-5.36022
-5.4882
-5.49135
-5.49461
-5.49797
-5.62956
-5.63237
-5.63556
-5.63918
308.563
261.43
173.035
64.0094
-3.73565
-5.42542
-4.44279
-9.45721
142.946
142.806
142.885
140.476
141.127
142.072
141.816
141.691
142.566
142.938
143.19
284.069
191.379
65.8041
-4.52013
-6.71473
-7.94601
-7.42873
-5.63384
140.235
141.088
142.593
141.12
141.211
141.68
142.749
142.777
143.02
143.045
143.924
202.182
92.6792
-2.24831
-4.1405
-6.41052
-10.5062
-9.92483
12.9609
127.854
137.758
143.628
141.847
141.396
141.737
143.132
143.299
142.93
143.09
143.613
125.265
1.38184
-2.27321
-2.91253
-6.38455
-15.532
-42.4363
-3.5464
101.596
116.248
137.945
141.276
141.27
141.688
141.906
143.008
142.959
143.025
163.694
75.7061
-0.830971
-1.38075
-1.40811
-3.30731
-15.3795
-45.0091
-24.0444
56.2028
70.1894
126.646
140.874
140.799
141.323
141.602
142.709
142.765
142.721
167.245
23.7229
-0.555102
-0.735716
-0.227335
-0.107817
-0.518729
2.71653
-3.33109
-118.671
11.9222
113.098
140.512
140.554
140.959
141.355
142.331
142.513
142.757
179.394
2.00533
0.777268
0.189798
1.02566
1.55507
2.27992
4.23306
5.92658
-0.650381
33.1148
112.24
140.592
140.495
140.804
141.176
141.984
142.214
142.431
198.445
1.5203
2.41362
0.693384
1.4819
2.31265
2.97183
4.14768
4.8452
1.33894
68.382
93.0102
140.545
140.391
140.772
141.08
141.184
141.952
142.457
209.968
1.43831
3.04386
-3.11577
1.08045
0.802457
3.93614
4.53044
3.69483
-2.93808
14.9905
31.4725
140.513
140.027
140.704
141.306
142.265
142.4
143.375
202.275
1.39702
1.40347
5.46935
-0.952123
0.308491
4.99075
3.43061
5.58156
9.75763
10.0609
10.3729
138.919
139.565
140.361
141.185
142.762
142.218
143.197
197.409
1.29229
1.47607
1.82401
6.59637
8.28654
8.07329
11.309
7.47428
8.80738
9.95767
11.0227
136.127
139.528
139.443
138.645
112.833
125.56
124.098
198.685
1.36256
1.65379
2.01942
2.36869
2.84881
3.28478
4.86871
6.47904
8.02069
9.44653
10.2093
18.5298
136.192
138.503
129.365
92.3396
72.2084
82.0599
130.409
1.42057
1.78672
2.0681
2.39862
2.87162
3.54319
4.54027
5.8228
7.2173
9.03487
10.5088
9.69296
95.009
150.502
106.589
105.575
96.4375
124.885
192.915
1.34095
1.7194
2.06804
2.45431
2.91479
3.4442
4.05474
4.74927
5.73388
8.33637
0.745268
16.1816
240.136
254.994
152.999
51.724
83.2573
149.872
247.926
1.24669
1.6456
2.03339
2.44205
2.86686
3.23861
3.45381
3.10986
-0.268119
10.2668
12.9471
61.3851
162.136
156.845
100.08
46.6521
100.578
208.587
262.393
1.139
1.57153
1.97481
2.38095
2.78061
3.00905
2.81306
0.868171
-1.77125
-1.57921
-1.06924
-2.21396
44.6388
71.3139
62.3122
63.2237
123.665
238.614
236.532
1.02022
1.49435
1.89518
2.27101
2.68999
2.79699
2.30289
0.854216
-0.845581
-0.84263
-0.549345
-0.649129
-4.73578
19.2022
38.7433
40.7168
55.2217
135.29
131.172
0.876041
1.42345
1.81254
2.05177
2.50997
2.59978
1.92529
1.00846
0.289786
0.0862227
-0.573192
-1.78752
-3.09805
-7.13801
5.61973
0.107978
-1.06717
7.27103
1.24839
-0.303602
1.17867
1.71812
1.72823
1.60738
1.71584
1.39354
0.81548
0.422354
0.153788
-2.28517
-2.85766
-3.5909
-4.66883
-5.17323
-3.66073
-2.55548
-1.49668
-3.45873
-5.00426
-2.3265
-0.11998
0.998291
-0.277001
-0.728732
0.419289
0.281807
-0.0202657
-0.800404
-3.32909
-3.75142
-4.33105
-4.95588
-5.04195
-4.17545
-3.41475
-2.98078
-2.03192
-5.78068
-5.02649
-3.81365
-2.60929
-1.72414
-1.67595
-1.26382
-0.74725
-1.29307
-2.79243
-4.40769
-4.87968
-5.18729
-5.55789
-5.74511
-5.3692
-4.00529
-3.45407
-3.70349
-5.77913
-5.2504
-4.26049
-3.46403
-2.94435
-2.50237
-3.02876
-3.57029
-3.35077
-5.11979
-5.40225
-5.85584
-5.78818
-5.74944
-5.93177
-5.83168
-4.5958
-3.8174
-3.68318
-4.71942
-4.56631
-4.01839
-3.50976
-3.26107
-3.62147
-4.42081
-5.72668
-4.7147
-5.914
-6.58722
-6.9153
-6.2277
-5.36381
-5.36575
-5.02578
-4.37239
-4.31378
-8.98709
-4.05373
-3.91999
-3.61495
-3.32651
-3.26328
-3.83802
-4.60114
-4.93089
-3.87114
-4.21985
-5.33558
-5.82677
-5.38058
-4.52709
-4.19883
-3.60217
-3.40551
-4.69357
8.40194
-3.81881
-3.71608
-3.51674
-3.30465
-3.2331
-3.49273
-3.72282
-3.24258
-2.55727
-2.91746
-3.80717
-4.30049
-4.21739
-3.79387
-3.2843
-2.5493
-1.98563
-2.83673
-2.31023
-3.77969
-3.72513
-3.61529
-3.48459
-3.39944
-3.49205
-3.09312
-1.91579
-1.86589
-2.53426
-3.2333
-3.59418
-3.57984
-3.32655
-2.94554
-2.48787
-2.40515
-3.27371
-3.19399
-3.84405
-3.84102
-3.82057
-3.82183
-3.95093
-4.59019
-4.05868
-1.26772
-1.89315
-2.59139
-3.11187
-3.33073
-3.2729
-3.07776
-2.83527
-2.66561
-3.03289
-3.37846
-3.10589
-3.95775
-3.99971
-4.05609
-4.18552
-4.52618
-5.70758
-6.06751
-2.65815
-2.53593
-2.96996
-3.25316
-3.32363
-3.16331
-2.95692
-2.77028
-2.67689
-2.76796
-2.90959
-2.67452
-4.08669
-4.15691
-4.25522
-4.43057
-4.78583
-5.45913
-5.62885
-4.18806
-3.48168
-3.61473
-3.62823
-3.56622
-3.21713
-2.92915
-2.69567
-2.49516
-2.33995
-2.3194
-2.2794
-4.21363
-4.29416
-4.39951
-4.55169
-4.77707
-5.15097
-5.0742
-4.62925
-4.3245
-4.62668
-4.37171
-3.94958
-3.44222
-3.02948
-2.71839
-2.40385
-2.15949
-2.17161
-2.18412
-4.33275
-4.41099
-4.50513
-4.61601
-4.71573
-4.76453
-4.9214
-4.86558
-5.19696
-5.68318
-5.12608
-4.54027
-3.7802
-3.30274
-2.96773
-2.57943
-2.10437
-2.251
-2.30586
-4.44414
-4.51419
-4.59462
-4.68314
-4.75625
-4.74394
-4.89273
-4.90861
-4.89952
-5.63615
-5.3226
-4.89751
-4.13045
-3.71335
-3.49892
-3.36026
-3.08799
-2.68086
-2.6243
-4.55007
-4.60907
-4.67726
-4.76316
-4.92494
-5.02231
-4.95523
-4.93834
-4.94842
-5.18343
-5.09187
-4.82379
-4.36496
-4.09911
-4.05424
-4.26204
-4.15931
-3.86872
-3.1382
-4.65331
-4.69853
-4.74796
-4.81379
-4.95096
-5.0054
-4.95975
-4.92962
-4.88392
-4.87174
-4.89954
-4.73165
-4.49046
-4.34807
-4.41336
-4.78447
-4.7305
-4.69741
-3.87001
-4.75761
-4.78895
-4.81851
-4.84443
-4.87594
-4.93252
-4.95928
-4.94746
-4.89069
-4.86036
-4.82598
-4.69849
-4.54662
-4.45222
-4.40768
-4.92948
-4.88083
-4.79887
-4.62403
-4.8669
-4.88816
-4.90838
-4.91944
-4.91061
-4.96843
-5.01958
-5.02834
-4.96429
-4.87505
-4.82697
-4.69324
-4.56128
-4.49831
-4.47785
-5.15843
-5.02819
-4.98128
-4.99063
-4.98337
-4.99953
-5.01805
-5.02508
-5.02671
-5.07761
-5.13937
-5.18953
-5.11942
-4.97587
-4.8646
-4.69763
-4.54175
-4.46552
-4.66539
-5.22552
-5.14516
-5.09989
-5.06334
-5.10625
-5.12026
-5.13696
-5.15088
-5.1593
-5.20941
-5.29503
-5.424
-5.33646
-5.09352
-4.92549
-4.71542
-4.50457
-4.25004
-5.03853
-5.25156
-5.26254
-5.29238
-5.34886
-5.23282
-5.24256
-5.24873
-5.25732
-5.28372
-5.34256
-5.45235
-5.6608
-5.54106
-5.19903
-5.0238
-4.77613
-4.56242
-4.50768
-5.19401
-5.32284
-5.4002
-5.51483
-5.5771
-5.36475
-5.37237
-5.37712
-5.39012
-5.42035
-5.47208
-5.5633
-5.75164
-5.66959
-5.45339
-5.24033
-4.91863
-4.62336
-5.35959
-5.41212
-5.46596
-5.54601
-5.77702
-5.7097
-5.50266
-5.51192
-5.5225
-5.5404
-5.56875
-5.60292
-5.63665
-5.65424
-5.74071
-5.81782
-5.68346
-5.33119
-4.67074
-5.57129
-5.58418
-5.62198
-5.6385
-5.68511
-5.60749
-5.64473
-5.6572
-5.67424
-5.69835
-5.72801
-5.75326
-5.75263
-5.62594
-5.87933
-6.30318
-6.24315
-7.10651
-5.8931
-5.8088
-5.79341
-5.80823
-5.79394
-5.71949
-5.59258
508.889
508.537
514.644
527.047
539.623
550.206
562.434
577.657
595.555
615.801
638.044
661.917
687.001
712.887
739.208
764.882
786.062
795.573
809.064
816.68
817.986
834.129
888.646
448.968
448.365
453.99
466.808
480.087
490.762
502.985
518.228
536.214
556.533
578.849
602.795
627.928
653.77
679.806
705.16
727.274
739.956
745.005
763.709
743.089
739.809
819.764
387.972
386.915
390.975
404.632
419.925
430.771
443.022
458.283
476.293
496.696
519.17
543.314
568.624
594.523
620.342
645.047
666.669
681.121
690.108
723.214
675.506
662.076
743.867
326.571
324.55
324.627
339.14
359.557
370.639
382.724
397.879
415.845
436.338
459.05
483.514
509.137
535.241
561.073
585.635
607.368
624.293
638.892
662.691
635.201
621.321
682.034
265.487
261.031
253.544
268.008
299.145
310.582
322.175
337.06
354.886
375.469
398.506
423.419
449.503
475.978
502.041
526.769
549.006
567.73
584.473
602.091
595.135
592.228
637.853
206.498
198.547
184.304
199.911
239.574
250.327
261.209
275.744
293.355
314.054
337.532
363.038
389.752
416.779
443.282
468.429
491.359
511.488
529.578
546.145
552.098
561.402
595.822
152.423
138.683
121.574
140.189
178.935
188.815
199.634
213.782
231.12
252.014
276.102
302.364
329.904
357.672
384.815
410.575
434.297
455.611
474.841
492.006
504.605
520.025
547.845
102.379
84.128
58.8072
73.8257
112.245
125.256
137.214
151.048
168.022
189.251
214.187
241.372
269.965
298.678
326.652
353.176
377.744
400.106
420.402
438.655
454.448
472.483
495.868
365.24
365.742
375.077
363.931
687.636
871.461
656.312
614.965
837.413
970.33
283.157
178.849
177.328
173.401
181.607
254.592
763.078
2659.08
2455.34
324.456
325.33
328.044
325.852
530.488
714.27
533.738
484.322
690.497
366.106
153.771
149.295
150.469
149.325
148.262
158.173
350.921
2212.95
2373.13
322.783
322.994
323.575
324.555
395.788
507.771
368.634
331.365
318.489
162.46
150.577
148.984
148.991
147.454
145.51
144.996
172.163
1371.75
2187.9
322.651
322.785
323.45
317.675
292.372
295.136
172.035
204.785
138.33
150.376
149.325
148.578
148.812
147.605
145.525
144.194
145.067
759.205
1845.25
322.762
322.929
323.267
270.652
189.073
81.7836
13.3675
92.1669
159.582
147.717
148.335
148.457
148.661
147.132
144.818
143.758
141.886
356.711
1391.15
323.092
323.278
299.836
212.59
89.8351
-0.946457
-14.9759
40.7798
146.972
146.629
147.37
148.796
148.324
143.702
142.452
142.6
143.301
186.061
939.564
323.499
310.877
246.72
154.584
32.697
-5.6971
-20.6399
-4.54063
144.117
145.595
146.325
147.367
146.325
142.678
141.919
142.069
143.186
144.513
583.548
317.386
269.69
193
92.4882
2.37254
-7.78331
-11.2614
-5.81778
143.02
143.854
144.378
143.466
143.444
142.34
141.581
141.83
142.668
143.578
345.638
35.4869
18.9726
13.9344
20.4365
34.2872
44.875
55.3087
68.8814
85.1594
107.686
134.279
162.759
192.998
223.224
252.529
280.205
305.885
329.474
351.031
370.754
388.859
406.342
417.081
1.52899
1.42911
1.48896
1.29519
1.17595
1.24408
1.35254
1.46838
2.14134
6.66548
15.8689
35.005
64.6668
98.9016
130.629
160.698
188.146
213.779
236.941
258.617
279.216
299.936
319.469
1.3476
1.25889
1.23925
1.02456
1.03706
1.13222
1.21939
1.27716
1.29558
1.3313
1.39401
1.41081
2.04236
7.87568
21.7177
45.5377
71.5846
98.8594
122.97
146.051
167.804
190.961
215.281
1.14427
1.09802
1.08594
1.01161
1.00082
1.0385
1.08652
1.12695
1.16114
1.19398
1.23018
1.25737
1.27177
1.33424
1.35489
1.44308
3.30863
9.71337
23.4036
37.2122
54.5654
77.7612
107.828
0.964978
0.948652
0.931072
0.909276
0.904357
0.923443
0.953401
0.985435
1.01593
1.04904
1.08373
1.11524
1.14716
1.18791
1.2193
1.25737
1.29756
1.34998
1.40862
1.4244
1.57913
3.04945
11.3181
0.797925
0.790034
0.782032
0.776005
0.778518
0.792734
0.815317
0.842502
0.871556
0.902521
0.936359
0.970552
1.0066
1.04694
1.08721
1.13082
1.17977
1.23013
1.27858
1.32567
1.37785
1.45536
1.53898
0.635713
0.63176
0.629654
0.630618
0.637253
0.650974
0.670892
0.6953
0.723159
0.754211
0.788113
0.82453
0.863488
0.906112
0.950284
0.997995
1.05062
1.10525
1.16146
1.22267
1.28872
1.35533
1.4272
0.474254
0.472421
0.473642
0.478224
0.487248
0.501465
0.520673
0.544233
0.571602
0.602517
0.636826
0.674423
0.715356
0.759835
0.808242
0.860815
0.917621
0.977384
1.03963
1.10494
1.17722
1.24712
1.29474
0.310957
0.3107
0.313951
0.32063
0.331167
0.345987
0.365124
0.38839
0.41558
0.446586
0.481407
0.520121
0.562912
0.610077
0.662009
0.718866
0.780218
0.844584
0.909395
0.970714
1.03008
1.08701
1.11351
0.144128
0.145945
0.150777
0.158797
0.170282
0.185535
0.204695
0.227805
0.254871
0.285939
0.321164
0.36079
0.405144
0.454677
0.509888
0.571012
0.6375
0.707473
0.776128
0.837901
0.880797
0.899657
0.868656
-0.0264486
-0.0217792
-0.015577
-0.006715
0.00526063
0.0206534
0.0396778
0.0625062
0.0892835
0.120188
0.155491
0.195596
0.240998
0.292346
0.350383
0.415608
0.487788
0.565491
0.644435
0.720595
0.781133
0.786574
0.71576
-0.198347
-0.191644
-0.184702
-0.175531
-0.163509
-0.148324
-0.129722
-0.10746
-0.0812983
-0.0509732
-0.0161157
0.0238065
0.0694574
0.121719
0.181664
0.250175
0.327574
0.413363
0.504846
0.596805
0.674289
0.689661
0.6515
-0.368551
-0.363065
-0.356371
-0.347442
-0.335792
-0.321172
-0.303332
-0.282013
-0.256922
-0.227734
-0.194025
-0.155176
-0.11038
-0.0585444
0.00171697
0.0717001
0.152275
0.243865
0.345673
0.453155
0.553991
0.611079
0.636103
-0.540227
-0.536621
-0.53068
-0.522359
-0.511425
-0.497704
-0.480984
-0.461017
-0.437508
-0.410116
-0.378413
-0.341733
-0.299169
-0.249513
-0.191206
-0.122683
-0.0426161
0.0502195
0.156429
0.274049
0.395975
0.507748
0.624845
-0.715897
-0.712964
-0.707735
-0.7002
-0.690226
-0.677695
-0.662437
-0.644243
-0.62285
-0.597961
-0.569187
-0.535877
-0.497125
-0.451753
-0.398243
-0.334995
-0.260493
-0.173027
-0.0708851
0.0463615
0.176568
0.315919
0.491368
-0.894499
-0.891974
-0.887413
-0.880773
-0.871942
-0.860841
-0.847356
-0.83133
-0.812574
-0.790879
-0.765941
-0.737206
-0.703901
-0.665067
-0.619496
-0.565878
-0.502976
-0.429185
-0.342221
-0.239881
-0.119062
0.0253598
0.233783
-1.07541
-1.07332
-1.06945
-1.06378
-1.05623
-1.04676
-1.03531
-1.0218
-1.00614
-0.98823
-0.967919
-0.944844
-0.918501
-0.888334
-0.853727
-0.814092
-0.769162
-0.718596
-0.661265
-0.595676
-0.5176
-0.414719
-0.221479
-1.25839
-1.25669
-1.25352
-1.24888
-1.24271
-1.235
-1.22578
-1.21506
-1.20283
-1.18915
-1.17406
-1.15747
-1.13925
-1.11943
-1.09819
-1.07615
-1.05479
-1.03669
-1.02531
-1.0265
-1.05026
-1.10167
-1.17192
-1.44313
-1.44175
-1.43927
-1.43567
-1.43092
-1.42505
-1.41818
-1.4104
-1.40181
-1.39262
-1.38308
-1.3734
-1.36394
-1.35534
-1.34876
-1.34626
-1.35169
-1.37186
-1.41842
-1.51428
-1.71302
-2.13753
-3.35655
-1.62927
-1.62813
-1.62631
-1.62374
-1.6204
-1.6164
-1.61189
-1.60707
-1.60214
-1.59747
-1.59351
-1.59077
-1.59003
-1.59258
-1.60045
-1.61706
-1.6485
-1.70561
-1.80814
-1.99699
-2.37159
-3.2165
-5.75487
-1.8164
-1.81545
-1.81425
-1.81266
-1.81069
-1.80849
-1.80628
-1.80433
-1.80294
-1.80258
-1.80391
-1.80769
-1.81503
-1.82766
-1.84829
-1.8812
-1.93367
-2.0183
-2.15756
-2.39475
-2.82406
-3.67039
-5.52697
-2.0041
-2.0033
-2.00267
-2.00199
-2.0013
-2.00079
-2.00073
-2.00144
-2.00331
-2.00687
-2.01293
-2.02245
-2.0367
-2.05764
-2.08824
-2.133
-2.19908
-2.29771
-2.44821
-2.68134
-3.04852
-3.62557
-4.4879
-2.19189
-2.19131
-2.19121
-2.19137
-2.19184
-2.19286
-2.19473
-2.19781
-2.20254
-2.2095
-2.21953
-2.23373
-2.25344
-2.28055
-2.3179
-2.36962
-2.44181
-2.54317
-2.68617
-2.88737
-3.16675
-3.54087
-4.00182
-2.37937
-2.3791
-2.3795
-2.38041
-2.38191
-2.38427
-2.3878
-2.39289
-2.4
-2.40974
-2.42291
-2.44064
-2.46422
-2.49539
-2.53655
-2.59106
-2.66349
-2.75971
-2.88651
-3.05081
-3.25733
-3.50253
-3.76273
-2.56637
-2.56641
-2.56723
-2.56878
-2.57116
-2.57465
-2.57956
-2.58627
-2.59525
-2.6071
-2.62262
-2.64277
-2.66875
-2.70204
-2.74452
-2.79871
-2.86774
-2.95508
-3.06382
-3.19555
-3.34868
-3.51491
-3.67467
-2.7529
-2.75309
-2.75419
-2.75624
-2.75934
-2.76374
-2.76973
-2.77768
-2.78803
-2.80136
-2.8184
-2.83999
-2.86712
-2.90097
-2.94294
-2.99481
-3.05858
-3.13606
-3.22816
-3.33416
-3.45066
-3.57002
-3.67881
-2.93855
-2.93898
-2.94012
-2.94257
-2.94623
-2.95133
-2.95812
-2.96694
-2.9782
-2.99242
-3.01024
-3.0324
-3.05969
-3.09298
-3.13326
-3.18169
-3.2395
-3.30754
-3.38567
-3.47241
-3.56446
-3.65627
-3.73957
-3.12336
-3.12365
-3.12496
-3.12764
-3.13169
-3.13728
-3.14462
-3.15397
-3.16571
-3.18031
-3.19832
-3.22033
-3.24699
-3.27896
-3.31686
-3.36138
-3.41326
-3.47284
-3.53969
-3.61226
-3.68803
-3.76346
-3.83403
-3.30724
-3.30714
-3.3086
-3.31139
-3.31566
-3.32153
-3.32916
-3.33875
-3.35061
-3.36517
-3.38288
-3.40422
-3.4297
-3.4598
-3.49493
-3.53547
-3.58181
-3.63407
-3.6918
-3.75381
-3.81833
-3.88339
-3.94689
-3.48992
-3.48947
-3.49092
-3.49379
-3.49813
-3.50409
-3.51179
-3.52136
-3.53305
-3.54721
-3.56424
-3.58453
-3.60845
-3.63635
-3.66851
-3.70515
-3.74644
-3.79238
-3.84261
-3.89633
-3.95247
-4.01002
-4.06823
-3.67106
-3.67038
-3.67187
-3.67478
-3.67912
-3.685
-3.69255
-3.70188
-3.71317
-3.72668
-3.74275
-3.76169
-3.78382
-3.80935
-3.83848
-3.87136
-3.90803
-3.9484
-3.99223
-4.03903
-4.08825
-4.13942
-4.19241
-3.85038
-3.84982
-3.85143
-3.85437
-3.85864
-3.86434
-3.87158
-3.88047
-3.89115
-3.90383
-3.91874
-3.93616
-3.95634
-3.97945
-4.00559
-4.03483
-4.06717
-4.10252
-4.14067
-4.18138
-4.2244
-4.26953
-4.31682
-4.02787
-4.02782
-4.02962
-4.03258
-4.03674
-4.04219
-4.04901
-4.0573
-4.0672
-4.07888
-4.09253
-4.10833
-4.12651
-4.14719
-4.1704
-4.19615
-4.22441
-4.25512
-4.28811
-4.32325
-4.36045
-4.39962
-4.44079
-4.20388
-4.20457
-4.20657
-4.20954
-4.21355
-4.21868
-4.225
-4.23259
-4.24159
-4.25216
-4.26445
-4.2786
-4.29476
-4.31301
-4.33335
-4.35575
-4.38019
-4.4066
-4.43485
-4.46482
-4.49647
-4.52974
-4.56454
-4.37894
-4.38036
-4.3825
-4.38542
-4.38922
-4.39396
-4.39971
-4.40654
-4.41457
-4.42396
-4.43484
-4.4473
-4.46142
-4.47725
-4.4948
-4.51402
-4.53488
-4.55732
-4.5812
-4.60639
-4.6328
-4.66037
-4.68892
-4.55359
-4.55545
-4.55764
-4.56042
-4.56391
-4.56819
-4.57331
-4.57933
-4.58637
-4.59455
-4.60398
-4.61472
-4.6268
-4.64025
-4.65509
-4.6713
-4.68883
-4.70757
-4.72742
-4.7482
-4.76981
-4.79213
-4.81496
-4.72812
-4.7301
-4.73218
-4.73472
-4.73782
-4.74154
-4.74598
-4.75117
-4.7572
-4.76416
-4.77212
-4.78113
-4.7912
-4.80235
-4.81462
-4.82798
-4.84238
-4.85769
-4.8738
-4.89058
-4.9079
-4.92562
-4.94355
-4.90257
-4.90439
-4.90624
-4.90845
-4.91107
-4.91419
-4.91789
-4.92222
-4.92723
-4.93296
-4.93946
-4.94677
-4.95489
-4.96386
-4.97369
-4.98437
-4.99582
-5.00795
-5.02064
-5.0338
-5.04734
-5.06112
-5.07502
-5.07686
-5.07837
-5.07991
-5.08171
-5.08381
-5.08628
-5.08922
-5.09267
-5.09664
-5.10113
-5.10618
-5.11183
-5.1181
-5.12502
-5.13255
-5.1407
-5.1494
-5.15857
-5.16814
-5.17805
-5.18826
-5.19869
-5.20926
-5.25096
-5.25209
-5.25326
-5.25461
-5.25616
-5.25797
-5.26012
-5.26266
-5.26558
-5.26884
-5.27247
-5.27652
-5.28104
-5.286
-5.29137
-5.29713
-5.30326
-5.30971
-5.31643
-5.32343
-5.33072
-5.33832
-5.34621
-5.42487
-5.42562
-5.42639
-5.42726
-5.42825
-5.42939
-5.43075
-5.43237
-5.43422
-5.43627
-5.43853
-5.44106
-5.44388
-5.44698
-5.4503
-5.45383
-5.45756
-5.46149
-5.46564
-5.47002
-5.47473
-5.47996
-5.48584
-5.59864
-5.59904
-5.59939
-5.59976
-5.60018
-5.60066
-5.60124
-5.60193
-5.60272
-5.60358
-5.60453
-5.60559
-5.60678
-5.60808
-5.60946
-5.61091
-5.61243
-5.61403
-5.61571
-5.61759
-5.62001
-5.62325
-5.62759
400.545
410.457
394.784
358.863
324.659
325.723
320.259
304.772
227.868
233.358
231.77
220.071
130.622
144.386
149.121
140.709
44.6718
79.0059
89.7954
86.2689
1.56487
1.75773
5.1365
18.4828
1.48386
1.52707
1.54223
1.57357
1.3385
1.38151
1.41888
1.43388
1.12439
1.17883
1.25922
1.35632
0.873538
0.955728
1.08897
1.25898
0.733547
0.815411
0.954431
1.13222
0.717512
0.819197
0.976302
1.18319
0.72243
0.853567
1.02774
1.23937
0.730829
0.851651
1.00837
1.18527
0.633034
0.76817
0.925516
1.09746
0.415128
0.585018
0.775209
0.973128
0.00504663
0.248709
0.538483
0.81208
-1.05275
-0.824406
-0.0315615
0.542443
-4.22039
-4.04741
-2.97105
-1.46031
-9.1453
-10.0556
-7.98324
-5.95146
-7.34287
-7.63184
-7.0064
-6.04763
-5.15166
-5.62035
-5.89882
-5.91614
-4.28675
-4.46907
-4.59797
-4.67598
-3.90059
-3.98503
-4.03947
-4.05901
-3.75136
-3.7955
-3.8215
-3.82682
-3.72933
-3.75864
-3.77663
-3.78223
-3.78002
-3.80573
-3.82501
-3.83741
-3.87128
-3.89765
-3.92112
-3.94171
-3.98314
-4.01071
-4.03764
-4.06417
-4.10331
-4.13109
-4.15936
-4.18841
-4.22523
-4.25175
-4.27926
-4.30787
-4.34641
-4.37039
-4.39537
-4.42147
-4.46655
-4.48724
-4.50858
-4.5308
-4.58615
-4.60325
-4.62052
-4.63815
-4.70641
-4.71996
-4.73327
-4.74648
-4.82873
-4.83922
-4.84927
-4.85894
-4.95425
-4.96238
-4.97012
-4.97743
-5.08331
-5.08962
-5.09568
-5.10144
-5.21562
-5.22044
-5.22502
-5.22932
-5.35109
-5.35486
-5.35848
-5.36192
-5.48975
-5.49297
-5.49628
-5.49969
-5.63092
-5.63392
-5.63732
-5.64117
284.868
221.198
121.585
13.7261
-4.44433
-5.54658
-2.05826
76.552
142.306
142.994
141.936
140.578
141.584
142.072
141.661
141.953
142.9
143.136
208.872
242.437
130.704
16.3621
-6.47831
-7.05854
-8.55037
-5.63522
150.058
139.712
142.166
141.881
140.963
141.456
142.441
142.756
142.901
143.09
143.055
173.993
159.105
12.4409
-3.62498
-4.87381
-8.55797
-10.7791
-7.3804
128.597
132.915
141.983
142.917
141.36
141.603
141.844
143.498
143.09
142.978
143.728
169.615
55.7151
-1.65784
-2.7375
-3.73758
-11.097
-20.4763
-49.7251
76.0622
109.032
123.343
141.088
141.182
141.497
141.713
143.004
142.948
143.013
143.677
176.492
-0.931311
-1.11297
-1.44254
-1.73884
-7.77428
-26.3764
-48.9378
9.39454
77.5627
94.2262
140.127
140.771
141.023
141.558
141.97
142.669
142.789
142.645
185.059
-0.336725
-0.705785
-0.538079
-0.0202227
-0.278514
0.299363
3.73074
-33.2327
-89.9544
71.9164
135.134
140.52
140.67
141.227
141.625
142.408
142.587
144.557
202.927
8.33824
0.305019
0.411242
1.40091
1.75236
3.06719
5.44433
6.38915
-21.4287
77.9519
139.688
140.518
140.569
141.044
141.44
142.137
142.342
146.637
229.652
2.16691
0.288278
0.542503
2.88987
2.35055
3.55891
4.66553
3.52517
34.3391
82.5441
136.474
140.464
140.544
140.979
141.034
141.495
142.125
159.239
244.777
1.65004
3.03466
0.434844
0.810003
2.8797
4.20616
4.47232
-15.138
9.59022
18.1788
141.005
139.836
140.396
141
141.655
142.333
142.6
155.423
238.357
1.44773
2.92593
7.82892
1.55014
4.9527
5.29374
-2.26341
10.0212
9.55221
10.9115
87.4113
139.501
139.925
140.71
142.266
142.313
142.429
147.325
251.99
1.40066
1.62048
2.74791
7.3522
8.46987
9.84301
7.71393
8.24541
9.30948
10.2459
17.183
139.741
139.378
139.82
123.889
114.52
122.48
143.852
236.495
1.52562
1.82442
2.17382
2.62884
3.00424
3.97376
5.68395
7.29945
8.72261
10.0497
10.8355
91.203
138.755
136.694
112.341
73.9286
71.954
97.8293
170.14
1.62124
1.924
2.22286
2.60973
3.17594
4.00032
5.15207
6.5033
8.08109
9.92488
10.3315
11.3539
143.463
126.549
116.811
95.652
93.7007
159.051
207.279
1.53875
1.89259
2.25355
2.67496
3.17047
3.73562
4.41644
5.08584
7.20939
7.54828
-3.85332
105.578
301.301
194.429
114.91
54.8158
106.378
203.347
254.514
1.44929
1.83883
2.23367
2.65602
3.06421
3.37531
3.43155
1.92721
0.464269
19.2786
18.925
111.1
182.596
127.685
67.6544
61.2634
154.381
245.883
271.125
1.36009
1.77538
2.17521
2.58861
2.92969
2.99127
2.24642
-0.944929
-1.89764
-1.2884
-1.07541
3.16911
67.8454
67.1428
59.6336
83.167
180.803
261.602
229.178
1.26667
1.70379
2.07816
2.48367
2.81313
2.63541
1.74042
-0.166074
-1.02804
-0.645364
-0.48141
-2.08977
2.77322
31.8621
41.2283
42.8763
78.5295
167.271
97.6997
1.16994
1.64386
1.92872
2.24906
2.67576
2.30728
1.48167
0.574297
0.174367
-0.148781
-1.15365
-2.32773
-5.69336
-4.16646
12.658
-1.46365
1.76939
20.1725
4.95257
0.667155
1.51721
1.77903
1.71217
1.64029
1.64132
1.09918
0.582579
0.332972
-0.842828
-2.61892
-3.20539
-4.07381
-5.18829
-4.59267
-2.95842
-2.21245
-1.93291
10.8917
-3.75696
-1.02674
0.627412
0.325521
-0.69128
-0.112323
0.452365
0.159522
-0.0635421
-2.6088
-3.48474
-4.02623
-4.65239
-5.12636
-4.68083
-3.71302
-3.17142
-3.24879
6.13873
-5.44743
-4.4957
-3.15432
-1.98047
-1.60871
-1.68551
-0.720442
-0.98542
-1.7816
-3.96579
-4.65849
-5.02583
-5.37907
-5.70498
-5.62511
-4.77469
-3.52705
-3.49578
-0.483971
-5.58419
-4.77132
-3.81429
-3.22135
-2.51936
-2.69994
-3.38779
-3.2317
-4.31019
-5.54041
-5.65628
-5.91255
-5.69854
-5.8478
-5.8811
-5.59574
-3.98236
-3.71642
-1.89529
-4.70396
-4.31374
-3.73824
-3.36814
-3.38845
-3.8749
-5.44547
-5.0967
-4.96036
-6.35529
-6.94626
-6.62667
-5.72342
-5.36225
-5.24925
-4.62279
-4.35402
-4.21051
-4.34105
-4.01047
-3.78115
-3.45351
-3.2493
-3.42319
-4.17637
-4.88138
-4.50995
-3.74829
-4.83337
-5.68804
-5.71624
-4.9535
-4.24252
-4.00524
-3.18149
-3.70588
-0.256616
2.04468
-3.78173
-3.62521
-3.40373
-3.23325
-3.32534
-3.66307
-3.56618
-2.83516
-2.58944
-3.37694
-4.12723
-4.32106
-4.0283
-3.55118
-2.95981
-2.29019
-2.94598
-2.44638
-0.737305
-3.76049
-3.67543
-3.54933
-3.42421
-3.42176
-3.47129
-2.40255
-1.74822
-2.15855
-2.91204
-3.46466
-3.62671
-3.47307
-3.14924
-2.72423
-2.33879
-3.28506
-3.16959
1.17425
-3.846
-3.83109
-3.81478
-3.84844
-4.19466
-4.74664
-2.02422
-1.48397
-2.25814
-2.88368
-3.26171
-3.3282
-3.18478
-2.95837
-2.72488
-2.64885
-3.49267
-3.15586
-2.86364
-3.9789
-4.02337
-4.10615
-4.31954
-5.01337
-6.20002
-3.7636
-2.45965
-2.82212
-3.12266
-3.32512
-3.25904
-3.05949
-2.85884
-2.7002
-2.69497
-2.91105
-2.6732
-2.14877
-4.12014
-4.20026
-4.32872
-4.5794
-5.0985
-5.86196
-5.03324
-3.62305
-3.51609
-3.59824
-3.63984
-3.40332
-3.05976
-2.8094
-2.58703
-2.41426
-2.31391
-2.20553
-1.71321
-4.25191
-4.34243
-4.46812
-4.65541
-4.94501
-5.21549
-4.86226
-4.39938
-4.44988
-4.5832
-4.16799
-3.72158
-3.20517
-2.87328
-2.55858
-2.2665
-2.1336
-2.11752
-1.7262
-4.37028
-4.45567
-4.5589
-4.67301
-4.73278
-4.86448
-4.87565
-4.69632
-5.56433
-5.4745
-4.87022
-4.1517
-3.50155
-3.1313
-2.79778
-2.28046
-2.14968
-2.2457
-1.8778
-4.47802
-4.55304
-4.63852
-4.72603
-4.72537
-4.82103
-4.9145
-4.95715
-5.62322
-5.50917
-5.15933
-4.48063
-3.88128
-3.58076
-3.46351
-3.28514
-2.93858
-2.51945
-2.17834
-4.57869
-4.64163
-4.71721
-4.83229
-5.01761
-4.98107
-4.94368
-4.94659
-5.03571
-5.15623
-5.02237
-4.57737
-4.20671
-4.04229
-4.13214
-4.47329
-4.09318
-3.27615
-3.1263
-4.67552
-4.72251
-4.77716
-4.86991
-5.01884
-4.97754
-4.94461
-4.91069
-4.86016
-4.88795
-4.84036
-4.60444
-4.40317
-4.3401
-4.5861
-4.89481
-4.73847
-4.58359
-3.832
-4.77338
-4.80414
-4.83196
-4.85706
-4.90368
-4.9519
-4.95768
-4.92358
-4.865
-4.85456
-4.77294
-4.61824
-4.49085
-4.42417
-4.35138
-4.90063
-4.84227
-4.75678
-3.76963
-4.87783
-4.89792
-4.9179
-4.91147
-4.93268
-4.99959
-5.02954
-5.00319
-4.92578
-4.87979
-4.76717
-4.62371
-4.51221
-4.52719
-4.42801
-5.07616
-4.98835
-4.94849
-4.81297
-4.99177
-5.007
-5.02583
-5.02065
-5.04781
-5.1102
-5.16796
-5.16867
-5.03338
-4.94602
-4.78481
-4.61901
-4.47739
-4.52429
-5.37279
-5.15855
-5.11261
-5.08002
-4.57451
-5.11348
-5.12676
-5.14763
-5.15133
-5.17918
-5.2494
-5.36121
-5.40615
-5.16694
-5.03304
-4.82257
-4.61537
-4.36745
-4.4835
-5.23894
-5.24461
-5.25556
-5.24222
-3.56436
-5.23802
-5.24592
-5.25208
-5.26695
-5.30844
-5.39052
-5.56257
-5.64378
-5.33646
-5.1337
-4.90625
-4.65493
-4.49954
-4.9414
-5.28016
-5.3497
-5.41085
-5.46956
-4.85634
-5.36879
-5.37482
-5.38166
-5.40293
-5.44258
-5.51113
-5.68425
-5.72981
-5.56333
-5.34138
-5.10691
-4.72209
-4.68181
-5.38802
-5.43344
-5.49348
-5.5529
-5.65815
-5.49139
-5.50717
-5.51684
-5.53009
-5.55347
-5.58538
-5.61838
-5.67681
-5.67361
-5.83178
-5.69354
-5.62617
-4.98328
-5.54909
-5.56787
-5.60806
-5.63233
-5.63733
-5.64326
-4.90865
-5.65051
-5.66499
-5.68532
-5.7129
-5.74218
-5.75869
-5.74801
-5.70263
-6.50546
-6.02865
-7.04073
-5.7047
-5.82558
-5.80174
-5.80528
-5.80709
-5.76637
-5.70736
-4.89636
510.409
478.102
480.785
490.179
503.944
515.302
526.319
539.996
556.66
575.835
597.156
620.283
644.831
670.36
696.474
722.748
747.157
765.644
768.234
787.788
787.014
769.937
838.005
451.063
417.492
419.403
428.439
443.606
455.508
466.574
480.32
497.006
516.227
537.642
560.903
585.585
611.182
637.142
662.725
686.525
705.585
709.186
732.26
740.406
678.236
742.149
390.361
356.127
356.284
363.793
382.233
395.431
406.433
420.148
436.809
456.068
477.629
501.126
526.069
551.866
577.857
603.218
626.603
645.743
657.261
678.625
692.021
624.88
672.471
329.572
294.346
291.078
293.064
318.597
335.553
346.14
359.625
376.136
395.385
417.137
440.978
466.319
492.462
518.661
544.067
567.542
587.602
603.514
621.91
631.955
598.302
631.592
269.967
232.601
224.436
219.111
254.032
276.078
285.638
298.73
314.97
334.16
356.165
380.471
406.356
433.012
459.608
485.309
509.176
530.229
548.314
565.775
577.071
570.041
597.199
213.078
172.886
160.918
152.972
193.698
216.099
224.59
237.281
253.201
272.311
294.68
319.597
346.196
373.548
400.734
426.947
451.409
473.453
493.02
510.938
525.009
533.046
556.364
159.434
117.572
102.072
91.7083
131.339
152.578
162.555
175.179
190.702
209.69
232.61
258.322
285.839
314.092
342.063
368.97
394.168
417.17
437.93
456.743
472.84
486.918
509.027
107.538
63.2283
43.1611
33.5663
66.0123
87.202
99.269
112.137
127.264
146.086
169.894
196.596
225.287
254.666
283.619
311.371
337.412
361.334
383.141
402.972
420.727
437.925
460.892
398.19
328.194
345.026
338.101
378.161
819.085
700.254
552.744
627.201
1086.31
278.349
157.207
157.383
158.557
159.256
184.514
275.006
1597.01
2529.32
337.901
323.52
323.395
323.686
321.641
615.849
534.557
408.442
471.567
545.49
158.627
150.016
149.22
148.439
146.19
146.238
143.264
703.766
2280.81
325.698
323.373
323.358
323.59
304.139
412.999
339.743
243.776
337.505
158.633
151.132
148.923
148.857
148.492
146.362
145.03
142.527
244.064
1882.71
326.141
323.365
323.152
321.997
254.393
231.86
137.866
73.8729
367.39
147.67
149.175
148.47
148.592
148.511
146.311
144.516
142.661
146.198
1309.36
323.687
323.36
322.972
289.135
190.971
83.2853
2.69002
-13.4338
206.23
147.392
147.155
148.225
148.666
147.686
144.383
143.671
143.05
149.226
706.81
323.787
323.515
305.867
231.929
121.313
14.5693
-4.85969
-35.1662
152.663
146.444
146.277
147.877
148.548
144.954
142.516
142.012
142.983
144.87
232.874
323.932
314.688
258.284
178.763
52.9966
-5.02673
-6.67174
-65.5315
124.949
145.393
144.5
146.026
145.472
142.732
142.077
141.676
142.554
143.289
142.421
323.843
280.399
209.496
117.292
1.20725
-5.21308
-5.23904
-43.6468
148.458
143.521
143.42
141.906
141.778
142.431
141.823
141.536
142.476
142.744
142.396
41.0905
2.24322
1.59015
4.48237
4.78012
6.62633
9.64774
13.9183
19.8041
30.8303
52.3223
80.3909
113.103
145.123
176.456
205.988
233.848
259.381
282.871
304.449
324.506
343.881
364.431
1.53627
1.41259
1.31789
1.23389
1.03751
1.1179
1.2353
1.32897
1.39979
1.39494
1.38811
2.92503
9.91442
28.035
54.7043
86.2181
116.186
143.104
168.488
191.655
213.401
234.781
256.851
1.36718
1.20412
1.17416
1.09323
0.999866
1.05418
1.12234
1.18349
1.2286
1.24888
1.27283
1.31417
1.37093
1.35533
1.58513
5.76212
17.0476
34.1306
55.9097
77.954
99.6886
122.065
147.744
1.15303
1.04217
1.01568
0.988086
0.957768
0.968711
1.00189
1.03961
1.07292
1.10191
1.1351
1.17306
1.21005
1.2291
1.25872
1.31796
1.34697
1.42654
1.51148
4.01259
10.2379
19.0873
38.1682
0.96984
0.876232
0.863044
0.850283
0.842279
0.850286
0.871681
0.899464
0.928761
0.95694
0.991095
1.02711
1.06283
1.09545
1.13339
1.17519
1.21614
1.26353
1.3002
1.36099
1.40323
1.49062
1.50205
0.800443
0.714132
0.708547
0.704886
0.70578
0.715048
0.732688
0.756079
0.782996
0.812762
0.845244
0.880216
0.917691
0.955044
0.995977
1.04101
1.08823
1.13917
1.19193
1.24848
1.31365
1.37334
1.43535
0.637359
0.553577
0.551971
0.553192
0.558439
0.569347
0.586144
0.607927
0.63372
0.662987
0.69552
0.731081
0.769577
0.810988
0.855064
0.903982
0.956266
1.01209
1.07098
1.13343
1.20088
1.27029
1.33163
0.475511
0.39214
0.392704
0.396687
0.404375
0.41654
0.433409
0.454715
0.480065
0.509182
0.541947
0.578306
0.618315
0.662138
0.710079
0.76255
0.81947
0.880131
0.943301
1.0076
1.07323
1.14766
1.20067
0.311935
0.228068
0.230363
0.236075
0.245256
0.258298
0.27541
0.296595
0.321768
0.350859
0.383896
0.421002
0.462376
0.508336
0.559292
0.615605
0.677144
0.742826
0.810034
0.87327
0.926283
0.968563
0.993345
0.144709
0.0606599
0.0648742
0.0718371
0.0819353
0.0954807
0.112706
0.133755
0.158718
0.187689
0.220827
0.258407
0.300798
0.348461
0.402006
0.461965
0.528355
0.600135
0.674525
0.744928
0.809238
0.839561
0.817139
-0.026336
-0.109365
-0.103387
-0.0956191
-0.0850934
-0.0714316
-0.0543659
-0.0336705
-0.00914156
0.0194235
0.052291
0.0898594
0.132657
0.181339
0.236777
0.299809
0.370843
0.449452
0.533804
0.618502
0.699495
0.743601
0.704686
-0.198551
-0.280329
-0.273905
-0.265993
-0.25553
-0.242148
-0.225574
-0.205553
-0.181824
-0.154105
-0.122058
-0.0851928
-0.0428535
0.00581343
0.0619472
0.126785
0.201197
0.285467
0.379091
0.478508
0.575699
0.644871
0.634176
-0.369193
-0.452121
-0.446637
-0.439182
-0.429211
-0.41647
-0.400732
-0.381757
-0.359267
-0.33294
-0.302407
-0.267138
-0.226371
-0.179115
-0.124013
-0.0595258
0.0156283
0.102442
0.2015
0.311537
0.426275
0.531243
0.598488
-0.541123
-0.62646
-0.621965
-0.615209
-0.606008
-0.59421
-0.579641
-0.562092
-0.541306
-0.516974
-0.488747
-0.456096
-0.41822
-0.374071
-0.322238
-0.261078
-0.189068
-0.104717
-0.00657109
0.105872
0.230024
0.35873
0.491563
-0.716606
-0.803844
-0.799994
-0.793999
-0.785746
-0.775129
-0.762023
-0.746267
-0.72765
-0.70593
-0.680819
-0.651845
-0.618266
-0.579116
-0.533143
-0.478861
-0.414802
-0.339433
-0.250722
-0.146775
-0.0265679
0.109679
0.272162
-0.89504
-0.983791
-0.980512
-0.975328
-0.968151
-0.958903
-0.947512
-0.933877
-0.917863
-0.89932
-0.878072
-0.853776
-0.825853
-0.793587
-0.756122
-0.712446
-0.661632
-0.602778
-0.534288
-0.453914
-0.358672
-0.241699
-0.0825581
-1.07583
-1.16594
-1.16321
-1.15888
-1.15288
-1.14514
-1.13566
-1.12442
-1.11137
-1.09646
-1.07968
-1.06088
-1.03976
-1.01602
-0.98938
-0.959668
-0.927092
-0.892437
-0.856518
-0.820005
-0.7843
-0.744663
-0.686312
-1.25872
-1.34996
-1.34777
-1.34432
-1.33953
-1.33339
-1.32596
-1.31729
-1.30744
-1.29648
-1.28457
-1.27182
-1.25827
-1.24415
-1.22991
-1.2165
-1.2058
-1.20136
-1.20892
-1.23803
-1.30808
-1.45518
-1.79216
-1.44337
-1.53553
-1.53383
-1.53124
-1.52767
-1.52317
-1.51784
-1.51183
-1.50528
-1.4984
-1.49153
-1.48502
-1.47931
-1.47515
-1.4738
-1.47736
-1.48958
-1.51721
-1.57216
-1.67699
-1.88181
-2.31838
-3.41844
-1.62942
-1.72226
-1.721
-1.71923
-1.71686
-1.71397
-1.71073
-1.70734
-1.70405
-1.70119
-1.69925
-1.69882
-1.70067
-1.70603
-1.71682
-1.73608
-1.76898
-1.82462
-1.91919
-2.0834
-2.38449
-2.99184
-4.41565
-1.8165
-1.90976
-1.90889
-1.90789
-1.90665
-1.9053
-1.90404
-1.90315
-1.90295
-1.90384
-1.90646
-1.91161
-1.92029
-1.934
-1.95509
-1.98712
-2.03579
-2.11066
-2.22778
-2.41533
-2.72628
-3.26445
-4.21674
-2.00418
-2.09761
-2.0971
-2.09682
-2.09663
-2.09669
-2.09725
-2.09864
-2.10123
-2.10548
-2.11211
-2.12204
-2.13643
-2.15687
-2.18576
-2.2267
-2.28505
-2.36914
-2.49161
-2.67169
-2.93765
-3.32649
-3.87129
-2.19197
-2.2854
-2.28527
-2.28564
-2.28638
-2.28771
-2.28989
-2.29327
-2.29826
-2.30538
-2.31534
-2.32909
-2.34787
-2.37321
-2.40731
-2.45336
-2.51581
-2.60096
-2.71714
-2.87469
-3.08507
-3.35709
-3.68522
-2.37944
-2.47278
-2.47305
-2.474
-2.47557
-2.47799
-2.48155
-2.4866
-2.49356
-2.50296
-2.51552
-2.53214
-2.55397
-2.58244
-2.6194
-2.66736
-2.72968
-2.81064
-2.91496
-3.04708
-3.20967
-3.4004
-3.6055
-2.56638
-2.65955
-2.66017
-2.66162
-2.66389
-2.66722
-2.6719
-2.67828
-2.68677
-2.69788
-2.7123
-2.73086
-2.75455
-2.78458
-2.82242
-2.86995
-2.9295
-3.00369
-3.09481
-3.20399
-3.33014
-3.46799
-3.6054
-2.75257
-2.84549
-2.8464
-2.84828
-2.8511
-2.85516
-2.86072
-2.8681
-2.87768
-2.88996
-2.90555
-2.92518
-2.94971
-2.98008
-3.01738
-3.06292
-3.11826
-3.18489
-3.26365
-3.35412
-3.45406
-3.55853
-3.65886
-2.93799
-3.03056
-3.03164
-3.0338
-3.03703
-3.04163
-3.04783
-3.0559
-3.06618
-3.07912
-3.09527
-3.11525
-3.13977
-3.16956
-3.20539
-3.24809
-3.29864
-3.35785
-3.4259
-3.50183
-3.58339
-3.66692
-3.747
-3.12262
-3.21477
-3.2159
-3.21811
-3.22159
-3.22654
-3.23315
-3.24162
-3.25224
-3.26541
-3.28162
-3.30137
-3.32523
-3.35377
-3.38753
-3.427
-3.47273
-3.52515
-3.58419
-3.6489
-3.71751
-3.78758
-3.85615
-3.30627
-3.39782
-3.39887
-3.40114
-3.40473
-3.40984
-3.41664
-3.42526
-3.43593
-3.44898
-3.46483
-3.48391
-3.50666
-3.53349
-3.56479
-3.60088
-3.64202
-3.6884
-3.7399
-3.79578
-3.85483
-3.91558
-3.97664
-3.48871
-3.57962
-3.58054
-3.58283
-3.58645
-3.59157
-3.59835
-3.6069
-3.61736
-3.63001
-3.64518
-3.66325
-3.68456
-3.70941
-3.73807
-3.77075
-3.80758
-3.84861
-3.89366
-3.94228
-3.99373
-4.04721
-4.10219
-3.66971
-3.76
-3.76083
-3.76312
-3.76673
-3.77177
-3.77836
-3.78662
-3.79666
-3.80869
-3.82297
-3.83978
-3.85944
-3.88216
-3.90812
-3.93744
-3.97021
-4.00637
-4.04576
-4.08811
-4.13302
-4.18014
-4.22928
-3.84904
-3.93878
-3.93967
-3.94201
-3.94558
-3.95047
-3.95677
-3.96458
-3.97402
-3.98525
-3.99847
-4.01389
-4.03177
-4.05229
-4.07557
-4.10164
-4.13052
-4.16217
-4.19643
-4.23315
-4.27214
-4.31326
-4.35645
-4.02671
-4.11599
-4.11715
-4.11958
-4.1231
-4.12779
-4.13372
-4.14097
-4.14966
-4.15994
-4.17197
-4.18593
-4.20199
-4.2203
-4.24091
-4.26383
-4.28902
-4.31645
-4.34601
-4.37756
-4.41102
-4.44633
-4.48343
-4.203
-4.29197
-4.29349
-4.29601
-4.29943
-4.30385
-4.30934
-4.31596
-4.32381
-4.33304
-4.34381
-4.35625
-4.37046
-4.38655
-4.40454
-4.4244
-4.44611
-4.46963
-4.49485
-4.52164
-4.5499
-4.57959
-4.61062
-4.3784
-4.46715
-4.46897
-4.47149
-4.47475
-4.47882
-4.4838
-4.48972
-4.49669
-4.50483
-4.51429
-4.52516
-4.53751
-4.55137
-4.56678
-4.58372
-4.60216
-4.62204
-4.64325
-4.66565
-4.6891
-4.71352
-4.7388
-4.55333
-4.64191
-4.64383
-4.64624
-4.64922
-4.65287
-4.65726
-4.66245
-4.66851
-4.67554
-4.68367
-4.69295
-4.70342
-4.71509
-4.72801
-4.74216
-4.75753
-4.77401
-4.79149
-4.80985
-4.82893
-4.84861
-4.86875
-4.72804
-4.81641
-4.81821
-4.8204
-4.82302
-4.82615
-4.8299
-4.83431
-4.83945
-4.84537
-4.85215
-4.85984
-4.86846
-4.87802
-4.88855
-4.90008
-4.91254
-4.92585
-4.93989
-4.95455
-4.96971
-4.98525
-5.00102
-4.90257
-4.99066
-4.99221
-4.99408
-4.99627
-4.99884
-5.00189
-5.00549
-5.00968
-5.01448
-5.01992
-5.02603
-5.03286
-5.04041
-5.04871
-5.05775
-5.06748
-5.07783
-5.0887
-5.1
-5.11167
-5.12361
-5.13572
-5.0769
-5.16466
-5.16589
-5.16738
-5.16908
-5.17106
-5.17339
-5.17616
-5.17938
-5.18304
-5.18714
-5.19172
-5.19683
-5.20249
-5.20868
-5.21537
-5.22254
-5.23013
-5.23809
-5.24635
-5.25491
-5.26374
-5.2728
-5.25103
-5.33844
-5.33932
-5.34038
-5.34158
-5.34294
-5.34454
-5.34646
-5.3487
-5.35122
-5.354
-5.35711
-5.36058
-5.36443
-5.36861
-5.37309
-5.37786
-5.38289
-5.38818
-5.39371
-5.39951
-5.40567
-5.41226
-5.425
-5.51208
-5.51259
-5.5132
-5.51387
-5.51462
-5.5155
-5.51656
-5.5178
-5.51919
-5.52071
-5.5224
-5.5243
-5.5264
-5.52866
-5.53107
-5.5336
-5.53628
-5.5391
-5.54215
-5.5454
-5.54922
-5.55382
-5.59884
-5.68565
-5.68576
-5.68589
-5.68603
-5.68617
-5.68635
-5.68656
-5.6868
-5.68707
-5.68737
-5.6877
-5.68807
-5.68848
-5.68892
-5.68938
-5.68986
-5.69036
-5.69088
-5.69141
-5.69241
-5.69424
-5.69726
379.111
379.335
372.632
355.983
273.968
279.69
280.157
272.279
171.753
182.584
187.435
182.623
74.6263
102.916
121.127
121.118
4.34427
16.3441
28.5509
42.3308
1.50705
1.55577
1.5916
1.86078
1.39398
1.43446
1.47221
1.48492
1.22843
1.26093
1.30636
1.33758
0.977209
1.02049
1.11871
1.24987
0.772188
0.820637
0.933717
1.08557
0.691618
0.749158
0.868533
1.03508
0.681046
0.784216
0.941142
1.11751
0.68054
0.778495
0.942645
1.11814
0.646652
0.757848
0.899149
1.06044
0.474087
0.611732
0.772198
0.948261
0.158841
0.340435
0.556333
0.78315
-0.478641
-0.224459
0.174498
0.540621
-2.24554
-2.31183
-1.80083
-0.409253
-6.17101
-7.67037
-6.37778
-4.65395
-7.67905
-9.31124
-8.79169
-6.99332
-5.57723
-6.31336
-6.4472
-6.20871
-4.4676
-4.80042
-5.06757
-5.22113
-3.9796
-4.11703
-4.21995
-4.28306
-3.76832
-3.83787
-3.88672
-3.91032
-3.70665
-3.74749
-3.77525
-3.78772
-3.73188
-3.76229
-3.78478
-3.79806
-3.80772
-3.83543
-3.85908
-3.878
-3.91154
-3.93925
-3.96552
-3.99017
-4.0288
-4.05663
-4.08448
-4.11246
-4.15091
-4.17785
-4.20559
-4.23418
-4.27364
-4.29852
-4.32442
-4.3514
-4.39567
-4.4177
-4.44049
-4.46425
-4.51703
-4.53577
-4.55486
-4.57449
-4.63846
-4.65376
-4.66901
-4.68429
-4.76116
-4.77324
-4.78498
-4.7964
-4.88632
-4.89571
-4.90472
-4.91328
-5.01468
-5.02197
-5.02899
-5.03567
-5.14625
-5.15187
-5.15728
-5.16244
-5.28078
-5.28508
-5.28921
-5.2931
-5.41835
-5.42177
-5.4252
-5.42856
-5.55861
-5.56156
-5.56476
-5.56821
-5.70118
-5.70392
-5.70718
-5.71104
314.48
231.202
122.207
13.9514
-6.04185
-6.38347
-5.47236
-4.7307
141.227
141.979
142.444
140.634
141.086
141.741
142.174
142.235
142.863
143.064
143.42
246.061
146.691
13.5589
-4.81617
-6.56625
-9.41574
-9.15506
-6.05752
135.673
139.624
143.134
141.598
141.332
141.689
143.231
143.207
143.026
143.047
143.359
158.826
33.3026
-2.55108
-3.64908
-6.48552
-11.6794
-11.0595
12.0791
118.164
130.628
144.503
141.551
141.438
141.751
142.5
143.143
142.93
143.076
153.498
105.619
-0.971052
-1.83224
-2.13505
-5.35396
-23.2113
-113.406
-13.1455
83.779
81.4123
133.967
141.239
140.992
141.516
141.687
142.822
142.882
142.875
166.363
42.6323
-0.739792
-1.03256
-0.809539
-1.32792
-3.86956
-6.78755
-14.671
-31.7199
31.3424
116.406
140.5
140.639
141.127
141.486
142.535
142.641
142.786
171.499
11.5067
0.0333143
-0.38086
0.397377
0.83625
1.41346
4.0687
3.6555
-77.5781
10.4713
114.269
140.501
140.514
140.851
141.255
142.174
142.382
142.663
188.616
0.983965
1.99246
0.523214
1.23
2.22545
2.6364
4.18928
5.78704
5.83676
60.4549
107.235
140.591
140.459
140.787
141.1
141.605
142.04
142.057
206.839
1.31597
2.90984
1.40163
1.11414
1.21456
3.37852
4.27008
4.92302
-1.27308
41.6596
63.5794
140.743
140.287
140.738
141.164
141.36
142.216
143.963
206.914
1.42854
1.93221
5.2762
1.20064
1.26725
4.52907
5.04846
1.96582
10.4422
10.3336
15.41
140.312
139.707
140.594
141.377
142.628
142.212
142.076
197.048
1.33844
1.4379
3.60697
5.3523
-2.03024
-1.44709
16.671
13.506
9.28323
10.1439
10.6855
140.39
139.543
139.994
140.798
140.484
141.134
143.568
216.602
1.30658
1.54285
1.98153
2.2203
3.17834
3.59366
5.37686
6.76803
8.38213
9.60862
9.94194
57.1708
139.331
138.891
132.787
86.7263
80.1492
98.9692
132.74
1.40142
1.74975
2.05068
2.35277
2.8375
3.47812
4.6833
6.18507
7.64952
9.20926
10.3206
9.53836
121.991
133.1
98.197
98.0002
80.9385
87.1523
169.045
1.38693
1.75536
2.07471
2.43278
2.90428
3.51776
4.32063
5.38796
6.71366
8.75897
10.1962
10.8136
131.294
216.9
137.399
73.1986
97.8054
136.586
218.933
1.29589
1.68211
2.05402
2.45608
2.89925
3.34656
3.75818
3.95114
3.80285
0.755543
-20.7291
97.7027
265.329
228.294
135.74
39.5938
83.4425
178.468
264.616
1.19451
1.60882
2.00679
2.41655
2.82578
3.1245
3.13994
1.89584
-1.66838
-1.43526
-0.0764006
9.68488
91.455
106.898
74.6619
56.9426
121.159
228.527
250.242
1.08046
1.53367
1.93736
2.3332
2.73449
2.89848
2.52499
0.677383
-1.59295
-1.31463
-0.7909
-1.14703
9.78853
47.4811
53.544
56.0407
104.52
226.315
205.041
0.945009
1.4544
1.85424
2.18748
2.6316
2.69707
2.11413
0.997401
-0.103501
-0.274837
-0.380376
-1.02624
-3.41074
-11.9215
18.3605
19.9165
3.68379
35.7565
51.8164
0.748061
1.39111
1.77579
1.89262
2.23769
2.31136
1.70538
0.94169
0.430726
0.24314
-1.36433
-2.46095
-3.17101
-5.3404
-2.14524
-3.3866
-1.92977
0.218049
-7.44463
-2.68501
0.0507327
1.40446
1.49388
0.565091
0.631355
0.998655
0.601235
0.267521
-0.176686
-2.86026
-3.23187
-3.91594
-4.81521
-4.93978
-3.79523
-3.1425
-2.49657
-1.04526
-5.61106
-4.3793
-2.32912
-0.670608
-0.974651
-1.36275
-0.36416
-0.143737
-0.53435
-1.75646
-3.83816
-4.35491
-4.81473
-5.25743
-5.35996
-4.72306
-3.6698
-3.22854
-3.41994
-5.9252
-5.20851
-4.1436
-3.2865
-2.36611
-2.00217
-2.00235
-1.84811
-2.2825
-3.9272
-4.8993
-5.2779
-5.47588
-5.71137
-5.96829
-5.79588
-4.3863
-3.67362
-3.67055
-5.29321
-5.0014
-4.22549
-3.53812
-3.16899
-3.15034
-3.85988
-5.01789
-4.24486
-5.91526
-6.23805
-6.63399
-6.16531
-5.66367
-5.72161
-5.5377
-4.57893
-3.98478
-4.02525
-4.30903
-4.17161
-3.78052
-3.41348
-3.29278
-3.84535
-4.65842
-5.53172
-4.52438
-5.20073
-6.15729
-6.58215
-5.95208
-4.95306
-4.81759
-4.34295
-3.95326
-5.38614
-9.71105
-3.90316
-3.78053
-3.53325
-3.28808
-3.23018
-3.67604
-4.22983
-4.14236
-3.14677
-3.41963
-4.45017
-4.96879
-4.74207
-4.13474
-3.62403
-2.92703
-2.61583
-1.42899
0.682434
-3.78215
-3.70232
-3.54793
-3.3713
-3.27879
-3.41181
-3.32409
-2.45625
-2.1227
-2.65111
-3.43445
-3.8661
-3.84822
-3.52612
-3.07322
-2.455
-2.12827
-3.15714
-3.38782
-3.80286
-3.7742
-3.70926
-3.63929
-3.63319
-3.83291
-3.17166
-1.47193
-1.78057
-2.5221
-3.13342
-3.42524
-3.39573
-3.18113
-2.87348
-2.56867
-2.82328
-3.36737
-3.17273
-3.89737
-3.91825
-3.93942
-4.01359
-4.26835
-5.27885
-5.88168
-1.70409
-2.21625
-2.75145
-3.15122
-3.29753
-3.19771
-3.00545
-2.80618
-2.71342
-2.97074
-3.213
-2.9197
-4.02171
-4.08019
-4.16263
-4.32622
-4.71296
-5.69702
-6.03851
-3.95836
-2.9055
-3.19587
-3.4038
-3.41156
-3.16788
-2.93032
-2.72918
-2.58667
-2.53399
-2.57493
-2.44852
-4.15098
-4.22837
-4.33366
-4.50266
-4.7936
-5.28697
-5.29999
-4.47753
-3.90818
-4.17032
-3.9945
-3.74042
-3.31122
-2.95981
-2.68645
-2.42699
-2.21716
-2.19565
-2.19736
-4.27424
-4.35475
-4.45563
-4.58701
-4.74684
-4.94489
-4.98369
-4.80179
-4.85767
-5.14933
-4.76518
-4.22122
-3.60041
-3.14366
-2.80801
-2.44544
-2.11908
-2.19099
-2.22045
-4.38929
-4.46387
-4.55086
-4.64723
-4.71709
-4.68692
-4.87984
-4.85871
-5.26777
-5.8668
-5.34519
-4.79427
-3.96548
-3.49813
-3.20236
-2.89819
-2.29223
-2.39315
-2.44333
-4.49763
-4.56249
-4.63694
-4.72312
-4.83008
-4.88615
-4.93029
-4.93362
-4.97243
-5.37205
-5.20121
-4.87995
-4.26455
-3.91744
-3.80487
-3.84883
-3.60223
-3.20927
-2.85928
-4.60183
-4.65423
-4.71491
-4.79518
-4.97874
-5.05128
-4.96395
-4.93474
-4.91361
-4.99359
-4.98754
-4.76904
-4.4384
-4.24451
-4.26303
-4.63545
-4.57474
-4.30359
-3.44904
-4.70507
-4.74303
-4.7817
-4.82263
-4.89943
-4.95968
-4.95414
-4.93187
-4.87523
-4.85361
-4.84604
-4.70956
-4.52534
-4.41366
-4.45043
-4.61368
-4.80682
-4.73407
-4.5476
-4.81143
-4.83714
-4.86055
-4.87781
-4.88276
-4.93793
-4.981
-4.97889
-4.9201
-4.85728
-4.82228
-4.6942
-4.55787
-4.48107
-4.44841
-5.19463
-4.96731
-4.8919
-4.92578
-4.92422
-4.94236
-4.96175
-4.96768
-4.96083
-5.01743
-5.07332
-5.09813
-5.02923
-4.9161
-4.84131
-4.69433
-4.55621
-4.49338
-4.6126
-5.12626
-5.08834
-5.04383
-5.02806
-5.04419
-5.05902
-5.07677
-5.08966
-5.0953
-5.14273
-5.21447
-5.30029
-5.22779
-5.0414
-4.89304
-4.70367
-4.51962
-4.40381
-4.50575
-5.25086
-5.20153
-5.17755
-5.1621
-5.16908
-5.18155
-5.19384
-5.20386
-5.22062
-5.27625
-5.37639
-5.54994
-5.43936
-5.1385
-4.96587
-4.73626
-4.51278
-4.2497
-5.18196
-5.2721
-5.32884
-5.41644
-5.5858
-5.29797
-5.30591
-5.30927
-5.32007
-5.3504
-5.40783
-5.51592
-5.73501
-5.62184
-5.30438
-5.11113
-4.83534
-4.58373
-4.88005
-5.29092
-5.39024
-5.47639
-5.64367
-5.67472
-5.43306
-5.44124
-5.44878
-5.46406
-5.49322
-5.53637
-5.60088
-5.71807
-5.70467
-5.62199
-5.4229
-5.05419
-4.57732
-5.51795
-5.50571
-5.54206
-5.59493
-5.77837
-5.67095
-5.57326
-5.58397
-5.59767
-5.61841
-5.64673
-5.67446
-5.68326
-5.59861
-5.79713
-6.01107
-5.98741
-5.69552
-5.26683
-5.6309
-5.68133
-5.71048
-5.70254
-5.63921
-5.53442
-5.71719
-5.73174
-5.75263
-5.78148
-5.81481
-5.84148
-5.84208
-5.79735
-6.13642
-6.54452
-6.45023
-9.51772
-6.50163
-5.93077
-5.90749
-5.91646
-5.90329
-5.85885
-5.97403
479.122
478.617
484.615
497.16
509.964
520.578
532.768
547.985
565.959
586.248
608.516
632.406
657.5
683.366
709.639
735.422
757.176
768.548
776.846
786.735
783.577
790.605
856.039
418.557
417.777
422.791
435.961
450.052
460.809
473.061
488.32
506.323
526.681
549.066
573.097
598.302
624.155
650.044
674.976
696.876
710.595
715.809
745.401
705.325
695.828
781.29
357.285
355.832
358.378
372.563
389.753
400.701
412.903
428.133
446.133
466.58
489.163
513.452
538.9
564.882
590.682
615.275
636.868
652.589
665.023
694.401
653.824
638.143
710.406
295.923
293.096
289.539
304.042
329.343
340.604
352.486
367.523
385.431
405.968
428.83
453.502
479.336
505.604
531.524
556.133
578.088
595.989
611.849
631.737
615.704
606.156
658.664
235.491
229.611
218.098
232.848
269.183
280.522
291.761
306.473
324.199
344.834
368.074
393.264
419.641
446.368
472.626
497.536
520.102
539.563
557.024
573.729
573.978
577.966
617.431
178.766
168.197
152.232
169.456
209.866
219.831
230.503
244.85
262.337
283.119
306.876
332.739
359.84
387.213
414.011
439.444
462.761
483.504
502.176
518.946
528.924
541.908
572.478
127.256
110.567
91.4654
108.438
146.075
157.206
168.56
182.541
199.689
220.712
245.193
271.908
299.95
328.163
355.694
381.818
405.96
427.812
447.583
465.263
479.677
496.722
522.776
76.3679
54.8004
28.3594
48.2236
79.271
93.1801
105.549
119.331
135.977
157.486
182.977
210.737
239.989
269.241
297.685
324.638
349.644
372.496
393.296
412.129
429.004
448.343
469.491
327.209
338.01
346.705
332.938
616.908
805.737
602.676
555.796
794.536
774.448
160.444
156.607
158.59
157.475
165.264
208.145
674.346
2519.6
2422.16
323.309
323.045
323.645
324.583
454.98
612.264
455.346
408.033
503.17
215.922
151.77
149.367
149.049
147.38
145.34
146.283
212.385
1788.86
2301.94
322.648
322.893
323.5
323.707
342.917
401.539
273.106
263.138
178.955
152.449
149.779
148.773
148.895
147.498
145.443
144.531
153.491
1030.96
2034.66
322.692
322.795
323.366
298.59
240.991
188.328
77.5051
145.86
165.103
148.927
148.909
148.469
148.733
147.526
145.296
143.918
142.129
547.394
1626.04
322.876
323.076
317.546
241.67
138.143
10.4023
-10.0095
56.6885
152.342
147.01
147.76
148.538
148.632
145.704
143.827
143.576
142.429
240.516
1157
323.276
321.291
273.942
183.375
51.0932
-2.9644
-17.2883
20.2473
145.56
146.236
146.985
148.564
147.478
143.005
142.145
142.223
143.463
151.244
750.041
323.399
290.935
219.7
125.509
21.1816
-7.33835
-21.192
-17.3007
143.24
144.668
145.386
145.732
144.911
142.494
141.715
141.948
142.876
143.836
445.218
297.196
250.092
165.614
54.7863
-2.54465
-6.54219
0.633462
21.2477
142.886
143.432
143.323
141.336
142.322
142.208
141.543
141.793
142.679
143.352
276.665
4.52229
1.50486
3.00517
4.55818
5.48522
7.99545
11.6207
16.5682
24.4808
40.3397
65.5663
96.4189
129.204
160.947
191.407
220.229
246.86
271.401
293.857
314.642
334.188
354.022
375.776
1.44999
1.3373
1.31303
1.10335
1.06511
1.17821
1.28468
1.36962
1.39821
1.38772
1.60594
5.47579
16.7865
40.7673
69.845
102.145
129.67
156.244
180.195
202.732
224
245.782
267.519
1.24461
1.17404
1.17265
1.02002
1.02232
1.08766
1.15499
1.20891
1.24018
1.25895
1.29079
1.34287
1.36728
1.3658
2.91791
10.3536
25.3081
44.1894
66.9852
89.0201
110.339
134.582
161.6
1.052
1.02639
1.00558
0.968169
0.9597
0.983649
1.02101
1.05708
1.08743
1.1181
1.15408
1.19143
1.22307
1.23889
1.281
1.34394
1.37874
1.41538
2.42901
7.04322
13.3034
28.1298
54.0083
0.880415
0.869167
0.856777
0.844647
0.844152
0.859772
0.885122
0.914185
0.943127
0.974595
1.00906
1.04519
1.0793
1.11348
1.15439
1.1969
1.23767
1.28245
1.32584
1.38291
1.43962
1.49742
1.70741
0.716533
0.710916
0.706355
0.704411
0.709232
0.722972
0.743841
0.769021
0.797253
0.828663
0.862524
0.898427
0.936117
0.974376
1.0182
1.06452
1.11312
1.16516
1.21969
1.28019
1.34272
1.40185
1.47539
0.555068
0.552323
0.552118
0.555156
0.563129
0.577052
0.596481
0.620364
0.647926
0.678859
0.712938
0.749956
0.78988
0.832929
0.879099
0.929662
0.983777
1.04113
1.10162
1.16672
1.23553
1.30205
1.363
0.392965
0.391912
0.394243
0.400002
0.409866
0.424396
0.443533
0.466906
0.494162
0.525113
0.559678
0.597846
0.639733
0.685572
0.735764
0.79047
0.849414
0.911482
0.975427
1.03965
1.11031
1.17825
1.21644
0.228043
0.228718
0.232786
0.240203
0.251274
0.266343
0.285498
0.308689
0.335825
0.366878
0.401929
0.441139
0.484759
0.533163
0.586771
0.645758
0.709589
0.776496
0.842532
0.901807
0.947484
0.985998
0.982737
0.0592288
0.062415
0.0679711
0.076474
0.08826
0.103623
0.122745
0.145742
0.172696
0.203723
0.23904
0.278975
0.323935
0.37446
0.431163
0.49439
0.563691
0.637325
0.710473
0.778751
0.830159
0.837817
0.780701
-0.112492
-0.106505
-0.0998149
-0.090727
-0.0786732
-0.0633384
-0.0444855
-0.0218972
0.00462215
0.0352983
0.0704565
0.110567
0.156212
0.208157
0.267302
0.334326
0.409279
0.491143
0.576391
0.660421
0.729138
0.736348
0.675541
-0.28362
-0.277151
-0.270219
-0.261106
-0.249222
-0.234276
-0.21601
-0.19417
-0.168483
-0.138647
-0.104266
-0.064755
-0.0193746
0.032866
0.093212
0.16276
0.242103
0.331233
0.428407
0.528376
0.616766
0.649593
0.635688
-0.453912
-0.449513
-0.443183
-0.434529
-0.4232
-0.408989
-0.391666
-0.370971
-0.346604
-0.318227
-0.285408
-0.247498
-0.203629
-0.152642
-0.0930332
-0.023349
0.0575275
0.150445
0.255367
0.368962
0.48181
0.5686
0.638141
-0.627612
-0.62444
-0.618867
-0.610924
-0.600443
-0.587284
-0.571253
-0.552122
-0.529604
-0.503374
-0.473019
-0.437871
-0.397007
-0.349217
-0.292926
-0.226518
-0.148531
-0.0574415
0.0479214
0.166825
0.294438
0.422818
0.573902
-0.804895
-0.802157
-0.797261
-0.790162
-0.78074
-0.768896
-0.754488
-0.737331
-0.717194
-0.693821
-0.666856
-0.635687
-0.599457
-0.557073
-0.507136
-0.448142
-0.378645
-0.296884
-0.200728
-0.0887583
0.0396701
0.185009
0.37956
-0.984676
-0.982374
-0.978157
-0.971995
-0.963789
-0.953481
-0.940983
-0.926177
-0.908917
-0.889049
-0.866336
-0.840311
-0.810312
-0.775565
-0.735125
-0.68798
-0.633284
-0.569877
-0.495728
-0.408457
-0.303458
-0.171171
0.0402496
-1.16666
-1.16477
-1.16125
-1.15609
-1.14923
-1.14062
-1.13026
-1.11812
-1.10414
-1.08831
-1.07055
-1.05063
-1.02824
-1.00308
-0.974912
-0.943698
-0.909961
-0.874607
-0.838262
-0.802006
-0.76581
-0.720659
-0.604024
-1.35056
-1.34903
-1.34621
-1.34209
-1.33662
-1.32983
-1.32178
-1.31251
-1.30209
-1.29064
-1.2783
-1.26513
-1.25126
-1.237
-1.22302
-1.21063
-1.20249
-1.20317
-1.21992
-1.26602
-1.36958
-1.57899
-2.08977
-1.53605
-1.5348
-1.53265
-1.52957
-1.52553
-1.5206
-1.51491
-1.50861
-1.50186
-1.49495
-1.48821
-1.48203
-1.47697
-1.47402
-1.47478
-1.48205
-1.50088
-1.54022
-1.61619
-1.7617
-2.05716
-2.71558
-4.77125
-1.72273
-1.7217
-1.72019
-1.71812
-1.71547
-1.71238
-1.70904
-1.70567
-1.70254
-1.70006
-1.69881
-1.6994
-1.70281
-1.71059
-1.72514
-1.75037
-1.79316
-1.86561
-1.98968
-2.21
-2.63122
-3.53885
-5.95035
-1.91021
-1.90933
-1.90842
-1.9073
-1.90598
-1.90464
-1.90353
-1.90294
-1.90322
-1.90489
-1.90866
-1.91544
-1.92639
-1.94343
-1.96945
-2.00889
-2.06914
-2.16251
-2.31021
-2.5506
-2.95779
-3.67221
-4.93171
-2.09801
-2.09731
-2.09695
-2.0967
-2.09661
-2.09689
-2.09781
-2.09976
-2.10311
-2.10844
-2.11659
-2.12859
-2.14577
-2.17007
-2.20444
-2.25325
-2.32323
-2.42452
-2.57293
-2.79178
-3.11417
-3.57774
-4.20187
-2.28569
-2.28525
-2.28541
-2.28595
-2.28696
-2.28867
-2.2914
-2.29554
-2.30152
-2.30995
-2.32166
-2.33777
-2.3596
-2.389
-2.42861
-2.48218
-2.55508
-2.65457
-2.79003
-2.97259
-3.21312
-3.51545
-3.85863
-2.47294
-2.47283
-2.47345
-2.47469
-2.47665
-2.47961
-2.48386
-2.48981
-2.49791
-2.5088
-2.52325
-2.54232
-2.56727
-2.59972
-2.64182
-2.69648
-2.76754
-2.85958
-2.97731
-3.12453
-3.30199
-3.50265
-3.70422
-2.65969
-2.65983
-2.66082
-2.66264
-2.6654
-2.66937
-2.67485
-2.68223
-2.69196
-2.70463
-2.72101
-2.74199
-2.76869
-2.80242
-2.84484
-2.89806
-2.96461
-3.04702
-3.14714
-3.26514
-3.39815
-3.53786
-3.66782
-2.84585
-2.84614
-2.8473
-2.84955
-2.85296
-2.85773
-2.86416
-2.87258
-2.88345
-2.89729
-2.91481
-2.93678
-2.9641
-2.99778
-3.03903
-3.08927
-3.15009
-3.22274
-3.30751
-3.40314
-3.50617
-3.60993
-3.70376
-3.03105
-3.03154
-3.03267
-3.03526
-3.03915
-3.04452
-3.05161
-3.06074
-3.07228
-3.08676
-3.10474
-3.1269
-3.15396
-3.18667
-3.22582
-3.27233
-3.32713
-3.3908
-3.46299
-3.5421
-3.6252
-3.70781
-3.78369
-3.21544
-3.21553
-3.21694
-3.21969
-3.22386
-3.22962
-3.23713
-3.24664
-3.25848
-3.27311
-3.29102
-3.31275
-3.33888
-3.36997
-3.40652
-3.44905
-3.49809
-3.55387
-3.61593
-3.68286
-3.75253
-3.82226
-3.88889
-3.39875
-3.39847
-3.39992
-3.40276
-3.40708
-3.41302
-3.42071
-3.43032
-3.44213
-3.45653
-3.47393
-3.4948
-3.51954
-3.54856
-3.58222
-3.6208
-3.66455
-3.71354
-3.76736
-3.825
-3.88508
-3.94616
-4.00694
-3.58071
-3.58011
-3.58157
-3.58446
-3.58881
-3.59475
-3.6024
-3.61187
-3.62339
-3.63725
-3.65383
-3.67348
-3.69652
-3.72325
-3.7539
-3.78864
-3.82758
-3.87065
-3.91757
-3.9677
-4.02026
-4.07454
-4.13019
-3.76096
-3.76028
-3.76183
-3.76475
-3.76906
-3.77486
-3.78228
-3.79141
-3.80242
-3.81553
-3.83104
-3.84924
-3.8704
-3.89473
-3.92235
-3.95339
-3.98787
-4.02568
-4.06659
-4.11027
-4.15632
-4.20446
-4.25465
-3.93934
-3.93899
-3.94069
-3.94364
-3.94786
-3.95344
-3.96048
-3.96909
-3.9794
-3.9916
-4.00589
-4.02251
-4.04169
-4.06358
-4.08825
-4.11572
-4.146
-4.17898
-4.2145
-4.25237
-4.29244
-4.33459
-4.37886
-4.11603
-4.11634
-4.11824
-4.1212
-4.1253
-4.13059
-4.13717
-4.14512
-4.15459
-4.16572
-4.1787
-4.19368
-4.21085
-4.23032
-4.25208
-4.27614
-4.30246
-4.33098
-4.36154
-4.39405
-4.42844
-4.46465
-4.50265
-4.29149
-4.29257
-4.29465
-4.2976
-4.30152
-4.30646
-4.3125
-4.31972
-4.32824
-4.33823
-4.34982
-4.36313
-4.37827
-4.3953
-4.41424
-4.43503
-4.45765
-4.48204
-4.50806
-4.53559
-4.56457
-4.59495
-4.62658
-4.46629
-4.46797
-4.47016
-4.47302
-4.47667
-4.48119
-4.48664
-4.49307
-4.5006
-4.50939
-4.51955
-4.53115
-4.54425
-4.55888
-4.57506
-4.59276
-4.61193
-4.63249
-4.65431
-4.67725
-4.70119
-4.72606
-4.75167
-4.64086
-4.64283
-4.64498
-4.64765
-4.65095
-4.65496
-4.65975
-4.66536
-4.67189
-4.67946
-4.68816
-4.69804
-4.7091
-4.72139
-4.73493
-4.7497
-4.76563
-4.78263
-4.80057
-4.81931
-4.8387
-4.85864
-4.8789
-4.81536
-4.81728
-4.81927
-4.82165
-4.82451
-4.82794
-4.83202
-4.83678
-4.8423
-4.84865
-4.85588
-4.86404
-4.87312
-4.88316
-4.89419
-4.9062
-4.91909
-4.93278
-4.94715
-4.96207
-4.97744
-4.99312
-5.00893
-4.98974
-4.99141
-4.99312
-4.99513
-4.9975
-5.0003
-5.00362
-5.00751
-5.012
-5.01711
-5.02289
-5.02935
-5.03654
-5.04447
-5.05314
-5.06253
-5.07258
-5.0832
-5.0943
-5.10579
-5.11761
-5.12965
-5.1418
-5.16394
-5.16526
-5.16662
-5.1682
-5.17003
-5.17217
-5.17471
-5.17771
-5.18116
-5.18504
-5.18937
-5.19421
-5.19959
-5.20552
-5.21196
-5.2189
-5.22629
-5.23407
-5.24218
-5.25059
-5.25929
-5.26824
-5.27739
-5.33793
-5.33887
-5.33985
-5.34096
-5.34223
-5.34371
-5.34546
-5.34754
-5.34993
-5.35258
-5.35551
-5.3588
-5.36246
-5.36648
-5.37082
-5.37544
-5.38034
-5.38551
-5.39091
-5.39657
-5.40254
-5.40891
-5.41572
-5.51177
-5.51235
-5.5129
-5.51353
-5.51423
-5.51504
-5.51601
-5.51716
-5.51848
-5.51993
-5.52153
-5.52332
-5.52532
-5.52751
-5.52985
-5.53232
-5.53492
-5.53767
-5.54058
-5.54371
-5.54723
-5.55141
-5.55647
-5.68554
-5.68571
-5.68583
-5.68596
-5.6861
-5.68626
-5.68645
-5.68667
-5.68694
-5.68722
-5.68753
-5.68788
-5.68827
-5.6887
-5.68915
-5.68961
-5.69011
-5.69062
-5.69114
-5.69183
-5.6932
-5.69558
-5.69933
379.933
377.16
365.683
343.441
277.318
280.776
277.445
264.482
177.692
185.999
186.431
175.821
89.5524
113.914
123.131
115.77
11.3718
19.6026
37.0346
47.0387
1.53483
1.56899
1.54171
3.77632
1.41518
1.45273
1.48445
1.43405
1.24146
1.28408
1.32448
1.32995
0.989114
1.06459
1.18023
1.32649
0.788659
0.86958
1.00636
1.18085
0.713615
0.801457
0.946281
1.13832
0.726051
0.858067
1.02579
1.22302
0.718519
0.856
1.02926
1.21679
0.698392
0.825175
0.977807
1.1475
0.53984
0.689411
0.858902
1.03974
0.244387
0.44535
0.669612
0.896125
-0.369817
-0.0367664
0.374236
0.700558
-2.28885
-2.20665
-1.19866
0.173263
-7.25115
-7.17743
-5.50237
-3.87243
-8.70364
-9.3559
-7.75295
-6.14686
-5.99507
-6.46803
-6.3568
-6.10582
-4.63928
-4.94508
-5.16012
-5.25264
-4.05205
-4.1732
-4.25661
-4.29857
-3.80535
-3.8652
-3.90189
-3.91164
-3.72854
-3.76318
-3.78345
-3.78782
-3.74798
-3.77463
-3.79259
-3.80111
-3.82203
-3.84783
-3.86912
-3.88574
-3.92556
-3.9526
-3.97803
-4.00199
-4.0427
-4.07056
-4.09843
-4.12666
-4.16428
-4.19163
-4.21976
-4.2489
-4.28596
-4.31134
-4.33777
-4.36533
-4.40659
-4.42899
-4.45224
-4.47653
-4.52635
-4.54526
-4.5646
-4.58458
-4.64611
-4.66139
-4.67664
-4.692
-4.76723
-4.77916
-4.79073
-4.80202
-4.89105
-4.90027
-4.90906
-4.91741
-5.01835
-5.02552
-5.03238
-5.03886
-5.14908
-5.1546
-5.15989
-5.16491
-5.28294
-5.28718
-5.29119
-5.29494
-5.42005
-5.42349
-5.42689
-5.43023
-5.56005
-5.56313
-5.56645
-5.57004
-5.70248
-5.70548
-5.70903
-5.71322
273.972
178.976
62.8785
-4.27399
-6.0049
-6.47297
-4.13426
139.344
141.144
142.445
141.518
140.618
141.446
142.2
142.141
142.473
143.058
143.066
181.983
204.55
71.5458
-2.52526
-5.63501
-7.80087
-10.1302
-6.59452
144.37
137.071
142.041
142.408
141.267
141.535
142.278
143.325
143.096
143.03
143.13
170.789
108.878
-1.22376
-3.27569
-4.42177
-9.58966
-12.2752
-14.1773
109.306
124.819
139.816
143.037
141.296
141.627
141.725
143.305
143.032
142.995
143.306
172.255
6.65238
-1.36549
-2.08485
-2.79831
-11.5632
-50.107
-92.3173
50.1224
88.9245
101.057
141.335
140.938
141.255
141.662
142.434
142.803
142.92
143.439
180.311
-0.8041
-0.91467
-0.953594
-0.773005
-2.68269
-5.31533
-8.90031
-27.5256
-27.1872
79.1226
135.234
140.624
140.814
141.392
141.728
142.543
142.679
142.122
192.558
1.78724
-0.345753
-0.0937366
0.68473
1.08062
2.23465
5.50557
-2.95894
-88.2066
72.7416
138.188
140.469
140.594
141.113
141.584
142.27
142.49
146.491
215.69
6.00993
1.22273
0.526474
2.2663
2.20952
3.36196
5.10144
7.15485
19.9588
90.4989
138.544
140.548
140.556
140.997
141.196
141.909
142.15
149.305
241.097
1.88712
0.900518
0.960622
1.28163
2.19571
3.85835
4.61921
4.86029
14.0683
30.2499
136.875
140.25
140.491
140.991
141.221
141.673
142.459
165.013
241.174
1.49499
1.78611
1.09388
0.851207
3.75529
4.51649
4.56527
4.18029
9.18931
12.6839
141.565
139.587
140.175
140.941
142.128
142.413
142.266
142.776
242.28
1.41924
1.53286
6.52508
-3.13914
3.19139
1.58299
12.5865
9.04326
9.56188
10.5659
52.0806
139.784
139.683
140.388
140.423
140.649
141.18
160.775
258.556
1.43957
1.71849
2.10957
2.47083
3.5757
4.17395
5.9983
7.68031
9.00257
9.98987
9.38291
136.334
139.056
138.304
124.172
73.1141
82.3334
116.142
179.949
1.59148
1.90277
2.19492
2.54738
3.11819
4.01646
5.41179
6.93395
8.41083
9.90369
10.2438
21.4582
135.366
117.833
104.465
84.8793
77.2798
123.475
187.514
1.58588
1.91474
2.24419
2.65138
3.18993
3.89454
4.81549
6.00134
7.68861
9.68087
9.58586
39.232
247.539
166.801
129.441
86.8222
100.009
176.785
230.185
1.49356
1.86682
2.24927
2.67442
3.12459
3.55726
3.94057
3.67992
6.19694
-26.2781
27.6825
180.772
285.278
174.639
86.3368
46.129
127.513
230.045
270.76
1.40497
1.80825
2.20876
2.62642
2.99752
3.18714
2.81852
-0.0213743
-2.04237
-1.03361
2.894
44.2109
113.492
91.01
60.6493
78.1
177.511
253.286
256.9
1.31453
1.74045
2.13181
2.54199
2.86631
2.8045
1.90762
-0.778776
-1.64178
-0.989085
-0.689349
-2.14188
33.4536
52.3319
53.122
70.6729
158.416
249.43
172.471
1.21139
1.6704
2.01499
2.39873
2.76508
2.47596
1.61933
0.346219
-0.247011
-0.317366
-0.583089
-1.74722
-6.23081
2.23841
28.6901
10.2543
11.9296
69.1622
41.9921
1.11112
1.61768
1.85654
2.03877
2.36382
2.06465
1.31639
0.62715
0.344549
-0.240481
-2.11082
-2.84118
-3.76148
-5.08902
-3.40475
-2.44447
-1.1879
1.59107
-11.5427
-1.14824
0.958656
1.50295
1.13913
0.403696
0.943037
0.817198
0.436235
0.234936
-1.75459
-3.0118
-3.5435
-4.36484
-5.0656
-4.43486
-3.34397
-2.8912
-2.85551
21.7957
-5.12979
-3.34013
-1.34056
-0.570741
-1.27323
-1.23302
-0.0873234
-0.295246
-0.731148
-3.28531
-4.07433
-4.58489
-5.04758
-5.39086
-5.12164
-4.18896
-3.29604
-3.41317
0.31413
-5.61259
-4.69553
-3.66478
-2.95425
-1.98954
-2.04098
-1.72362
-2.02166
-3.11328
-4.72512
-5.10162
-5.38448
-5.58054
-5.86675
-5.91021
-5.39017
-3.79093
-3.60382
-0.414593
-5.24032
-4.6349
-3.8478
-3.33718
-3.06621
-3.38585
-4.97771
-4.25365
-4.91369
-6.28999
-6.53524
-6.48722
-5.76599
-5.71322
-5.64039
-5.25404
-4.15123
-3.79686
-3.38053
-4.27496
-3.99458
-3.5753
-3.31748
-3.47941
-4.17342
-5.12691
-5.20683
-4.48611
-5.77908
-6.48625
-6.37466
-5.42004
-4.83235
-4.68573
-3.90589
-4.25069
-7.45882
-1.24493
-3.86029
-3.66753
-3.39846
-3.2163
-3.34759
-3.95258
-4.3304
-3.67256
-3.06973
-3.95657
-4.80511
-4.91996
-4.44972
-3.84237
-3.35452
-2.58925
-3.4561
-1.33631
-0.387381
-3.75298
-3.63228
-3.45697
-3.29915
-3.32406
-3.47989
-2.89876
-2.1795
-2.2972
-3.06368
-3.70922
-3.90517
-3.70922
-3.31695
-2.79483
-2.24698
-3.08091
-2.97219
-1.73426
-3.79422
-3.74464
-3.67215
-3.61336
-3.70337
-3.78335
-2.11674
-1.5025
-2.14957
-2.85906
-3.32452
-3.44299
-3.30341
-3.03591
-2.70876
-2.50236
-3.55761
-3.22174
-2.8397
-3.90991
-3.92653
-3.96422
-4.10595
-4.67722
-5.69916
-3.12359
-1.76016
-2.52201
-2.97087
-3.26227
-3.26864
-3.10569
-2.90332
-2.73034
-2.74019
-3.22867
-2.95411
-2.62612
-4.04997
-4.11591
-4.22863
-4.48044
-5.14505
-6.20803
-4.7262
-3.14079
-3.05505
-3.31115
-3.44528
-3.30123
-3.0433
-2.82527
-2.64531
-2.5401
-2.57594
-2.39797
-1.8454
-4.18771
-4.27569
-4.40719
-4.6312
-5.01561
-5.55123
-4.9578
-4.07554
-4.03884
-4.12967
-3.89705
-3.54746
-3.11301
-2.82156
-2.55136
-2.31561
-2.17548
-2.12229
-1.68799
-4.31267
-4.40183
-4.51696
-4.6661
-4.83273
-5.00801
-4.85978
-4.65783
-4.9236
-5.05304
-4.5058
-3.92486
-3.33554
-2.97486
-2.63149
-2.26278
-2.12452
-2.15754
-1.78794
-4.42523
-4.50567
-4.59866
-4.6917
-4.70209
-4.78736
-4.88717
-4.84734
-5.96234
-5.64098
-5.09955
-4.35164
-3.69094
-3.33837
-3.08027
-2.54346
-2.31475
-2.38262
-1.99274
-4.52905
-4.59833
-4.67879
-4.7757
-4.85328
-4.9072
-4.93419
-4.95672
-5.21693
-5.31142
-5.11911
-4.54708
-4.05971
-3.82525
-3.86309
-4.10816
-3.47099
-2.75544
-2.62684
-4.62734
-4.68293
-4.75063
-4.86753
-5.0741
-4.99426
-4.94669
-4.92683
-4.92531
-4.98901
-4.91763
-4.59358
-4.32056
-4.2196
-4.38191
-4.79936
-4.66354
-3.86467
-3.34331
-4.72393
-4.76231
-4.8015
-4.8525
-4.94412
-4.95888
-4.94553
-4.90846
-4.84348
-4.8566
-4.79405
-4.61245
-4.45815
-4.40056
-4.49306
-4.90419
-4.78257
-4.70511
-3.77647
-4.82452
-4.84915
-4.87094
-4.87876
-4.90382
-4.96602
-4.98518
-4.95461
-4.89349
-4.86396
-4.76636
-4.62209
-4.50781
-4.47304
-4.47934
-5.00557
-4.91965
-4.85167
-4.55522
-4.93359
-4.95092
-4.97033
-4.9581
-4.98409
-5.0492
-5.09074
-5.07374
-4.97337
-4.90743
-4.77351
-4.62246
-4.50405
-4.53869
-5.01131
-5.11277
-5.05157
-5.02102
-4.93523
-5.05196
-5.06552
-5.08712
-5.08882
-5.1141
-5.17809
-5.25939
-5.28278
-5.09239
-4.98921
-4.80056
-4.61458
-4.42827
-4.46234
-5.33172
-5.20566
-5.1783
-5.14559
-3.78806
-5.17547
-5.18726
-5.20072
-5.20803
-5.24349
-5.3212
-5.46593
-5.53186
-5.24587
-5.07768
-4.85515
-4.62345
-4.38745
-4.33187
-5.25533
-5.29001
-5.33514
-5.35783
-4.60007
-5.30231
-5.30788
-5.31266
-5.33238
-5.3747
-5.45426
-5.63885
-5.71093
-5.4474
-5.21816
-4.98507
-4.68251
-4.67421
-5.28611
-5.3442
-5.42008
-5.4867
-5.57566
-5.12193
-5.4372
-5.44485
-5.45476
-5.47693
-5.51259
-5.56396
-5.69196
-5.71047
-5.68645
-5.50301
-5.29054
-4.80416
-4.98971
-5.48368
-5.52187
-5.56244
-5.61287
-5.68112
-5.24067
-5.57833
-5.59026
-5.60691
-5.63195
-5.66149
-5.68213
-5.68229
-5.65649
-6.00823
-5.90639
-6.08137
-4.31782
-5.69557
-5.68096
-5.70286
-5.71312
-5.6713
-5.64254
-4.46751
-5.72382
-5.74123
-5.76611
-5.79809
-5.82999
-5.84782
-5.84973
-5.93542
-7.10126
-6.1769
-8.25902
-7.1621
-6.01317
-5.91691
-5.91261
-5.91521
-5.8864
-5.85011
-5.65691
)
;

boundaryField
{
    leftWall
    {
        type            calculated;
        value           nonuniform List<scalar> 
100
(
510.409
451.063
390.361
329.572
269.967
213.078
159.434
107.538
41.0905
1.53627
1.36718
1.15303
0.96984
0.800443
0.637359
0.475511
0.311935
0.144709
-0.026336
-0.198551
-0.369193
-0.541123
-0.716606
-0.89504
-1.07583
-1.25872
-1.44337
-1.62942
-1.8165
-2.00418
-2.19197
-2.37944
-2.56638
-2.75257
-2.93799
-3.12262
-3.30627
-3.48871
-3.66971
-3.84904
-4.02671
-4.203
-4.3784
-4.55333
-4.72804
-4.90257
-5.0769
-5.25103
-5.425
-5.59884
481.009
420.785
359.911
299.521
241.143
185.876
133.469
81.1158
6.9118
1.45879
1.25681
1.05864
0.883866
0.718538
0.556481
0.39409
0.228844
0.0595738
-0.11256
-0.284001
-0.454745
-0.628434
-0.805507
-0.985158
-1.16704
-1.35085
-1.53624
-1.72286
-1.9103
-2.09809
-2.28576
-2.47298
-2.65959
-2.84537
-3.03042
-3.21458
-3.39766
-3.57941
-3.75959
-3.93807
-4.115
-4.29078
-4.4659
-4.64071
-4.81533
-4.98976
-5.16399
-5.33803
-5.51194
-5.68571
)
;
    }
    rightWall
    {
        type            calculated;
        value           nonuniform List<scalar> 
100
(
2422.16
2301.94
2034.66
1626.04
1157
750.041
445.218
276.665
181.983
170.789
172.255
180.311
192.558
215.69
241.097
241.174
242.28
258.556
179.949
187.514
230.185
270.76
256.9
172.471
41.9921
-11.5427
21.7957
0.31413
-0.414593
-3.38053
-1.24493
-0.387381
-1.73426
-2.8397
-2.62612
-1.8454
-1.68799
-1.78794
-1.99274
-2.62684
-3.34331
-3.77647
-4.55522
-4.93523
-3.78806
-4.60007
-5.12193
-5.24067
-4.46751
-5.65691
2455.34
2373.13
2187.9
1845.25
1391.15
939.564
583.548
345.638
208.872
173.993
169.615
176.492
185.059
202.927
229.652
244.777
238.357
251.99
236.495
170.14
207.279
254.514
271.125
229.178
97.6997
4.95257
10.8917
6.13873
-0.483971
-1.89529
-4.34105
2.04468
-0.737305
1.17425
-2.86364
-2.14877
-1.71321
-1.7262
-1.8778
-2.17834
-3.1263
-3.832
-3.76963
-4.81297
-4.57451
-3.56436
-4.85634
-5.49139
-4.90865
-4.89636
)
;
    }
    lowerWall
    {
        type            calculated;
        value           nonuniform List<scalar> 
124
(
523.603
523.252
529.359
541.762
554.338
564.921
577.149
592.372
610.27
630.515
652.759
676.632
701.716
727.602
753.922
779.597
800.685
808.834
823.776
831.32
832.479
848.822
903.36
856.039
781.29
710.406
658.664
617.431
572.478
522.776
469.491
431.844
441.756
426.083
390.153
398.19
337.901
325.698
326.141
323.687
323.787
323.932
323.843
376.435
379.125
388.825
377.681
701.615
885.816
670.459
629.107
852.096
984.574
292.513
188.783
187.264
183.241
192.233
266.017
772.439
2668.47
2461.12
525.124
522.745
525.454
534.917
548.399
559.652
570.662
584.405
601.006
620.121
641.41
664.517
689.049
714.582
740.733
767.025
791.053
806.661
811.919
834.485
830.797
826.971
891.537
428.001
440.517
435.926
412.013
407.857
371.416
386.581
382.723
440.075
898.765
772.893
627.753
687.238
1137.91
532.731
210.466
186.56
186.51
181.456
227.289
349.973
1758.77
2654.87
888.646
819.764
743.867
682.034
637.853
595.822
547.845
495.868
359.968
327.995
327.823
324.137
323.72
323.875
323.965
305.295
)
;
    }
    atmosphere
    {
        type            calculated;
        value           nonuniform List<scalar> 
92
(
-5.72904
-5.72904
-5.72904
-5.72904
-5.72904
-5.72904
-5.72904
-5.72904
-5.72904
-5.72904
-5.72904
-5.72904
-5.72904
-5.72904
-5.72904
-5.72904
-5.72904
-5.72904
-5.72904
-5.72915
-5.73003
-5.73205
-5.73558
-5.73869
-5.74172
-5.74539
-5.7498
-5.76116
-5.78026
-5.80816
-5.84372
-5.87865
-5.89663
-5.88283
-6.02508
-8.88254
-5.75702
-9.57073
-6.65972
-6.07486
-5.97223
-5.97059
-5.97849
-5.95435
-5.94649
-5.72904
-5.72904
-5.72904
-5.72904
-5.72904
-5.72904
-5.72904
-5.72904
-5.72904
-5.72904
-5.72904
-5.72904
-5.72904
-5.72904
-5.72904
-5.72904
-5.72904
-5.72904
-5.72904
-5.72904
-5.72904
-5.72946
-5.73087
-5.73359
-5.73738
-5.74013
-5.74347
-5.7475
-5.75403
-5.76977
-5.79301
-5.82532
-5.86207
-5.89115
-5.89122
-5.83849
-6.37395
-7.01491
-5.8258
-11.168
-6.63438
-5.96018
-5.96362
-5.97818
-5.96589
-5.89211
-6.2737
)
;
    }
    defaultFaces
    {
        type            empty;
    }
}


// ************************************************************************* //
