/*--------------------------------*- C++ -*----------------------------------*\
| =========                 |                                                 |
| \\      /  F ield         | OpenFOAM: The Open Source CFD Toolbox           |
|  \\    /   O peration     | Version:  v1912                                 |
|   \\  /    A nd           | Website:  www.openfoam.com                      |
|    \\/     M anipulation  |                                                 |
\*---------------------------------------------------------------------------*/
FoamFile
{
    version     2.0;
    format      ascii;
    class       volScalarField;
    location    "0.6";
    object      p_rgh;
}
// * * * * * * * * * * * * * * * * * * * * * * * * * * * * * * * * * * * * * //

dimensions      [1 -1 -2 0 0 0 0];


internalField   nonuniform List<scalar> 
9072
(
525.153
522.745
525.454
534.917
548.399
559.652
570.662
584.405
601.006
620.121
641.41
664.517
689.049
714.582
740.733
767.025
791.053
806.661
811.919
834.485
830.797
826.971
891.537
523.788
521.496
523.898
533.147
547.473
559.046
570.088
583.808
600.48
619.676
641.036
664.217
688.816
714.363
740.376
766.242
790.492
809.708
808.194
832.215
835.731
792.694
863.008
521.772
519.304
520.491
529.041
545.529
557.903
568.964
582.715
599.402
618.646
640.128
663.495
688.291
713.97
739.925
765.36
788.856
807.776
815.457
838.762
847.56
758.458
827.999
520.242
516.571
515.275
520.656
542.088
556.736
567.591
581.218
597.822
617.082
638.733
662.388
687.513
713.463
739.535
764.885
788.272
807.849
822.027
841.85
851.247
771.954
839.034
520.722
513.524
507.639
505.847
536.206
555.921
566.083
579.382
595.769
614.993
636.862
660.919
686.512
712.89
739.263
764.788
788.428
808.981
826.114
843.751
853.844
834.128
864.785
524.314
511.299
501.157
493.85
532.284
555.321
564.214
577.094
593.178
612.33
634.499
659.089
685.309
712.289
739.155
765.088
789.231
810.784
829.661
847.267
860.043
862.007
886.911
530.766
512.531
498.662
490.762
531.63
552.774
561.596
574.185
589.913
608.977
631.595
656.882
683.909
711.684
739.239
765.778
790.593
813.121
833.308
851.642
866.788
878.453
901.056
537.271
518.589
500.696
463.447
519.578
546.466
557.803
570.515
585.858
604.791
628.103
654.263
682.307
711.089
739.535
766.852
792.458
815.924
837.221
856.542
873.51
889.284
910.258
380.788
371.416
386.581
382.723
440.075
898.765
772.893
627.753
687.238
1137.91
532.731
210.466
186.56
186.51
181.456
227.289
349.973
1758.77
2654.87
343.243
325.45
348.134
328.957
355.551
797.108
695.184
556.914
634.155
984.201
179.452
150.555
152.34
164.353
168.795
174.751
197.943
1239.19
2481.51
361.872
323.566
323.53
323.805
394.671
642.937
572.575
447.824
518.949
366.215
153.158
149.642
149.362
148.849
146.655
145.886
143.437
435.336
2237.47
331.501
323.56
323.467
323.8
471.056
511.86
427.522
269.726
539.18
145.906
150.412
148.866
148.912
148.765
146.724
145.153
142.869
228.139
1791.2
324.031
323.641
323.345
487.287
473.444
395.354
300.454
59.0426
538.65
148.578
148.594
148.931
148.878
150.088
147.499
144.527
143.192
233.046
1263.5
324.215
323.67
415.879
569.575
465.534
163.99
-1.74309
0.159299
421.717
147.386
147.238
148.965
151.2
149.232
143.818
143.571
146.035
149.216
711.801
324.363
370.829
650.768
572.151
454.333
44.9687
-3.49839
-9.09873
399.681
146.745
146.295
147.801
150.524
146.77
142.66
142.2
143.161
144.361
294.039
742.996
723.852
660.222
578.259
353.704
23.5343
-4.01364
-0.808039
318.058
145.568
144.362
145.355
147
143.008
142.351
141.99
142.922
143.426
241.272
101.65
403.95
207.39
139.19
403.819
483.781
524.713
557.057
578.925
597.773
622.934
650.379
679.988
710.324
740.233
768.745
795.489
820.101
842.666
863.284
882.14
899.734
917.794
2.14883
2.13466
3.71359
2.04416
1.83591
1.82514
1.92431
2.0377
2.19499
56.3675
201.938
416.825
639.007
709.221
742.742
773.145
802.095
828.603
852.973
875.297
896.34
916.877
937.508
2.07196
2.08901
2.00496
1.88879
1.75549
1.83644
1.93226
2.00601
2.07779
2.06725
2.11283
2.16135
2.23591
75.3131
284.2
609.198
810.696
838.015
863.791
887.182
909.506
931.704
955.692
1.99899
2.00273
1.96725
1.92827
1.8741
1.89471
1.93997
1.98555
2.0216
2.10788
2.08958
2.12696
2.15306
2.18431
2.23948
2.25214
15.7351
110.682
425.369
705.671
883.965
940.743
969.316
1.94941
1.96176
1.94318
1.92297
1.90649
1.91486
1.94069
1.97245
2.00373
2.0354
2.07053
2.10264
2.13498
2.16777
2.21182
2.25452
2.28335
2.32905
2.38953
2.41399
2.48896
2.69585
166.931
1.90928
1.9229
1.91411
1.90665
1.90397
1.91244
1.9314
1.95662
1.98475
2.01517
2.04746
2.08163
2.11703
2.15497
2.19626
2.23637
2.28275
2.33395
2.38428
2.43198
2.47785
2.54506
2.62041
1.87241
1.88715
1.88395
1.88306
1.88645
1.89658
1.91361
1.93597
1.96221
1.99167
2.02416
2.05936
2.09714
2.13737
2.18184
2.22684
2.27715
2.33113
2.38677
2.44553
2.50903
2.57549
2.64406
1.83521
1.85163
1.85123
1.85401
1.86064
1.87223
1.88901
1.91048
1.93599
1.96515
1.99778
2.03374
2.07299
2.11566
2.16193
2.21252
2.26728
2.32572
2.3867
2.45044
2.51807
2.59396
2.6514
1.79516
1.81423
1.81565
1.82058
1.8291
1.84175
1.85875
1.87998
1.90523
1.93433
1.96724
2.00399
2.04471
2.08965
2.13914
2.19355
2.25277
2.31588
2.38088
2.44443
2.50353
3.30259
3.38652
1.75109
1.77369
1.77691
1.7833
1.793
1.80634
1.82354
1.84467
1.86976
1.89881
1.93193
1.96933
2.01127
2.05815
2.11046
2.16864
2.23258
2.30115
2.37142
2.43677
2.49227
2.93334
3.36612
1.70415
1.72998
1.73517
1.7426
1.75297
1.76663
1.78381
1.80472
1.8295
1.85832
1.89138
1.92903
1.97171
2.01999
2.0746
2.1362
2.205
2.2802
2.35945
2.43668
2.50997
2.54625
2.88426
1.6579
1.6845
1.69092
1.69885
1.70941
1.72298
1.73984
1.76024
1.78442
1.81263
1.84517
1.88248
1.92517
1.974
2.02997
2.09412
2.16708
2.2488
2.33807
2.43033
2.51891
2.57373
2.99737
1.61235
1.63848
1.64453
1.65227
1.66253
1.67563
1.69183
1.71138
1.73454
1.76164
1.79302
1.82921
1.87092
1.91908
1.97494
2.03993
2.11513
2.20118
2.29818
2.40372
2.51009
2.59671
2.62219
1.56386
1.5908
1.59574
1.60286
1.61247
1.62477
1.63996
1.65827
1.67997
1.70538
1.73486
1.76895
1.80845
1.85438
1.90815
1.97139
2.04552
2.13184
2.23138
2.34384
2.46477
2.58407
2.68989
1.51198
1.54009
1.54424
1.55062
1.55937
1.5706
1.58447
1.60117
1.62093
1.64403
1.6708
1.70174
1.73765
1.77954
1.82877
1.88696
1.95564
2.03639
2.13103
2.2408
2.36503
2.49973
2.65038
1.45753
1.48656
1.49013
1.49572
1.50345
1.51341
1.52568
1.54042
1.55778
1.57798
1.60124
1.628
1.65891
1.69484
1.73688
1.78632
1.84442
1.91251
1.9926
2.08697
2.19804
2.3295
2.4966
1.40084
1.43067
1.43367
1.43843
1.44504
1.45354
1.464
1.47646
1.49104
1.50781
1.52689
1.54853
1.57317
1.60135
1.63366
1.67072
1.71299
1.76065
1.81441
1.87567
1.94645
2.03505
2.16486
1.34223
1.37274
1.3752
1.37909
1.38449
1.39144
1.3999
1.40987
1.42135
1.43431
1.44869
1.46452
1.48191
1.50094
1.52151
1.54327
1.56524
1.58533
1.60058
1.60671
1.59546
1.55898
1.48267
1.28203
1.3131
1.31504
1.31806
1.32224
1.32756
1.33394
1.34128
1.34948
1.3584
1.3678
1.37744
1.38706
1.3962
1.40397
1.40886
1.40803
1.39631
1.36487
1.2977
1.16049
0.872639
0.162797
1.22061
1.2521
1.25357
1.25575
1.25871
1.2624
1.26668
1.27136
1.27627
1.28112
1.28549
1.28892
1.29078
1.29008
1.28519
1.27351
1.25048
1.20796
1.13148
0.993174
0.730658
0.177393
-1.19475
1.15836
1.19012
1.19119
1.19256
1.19435
1.19646
1.1987
1.20081
1.20253
1.20347
1.20307
1.20062
1.19524
1.18553
1.1693
1.14321
1.1017
1.03519
0.926963
0.746261
0.430562
-0.165314
-1.40196
1.09576
1.12758
1.12827
1.12891
1.12961
1.13024
1.13057
1.13028
1.12904
1.12642
1.12172
1.11406
1.10237
1.08507
1.05976
1.02277
0.968477
0.887759
0.766258
0.579446
0.287386
-0.174579
-0.887684
1.03328
1.06491
1.06523
1.06518
1.06489
1.06418
1.06278
1.06035
1.05651
1.05075
1.04238
1.03041
1.01365
0.990526
0.958741
0.914795
0.85376
0.768287
0.647906
0.478165
0.240411
-0.085217
-0.507162
0.971257
1.00248
1.00241
1.00175
1.00057
0.998677
0.995777
0.99152
0.985485
0.977147
0.965799
0.950501
0.930038
0.90291
0.867103
0.819758
0.756945
0.673423
0.562796
0.418056
0.232921
0.00565108
-0.25185
0.909845
0.940577
0.94013
0.938919
0.936983
0.934084
0.929937
0.924174
0.916397
0.906066
0.892485
0.874784
0.851884
0.822459
0.784843
0.736862
0.675679
0.597921
0.500208
0.380032
0.237073
0.0757526
-0.0904733
0.849258
0.879417
0.878622
0.876954
0.874385
0.870668
0.865517
0.858596
0.84951
0.837749
0.82266
0.803462
0.779237
0.748908
0.711192
0.664511
0.606946
0.53651
0.451753
0.352477
0.240572
0.121352
0.00527107
0.789404
0.819089
0.81806
0.816045
0.81299
0.808636
0.802727
0.794969
0.78499
0.772322
0.756385
0.736494
0.711878
0.681698
0.645042
0.600845
0.547872
0.485009
0.411825
0.329102
0.239171
0.146381
0.057671
0.730438
0.759639
0.758471
0.756309
0.752935
0.748135
0.741701
0.7334
0.72291
0.709801
0.693567
0.673637
0.649382
0.620144
0.585292
0.544174
0.496057
0.440332
0.376992
0.307024
0.232479
0.156376
0.0827819
0.672557
0.701164
0.700073
0.697823
0.69428
0.689228
0.682496
0.673918
0.663241
0.650089
0.634017
0.614552
0.5912
0.563469
0.530906
0.493118
0.44972
0.40041
0.345305
0.285244
0.221743
0.156693
0.0921716
0.616
0.643928
0.642938
0.640651
0.637043
0.631909
0.625097
0.616485
0.605892
0.593014
0.57747
0.558861
0.536796
0.510925
0.480932
0.446554
0.407598
0.363968
0.315809
0.263709
0.208645
0.15169
0.0937483
0.561012
0.588003
0.587139
0.584854
0.58124
0.576147
0.569442
0.561019
0.55074
0.538376
0.523629
0.506166
0.485663
0.46186
0.434549
0.403559
0.368786
0.330243
0.288098
0.242714
0.194631
0.144399
0.0923376
0.507724
0.533607
0.532774
0.530465
0.526872
0.5219
0.515441
0.507391
0.497629
0.485977
0.472215
0.456084
0.437309
0.41568
0.391067
0.363384
0.332585
0.298717
0.261942
0.222482
0.180586
0.136496
0.0903102
0.455993
0.480834
0.479828
0.477446
0.473893
0.4691
0.462977
0.455435
0.446357
0.435586
0.422948
0.40825
0.391279
0.37186
0.349918
0.325441
0.298429
0.268925
0.23706
0.202983
0.166801
0.128606
0.0884482
0.405408
0.429479
0.428145
0.425667
0.422185
0.417624
0.411908
0.404965
0.396688
0.386923
0.37551
0.362309
0.347171
0.329973
0.310672
0.289295
0.265871
0.240433
0.213088
0.183969
0.153151
0.120683
0.0866378
0.35548
0.379156
0.377457
0.374928
0.37158
0.36732
0.36208
0.355801
0.348389
0.339698
0.329579
0.317921
0.304638
0.289666
0.272975
0.254586
0.234538
0.212875
0.189696
0.165148
0.139343
0.112341
0.0842493
0.305861
0.329409
0.327508
0.325026
0.321899
0.318027
0.313336
0.30777
0.301255
0.293666
0.284872
0.27479
0.263384
0.250623
0.236476
0.220944
0.204068
0.185919
0.166603
0.146269
0.125061
0.103081
0.0804681
0.256439
0.279976
0.278094
0.275779
0.272972
0.269573
0.265499
0.260691
0.255092
0.248613
0.241156
0.232668
0.223132
0.212528
0.200821
0.187999
0.174109
0.159244
0.143515
0.127051
0.109987
0.0924471
0.074585
0.207202
0.230796
0.229107
0.227067
0.224661
0.221802
0.2184
0.214387
0.209722
0.204362
0.19825
0.19135
0.183639
0.175096
0.165696
0.155435
0.144358
0.132556
0.120136
0.107196
0.0938339
0.0801552
0.0662917
0.158166
0.181866
0.180468
0.178783
0.176836
0.174562
0.171869
0.168679
0.164967
0.160738
0.155973
0.150632
0.144674
0.138078
0.13085
0.123004
0.114572
0.105624
0.0962466
0.0865028
0.0764343
0.0661033
0.0555956
0.109322
0.133181
0.132123
0.130843
0.129391
0.127723
0.125756
0.123411
0.120674
0.117584
0.114148
0.110315
0.106031
0.101286
0.0961133
0.090546
0.0845988
0.0783068
0.0717183
0.0648593
0.0577182
0.0502707
0.0425229
0.0606025
0.0846789
0.0839838
0.083143
0.0822072
0.08115
0.0799108
0.0784237
0.0766784
0.074727
0.0725816
0.0701933
0.0675156
0.0645496
0.0613338
0.0579078
0.0542806
0.0504472
0.0464133
0.0421347
0.0376329
0.0326755
0.0271338
0.012027
0.0362652
0.0359541
0.0355838
0.0351782
0.0347293
0.0342065
0.0335761
0.0328316
0.0320043
0.0311022
0.0300997
0.0289717
0.0277246
0.0263841
0.0249699
0.0234871
0.0219224
0.0202809
0.0185765
0.0164245
0.0136338
0.009882
898.871
911.387
906.796
882.85
950.535
953.006
951.466
941.243
975.943
983.852
986.219
979.836
999.551
1016.1
1025.93
1024.53
658.459
944.772
1091.01
1091.1
2.681
2.72956
4.18563
900.26
2.71124
2.76526
2.79586
3.32521
2.69777
2.73848
2.81
2.84747
2.8743
2.65065
2.73176
2.85412
3.05298
2.53564
2.64734
2.84016
2.72808
2.52002
2.6348
2.80257
2.5975
2.69626
2.7758
2.95274
3.37812
3.47993
3.63359
3.79324
2.82632
2.95982
3.07093
3.22367
2.82974
2.95233
3.09952
3.26476
2.72047
2.87702
3.05847
3.2538
2.41393
2.62313
2.8979
3.18322
1.51716
1.72753
3.3399
3.01771
-0.970389
23.3438
28.4526
29.8307
-4.26036
23.2707
24.2994
26.4076
-3.63892
-4.57759
-1.07973
-3.15132
-1.75371
-2.27153
-2.64947
-2.80785
-0.921978
-1.12795
-1.28401
-1.38677
-0.467841
-0.564479
-0.634778
-0.672064
-0.216738
-0.268643
-0.304115
-0.320073
-0.0790554
-0.113239
-0.137125
-0.149003
-0.00790079
-0.0363665
-0.0590127
-0.074854
0.0252205
-0.00236157
-0.0273459
-0.049331
0.0384685
0.0106215
-0.0166386
-0.0433075
0.0432124
0.0156718
-0.0123543
-0.0409497
0.0456809
0.019637
-0.00737173
-0.0354072
0.0484431
0.0249167
0.000452657
-0.0250729
0.0519844
0.0315725
0.0105853
-0.0111705
0.055928
0.038905
0.0217437
0.00431679
0.0592185
0.0455673
0.0321519
0.0189062
0.0606112
0.0499401
0.0396737
0.0298261
0.0590841
0.0508087
0.042866
0.0353409
0.0542791
0.0478657
0.0416801
0.0357594
0.0464195
0.0415009
0.0367949
0.0323522
0.0355761
0.0317635
0.0280578
0.0245289
0.0217508
0.0186019
0.0153356
0.0119813
0.00558553
0.00277391
-0.000421338
-0.00403984
810.732
763.598
675.2
565.489
30.4677
-4.87025
-3.8996
87.6482
250.375
143.347
143.425
141.576
141.636
145.062
142.322
142.197
143.337
143.492
312.942
911.432
818.743
691.568
48.3589
-6.06221
-7.25529
-6.74992
298.499
140.916
141.764
143.246
141.754
141.845
145.691
143.495
143.526
143.649
143.673
599.605
954.739
845.22
-0.463436
-3.38495
-5.64788
-9.37112
-9.11147
364.938
128.691
138.624
144.4
142.608
142.163
142.503
149.185
144.072
143.683
143.843
818.126
1003.02
175.203
-1.39472
-2.03326
-5.44495
-14.3414
114.143
172.039
102.902
140.01
291.442
143.694
142.168
142.576
148.642
144.299
143.837
143.903
1035.33
1075.86
0.172786
-0.376995
-0.403592
-2.2344
-5.40481
-30.9573
-18.0821
58.3454
1072.31
1129.26
149.908
141.821
142.337
142.617
145.877
143.769
143.724
1169.1
1086.71
0.574254
0.393641
1.28996
1.32956
0.701351
4.33081
-0.29451
625
1139.62
1240.87
331.786
141.704
142.099
142.771
147.274
143.641
200.867
1306.3
495.481
63.4106
1.44662
2.2881
3.07559
3.55229
5.50601
7.20955
351.283
1283.28
1365.12
463.64
141.765
142.072
142.444
145.342
143.469
212.127
1450.35
95.9843
669.433
4.18848
32.9186
13.4747
4.36312
5.53911
6.23477
908.312
534.759
1467.6
291.222
141.785
142.166
142.474
151.961
145.738
496.972
1586.87
3.04158
565.139
379.633
3.51741
16.9876
5.58136
6.27343
86.1454
1022.84
34.3508
1425.88
163.955
142.243
142.229
142.826
153.838
144.567
255.249
1698.97
3.03845
3.38797
640.432
280.523
38.0167
6.8357
127.293
795.115
37.7876
11.7394
343.322
440.569
141.565
142.633
143.085
145.913
144.352
145.546
1212.03
3.04851
3.24132
3.70021
255.124
432.689
459.593
379.199
13.4466
10.568
11.7153
101.824
1292.59
141.674
141.622
373.105
1186.49
612.799
471.968
1043.03
3.24241
3.68555
4.22578
4.25107
4.81566
5.22244
6.77557
8.3601
9.9002
11.3263
12.1296
811.222
503.968
141.004
1496.69
1624.17
211.616
227
1859.76
3.70555
3.83712
4.07271
4.44191
4.91466
5.54826
6.54643
7.82753
9.22202
11.0414
12.7333
18.0439
1021.37
1226.93
458.079
1973.43
247.857
2121.23
2189.27
3.47067
3.8491
4.19774
4.58401
5.0445
5.57399
6.1859
7.62998
11.3525
11.2695
393.831
1316.92
1483.56
962.446
798.068
2038.15
862.238
2208.73
2329.33
3.50158
3.90049
4.28829
4.69695
5.12176
5.49356
5.71228
5.75147
4.06585
630.848
1360.78
2295.07
2398.86
2393.57
2332.05
1845.18
2320.26
2454.15
2474.71
3.51909
3.95161
4.3549
4.76104
5.1607
5.38915
5.19411
4.96692
0.644878
0.801732
1.4733
265.547
2404.86
2431.68
2245.33
1964.03
2493.78
2608.33
2604.7
3.5255
3.99963
4.40047
4.7763
5.19527
5.30228
4.80825
3.36296
1.66357
1.66277
1.96485
2.59663
971.648
2502.15
2518.52
2512.85
2117.75
1656.29
1616.8
3.51685
4.0544
4.44327
4.80906
5.8676
5.23026
4.55579
3.63906
2.92033
2.7168
11.8587
0.852303
-0.162274
1076
2260.67
371.979
1.75283
98.6339
1452.48
31.8121
7.41909
4.51817
5.59113
19.191
19.2995
4.15388
3.57125
3.17809
6.22461
9.1164
-0.0967839
-0.832004
-1.90993
-2.41412
-0.897308
1.94989
22.9434
135.886
26.0256
29.688
30.5859
16.7462
4.38381
16.0802
15.8217
3.16729
2.86112
14.256
-0.410804
-0.599928
-1.44681
-2.0716
-2.15658
-1.28379
-0.455151
0.213356
4.76511
-2.77031
-2.0111
9.03458
16.9812
16.0215
1.74422
15.8802
2.67995
1.73299
12.9123
-1.32775
-1.67128
-2.1615
-2.54774
-2.73057
-1.91044
-0.943936
-0.39816
0.736794
-2.63071
-2.08066
-1.11898
-0.330687
11.5368
1.17462
15.5752
6.82818
-0.170743
11.1633
-1.69556
2.05951
2.12265
-2.09161
-2.76599
-0.602033
0.883915
-0.509655
5.02787
-1.45377
-1.29029
-0.641352
-0.238659
-0.0040109
0.573848
1.21692
13.2008
-1.32797
-2.52644
-1.76836
-0.551177
-2.96149
4.4716
3.07769
4.80034
0.307622
1.58867
458.36
-0.67209
-0.538353
-0.196638
0.0551358
0.192192
0.635166
-1.21857
-0.708097
-0.40731
-0.829895
-1.9511
-2.44014
-1.99536
-1.14544
6.14934
6.746
0.449454
301.123
612.025
-0.31198
-0.20924
-0.00990413
0.202187
0.404827
3.55515
-0.214793
0.265841
0.951434
0.589584
-0.300273
-0.793627
-0.710544
-0.287035
0.32999
0.957564
32.5552
23.8705
7.89398
-0.147662
-0.0930998
0.0167437
0.14744
0.918809
4.16089
0.543428
1.71643
1.7662
1.09779
0.398732
0.0378513
0.052195
0.305481
0.68656
1.1444
55.34
0.768712
28.3864
-0.0868289
-0.0837929
-0.0633414
-0.0646063
0.307576
4.13339
3.25913
3.06536
1.86535
1.16584
0.645357
0.426491
0.484321
0.679461
0.922267
1.09172
23.8128
1.3324
0.7023
-0.075326
-0.11729
-0.17367
-0.303104
-0.643763
-1.77051
84.3276
87.8147
12.0218
0.944983
0.629953
0.558807
0.719112
0.925496
1.11214
1.20553
2.23311
1.05166
1.25719
-0.0790701
-0.14929
-0.2476
-0.422959
-0.77821
-1.45091
75.3332
89.2022
5.87993
8.84903
8.03931
0.44362
0.790521
1.07847
1.31195
1.51245
1.76773
1.73455
1.77463
-0.0808202
-0.161353
-0.266698
-0.418879
-0.644264
1.93172
-0.685752
90.4687
5.68171
5.2288
9.47456
0.883508
0.691105
1.10334
1.41442
1.72896
1.98833
2.00298
2.00007
-0.0747412
-0.152987
-0.247121
-0.358007
-0.457721
-0.0414176
0.586513
4.27332
73.6165
4.60645
9.1946
4.16304
0.478235
0.955272
1.29028
2.7509
2.52221
2.10769
2.01444
-0.0609413
-0.130992
-0.211416
-0.299938
-0.373052
4.93614
4.66683
-0.518235
22.7661
6.20461
5.38298
-0.257743
0.252987
0.669873
0.88465
4.28954
96.6714
25.0614
1.85963
-0.0416735
-0.100676
-0.168857
-0.254759
1.54488
4.8873
-0.431162
-0.400357
-0.437742
9.52939
-0.259785
-0.314812
0.143457
0.409304
0.455041
18.6102
94.8006
91.3595
1.62719
-0.0197199
-0.0649362
-0.113853
-0.178282
-0.317207
-0.37028
-0.313439
-0.223669
-0.249947
7.62979
-0.253457
-0.0980289
0.143149
0.285578
1.86544
101.615
-0.0925819
-0.063799
25.816
0.00118069
-0.0301587
-0.0597028
-0.0856236
0.0401324
-0.0313262
-0.199961
-0.188587
-0.131851
3.91145
-0.0671916
0.0603015
0.212181
0.689708
1.44383
101.096
-0.120573
-0.0400811
75.6387
0.0170727
-0.00418564
-0.0243947
-0.01991
0.200802
-0.0844468
-0.135059
-0.143648
-0.0802673
5.13579
0.0570042
0.190734
0.324729
0.525193
0.798991
19.6008
-0.1439
-0.0972935
-0.106635
0.0257928
0.00964073
0.410525
0.13206
-0.0175312
-0.0684371
-0.128155
-0.179176
-0.110212
5.28914
0.144569
0.311543
0.468789
0.547498
92.8808
1.04313
-0.135937
-0.0907115
13.0245
0.0281158
0.0915688
0.548091
-0.0145321
-0.0248413
-0.0750482
-0.160663
-0.289633
0.347386
1.33959
0.208873
0.418949
0.629855
1.54064
94.0111
-0.103694
-0.128173
-0.157985
78.3959
0.0267363
0.0170552
0.0108832
0.00258689
-0.0241463
-0.0830035
-0.192792
-0.401234
3.41196
2.79286
0.235759
0.483487
0.709393
80.9885
0.217719
-0.0632556
-0.14059
-0.255264
29.9502
0.0200046
0.0123878
0.00814977
-0.00534248
-0.0355963
-0.0873308
-0.178544
-0.351707
3.42145
6.85269
0.144456
0.470039
19.0206
24.3525
-0.0273605
-0.0812045
-0.161255
-0.391148
-0.324913
0.0072923
-0.00197272
-0.0125506
-0.0304538
-0.0588029
-0.09297
-0.126702
0.00308782
0.150121
4.16017
-0.172226
0.606996
68.0576
1.36864
-0.0742348
-0.112034
-0.128549
-0.175051
0.0361565
-0.00958264
-0.0220574
-0.0390921
-0.0632082
-0.0928662
-0.118115
-0.117488
0.0168534
1.58833
-0.140278
-0.58049
16.9265
-0.25796
-0.173657
-0.158269
-0.173082
-0.158794
-0.0843442
0.0425608
523.603
523.252
529.359
541.762
554.338
564.921
577.149
592.372
610.27
630.515
652.759
676.632
701.716
727.602
753.922
779.597
800.685
808.834
823.776
831.32
832.479
848.822
903.36
522.541
521.938
527.563
540.381
553.66
564.335
576.558
591.802
609.787
630.106
652.422
676.368
701.501
727.343
753.38
778.733
800.848
811.268
817.947
837.276
816.367
809.974
893.335
520.404
519.347
523.407
537.064
552.357
563.203
575.454
590.715
608.725
629.128
651.602
675.746
701.056
726.955
752.774
777.479
799.101
813.553
822.54
855.645
793.044
773.504
876.296
517.861
515.841
515.918
530.431
550.847
561.93
574.015
589.17
607.136
627.629
650.34
674.805
700.427
726.531
752.364
776.926
798.659
815.584
830.182
853.981
796.207
784.24
873.323
515.636
511.181
503.694
518.158
549.294
560.732
572.325
587.209
605.035
625.619
648.655
673.568
699.653
726.128
752.19
776.919
799.156
817.88
834.623
852.241
845.283
842.378
888.002
515.506
507.556
493.313
508.919
548.583
559.335
570.218
584.753
602.364
623.063
646.541
672.046
698.761
725.787
752.29
777.438
800.367
820.497
838.586
855.154
861.107
870.411
904.83
520.29
506.55
489.441
508.055
546.802
556.682
567.501
581.649
598.987
619.881
643.969
670.231
697.771
725.54
752.682
778.442
802.164
823.478
842.708
859.873
872.473
887.892
915.711
529.104
510.852
485.416
481.251
538.968
551.982
563.939
577.774
594.748
615.977
640.912
668.098
696.691
725.404
753.378
779.901
804.47
826.832
847.128
865.38
881.173
899.208
922.592
376.435
379.125
388.825
377.681
701.615
885.816
670.459
629.107
852.096
984.574
292.513
188.783
187.264
183.241
192.233
266.017
772.439
2668.47
2461.12
324.556
336.381
348.807
326.014
592.549
787.678
607.15
557.741
763.916
405.623
153.886
149.458
158.768
167.489
170.047
179.881
397.171
2283.91
2433.7
322.916
323.127
323.708
324.699
527.161
639.871
494.485
461.33
449.947
162.781
150.742
149.318
149.33
147.779
145.845
145.548
174.147
1484.81
2315.99
322.844
322.977
323.646
420.293
482.925
485.918
359.557
350.722
303.02
150.638
149.543
148.795
149.029
147.83
145.778
144.757
145.699
945.097
2031.3
323.017
323.183
324.008
520.184
438.71
329.754
190.495
250.591
196.704
148.177
149.025
148.757
149.247
148.947
145.735
144.119
142.279
549.338
1638.92
323.42
323.714
592.212
521.473
398.594
20.0005
4.88685
65.9007
152.437
147.141
147.922
150.167
151.019
145.603
143.43
143.715
146.145
197.01
1245.63
323.869
631.912
614.531
522.36
275.218
0.845423
37.126
196.514
147.209
146.362
146.889
149.138
149.531
143.051
142.289
142.444
145.412
146.526
947.891
630.114
696.411
619.695
519.059
48.9606
-2.80113
96.802
252.264
143.755
144.824
144.967
147.006
147.044
142.77
142.01
142.26
144.769
144.017
768.109
463.399
321.772
91.0822
296.734
457.155
504.589
542.426
569.068
587.328
609.855
636.448
664.927
695.167
725.392
754.697
782.373
808.053
831.642
853.2
872.923
891.027
908.51
919.249
2.15647
3.23156
2.11632
1.92255
1.80332
1.87145
1.97991
2.09604
19.9161
114.543
305.633
527.77
692.03
726.265
757.992
788.061
815.509
841.142
864.305
885.98
906.579
927.3
946.832
2.10604
2.028
1.99181
1.77712
1.78961
1.88478
1.97194
2.05484
2.07614
2.08411
2.14683
2.16574
21.486
166.135
448.969
763.998
824.142
851.417
875.527
898.608
920.362
943.518
967.838
2.02209
1.97965
1.96369
1.88936
1.87857
1.91625
1.96427
2.00471
2.04727
2.08445
2.10938
2.13948
2.15911
2.21665
2.23535
2.3212
60.4608
243.532
544.563
839.993
910.902
955.499
985.575
1.96793
1.9516
1.93402
1.91222
1.9073
1.92639
1.95635
1.98838
2.01888
2.05199
2.08675
2.11873
2.15043
2.19086
2.23408
2.27548
2.30057
2.353
2.41164
2.42744
2.5824
60.9286
374.161
1.92607
1.91818
1.91018
1.90415
1.90666
1.92088
1.94346
1.97065
1.9997
2.03087
2.06467
2.09875
2.13667
2.17509
2.21552
2.25907
2.30793
2.35917
2.40801
2.4541
2.50608
2.5836
2.66712
1.88905
1.8851
1.88299
1.88396
1.89059
1.90431
1.92423
1.94864
1.9765
2.00755
2.04146
2.07788
2.11683
2.15946
2.20364
2.25134
2.30396
2.35859
2.41568
2.47656
2.54206
2.60867
2.68054
1.85278
1.85095
1.85217
1.85675
1.86577
1.87999
1.8992
1.92276
1.95013
1.98104
2.01536
2.05295
2.09388
2.13836
2.18678
2.23935
2.29615
2.35591
2.41815
2.48347
2.55575
2.62622
2.67329
1.81468
1.81442
1.81767
1.82435
1.83489
1.84971
1.86884
1.89211
1.9193
1.95031
1.98513
2.02384
2.06663
2.1138
2.16573
2.22259
2.28394
2.34831
2.41312
2.47444
2.68427
3.36882
3.30583
1.77304
1.77486
1.77969
1.78771
1.7992
1.81445
1.83361
1.85672
1.88379
1.91486
1.95008
1.98971
2.03406
2.08359
2.1388
2.19993
2.26642
2.33639
2.40504
2.46682
2.6231
3.14753
3.3395
1.72766
1.73233
1.73853
1.7474
1.75937
1.77476
1.79379
1.81662
1.84339
1.8743
1.9096
1.94971
1.99511
2.04646
2.10449
2.16972
2.2419
2.3196
2.39855
2.47471
2.53525
2.54113
3.36154
1.68096
1.68766
1.6946
1.70378
1.7158
1.73098
1.74958
1.77185
1.79801
1.82833
1.86319
1.90311
1.94876
2.00103
2.06097
2.12948
2.20688
2.29267
2.38415
2.47611
2.55361
2.62551
2.94998
1.63595
1.64144
1.64813
1.65706
1.66871
1.68333
1.70117
1.72249
1.74758
1.77677
1.81048
1.84933
1.89412
1.94596
2.00622
2.0762
2.15678
2.24837
2.35018
2.45766
2.5585
2.61577
2.98764
1.58947
1.59308
1.59902
1.60734
1.61827
1.63199
1.64871
1.66868
1.69219
1.71958
1.75128
1.78796
1.83053
1.88018
1.93849
2.00701
2.08708
2.17992
2.28613
2.40375
2.52567
2.63745
2.75483
1.539
1.54193
1.54716
1.55469
1.56467
1.5772
1.59246
1.61065
1.63204
1.65693
1.6857
1.71902
1.75777
1.80314
1.85665
1.9199
1.9944
2.08187
2.18401
2.30125
2.43146
2.57081
2.74626
1.48559
1.48811
1.49267
1.49931
1.50815
1.51925
1.53273
1.54876
1.56751
1.58921
1.61415
1.64288
1.67619
1.71502
1.76059
1.81421
1.87711
1.9509
2.03787
2.14021
2.26103
2.40545
2.61387
1.42988
1.43196
1.43583
1.4415
1.44905
1.45852
1.46997
1.48348
1.49915
1.51705
1.53736
1.56044
1.58678
1.61695
1.65156
1.69119
1.73612
1.78669
1.84402
1.90961
1.98768
2.09056
2.2838
1.37208
1.37378
1.37696
1.3816
1.38777
1.39548
1.4047
1.41542
1.42765
1.44132
1.45641
1.47301
1.49122
1.51105
1.53228
1.55433
1.57568
1.59378
1.60517
1.60398
1.58022
1.5288
1.45856
1.31254
1.31392
1.3164
1.32
1.32476
1.33062
1.33749
1.34528
1.35386
1.36305
1.3726
1.38227
1.39174
1.40033
1.40691
1.40942
1.40398
1.38381
1.33725
1.24139
1.04265
0.618418
-0.57416
1.2516
1.25274
1.25456
1.25713
1.26047
1.26447
1.26898
1.2738
1.27872
1.28339
1.28735
1.2901
1.29084
1.28829
1.28042
1.26381
1.23237
1.17526
1.07273
0.883875
0.509277
-0.335139
-2.7831
1.18966
1.19061
1.19182
1.19341
1.19538
1.19758
1.19979
1.20174
1.20313
1.20348
1.20215
1.19837
1.19104
1.1784
1.15777
1.12486
1.07239
0.98776
0.848501
0.611311
0.182008
-0.664315
-2.52004
1.12715
1.12795
1.12858
1.12926
1.12994
1.13046
1.13052
1.12981
1.12794
1.12438
1.11832
1.1088
1.09455
1.07361
1.04301
0.998254
0.932171
0.833541
0.683042
0.44991
0.0827275
-0.494321
-1.35663
1.06456
1.06513
1.06523
1.06507
1.0646
1.06358
1.06172
1.05864
1.05391
1.04695
1.03691
1.02271
1.00301
0.975889
0.93854
0.886823
0.814637
0.713273
0.570271
0.369079
0.0896918
-0.284427
-0.74538
1.00227
1.00254
1.00214
1.00123
0.999731
0.997372
0.993843
0.988754
0.981642
0.971901
0.958726
0.940998
0.91742
0.886247
0.845089
0.790581
0.71815
0.621931
0.49513
0.330829
0.124312
-0.120895
-0.381092
0.940464
0.940424
0.939601
0.938055
0.935672
0.932182
0.927279
0.920567
0.91159
0.899731
0.884214
0.864061
0.838081
0.804796
0.762312
0.708123
0.63909
0.55175
0.443018
0.311281
0.158153
-0.00807605
-0.167835
0.87913
0.878945
0.877838
0.875795
0.872687
0.868291
0.862301
0.854352
0.844001
0.830666
0.813628
0.792042
0.76491
0.731064
0.689086
0.637219
0.573447
0.495973
0.403873
0.297869
0.181371
0.0620094
-0.046778
0.818676
0.818249
0.817107
0.814659
0.810992
0.805893
0.799101
0.790284
0.779025
0.764802
0.746981
0.724828
0.697538
0.664242
0.623962
0.575533
0.517727
0.44969
0.371551
0.284819
0.192769
0.100959
0.0176518
0.759057
0.758767
0.757459
0.754779
0.750728
0.745135
0.737802
0.728454
0.716713
0.702109
0.684102
0.662091
0.635426
0.603458
0.565562
0.521036
0.469165
0.409578
0.342731
0.270157
0.194395
0.118961
0.0483889
0.700372
0.700471
0.69902
0.696221
0.691954
0.686081
0.678451
0.668864
0.657001
0.642447
0.624739
0.603393
0.577912
0.547817
0.512689
0.472143
0.42581
0.373547
0.315811
0.25381
0.189287
0.124226
0.0607296
0.642889
0.643342
0.641893
0.639026
0.634678
0.62872
0.621024
0.611452
0.599762
0.585599
0.568573
0.548284
0.524356
0.496461
0.464305
0.427658
0.386366
0.340429
0.290196
0.236479
0.180342
0.122795
0.0645766
0.586943
0.587626
0.586132
0.583223
0.578888
0.573002
0.565452
0.556124
0.544836
0.531322
0.515259
0.496311
0.474188
0.448656
0.419524
0.386648
0.349979
0.309603
0.265779
0.218972
0.169757
0.11859
0.0656009
0.532817
0.533381
0.531767
0.528834
0.524565
0.518863
0.511622
0.502734
0.492052
0.479374
0.464464
0.447042
0.426861
0.403753
0.377614
0.348374
0.316026
0.280681
0.242533
0.201821
0.158803
0.113669
0.0663807
0.480522
0.480573
0.478773
0.475819
0.471657
0.46621
0.45939
0.451097
0.441194
0.429512
0.41587
0.400062
0.381883
0.361206
0.337997
0.312251
0.283982
0.253278
0.22029
0.185148
0.147949
0.108775
0.067611
0.429713
0.429021
0.427019
0.424056
0.420044
0.414915
0.408595
0.401003
0.392003
0.381432
0.369143
0.354992
0.338835
0.320585
0.300242
0.277839
0.2534
0.226991
0.198745
0.168768
0.137121
0.103853
0.0690566
0.379844
0.378431
0.376283
0.373363
0.369569
0.364825
0.359075
0.352245
0.344214
0.334825
0.323948
0.311487
0.297366
0.281535
0.263991
0.244768
0.223904
0.201466
0.177585
0.152399
0.125988
0.0984209
0.0698691
0.330383
0.328519
0.326334
0.32355
0.320061
0.315787
0.310666
0.304638
0.297603
0.289426
0.279995
0.269255
0.257176
0.243724
0.228882
0.21267
0.195146
0.176398
0.156553
0.135768
0.114162
0.0918401
0.0690133
0.281046
0.279069
0.276984
0.274443
0.271352
0.267624
0.26319
0.257995
0.251969
0.245011
0.237043
0.228033
0.217966
0.206814
0.194548
0.181183
0.166792
0.15148
0.135367
0.118586
0.101269
0.0835429
0.065619
0.231796
0.229976
0.228118
0.225915
0.223294
0.220174
0.216473
0.212139
0.207133
0.201403
0.194901
0.187597
0.179473
0.170505
0.160672
0.149994
0.138541
0.126417
0.113725
0.100562
0.0870257
0.0732379
0.0593441
0.182694
0.181186
0.179644
0.177846
0.175745
0.173274
0.170339
0.166888
0.162919
0.158425
0.153377
0.147732
0.141456
0.134543
0.127004
0.118858
0.110157
0.100985
0.0914179
0.0815064
0.0712958
0.0608674
0.0503003
0.133793
0.132661
0.131489
0.13014
0.128589
0.126782
0.124633
0.122089
0.119171
0.115912
0.112285
0.108231
0.103714
0.0987499
0.0933788
0.0876183
0.0814931
0.0750476
0.0683222
0.0613264
0.0540326
0.0464347
0.0385413
0.0850804
0.0843261
0.0835601
0.0826874
0.0816961
0.0805571
0.079201
0.0775805
0.0757254
0.0736801
0.0714226
0.0688925
0.0660676
0.0629702
0.059645
0.0561194
0.0523897
0.048456
0.0443127
0.0399328
0.0352187
0.0299857
0.0241072
0.0365011
0.0360993
0.0357582
0.0353836
0.0349628
0.0344787
0.033906
0.0332159
0.0324273
0.0315631
0.0306151
0.0295534
0.0283619
0.0270649
0.0256846
0.0242384
0.0227149
0.0211097
0.0194377
0.0175566
0.0151308
0.0118965
0.00755457
902.714
912.626
896.953
860.887
952.023
953.086
947.622
932.135
980.426
985.915
984.328
972.628
1008.37
1022.14
1026.87
1018.46
811.937
1058.58
1092.69
1089.2
2.69306
2.9148
419.073
1119.69
2.73843
2.78311
2.82319
115.487
2.71706
2.78374
2.82623
3.25487
2.63538
2.68265
2.79862
2.90398
2.50258
2.58479
2.72274
2.95117
2.48781
2.56968
2.71331
2.89192
2.62459
2.74314
2.85608
3.06299
3.42149
3.55233
3.71342
3.90918
2.89019
3.02538
3.13841
3.31499
2.88793
3.02306
3.18041
3.35235
2.79522
2.96511
3.1553
3.35322
2.51033
2.754
3.0438
3.31737
1.57744
2.50917
3.78437
3.18719
1.91111
27.9894
29.0657
30.8081
11.8115
23.4231
25.4423
26.7646
-4.27239
-3.82609
-3.89373
-3.03764
-2.01939
-2.48771
-2.763
-2.78318
-1.0303
-1.21262
-1.34152
-1.41953
-0.518952
-0.603394
-0.657828
-0.677373
-0.244521
-0.288662
-0.314661
-0.319987
-0.0973032
-0.126612
-0.144597
-0.150203
-0.0227905
-0.0485065
-0.0677868
-0.080189
0.0111366
-0.0152258
-0.0386948
-0.0592853
0.02448
-0.00309522
-0.0300222
-0.0565592
0.0295037
0.00171627
-0.0265542
-0.0556012
0.0327743
0.0062523
-0.0212499
-0.0498626
0.0367891
0.0128089
-0.0121709
-0.0382674
0.0418494
0.0211602
-0.00018305
-0.0224021
0.0474415
0.0303457
0.0130762
-0.00456205
0.0523766
0.0388311
0.0255152
0.0123061
0.0552422
0.0447517
0.0347017
0.0250319
0.0549173
0.0467892
0.0390484
0.0317391
0.0510509
0.0447412
0.0386843
0.0329185
0.0439412
0.0391163
0.0345393
0.0302389
0.0336647
0.0298911
0.0262691
0.0228287
0.0201946
0.0169803
0.013669
0.0102629
0.00422667
0.00122569
-0.00217462
-0.00602632
787.036
723.366
623.697
384.336
-3.84097
-5.00167
10.3486
380.261
142.86
143.531
142.777
141.086
142.587
142.892
142.167
142.459
143.949
143.645
703.932
869.8
758.05
390.374
-3.47719
-6.39638
-7.87176
-4.91417
508.978
140.392
142.916
142.516
141.597
142.324
146.623
143.505
143.612
143.718
143.682
799.515
911.663
435.552
-2.83219
-4.11491
-7.76529
-9.9636
0.516485
254.868
133.738
142.863
143.68
142.128
142.364
146.384
144.322
143.861
143.731
144.522
921.148
933.452
-0.763137
-1.85883
-2.85794
-9.9228
1.08692
210.931
77.5723
110.168
341.671
167.999
142.14
142.386
142.601
149.364
143.826
143.891
542.164
1053.28
555.284
-0.109209
-0.43864
-0.726493
-6.41593
-7.02031
-40.1176
13.46
583.433
1096.83
629.466
141.858
142.039
142.572
146.886
143.676
143.793
811.944
1186.91
275.829
0.423297
0.604943
1.54248
0.932503
1.72121
5.59942
-23.7957
1036.88
1199.69
1159.15
141.779
141.811
142.367
148.566
143.557
143.715
1027.81
1329.84
604.748
1.56091
1.67404
2.67275
3.23176
4.33534
6.72549
7.7311
1155.6
1330.58
1350.87
141.888
141.836
142.311
149.021
143.399
143.596
1106.45
1481.59
639.134
135.125
14.5351
34.3266
3.75355
4.94995
6.05581
207.081
1020.96
972.839
1299.15
141.888
141.938
142.373
148.739
152.254
143.518
1445.95
1621.71
35.2706
692.689
2.97379
7.57024
8.35345
6.03438
6.007
835.764
578.199
26.8136
1186.03
141.628
142.611
142.521
145.688
152.02
144.583
1144.61
1727.58
3.11321
185.948
644.904
7.24996
25.4892
7.2016
662.493
557.214
11.2573
12.5902
1270.45
141.501
142.513
142.363
145.252
144.581
144.579
254.098
1858.03
3.16446
3.39461
44.8997
340.929
485.062
450.003
147.665
10.1222
11.0643
12.0293
999.186
158.4
141.531
142.228
1170.93
903.723
589.154
586.828
1932.27
3.40567
4.17193
4.0549
4.52047
4.94949
5.91688
7.57622
9.17926
10.6023
11.9315
55.3639
1036.76
141.18
903.681
1508.7
250.009
209.989
714.281
2041.82
3.68479
3.95048
4.22774
4.68348
5.18139
6.00587
7.15694
8.50803
10.0859
11.9511
14.0021
192.788
1059.16
1133.79
470.22
746.083
1324.66
2155.39
2203.64
3.66845
4.02229
4.38325
4.80466
5.30023
5.86558
6.55378
11.1859
9.89127
76.565
907.956
1515.74
1236.14
797.026
2100.3
1869.46
1925.33
2324.01
2301.25
3.70418
4.09373
4.48856
4.91092
5.31911
5.63063
5.71475
5.30373
16.9465
1230.57
1820.95
2347.74
2419.32
2364.35
2013.17
1859.66
2399.88
2473.58
2516.25
3.74018
4.15546
4.5553
4.9687
5.30978
5.37145
4.83749
2.68791
0.483168
1.10714
3.00668
2078.66
2428.71
2426.74
1956.85
2328.63
2550.91
2630.31
2598.76
3.77195
4.20908
4.58345
4.98895
5.31842
5.14069
4.24595
2.34212
1.47765
1.86006
2.16078
6.65581
2481.05
2514.06
2518.3
2450.92
1767.68
1727.1
1765.9
3.8018
4.27452
4.58212
4.95394
5.67066
4.93775
4.11222
3.20486
2.80494
5.15761
4.46293
0.349729
-0.856252
2050.19
1700.98
1.26072
5.19279
944.625
1435.54
15.3406
4.67537
4.59457
18.8907
19.2461
8.05863
3.85526
3.33831
3.08871
14.6914
0.142425
-0.446499
-1.31492
-2.42936
-1.83278
-0.177697
29.8104
2.306
1734.3
28.9472
30.011
27.7572
5.19558
6.14746
17.954
3.94151
3.04104
4.00345
11.3504
-0.575906
-0.980528
-1.76814
-2.24196
-1.79432
-0.808372
-0.245592
-0.200222
13.5944
-2.4359
-0.253413
14.335
19.158
1.82166
1.7423
14.0166
2.04108
6.69025
5.25915
-1.58211
-1.68889
-2.36922
-2.69338
-2.48202
-0.982582
-0.474073
-0.419322
1036.03
-2.37571
-1.62403
-0.679446
-0.0896119
11.0731
2.05268
15.2162
-0.0145403
0.480929
6.58114
0.947367
2.00504
-0.593904
-2.6421
-2.65113
3.20072
-0.74639
-0.221658
1375.01
-1.44745
-0.937255
-0.36121
-0.111432
10.5332
-0.614838
13.7033
0.415347
-1.65032
-3.01185
1.10344
-3.3495
-0.5134
4.51804
-0.499952
4.75639
-0.28483
40.963
1427.77
-0.628832
-0.39951
-0.0666777
0.132343
10.9169
-0.793798
-1.41465
-0.144439
-0.361004
-1.44722
-2.30321
-2.32727
-1.57181
2.57583
6.34293
0.554648
67.934
606.548
1488.97
-0.274899
-0.11838
0.103112
0.273591
0.324921
-0.155211
-0.0576417
0.67334
0.917791
0.130016
-0.620362
-0.814194
-0.521451
-0.0443413
2.658
1.23132
130.699
1.70615
1533.46
-0.128465
-0.0434009
0.082697
0.207819
5.21968
0.163607
1.23331
1.88392
1.47351
0.719994
0.167374
0.00532094
0.158956
0.48279
0.908184
1.29326
78.7955
0.824795
423.769
-0.08877
-0.0738683
-0.0575591
-0.0912182
4.51887
2.1046
10.3796
2.29402
1.49922
0.873545
0.495514
0.429022
0.572441
0.798861
1.03277
1.10837
3.51839
0.833766
0.948761
-0.0964789
-0.14095
-0.223733
-0.437117
-1.13045
43.2232
86.7296
53.1759
3.52485
0.764384
0.557405
0.62338
0.822933
1.02358
1.18222
1.18745
1.67999
1.26324
156.256
-0.112525
-0.192643
-0.321106
-0.571786
-1.09088
22.8185
88.1449
38.6581
5.40075
9.71609
1.04805
0.604564
0.947858
1.19822
1.42059
1.59335
1.77797
1.84461
175.61
-0.119099
-0.209615
-0.335308
-0.522601
-0.812199
-0.841688
15.3492
64.0186
5.23523
9.08027
8.94026
0.417651
0.927672
1.25953
1.57424
1.86641
2.02976
2.06012
181.042
-0.112278
-0.197659
-0.300893
-0.415005
0.0870929
2.35806
-0.332621
77.4997
9.57535
7.53769
9.43275
0.115138
0.75648
1.12671
1.48342
3.17184
2.33966
2.43208
185.334
-0.0948152
-0.169835
-0.255319
-0.342828
0.0181637
4.85905
-0.185878
2.71633
18.2478
5.9214
0.975983
-0.0856543
0.501942
0.802455
1.57115
53.9337
94.7591
2.57608
189.263
-0.0702957
-0.133193
-0.208814
-0.323889
4.70583
1.01374
-0.414463
-0.434073
3.48556
6.63886
-0.512894
-0.0689432
0.301705
0.466142
1.07824
98.8916
88.6762
29.8625
117.715
-0.0419237
-0.0889153
-0.141362
-0.236199
-0.384978
-0.340821
-0.239131
-0.242068
3.14604
2.69702
-0.206748
0.0291688
0.230439
0.301548
5.4504
42.6042
-0.104022
13.7112
172.248
-0.0145934
-0.0453511
-0.0731556
-0.098248
0.0756461
-0.191083
-0.196542
-0.164737
0.520439
0.132169
-0.0141539
0.140555
0.268152
1.53051
16.91
7.33667
-0.083454
0.00201655
177.068
0.00614162
-0.0139523
-0.0338961
0.197355
0.0294328
-0.115565
-0.144399
-0.119117
0.608832
0.30253
0.116807
0.260269
0.441868
0.472952
95.0453
-0.181267
-0.104351
-0.0645058
159.035
0.0174014
0.0632747
0.517984
-0.0113277
-0.0386363
-0.100596
-0.156675
-0.159457
4.41042
0.0741367
0.224357
0.39022
0.532519
3.36604
64.4179
-0.147302
-0.103429
-0.0708446
235.22
0.0208785
0.556922
0.291625
-0.016824
-0.044812
-0.115033
-0.226842
-0.271784
6.69223
0.101323
0.311799
0.519008
0.767589
48.8491
15.509
-0.109827
-0.121182
-0.107853
489.974
0.0216279
0.0136913
0.00752958
-0.00710076
-0.0488776
-0.130966
-0.303013
-0.33398
6.9491
0.12587
0.353316
0.605492
9.45926
56.2223
-0.0203846
-0.0898376
-0.15128
-0.209999
500.65
0.0159795
0.0100199
0.00356118
-0.0181748
-0.0578231
-0.126379
-0.268013
-0.324324
7.0306
0.0433855
0.278075
0.707833
91.6067
-0.0025557
-0.0486852
-0.108723
-0.168097
-0.273368
326.936
0.00278086
-0.00688763
-0.0201383
-0.0435202
-0.0754364
-0.108429
-0.130829
-0.0755412
4.82731
-0.18345
-0.100725
43.2215
10.5594
-0.0579219
-0.098112
-0.122386
-0.127382
-0.133315
480.259
-0.0153638
-0.0298453
-0.0501804
-0.0777612
-0.107036
-0.123546
-0.112864
0.251675
3.90095
-0.38553
3.33335
4.39437
-0.190436
-0.166599
-0.17014
-0.171949
-0.131222
-0.072214
195.029
525.124
522.246
524.929
534.323
548.088
559.446
570.463
584.14
600.804
619.979
641.3
664.427
688.975
714.504
740.618
766.892
791.301
807.924
809.569
831.928
830.309
814.009
882.148
524.636
520.494
522.406
531.441
546.609
558.511
569.577
583.323
600.008
619.23
640.645
663.906
688.588
714.184
740.144
765.728
789.527
808.588
812.033
835.251
843.396
764.902
839.978
522.793
517.988
518.146
525.655
544.095
557.292
568.294
582.009
598.671
617.929
639.49
662.988
687.931
713.727
739.719
765.079
788.464
807.605
819.122
840.487
847.217
761.064
834.206
520.862
515.066
511.798
513.784
539.317
556.273
566.86
580.345
596.857
616.105
637.857
661.698
687.039
713.182
739.381
764.787
788.262
808.322
824.234
842.63
852.675
797.656
852.265
520.116
512.18
504.015
498.691
533.611
555.657
565.217
578.309
594.549
613.739
635.744
660.05
685.935
712.591
739.187
764.888
788.755
809.808
827.893
845.354
856.65
849.62
876.778
522.087
511.324
499.356
491.409
532.136
554.536
563.027
575.719
591.638
610.749
633.117
658.034
684.633
711.986
739.172
765.384
789.847
811.891
831.458
849.376
863.447
871.483
894.801
527.301
514.868
499.368
488.985
528.633
549.874
559.852
572.475
587.998
606.987
629.906
655.619
683.135
711.389
739.36
766.267
791.465
814.467
835.226
854.04
870.136
884.215
906.323
534.264
519.37
479.552
271.2
502.985
543.353
555.424
568.292
583.419
602.241
626.049
652.751
681.442
710.821
739.774
767.526
793.567
817.489
839.296
859.127
876.882
894.08
917.047
407.857
340.925
385.64
369.47
400.855
863.124
744.302
596.684
671.202
1130.36
293.234
176.458
181.069
187.336
190.297
216.989
310.956
1639.08
2571.9
357.631
323.623
323.499
323.798
353.485
718.557
637.28
510.862
574.354
642.212
158.785
150.172
149.378
148.643
147.235
147.509
146.701
751.386
2380.48
352.65
323.536
323.521
323.757
442.513
574.431
501.201
372.922
498.837
196.313
151.333
149.122
149.202
148.877
146.746
145.477
143.019
285.329
2038.86
364.879
323.589
323.377
346.508
474.553
451.792
357.951
149.984
578.422
148.39
149.764
148.72
148.843
148.801
146.621
144.825
142.98
224.833
1526.6
323.944
323.645
323.569
565.709
470.324
299.32
132.688
15.8089
443.628
147.903
147.675
149.018
149.493
150.119
146.76
145.877
143.461
183.241
983.724
324.111
323.874
618.834
570.282
459.614
85.2416
-2.26649
-1.38888
436.745
147.006
146.819
148.412
151.498
147.903
142.857
142.355
144.945
145.346
510.822
324.301
633.243
655.553
575.999
450.002
32.0416
-4.33788
-14.3549
253.926
146.499
145.371
146.635
148.93
144.375
142.478
142.076
142.96
143.79
229.605
324.271
736.554
665.645
573.355
163.223
2.27637
-4.70698
29.5909
422.162
144.191
143.934
144.666
143.539
143.229
142.282
141.996
142.985
143.352
272.61
505.932
13.1892
6.15374
56.1317
69.4987
105.371
160.814
239.048
339.742
465.151
592.193
645.157
677.869
709.888
741.221
770.754
798.614
824.147
847.637
869.215
889.272
908.647
929.197
2.16372
2.1457
2.08069
1.92385
1.72747
1.80786
1.92526
2.01893
2.09021
2.08602
2.0783
39.1428
199.53
502.542
744.665
776.178
806.147
833.064
858.448
881.616
903.361
924.741
946.812
2.11975
2.0423
1.98931
1.90838
1.81502
1.86934
1.93749
1.99865
2.08191
2.1151
2.08801
2.1376
2.19026
2.17593
5.68965
121.036
408.468
686.926
870.692
893.106
914.842
937.219
962.898
2.03078
1.98252
1.95607
1.92844
1.89812
1.90906
1.94224
1.97996
2.01327
2.04226
2.07545
2.11341
2.15041
2.1704
2.22022
2.25871
2.28753
2.36696
2.4519
85.3469
271.339
519.664
837.856
1.97279
1.94178
1.92859
1.91583
1.90783
1.91583
1.93723
1.96501
1.99431
2.02249
2.05686
2.0927
2.13021
2.16163
2.19894
2.24077
2.2826
2.32915
2.36584
2.42663
2.46886
2.55625
2.56769
1.92859
1.90487
1.89929
1.89563
1.89652
1.90579
1.92343
1.94682
1.97374
2.00351
2.03605
2.07096
2.10843
2.14579
2.18681
2.23193
2.27897
2.32999
2.38403
2.44058
2.50448
2.56441
2.62643
1.8907
1.86951
1.8679
1.86913
1.87437
1.88528
1.90208
1.92386
1.94965
1.97892
2.01146
2.04702
2.08551
2.12692
2.17101
2.21992
2.2722
2.32803
2.38691
2.44936
2.51681
2.58623
2.64757
1.85404
1.83326
1.83383
1.83781
1.8455
1.85766
1.87453
1.89584
1.92119
1.9503
1.98307
2.01943
2.05944
2.10326
2.1512
2.20368
2.26059
2.32125
2.38442
2.44872
2.51439
2.70457
3.02922
1.81566
1.79439
1.79668
1.80239
1.81157
1.82462
1.84173
1.86291
1.88809
1.91718
1.95021
1.98732
2.02869
2.07465
2.12561
2.18192
2.24346
2.30915
2.37635
2.43959
2.49317
3.3394
3.37014
1.77362
1.75217
1.75639
1.76335
1.77345
1.78699
1.80422
1.82527
1.85023
1.8792
1.91234
1.94992
1.99231
2.03998
2.09352
2.15348
2.21987
2.29165
2.36604
2.43644
2.50075
2.53108
2.96158
1.72778
1.70734
1.71332
1.72109
1.73162
1.74528
1.76234
1.78304
1.80757
1.83613
1.869
1.90657
1.94937
1.99805
2.05349
2.11652
2.18755
2.26616
2.35051
2.43521
2.5162
2.56039
3.09213
1.68076
1.66158
1.668
1.67591
1.68637
1.69976
1.71633
1.73635
1.76008
1.7878
1.81985
1.85671
1.89905
1.94772
2.00385
2.06869
2.1431
2.22737
2.32099
2.42041
2.5176
2.59031
2.58795
1.63531
1.61498
1.62046
1.62792
1.63789
1.65063
1.66637
1.68534
1.70783
1.73416
1.76469
1.79996
1.84073
1.88798
1.94309
2.00757
2.08273
2.16954
2.2686
2.37864
2.49337
2.59834
2.66572
1.58857
1.56583
1.57033
1.57709
1.58629
1.59808
1.61265
1.6302
1.65099
1.67532
1.70355
1.7362
1.77407
1.81822
1.87006
1.93122
2.00323
2.08758
2.18572
2.29817
2.42232
2.55102
2.68386
1.53829
1.51365
1.5175
1.52349
1.53174
1.54236
1.55547
1.57122
1.58984
1.61156
1.63667
1.66564
1.69922
1.73837
1.78435
1.83863
1.90269
1.97806
2.06677
2.17071
2.29092
2.42717
2.58965
1.48505
1.45889
1.46217
1.46736
1.47453
1.48378
1.49517
1.50881
1.52482
1.54337
1.56461
1.58891
1.61683
1.6491
1.68656
1.73024
1.78105
1.83991
1.9084
1.98877
2.08401
2.20099
2.36013
1.42945
1.40194
1.40467
1.409
1.415
1.42274
1.43222
1.44346
1.45651
1.47142
1.4882
1.507
1.52812
1.55186
1.5785
1.60821
1.64079
1.67544
1.71136
1.74788
1.78358
1.82322
1.88157
1.37175
1.34311
1.3453
1.34876
1.35355
1.35969
1.36712
1.37578
1.38563
1.39659
1.4085
1.42126
1.43481
1.44893
1.46317
1.47658
1.48728
1.49171
1.48416
1.45505
1.385
1.2379
0.90144
1.31231
1.28274
1.28444
1.28704
1.2906
1.2951
1.30043
1.30644
1.31299
1.31987
1.32674
1.33325
1.33896
1.34312
1.34447
1.34091
1.3287
1.30106
1.24611
1.14128
0.936464
0.49991
-0.59679
1.25145
1.22121
1.22247
1.22424
1.22661
1.22949
1.23274
1.23613
1.23941
1.24228
1.24422
1.24464
1.24279
1.23744
1.22664
1.20739
1.17449
1.11884
1.02428
0.860064
0.558975
-0.0483645
-1.46804
1.18956
1.15889
1.15977
1.16077
1.162
1.16336
1.16462
1.16551
1.16571
1.16482
1.1622
1.15704
1.14836
1.13466
1.11357
1.08154
1.03287
0.957994
0.840878
0.653324
0.342376
-0.195791
-1.14807
1.12707
1.09623
1.09674
1.09703
1.09722
1.09716
1.0966
1.09521
1.09262
1.08836
1.08174
1.07181
1.05741
1.03698
1.00809
0.967149
0.908801
0.824703
0.702236
0.522158
0.2562
-0.132645
-0.677445
1.06448
1.03364
1.03377
1.03341
1.03266
1.03133
1.02915
1.02577
1.02078
1.01366
1.00371
0.98995
0.971172
0.945827
0.91173
0.865683
0.803231
0.718077
0.6019
0.444353
0.233968
-0.0380473
-0.366173
1.0022
0.971452
0.97119
0.970242
0.96867
0.966248
0.962691
0.95764
0.950679
0.941273
0.928719
0.9121
0.89027
0.861796
0.824834
0.776881
0.714554
0.633601
0.529281
0.397162
0.234568
0.0438384
-0.161258
0.940458
0.909885
0.909264
0.907814
0.905547
0.902214
0.897534
0.891151
0.882665
0.871551
0.857128
0.83857
0.814881
0.784852
0.74701
0.699485
0.639933
0.565744
0.474625
0.36544
0.239296
0.101442
-0.0359634
0.879463
0.849141
0.848228
0.84635
0.843526
0.839468
0.833909
0.826531
0.816947
0.80467
0.789082
0.769445
0.744919
0.714551
0.677251
0.631706
0.576364
0.509739
0.430981
0.340506
0.240567
0.136099
0.0357661
0.819232
0.789261
0.788185
0.786026
0.782791
0.778189
0.771988
0.763925
0.753644
0.740702
0.724553
0.704571
0.680055
0.650262
0.614434
0.571729
0.521182
0.461968
0.393921
0.317994
0.236429
0.152906
0.0728205
0.759802
0.730251
0.729115
0.726904
0.723431
0.718481
0.71187
0.703401
0.692779
0.679604
0.663398
0.643645
0.619786
0.591246
0.557491
0.518019
0.472292
0.419871
0.360832
0.296115
0.227511
0.157442
0.0888692
0.70135
0.672393
0.671345
0.669069
0.665483
0.660371
0.653574
0.64495
0.634284
0.621235
0.605385
0.586306
0.563558
0.536723
0.505423
0.469336
0.428194
0.381809
0.330315
0.274429
0.215388
0.154633
0.0935687
0.644098
0.615789
0.614866
0.612578
0.608961
0.603835
0.597056
0.588513
0.578051
0.565403
0.550229
0.532163
0.510851
0.485996
0.457338
0.424661
0.387826
0.3468
0.301744
0.253125
0.201683
0.148197
0.0932195
0.588296
0.560602
0.559774
0.557484
0.553878
0.548837
0.542241
0.533985
0.523942
0.51191
0.497636
0.480822
0.461167
0.438446
0.412486
0.383159
0.350397
0.314235
0.274841
0.232497
0.187582
0.140465
0.0913243
0.534158
0.507023
0.50613
0.50379
0.500214
0.495326
0.489026
0.481216
0.471778
0.460548
0.447332
0.431908
0.414029
0.393504
0.370231
0.344164
0.315282
0.283633
0.249364
0.212654
0.173662
0.13254
0.0893498
0.481686
0.455003
0.453844
0.451412
0.44789
0.443205
0.437278
0.430026
0.421338
0.411058
0.399021
0.385065
0.369008
0.350698
0.33008
0.307167
0.281975
0.254541
0.224983
0.193434
0.159976
0.124669
0.087567
0.430588
0.404217
0.402695
0.400181
0.396756
0.392336
0.386849
0.380231
0.372382
0.363148
0.352375
0.339941
0.325727
0.309643
0.291652
0.271785
0.250075
0.226559
0.201338
0.174551
0.146287
0.116596
0.0855655
0.380388
0.354232
0.352406
0.349885
0.346634
0.342558
0.337583
0.331656
0.324689
0.316547
0.307089
0.296215
0.283869
0.270007
0.254599
0.237656
0.219218
0.199342
0.178129
0.155733
0.132282
0.107857
0.0825834
0.33064
0.304659
0.302741
0.300329
0.297349
0.293704
0.289314
0.284123
0.278063
0.271028
0.262902
0.253617
0.243149
0.231475
0.218564
0.204406
0.189045
0.172565
0.155077
0.136722
0.117643
0.0979583
0.0778185
0.281128
0.255354
0.253552
0.251363
0.248748
0.245611
0.241869
0.237454
0.23232
0.226398
0.219613
0.211922
0.203306
0.193746
0.18321
0.171687
0.159225
0.145919
0.131879
0.117219
0.10206
0.0865177
0.0707425
0.231795
0.206299
0.204747
0.202877
0.200695
0.198124
0.195074
0.191469
0.187279
0.182483
0.177044
0.170928
0.164105
0.156549
0.148251
0.139215
0.129481
0.119131
0.108265
0.0969624
0.0852939
0.0733496
0.0612387
0.182658
0.157494
0.156262
0.154775
0.153073
0.151099
0.148768
0.145999
0.142772
0.139113
0.135015
0.130435
0.125324
0.119663
0.113477
0.106787
0.0996172
0.0920226
0.0840702
0.0758067
0.0672468
0.0584136
0.0493604
0.133722
0.108913
0.108035
0.106971
0.105776
0.104412
0.102808
0.100894
0.0986492
0.0961306
0.0933464
0.090243
0.086771
0.0829231
0.0787397
0.0742595
0.0694937
0.0644567
0.0591709
0.0536415
0.0478389
0.0416764
0.0350918
0.0849497
0.0604643
0.0599562
0.0593472
0.0586758
0.0579217
0.0570433
0.0559868
0.0547414
0.0533534
0.0518356
0.0501463
0.04825
0.0461499
0.0438817
0.0414784
0.0389458
0.03627
0.0334494
0.0303948
0.0271484
0.023324
0.0187288
0.0363071
0.012092
0.0119825
0.0118535
0.0117162
0.0115679
0.0113949
0.011186
0.01094
0.0106662
0.0103705
0.0100422
0.00967238
0.00926231
0.00882277
0.00836374
0.00788317
0.00737798
0.00685691
0.0063321
0.00533002
0.00349753
0.000482448
943.876
944.101
937.398
920.749
963.928
969.65
970.117
962.239
986.907
997.739
1002.59
997.778
1012.04
1043.24
1061.47
1061.47
102.499
492.152
825.834
1107.55
2.69779
2.74656
2.80864
82.5327
2.70991
2.76599
2.79445
2.91311
2.66977
2.70209
2.77874
2.82061
3.2415
2.58686
2.68546
2.85729
2.79896
2.51228
2.6254
2.81833
2.58731
2.56603
2.68544
2.85226
3.29365
3.3987
3.06359
3.05991
2.79955
3.56154
3.62451
3.24799
2.83901
2.95014
3.09145
3.25274
2.79158
2.92922
3.08969
3.26575
2.60153
2.78312
2.99902
3.22584
2.08923
2.34341
2.75134
3.10885
0.464911
0.514948
29.5138
13.7459
-1.55665
25.0809
26.3867
28.0453
-4.56229
2.197
25.3427
19.8469
-2.50658
-3.23363
-3.37002
-3.13229
-1.27373
-1.60645
-1.87362
-2.02723
-0.660554
-0.797991
-0.900907
-0.96402
-0.324087
-0.39363
-0.442482
-0.466085
-0.137222
-0.178054
-0.205817
-0.218285
-0.0372566
-0.0676586
-0.0901546
-0.103429
0.0121006
-0.0156057
-0.0392543
-0.0581772
0.0334787
0.00576418
-0.0205041
-0.045148
0.0414141
0.0135874
-0.0142703
-0.0422512
0.0445026
0.0175546
-0.0101813
-0.0387695
0.0469677
0.0220825
-0.00381299
-0.0308014
0.050125
0.0281026
0.00530484
-0.0184476
0.0539591
0.0352258
0.0161304
-0.00349915
0.0577301
0.0424256
0.0271771
0.0118986
0.0602238
0.0481347
0.036396
0.0249799
0.0602537
0.0508583
0.0418485
0.0332869
0.0570823
0.0497926
0.042773
0.0360959
0.050715
0.0450916
0.0396821
0.0345219
0.0413803
0.0370722
0.0329415
0.0290578
0.029004
0.0255774
0.0221529
0.018787
0.0139363
0.0109833
0.00778533
0.00433842
-0.00343592
-0.00617491
-0.009438
-0.0133001
879.246
795.968
686.923
430.629
-5.37701
-5.77063
-4.86155
195.35
141.85
142.583
143.044
141.205
141.657
145.383
142.747
142.805
143.64
143.629
424.199
936.021
836.651
365.362
-2.83704
-5.863
-8.37507
-8.40982
320.993
136.428
140.436
143.84
142.295
142.029
142.545
147.063
144.03
143.716
143.737
718.676
973.98
748.89
-1.69223
-2.83217
-5.64313
-10.6336
9.0584
384.117
119.219
131.843
145.577
142.618
142.284
142.577
149.056
143.961
143.745
143.892
934.114
1045.96
0.565239
-0.89111
-1.19372
-4.38045
-19.5315
9.26811
-9.352
85.3968
632.328
941.164
142.706
141.951
142.467
143.145
144.882
143.823
143.815
1105.68
1078.6
0.326641
0.0338774
0.38654
-0.0535307
-1.84413
-4.07531
-10.1751
238.175
1096.46
1181.6
212.976
141.726
142.204
142.564
147.416
143.707
143.852
1235.89
918.875
1.22788
0.812303
1.75307
2.41417
2.62976
5.34388
5.21761
604.553
1200.42
1304.61
428.441
141.725
142.055
142.637
145.67
143.573
220.743
1378.03
335.59
341.543
8.53424
21.0719
3.65726
3.96937
5.51718
7.11467
372.523
1270.56
1422.42
409.362
141.79
142.117
142.431
148.559
143.604
275.475
1521.26
5.81798
700.218
4.45057
8.11629
26.8652
4.85986
6.00202
6.37568
981.802
114.689
1465.82
206.236
141.787
142.195
142.622
152.59
147.419
595.203
1645.86
3.04486
111.62
640.637
3.74609
3.32023
6.28481
6.76808
668.288
602.371
15.1621
1149.52
147.926
141.824
142.224
143.145
145.223
144.265
144.144
1586.47
3.03707
3.14876
149.783
528.544
530.417
549.183
687.882
438.182
11.0536
11.8664
107.945
911.055
141.619
142.176
143.438
237.526
151.644
241.661
1015.67
3.12401
3.38785
4.05341
4.09505
29.9887
46.3858
10.8515
8.61035
10.1994
11.4269
11.845
1411.61
141.561
141.236
1251.6
1564.48
886.288
249.55
1187.01
3.34409
4.11318
3.99289
4.30123
5.20273
5.42418
6.62855
8.12727
9.59163
11.1515
12.2841
69.9863
972.406
368.767
625.122
1692.75
223.57
1265.72
2103.07
3.60587
3.82246
4.14187
4.50104
4.97142
5.58513
6.38881
7.54718
8.90494
10.8488
13.9816
93.2729
1092.48
1354.28
499.865
2000.41
293.654
2179.46
2277.04
3.48819
3.87441
4.24631
4.64838
5.09154
5.5389
5.95329
6.3221
8.79988
392.145
1726.59
2186.4
2002.17
1959.35
2135.01
2041.1
1974.08
2360.43
2382.71
3.512
3.92631
4.32428
4.73404
5.14327
5.44202
5.46005
6.60176
1.76069
0.897272
3.34755
1592.03
2390.23
2405.67
2192.62
1904.04
2428.96
2536.3
2557.51
3.52315
3.97636
4.38005
4.77589
5.17717
5.34117
4.96907
3.22964
0.851324
1.12818
1.66785
4.44982
2376.52
2469.14
2473.31
2268.01
2535.48
2647.39
2336.26
3.5132
4.02227
4.42217
4.7555
5.20016
5.26496
4.68201
3.56566
2.46559
2.29315
4.46722
1.70996
73.6932
2505.26
2557.34
2164.69
286.736
400.041
1327.01
8.00639
4.095
4.47255
5.6964
17.2927
8.19654
4.39852
3.63486
3.12386
3.30417
11.7083
0.237668
-0.475514
-2.67021
341.007
-0.669035
0.859432
60.9392
1407.09
29.8725
32.0956
15.3776
5.81854
15.9493
18.6371
6.14275
3.42013
3.08585
11.6429
2.88723
-0.378722
-1.09437
-1.99363
-2.11797
-0.969956
2.28703
2.38551
15.2824
-2.14017
18.1504
28.935
28.1711
4.42455
1.98741
16.7345
2.82357
2.41646
13.6284
-0.833794
-1.13647
-1.86773
-2.31036
-2.40288
-1.7534
-0.680403
-0.239137
7.31371
-2.8523
-2.13119
-1.06344
-0.21432
15.7523
1.49701
13.6482
5.08949
0.815972
12.0622
-1.75481
-0.678426
-0.205516
-2.63648
-2.87628
-1.48338
-0.509037
-0.533113
1.86751
-2.08494
-1.70529
-0.92152
-0.341411
0.0254444
1.36994
10.5526
12.8335
-0.963383
3.95941
1.65692
0.0956627
-0.314341
3.28448
-2.09772
2.90061
1.10886
-0.171256
61.1591
-0.989966
-0.852567
-0.338571
-0.0843675
0.0303182
0.219162
-1.33794
8.83529
-1.13396
-1.8417
-2.82064
-2.69079
-2.6313
0.555196
5.31721
5.74563
0.359932
92.9376
958.171
-0.458922
-0.336296
-0.0890162
0.156162
0.464114
1.43165
-0.783588
-0.691125
0.339538
0.0260485
-1.00551
-1.52403
-1.29744
-0.690502
4.50036
3.903
7.26961
278.47
11.9975
-0.212718
-0.132886
0.0215147
0.198136
0.33015
4.07594
0.246855
1.11446
1.44684
0.918355
0.134991
-0.296666
-0.278788
0.0433095
0.496217
1.11444
48.0745
0.858028
26.7
-0.108237
-0.079574
-0.0146321
0.0553376
1.34477
4.77025
0.569721
2.23314
1.91414
1.17254
0.561205
0.269386
0.298899
0.513502
0.822646
1.12674
50.4108
0.7274
4.74989
-0.0775423
-0.0984233
-0.119599
-0.193765
-0.448503
2.02315
60.768
45.7525
2.76091
1.06909
0.668609
0.52229
0.622114
0.814371
1.01364
1.1064
5.49825
1.74306
0.949972
-0.0766943
-0.135167
-0.21761
-0.381199
-0.767946
-1.75075
85.539
88.0078
16.0018
4.32232
0.547005
0.533585
0.77714
1.0147
1.21584
1.35835
1.75554
1.42202
1.5442
-0.0807706
-0.158156
-0.263443
-0.432449
-0.723387
2.91175
1.80085
90.156
5.63024
6.82576
9.64137
0.404778
0.759314
1.11041
1.38377
1.64322
1.86492
1.90472
1.97213
-0.0788365
-0.159343
-0.260221
-0.391604
-0.551432
-0.749485
-0.645171
61.7291
32.4615
4.98903
9.31824
3.82839
0.595756
1.05176
1.3874
1.7572
2.27947
2.05781
2.03111
-0.0686833
-0.143262
-0.230256
-0.32663
-0.396489
2.21153
4.59391
-0.51116
66.6269
4.73942
9.14552
1.56631
0.355318
0.822487
1.11827
3.4326
22.5792
2.46676
1.9539
-0.051831
-0.116695
-0.191137
-0.277319
-0.38428
4.90902
0.149679
-0.484856
-0.524228
9.1323
0.392598
-0.430053
0.181289
0.528381
0.641802
9.67142
98.4331
88.0793
1.72791
-0.0308367
-0.0832354
-0.143045
-0.22314
0.404407
0.461653
-0.383179
-0.292472
-0.341188
9.90735
-0.332073
-0.197946
0.132617
0.326501
0.466292
87.1114
7.03529
73.5754
2.69595
-0.00887758
-0.0468382
-0.0854616
-0.126258
-0.200057
-0.235393
-0.245024
-0.169463
-0.178988
1.74269
-0.149825
-0.013359
0.170868
0.286007
1.60216
103.299
-0.109765
-0.0378777
81.2291
0.00994988
-0.0157558
-0.0391679
-0.056402
0.163138
-0.0109321
-0.159416
-0.157452
-0.0986672
5.02526
-0.000895981
0.127187
0.263554
0.856186
2.22307
21.3843
-0.145458
-0.0705126
1.86475
0.0223504
0.00421025
0.00654743
0.095651
-0.0110834
-0.0708568
-0.124696
-0.14947
-0.0826096
5.22305
0.105265
0.252239
0.394642
0.469424
42.5705
21.0027
-0.141532
-0.0972448
-0.081318
0.0275754
0.0127404
0.538973
0.0999447
-0.023523
-0.0709599
-0.141955
-0.228519
-0.00627315
3.4178
0.178731
0.368115
0.552182
0.668712
94.4014
-0.155093
-0.129748
-0.105764
57.8284
0.0278797
0.0154161
0.382491
-0.00652617
-0.023572
-0.0792853
-0.179425
-0.352964
1.21218
1.36301
0.231095
0.460702
0.685046
13.1359
13.512
-0.0746757
-0.131869
-0.219463
43.2684
0.024186
0.0162939
0.0130921
0.00208952
-0.0282451
-0.0856705
-0.193764
-0.412803
4.79019
5.46883
0.211036
0.487109
0.783761
82.1433
0.0314539
-0.0680743
-0.154237
-0.321448
-0.352557
0.0142943
0.00611573
-0.000968063
-0.0167114
-0.0458684
-0.0890225
-0.15353
-0.142442
0.515973
6.3581
0.0245811
0.408502
70.6396
2.94127
-0.058355
-0.0947107
-0.147576
-0.329583
-0.222846
-0.000712665
-0.0114239
-0.0251196
-0.0458633
-0.0741889
-0.101917
-0.110716
0.122979
1.02716
0.611619
-0.406977
18.0241
9.93843
-0.0583506
-0.108782
-0.137937
-0.129995
-0.0666621
0.0381246
-0.0194477
-0.0339976
-0.0548841
-0.083735
-0.117068
-0.14374
-0.144335
-0.0996127
0.202708
0.432069
-0.656261
1.58925
-0.803894
-0.233027
-0.209746
-0.218716
-0.205544
-0.161106
-0.276286
523.266
522.761
528.759
541.304
554.108
564.722
576.913
592.129
610.103
630.392
652.66
676.55
701.644
727.51
753.783
779.566
801.305
808.334
820.983
830.541
827.61
834.573
900.182
521.559
520.779
525.794
538.964
553.055
563.812
576.063
591.323
609.325
629.684
652.069
676.099
701.305
727.157
753.047
777.979
799.879
813.597
818.528
848.393
805.71
782.557
884.29
519.146
517.694
520.239
534.425
551.615
562.562
574.765
589.995
607.994
628.442
651.025
675.314
700.762
726.744
752.544
777.137
798.729
814.451
826.884
856.263
790.009
774.327
872.261
516.643
513.816
510.259
524.762
550.063
561.324
573.206
588.244
606.151
626.689
649.551
674.222
700.056
726.324
752.244
776.853
798.808
816.71
832.569
852.457
830.119
824.365
879.384
515.07
509.19
497.677
512.427
548.762
560.101
571.34
586.053
603.778
624.413
647.653
672.843
699.22
725.948
752.205
777.115
799.682
819.142
836.604
853.308
853.558
857.545
897.009
517.204
506.635
490.669
507.894
548.303
558.269
568.94
583.288
600.775
621.557
645.314
671.177
698.278
725.651
752.449
777.881
801.198
821.942
840.613
857.384
867.362
880.346
910.914
524.553
507.864
488.759
505.72
543.371
554.502
565.857
579.838
596.985
618.008
642.49
669.205
697.246
725.459
752.991
779.115
803.257
825.108
844.879
862.56
876.973
894.018
920.072
532.523
510.842
363.059
355.658
535.358
549.334
561.704
575.486
592.132
613.641
639.133
666.892
696.144
725.396
753.84
780.793
805.799
828.651
849.452
868.284
885.159
904.499
925.646
333.246
370.905
387.21
355.999
655.616
849.784
646.723
599.69
838.588
813.648
172.744
178.189
185.067
187.672
196.964
241.505
714.06
2562.03
2439.54
323.413
323.148
323.748
324.723
552.696
715.011
557.395
510.817
605.957
217.241
151.91
149.525
149.218
148.018
146.428
148.241
222.438
1882.77
2401.57
322.815
323.056
323.663
336.377
504.198
562.994
428.887
411.779
331.552
152.687
149.971
149.016
149.293
147.872
145.849
144.998
154.786
1180.68
2191.26
322.915
323.017
323.635
489.01
461.11
408.334
278.897
300.442
296.058
149.384
149.405
148.719
148.985
147.846
145.595
144.229
142.508
763.071
1843.52
323.193
323.368
442.424
521.035
417.435
172.973
64.3861
139.357
154.355
147.483
148.544
149.065
151.016
148.14
146.118
145.356
144.176
292.403
1433.91
323.625
399.92
612.178
521.698
367.653
3.00006
14.182
78.7811
153.984
146.79
147.506
150.24
150.432
143.352
142.486
142.586
146.204
159.59
1085.25
344.675
688.013
616.953
522.725
160.677
-4.3375
74.3425
221.66
144.163
145.669
145.982
148.632
148.345
142.895
142.115
142.349
144.816
144.388
838.666
753.351
706.244
621.758
510.069
1.43459
-2.94815
116.293
297.128
143.443
143.955
144.035
144.097
145.46
142.668
142.002
142.253
144.805
143.821
727.116
56.8149
3.13777
31.5765
60.6168
84.4774
130.265
197.129
286.236
398.205
531.982
630.332
661.185
693.97
725.713
756.172
784.995
811.626
836.166
858.622
879.407
898.953
918.788
940.542
2.14004
2.24734
2.00299
1.79331
1.75507
1.86817
1.97464
2.05963
2.08907
2.07805
5.96927
97.1301
340.738
636.904
759.805
792.106
819.631
846.205
870.155
892.693
913.96
935.742
957.479
2.06213
2.01105
1.9878
1.83518
1.83748
1.90281
1.97014
2.02435
2.10639
2.10144
2.11276
2.16218
2.18672
2.18528
46.9338
238.508
547.921
837.314
882.062
904.173
925.493
949.737
976.754
1.99235
1.96674
1.94593
1.90852
1.90005
1.924
1.96135
1.99743
2.02778
2.05845
2.09444
2.13178
2.16371
2.18929
2.23731
2.28464
2.31915
2.3558
36.2057
180.167
353.041
713.737
943.802
1.94596
1.93471
1.92232
1.91019
1.9097
1.92532
1.95067
1.97973
2.00867
2.04026
2.07477
2.11177
2.14667
2.17903
2.21994
2.26251
2.30347
2.34809
2.39149
2.44854
2.50525
2.56306
2.77313
1.90728
1.90166
1.8971
1.89515
1.89998
1.91371
1.93458
1.95976
1.988
2.01944
2.05327
2.08917
2.12686
2.16512
2.20912
2.25531
2.30387
2.357
2.41179
2.47186
2.53359
2.59293
2.66613
1.871
1.86826
1.86805
1.87109
1.87906
1.89298
1.91241
1.9363
1.96386
1.99479
2.02888
2.0659
2.10581
2.14887
2.19504
2.2456
2.29971
2.35706
2.41755
2.48265
2.55147
2.61799
2.67894
1.83409
1.83304
1.83537
1.84113
1.85099
1.86552
1.88466
1.90803
1.93529
1.96624
2.0008
2.03897
2.08086
2.1267
2.17689
2.23159
2.29054
2.35261
2.41655
2.48078
2.5533
3.00883
2.7288
1.79436
1.79504
1.7991
1.80652
1.81759
1.83266
1.85182
1.87501
1.90214
1.9332
1.96825
2.00746
2.05108
2.09948
2.15309
2.21208
2.27591
2.34281
2.40885
2.46814
2.93462
3.36305
3.35905
1.75074
1.75393
1.75948
1.76799
1.77977
1.79514
1.81426
1.83726
1.86421
1.89524
1.93055
1.97049
2.01545
2.06597
2.12268
2.1859
2.2552
2.32884
2.40199
2.47026
2.52167
2.52959
3.34323
1.70422
1.7102
1.71689
1.72598
1.73804
1.75337
1.77222
1.79481
1.82133
1.85201
1.88717
1.92728
1.97292
2.02487
2.08401
2.15104
2.22599
2.30785
2.3931
2.47713
2.54585
2.56482
3.37717
1.65828
1.66475
1.67169
1.6808
1.69268
1.70763
1.72589
1.74773
1.77342
1.80326
1.83764
1.87715
1.92253
1.97477
2.03512
2.10466
2.18401
2.27314
2.37031
2.47028
2.55869
2.61149
2.74161
1.61319
1.61759
1.62392
1.63257
1.6439
1.65811
1.67543
1.69613
1.7205
1.74887
1.78169
1.8196
1.86347
1.91446
1.97407
2.04375
2.12463
2.21754
2.32247
2.43606
2.54891
2.63572
2.70626
1.56468
1.56785
1.57343
1.58137
1.59185
1.60501
1.62104
1.64017
1.66269
1.68892
1.71928
1.75442
1.79529
1.84308
1.89937
1.96578
2.04376
2.13485
2.24022
2.35912
2.48673
2.61511
2.76623
1.51259
1.51533
1.52023
1.52733
1.53675
1.54859
1.563
1.58016
1.6003
1.62367
1.65063
1.6818
1.71803
1.76042
1.81035
1.86935
1.93884
2.02061
2.11676
2.22873
2.35716
2.5025
2.69705
1.45801
1.46031
1.46453
1.47069
1.4789
1.4892
1.5017
1.51651
1.53377
1.55364
1.57635
1.60237
1.63237
1.66712
1.70756
1.7547
1.8094
1.87281
1.94696
2.03423
2.13923
2.27151
2.48293
1.40122
1.40311
1.40663
1.41179
1.41865
1.42726
1.43762
1.44976
1.46374
1.47957
1.49733
1.51725
1.53964
1.5648
1.59297
1.62418
1.65792
1.69327
1.72962
1.76587
1.80207
1.84722
1.96386
1.34251
1.34404
1.34687
1.35098
1.35645
1.36325
1.3713
1.38056
1.39098
1.40244
1.41478
1.42794
1.44182
1.45608
1.47006
1.48244
1.49058
1.4899
1.47316
1.42705
1.3235
1.11416
0.606626
1.28222
1.28347
1.28562
1.2887
1.29274
1.29767
1.30336
1.30966
1.31641
1.32333
1.33006
1.33625
1.3413
1.34425
1.34349
1.33622
1.31739
1.27805
1.20208
1.05657
0.761107
0.102948
-1.91554
1.22073
1.22177
1.22328
1.22535
1.22799
1.23109
1.23443
1.2378
1.24093
1.2434
1.24466
1.24406
1.24065
1.23287
1.21833
1.19309
1.15031
1.07786
0.953783
0.733461
0.31225
-0.595037
-2.95641
1.15845
1.15932
1.16023
1.16136
1.16268
1.16401
1.16513
1.16571
1.16543
1.16377
1.15999
1.15322
1.14226
1.12522
1.09921
1.05976
0.999512
0.906143
0.758446
0.51806
0.110864
-0.603554
-1.86295
1.09583
1.09653
1.09689
1.09714
1.09723
1.09696
1.09603
1.09409
1.09074
1.0854
1.07725
1.06525
1.04808
1.02378
0.989406
0.940601
0.870619
0.76933
0.620914
0.402064
0.079681
-0.383898
-1.00802
1.03336
1.03379
1.03363
1.03309
1.03208
1.03037
1.02764
1.02351
1.01752
1.00909
0.997377
0.981272
0.959446
0.930042
0.890437
0.836861
0.76396
0.664471
0.529011
0.346456
0.105921
-0.196404
-0.53959
0.9713
0.97141
0.970785
0.969545
0.967582
0.964631
0.960377
0.954427
0.946322
0.93544
0.920987
0.901918
0.876967
0.844513
0.802422
0.747761
0.676699
0.58466
0.466929
0.319703
0.142245
-0.0584173
-0.259979
0.909745
0.909597
0.908611
0.906795
0.904031
0.900063
0.894578
0.8872
0.877476
0.864801
0.848424
0.827438
0.800744
0.767014
0.724594
0.671374
0.604827
0.522411
0.422289
0.304288
0.171278
0.0315685
-0.098388
0.848777
0.848489
0.847324
0.845074
0.841668
0.836894
0.830469
0.822042
0.811181
0.797334
0.77982
0.75785
0.730529
0.696843
0.655602
0.605361
0.544537
0.471885
0.387119
0.291484
0.188462
0.0846943
-0.00913059
0.78877
0.788278
0.78715
0.784558
0.780675
0.775303
0.768209
0.759087
0.747539
0.733065
0.715084
0.692927
0.665865
0.63315
0.594
0.547496
0.492691
0.429019
0.356833
0.277721
0.19462
0.112017
0.0361346
0.72958
0.729493
0.72808
0.725331
0.721154
0.715395
0.707883
0.698382
0.686539
0.671912
0.654
0.632265
0.606136
0.575051
0.538503
0.495971
0.446931
0.391143
0.329088
0.262159
0.192488
0.122759
0.0561314
0.671461
0.671739
0.670288
0.667452
0.66313
0.657191
0.649501
0.639891
0.628082
0.613687
0.596278
0.575418
0.550676
0.521652
0.487996
0.449413
0.405659
0.356672
0.302854
0.245212
0.185136
0.124054
0.0632767
0.614702
0.6153
0.613839
0.610948
0.606597
0.600659
0.593012
0.583535
0.57202
0.558154
0.541581
0.521933
0.498884
0.472157
0.441512
0.406768
0.367833
0.324755
0.277838
0.227705
0.175152
0.120873
0.0652219
0.559643
0.560321
0.558774
0.555852
0.551545
0.54574
0.538327
0.529197
0.518188
0.505071
0.489566
0.471366
0.450202
0.425878
0.39825
0.367209
0.332733
0.294926
0.254016
0.210335
0.16428
0.116148
0.0659491
0.506456
0.506806
0.505105
0.50216
0.49794
0.492359
0.485316
0.47671
0.466399
0.4542
0.439912
0.42329
0.404106
0.382215
0.357549
0.330074
0.299795
0.266815
0.231303
0.193433
0.153359
0.111207
0.0669381
0.454964
0.454657
0.452754
0.449791
0.445699
0.440401
0.433823
0.425871
0.416407
0.405269
0.392294
0.37731
0.36014
0.340678
0.318909
0.294855
0.268533
0.240019
0.209451
0.176939
0.14255
0.106342
0.0683471
0.404697
0.403624
0.401539
0.398588
0.394674
0.38973
0.383686
0.376469
0.367949
0.357963
0.346374
0.333063
0.317924
0.300884
0.28195
0.261158
0.238538
0.214154
0.188133
0.160599
0.131617
0.10124
0.0696052
0.355086
0.353407
0.351222
0.348358
0.344705
0.340185
0.334743
0.32831
0.320775
0.31199
0.301833
0.29023
0.27713
0.262496
0.246318
0.228621
0.209454
0.188894
0.16707
0.144133
0.120186
0.0953147
0.069713
0.305705
0.303744
0.301592
0.298916
0.295616
0.291607
0.286822
0.281207
0.274675
0.267107
0.258406
0.248531
0.237465
0.225176
0.21164
0.196871
0.180938
0.163939
0.145999
0.127265
0.107869
0.0879329
0.0676702
0.256405
0.254481
0.252497
0.250115
0.247251
0.24382
0.239748
0.234981
0.229462
0.223118
0.215883
0.207729
0.198646
0.188603
0.17757
0.165568
0.15267
0.138983
0.12462
0.109694
0.0943286
0.0786482
0.0628388
0.207221
0.205546
0.203836
0.20183
0.199464
0.196663
0.193344
0.189448
0.184959
0.179846
0.174073
0.167607
0.160419
0.152492
0.143823
0.134432
0.124377
0.113756
0.102663
0.091171
0.0793483
0.0673097
0.0551599
0.158215
0.156892
0.155532
0.153952
0.152124
0.149985
0.147441
0.144442
0.140996
0.13712
0.132789
0.127948
0.122561
0.116634
0.110194
0.103259
0.0958686
0.0880876
0.0799756
0.0715633
0.0628609
0.0539121
0.0447686
0.109417
0.108477
0.107505
0.10639
0.105119
0.103646
0.101892
0.0998093
0.0974222
0.0947739
0.0918388
0.0885546
0.0848923
0.0808707
0.0765353
0.0719124
0.0670073
0.0618432
0.0564376
0.0507795
0.0448078
0.0384408
0.0316269
0.060775
0.0602005
0.059643
0.0590187
0.0583111
0.0575017
0.0565405
0.0553846
0.0540631
0.0526118
0.0510155
0.0492263
0.0472222
0.0450345
0.0426963
0.0402285
0.0376268
0.0348784
0.0319686
0.0288338
0.0253196
0.0211362
0.0160785
0.0121996
0.0120298
0.0119108
0.0117846
0.0116446
0.011485
0.0112955
0.0110673
0.0108059
0.0105214
0.0102112
0.00986253
0.00947159
0.00904569
0.0085954
0.00812633
0.00763314
0.00711857
0.00660063
0.00591173
0.00454003
0.00216027
-0.00158659
944.698
941.926
930.449
908.206
967.279
970.736
967.406
954.442
992.847
1001.15
1001.59
990.976
1029.87
1054.25
1063.48
1056.12
337.567
617.045
1056.27
1112.3
2.72557
2.76092
3.25804
621.095
2.73497
2.77518
2.81031
11.2595
2.68262
2.73112
2.80891
2.83798
2.60247
2.63106
2.76544
2.93557
2.48031
2.56124
2.70219
2.92171
2.53049
2.61834
2.76377
2.95555
3.34083
3.47018
2.96817
3.16547
3.33304
3.63651
3.13635
3.43588
2.89072
3.01747
3.1701
3.33979
2.85733
3.0069
3.17639
3.35723
2.68707
2.88804
3.1123
3.33881
2.19805
2.53113
2.94239
3.26881
0.454063
13.1842
30.101
10.0963
18.6264
25.5905
27.2465
28.7882
-1.16847
11.8355
25.5466
1.7399
-2.91745
-3.39031
-3.17755
-3.03411
-1.44534
-1.75112
-1.9662
-2.05877
-0.73301
-0.854161
-0.937567
-0.979532
-0.361116
-0.420965
-0.457657
-0.467402
-0.159106
-0.193752
-0.214017
-0.218383
-0.0533493
-0.0800063
-0.097965
-0.106479
-0.00220788
-0.0280067
-0.0492941
-0.0659196
0.0194583
-0.00757912
-0.0330089
-0.056969
0.0275111
-0.000344177
-0.0282193
-0.0564419
0.0311266
0.00378264
-0.0243497
-0.0534867
0.0346436
0.00926581
-0.0171669
-0.044731
0.0392062
0.0168102
-0.00644049
-0.0307325
0.0446406
0.0257302
0.00639524
-0.0135847
0.0500781
0.034797
0.019551
0.00419353
0.0541496
0.0422187
0.0306541
0.0193597
0.0555232
0.0462987
0.0375103
0.0291621
0.0534138
0.0462443
0.039389
0.0329006
0.0478822
0.0423565
0.0370714
0.0320488
0.0392113
0.0349782
0.0309658
0.0272168
0.0272968
0.0238596
0.0204613
0.0171193
0.0124924
0.00941448
0.00609418
0.00250778
-0.00474315
-0.00773626
-0.0112896
-0.0154831
838.737
743.741
626.879
51.3053
-5.40036
-5.86207
-3.21463
468.166
141.752
143.048
142.17
141.189
142.391
145.595
142.742
143.058
143.623
143.631
742.287
894.51
761.202
12.212
-4.93591
-7.07606
-9.35676
-5.82013
489.65
137.821
142.923
143.105
141.964
142.232
146.877
144.097
143.838
143.72
143.82
859.416
924.032
45.0832
-2.45918
-3.6005
-8.58365
-10.6861
227.128
110.782
125.725
140.776
144.129
142.147
142.453
142.552
146.04
143.848
143.81
274.613
986.48
843.356
-0.424385
-1.1437
-1.85401
-10.4043
2.2892
26.657
52.1312
92.7878
994.02
321.621
141.96
142.207
142.613
149.175
143.745
143.861
703.292
1119.63
337.497
0.151735
0.113456
0.643119
-1.50034
-2.58596
-5.2231
-21.1712
1005.64
1144.32
945.285
141.796
141.892
142.469
148.276
143.632
143.745
936.476
1256.94
360.429
0.846269
1.10045
2.26525
2.35232
3.46288
6.85243
5.68519
1094.38
1263.05
1279.79
141.794
141.798
142.317
148.884
143.462
143.682
1073.67
1405.12
632.204
2.57743
21.661
5.54777
3.62306
4.69008
6.42971
8.50188
1209.84
1383.48
1367.05
141.944
141.887
142.328
148.874
144.738
143.469
1237.76
1555.52
354.911
583.908
3.8443
27.1387
8.85613
5.58718
6.09132
688.213
822.939
361.381
1213.21
141.766
141.948
142.449
147.714
152.93
143.976
1552.14
1680.55
3.27757
640.619
194.731
3.27771
5.52934
6.31087
6.16294
900.623
32.3928
16.431
1221.05
141.51
142.667
142.525
145.371
144.465
144.312
409.044
1790.22
3.12243
3.34211
511.253
523.37
546.32
588.146
694.237
45.1155
11.2596
12.3113
1280.18
141.855
141.865
142.22
238.817
181.47
202.469
399.144
1905.66
3.25722
3.82843
3.92925
9.87347
51.58
31.0251
7.98959
9.50539
10.8197
11.8797
70.7398
815.854
141.313
265.175
1596.13
1279.23
511.811
313.234
1983.05
3.68487
4.18365
4.13731
4.76318
5.08057
5.96351
7.35484
8.87606
10.3529
11.8479
12.3994
998.506
278.406
1106.97
583.767
231.57
370.986
1933.88
2121.53
3.65574
3.98185
4.3122
4.7185
5.25713
5.96228
6.88534
8.27557
9.75785
12.2245
24.2419
393.399
1382.82
689.152
1377.37
1708.54
1455.79
2235.47
2257.43
3.68586
4.05912
4.44156
4.86672
5.31689
5.74992
6.15433
6.90206
28.9071
1025.06
2072.74
2205.92
1898.84
1769.72
2131.35
1929.79
2275.44
2348.14
2396.05
3.72246
4.12575
4.52625
4.94391
5.31501
5.50491
5.15988
8.36641
0.393984
1.38395
190.572
2341.8
2412.34
2389.29
1908.67
2018.79
2485.42
2560.68
2564.41
3.75721
4.18313
4.57449
4.98467
5.309
5.2472
4.42482
1.6704
0.801598
1.45448
2.00626
564.453
2455.75
2473.24
2339.17
2486.8
2587.69
2495.43
2527.18
3.77928
4.23829
4.58349
4.96698
5.33296
5.04384
4.18723
2.91447
2.32117
2.25092
3.22358
2.08127
1511.51
2544
2562.61
998.949
122.951
1298.61
1404.86
3.83663
4.31477
4.56901
10.7106
16.1744
4.75881
4.00959
3.32029
3.03769
12.9547
2.96646
-0.144911
-1.08384
133.778
124.08
0.287523
5.88977
103.018
1672.72
31.0645
21.9323
7.44768
9.96014
18.3868
18.8303
3.64434
3.25461
3.08593
14.1325
-0.177655
-0.685045
-1.54327
-2.24398
-1.61235
-0.50511
11.6357
0.320622
585.41
3.62666
27.434
28.7858
17.2245
2.07572
12.906
8.29474
2.65297
5.81927
7.16428
-1.06726
-1.38748
-2.10062
-2.4434
-2.12885
-1.19001
-0.306636
-0.378138
73.4452
-2.53865
-1.61495
-0.589753
7.96833
4.30738
1.50525
16.5085
1.0948
4.44303
6.69493
-1.95755
1.74876
-2.50508
-2.78952
-2.77942
3.01493
-0.66584
-0.414642
1347.15
-1.96662
-1.33026
-0.607095
-0.142842
10.7935
-0.173032
13.9982
-0.252499
-1.58287
-0.28705
1.35972
-1.95372
2.94349
1.40769
-2.31364
3.85648
-0.69027
1.04792
1401.2
-0.955876
-0.656428
-0.145288
0.00159114
10.6831
-0.853455
6.35476
0.0064907
-1.14842
-2.4389
-2.38258
-2.82731
-2.10063
5.28212
5.47088
0.25621
7.9026
378.409
1458.4
-0.416057
-0.223291
0.0457755
0.227936
6.74179
-0.507392
-0.863939
-0.181019
0.377055
-0.511356
-1.36056
-1.4749
-1.00548
-0.398131
7.18521
0.883778
129.478
51.4538
1510.78
-0.183546
-0.062851
0.112473
0.270373
1.63583
0.0907578
0.672286
1.39011
1.27228
0.505763
-0.139784
-0.335739
-0.139787
0.252483
0.774609
1.32249
123.849
1.01638
1500.44
-0.0995964
-0.0500101
0.0224816
0.0812698
5.08701
-0.0670528
1.65346
2.19232
1.54508
0.83557
0.370103
0.251641
0.391214
0.658729
0.98739
1.19227
20.147
0.839663
2.39425
-0.090089
-0.106703
-0.144395
-0.286131
-0.110533
10.8508
82.4705
5.79737
1.57558
0.849061
0.557555
0.551179
0.714131
0.916499
1.08948
1.07963
1.91137
0.95475
19.8479
-0.10495
-0.170889
-0.283615
-0.535425
-1.20001
76.5812
87.2053
84.9442
5.23065
2.02553
0.500606
0.643805
0.901714
1.11975
1.29971
1.40491
1.69806
1.59274
172.646
-0.117494
-0.205476
-0.336981
-0.560982
-0.945385
-1.13422
83.1168
25.3303
5.46899
9.49723
5.10296
0.52659
0.957226
1.24866
1.51885
1.7546
1.91558
1.98928
178.408
-0.11726
-0.206418
-0.321552
-0.470691
-0.637325
-0.771361
-0.394991
76.3298
5.08115
7.84248
9.59128
0.282798
0.859913
1.22055
1.56392
2.24609
2.12776
2.09003
183.312
-0.10463
-0.185062
-0.278058
-0.371094
-0.381483
4.75448
-0.0544078
52.4971
19.8533
6.58741
8.71118
-0.0198215
0.629682
0.982238
1.35712
4.13638
18.6169
2.9861
187.704
-0.0832512
-0.152531
-0.232993
-0.329898
4.08701
4.91113
-0.481115
-0.508519
4.17251
6.43269
-0.663765
-0.0970008
0.38611
0.620579
1.6934
97.7129
97.7131
8.41789
143.864
-0.0563423
-0.111931
-0.177466
-0.296539
3.18827
-0.41996
-0.308235
-0.327267
5.3766
5.48949
-0.346496
-0.0225622
0.250451
0.351552
2.91417
99.4349
0.102632
39.4505
170.093
-0.0277408
-0.0661241
-0.105073
-0.156154
-0.206515
-0.260053
-0.186462
-0.203315
1.84471
0.0506106
-0.0978525
0.0837598
0.238071
0.853782
5.28682
3.88158
-0.0863583
-0.00891123
174.683
-0.00314385
-0.0277696
-0.049555
0.0834624
0.142084
-0.144251
-0.163695
-0.133178
0.811431
0.278503
0.0550248
0.199295
0.362062
0.801834
93.4387
0.616291
-0.0982514
-0.0302853
178.492
0.0129814
-0.004351
0.0119612
0.0710908
-0.0375106
-0.102606
-0.142085
-0.126994
0.769783
0.224146
0.173065
0.324119
0.467725
0.4573
94.9408
-0.154395
-0.104983
-0.0744359
143.561
0.0198062
0.484255
0.528621
-0.0169205
-0.0423343
-0.106283
-0.186814
-0.211009
6.58051
0.0825559
0.271206
0.457206
0.643667
0.618253
25.6445
-0.133133
-0.106513
-0.0738215
465.262
0.0214956
0.264354
0.0699171
-0.0106804
-0.04653
-0.124244
-0.268967
-0.334892
6.83188
0.119284
0.341811
0.573567
0.821491
69.467
-0.0446276
-0.0929972
-0.13817
-0.160868
494.98
0.019958
0.014324
0.00967975
-0.0102229
-0.0525434
-0.1321
-0.311537
-0.351626
7.00331
0.104012
0.337108
0.643587
36.9615
0.104515
-0.022034
-0.0979261
-0.164532
-0.253493
441.949
0.0101528
0.00256588
-0.00730126
-0.0295827
-0.0652418
-0.116612
-0.206361
-0.201462
6.46183
-0.0556196
0.15819
1.78503
91.9188
-0.036092
-0.0745175
-0.115085
-0.165439
-0.232428
452.778
-0.00578123
-0.0177131
-0.034365
-0.059404
-0.0889427
-0.109589
-0.102155
0.00403528
4.61394
-0.332537
-0.426091
43.564
-0.12302
-0.108412
-0.13031
-0.14057
-0.0987538
-0.0699949
484.803
-0.026083
-0.0434872
-0.0683651
-0.100354
-0.132253
-0.150077
-0.151985
0.0567354
1.73276
-0.451333
1.25942
-1.46435
-0.315432
-0.219169
-0.214865
-0.217468
-0.188663
-0.152371
0.0408272
)
;

boundaryField
{
    leftWall
    {
        type            fixedFluxPressure;
        gradient        uniform 0;
        value           nonuniform List<scalar> 
100
(
525.124
524.636
522.793
520.862
520.116
522.087
527.301
534.264
505.932
2.16372
2.11975
2.03078
1.97279
1.92859
1.8907
1.85404
1.81566
1.77362
1.72778
1.68076
1.63531
1.58857
1.53829
1.48505
1.42945
1.37175
1.31231
1.25145
1.18956
1.12707
1.06448
1.0022
0.940458
0.879463
0.819232
0.759802
0.70135
0.644098
0.588296
0.534158
0.481686
0.430588
0.380388
0.33064
0.281128
0.231795
0.182658
0.133722
0.0849497
0.0363071
525.153
523.788
521.772
520.242
520.722
524.314
530.766
537.271
101.65
2.14883
2.07196
1.99899
1.94941
1.90928
1.87241
1.83521
1.79516
1.75109
1.70415
1.6579
1.61235
1.56386
1.51198
1.45753
1.40084
1.34223
1.28203
1.22061
1.15836
1.09576
1.03328
0.971257
0.909845
0.849258
0.789404
0.730438
0.672557
0.616
0.561012
0.507724
0.455993
0.405408
0.35548
0.305861
0.256439
0.207202
0.158166
0.109322
0.0606025
0.012027
)
;
    }
    rightWall
    {
        type            fixedFluxPressure;
        gradient        uniform 0;
        value           nonuniform List<scalar> 
100
(
2439.54
2401.57
2191.26
1843.52
1433.91
1085.25
838.666
727.116
742.287
859.416
986.48
1119.63
1256.94
1405.12
1555.52
1680.55
1790.22
1905.66
1983.05
2121.53
2257.43
2396.05
2564.41
2527.18
1404.86
1672.72
585.41
73.4452
1347.15
1401.2
1458.4
1510.78
1500.44
2.39425
19.8479
172.646
178.408
183.312
187.704
143.864
170.093
174.683
178.492
143.561
465.262
494.98
441.949
452.778
484.803
0.0408272
2461.12
2433.7
2315.99
2031.3
1638.92
1245.63
947.891
768.109
703.932
799.515
921.148
1053.28
1186.91
1329.84
1481.59
1621.71
1727.58
1858.03
1932.27
2041.82
2203.64
2301.25
2516.25
2598.76
1765.9
1435.54
1734.3
13.5944
1036.03
1375.01
1427.77
1488.97
1533.46
423.769
0.948761
156.256
175.61
181.042
185.334
189.263
117.715
172.248
177.068
159.035
235.22
489.974
500.65
326.936
480.259
195.029
)
;
    }
    lowerWall
    {
        type            fixedFluxPressure;
        gradient        uniform 0;
        value           nonuniform List<scalar> 
124
(
523.603
523.252
529.359
541.762
554.338
564.921
577.149
592.372
610.27
630.515
652.759
676.632
701.716
727.602
753.922
779.597
800.685
808.834
823.776
831.32
832.479
848.822
903.36
900.182
884.29
872.261
879.384
897.009
910.914
920.072
925.646
902.714
912.626
896.953
860.887
407.857
357.631
352.65
364.879
323.944
324.111
324.301
324.271
376.435
379.125
388.825
377.681
701.615
885.816
670.459
629.107
852.096
984.574
292.513
188.783
187.264
183.241
192.233
266.017
772.439
2668.47
2461.12
525.124
522.745
525.454
534.917
548.399
559.652
570.662
584.405
601.006
620.121
641.41
664.517
689.049
714.582
740.733
767.025
791.053
806.661
811.919
834.485
830.797
826.971
891.537
898.871
911.387
906.796
882.85
407.857
371.416
386.581
382.723
440.075
898.765
772.893
627.753
687.238
1137.91
532.731
210.466
186.56
186.51
181.456
227.289
349.973
1758.77
2654.87
903.36
893.335
876.296
873.323
888.002
904.83
915.711
922.592
380.788
343.243
361.872
331.501
324.031
324.215
324.363
742.996
)
;
    }
    atmosphere
    {
        type            totalPressure;
        rho             rho;
        psi             none;
        gamma           1;
        p0              uniform 0;
        value           nonuniform List<scalar> 
92
(
0
0
0
0
0
0
0
0
0
0
0
0
0
0
0
0
0
0
0
-0.0001073
-0.000987038
-0.00300513
-0.00653575
-0.0096504
-0.0126823
-0.0163542
-0.0207631
-0.0321241
-0.0512202
-0.0791154
-0.114677
-0.149613
-0.16759
-0.153787
0
0
0
0
-0.93068
-0.345817
-0.243191
-0.241549
-0.24945
-0.22531
-0.217449
0
0
0
0
0
0
0
0
0
0
0
0
0
0
0
0
0
0
0
0
-4.56565e-07
-0.00042473
-0.00183282
-0.00455313
-0.00834435
-0.0110943
-0.0144346
-0.0184614
-0.0249877
-0.0407312
-0.0639703
-0.0962776
-0.133031
-0.162108
-0.162178
-0.109446
0
0
0
0
-0.905336
-0.231144
-0.234584
-0.249143
-0.236854
-0.163066
-0.544655
)
;
    }
    defaultFaces
    {
        type            empty;
    }
}


// ************************************************************************* //
