/*--------------------------------*- C++ -*----------------------------------*\
| =========                 |                                                 |
| \\      /  F ield         | OpenFOAM: The Open Source CFD Toolbox           |
|  \\    /   O peration     | Version:  v1912                                 |
|   \\  /    A nd           | Website:  www.openfoam.com                      |
|    \\/     M anipulation  |                                                 |
\*---------------------------------------------------------------------------*/
FoamFile
{
    version     2.0;
    format      ascii;
    class       volScalarField;
    location    "0.25";
    object      p;
}
// * * * * * * * * * * * * * * * * * * * * * * * * * * * * * * * * * * * * * //

dimensions      [1 -1 -2 0 0 0 0];


internalField   nonuniform List<scalar> 
9072
(
1559.94
1592.11
1589.48
1581.7
1572.68
1563.18
1552.98
1542.06
1530.77
1519.81
1510.19
1503.24
1500.7
1504.77
1518.13
1544.29
1587.32
1651.22
1735.86
1810.8
1834.89
1777.46
1791.77
1499.67
1532.44
1529.78
1522.07
1513.11
1503.61
1493.36
1482.36
1470.97
1459.89
1450.12
1443
1440.24
1444.03
1457
1482.18
1522.84
1581.57
1656.43
1732.25
1779.34
1702.71
1629.39
1438.31
1471.7
1468.97
1461.4
1452.59
1443.09
1432.72
1421.53
1409.91
1398.55
1388.44
1380.9
1377.64
1380.8
1392.94
1416.9
1455.3
1509.4
1575.14
1638.07
1680.66
1633.41
1584.27
1376.05
1409.9
1407.09
1399.73
1391.13
1381.62
1371.06
1359.58
1347.59
1335.79
1325.14
1316.94
1312.88
1315.06
1325.95
1348.17
1383.88
1433.45
1492.58
1549.41
1587.57
1592.46
1651.85
1312.92
1347.1
1344.21
1337.14
1328.76
1319.2
1308.37
1296.49
1284
1271.59
1260.2
1251.09
1245.92
1246.76
1255.98
1276.01
1308.69
1353.91
1407.63
1460.62
1502.9
1542.74
1662.31
1248.98
1283.39
1280.41
1273.66
1265.5
1255.83
1244.65
1232.26
1219.14
1205.95
1193.6
1183.32
1176.73
1175.84
1182.97
1200.41
1229.78
1270.82
1319.94
1370.05
1415.71
1468.69
1584.09
1184.31
1218.86
1215.8
1209.37
1201.37
1191.51
1179.9
1166.91
1153.02
1138.87
1125.32
1113.59
1105.24
1102.23
1106.83
1121.27
1147.06
1183.96
1228.85
1275.95
1321.2
1372.38
1451.1
1119
1153.61
1150.47
1144.33
1136.4
1126.28
1114.15
1100.44
1085.63
1070.33
1055.36
1041.87
1031.38
1025.81
1027.39
1038.36
1060.26
1092.98
1133.66
1176.99
1217.51
1252.56
1265.62
9.00195
9.02592
9.01373
8.9974
8.981
8.96728
8.95711
8.95015
8.94548
8.94218
8.9396
8.93728
8.93502
8.93279
8.93065
8.92867
8.927
8.92576
8.92507
8.9444
8.96778
8.95527
8.93844
8.92169
8.90784
8.89774
8.89091
8.88638
8.8832
8.88067
8.87839
8.87615
8.87391
8.87174
8.86975
8.86805
8.8668
8.8661
8.88786
8.91065
8.89736
8.87931
8.86173
8.84763
8.8377
8.8312
8.82701
8.82408
8.8217
8.81948
8.81724
8.81494
8.81267
8.81057
8.8088
8.80749
8.80675
8.83246
8.85474
8.84011
8.81999
8.801
8.78656
8.77695
8.77103
8.76737
8.76484
8.7627
8.76055
8.75828
8.75587
8.75343
8.75116
8.74925
8.74783
8.74702
8.77804
8.80007
8.78357
8.76029
8.73935
8.7245
8.71546
8.7104
8.7075
8.7055
8.70366
8.70162
8.69926
8.69668
8.69402
8.69151
8.68938
8.6878
8.6869
8.72426
8.74679
8.72786
8.70005
8.67646
8.66128
8.65316
8.6493
8.64743
8.64612
8.64464
8.64269
8.64022
8.63738
8.63442
8.6316
8.62918
8.62738
8.62635
8.67151
8.69558
8.6736
8.63887
8.61192
8.59668
8.58999
8.58777
8.5872
8.58672
8.58566
8.58378
8.58116
8.578
8.57464
8.57142
8.56862
8.56653
8.56534
8.59753
8.64465
8.62175
8.57603
8.54509
8.53041
8.52591
8.52585
8.52686
8.52736
8.52676
8.52494
8.5221
8.51854
8.51467
8.51092
8.50766
8.50521
8.50382
997.101
1069.03
1065.78
1059.99
1052.03
1041.43
1028.52
1013.76
997.585
980.551
963.425
947.272
933.524
924.035
921.022
926.794
943.128
970.114
1005.19
1042.52
1072.4
1073
943.424
854.725
926.825
923.291
917.571
909.061
897.324
882.763
865.776
846.697
825.944
804.129
782.115
761.122
742.861
729.589
724.002
728.811
744.999
770.318
797.576
810.431
774.119
620.759
710.946
782.801
778.778
772.621
763.036
749.736
733.085
713.301
690.531
665.002
637.082
607.28
576.318
545.456
516.955
494.416
482.408
486.483
504.768
527.983
542.557
521.807
432.966
566.149
637.423
632.695
625.602
614.512
599.283
580.12
556.97
529.695
498.206
462.495
422.488
378.379
332.42
286.584
240.192
210.508
205.047
201.086
225.926
264.354
275.247
246.346
420.796
491.041
485.455
477.071
464.17
446.669
424.634
397.615
365.042
326.462
282.384
233.983
178.6
106.911
28.4309
2.4676
-1.96219
-3.48969
-3.3206
-4.47761
-0.618
13.1858
53.1429
275.021
344.067
337.515
327.762
312.82
292.588
267.686
236.852
200.679
156.159
103.472
47.9864
1.65055
-3.79022
-3.34957
-3.12773
-3.79251
-5.06456
-5.46636
-5.56906
-5.51229
-5.49669
-5.74195
129.099
196.713
189.674
178.931
162.973
139.079
114.206
80.6376
45.7991
8.60948
-4.71019
-4.90169
-4.59461
-4.37885
-4.03939
-4.30943
-5.23791
-5.73626
-5.9758
-5.92929
-5.87472
-5.87946
-6.01076
25.2958
54.4339
45.9779
36.9774
29.2994
8.20855
-0.897997
-4.10813
-4.61076
-4.89588
-5.01865
-5.07363
-4.95537
-4.89141
-5.04078
-5.32446
-5.52477
-5.72997
-5.87732
-5.9439
-5.98633
-6.05834
-6.18656
-4.4498
-4.33001
-4.3804
-4.45152
-4.37855
-4.46026
-4.6536
-4.73375
-4.88738
-5.11259
-5.26885
-5.35957
-5.35758
-5.37834
-5.54887
-5.57125
-5.70169
-5.85106
-5.96297
-6.04424
-6.12378
-6.22888
-6.37203
-4.63959
-4.52095
-4.54586
-4.58284
-4.61109
-4.67569
-4.79435
-4.94462
-5.15217
-5.42292
-5.67291
-5.87157
-5.95486
-5.85865
-5.7226
-5.7702
-5.89749
-6.0171
-6.11843
-6.20952
-6.30825
-6.42949
-6.579
-4.82661
-4.72622
-4.74053
-4.76967
-4.81254
-4.88181
-4.99319
-5.16331
-5.44663
-5.8064
-6.10102
-6.48332
-6.67866
-6.36523
-6.02309
-6.02651
-6.10581
-6.2024
-6.30053
-6.40186
-6.51576
-6.64932
-6.80607
-5.00936
-4.9224
-4.93821
-4.96785
-5.01391
-5.08411
-5.19346
-5.37794
-5.76986
-6.13277
-6.43749
-6.91239
-7.16098
-6.67812
-6.27557
-6.23794
-6.2982
-6.3895
-6.49412
-6.6101
-6.74067
-6.88937
-7.05904
-5.19146
-5.11228
-5.13167
-5.16373
-5.2116
-5.28093
-5.38197
-5.55284
-6.01685
-6.28251
-6.53706
-6.84433
-6.96453
-6.61268
-6.38583
-6.39593
-6.4724
-6.57645
-6.69731
-6.83329
-6.98532
-7.1558
-7.34627
-5.36917
-5.2952
-5.31739
-5.35219
-5.40208
-5.4707
-5.56408
-5.69992
-6.08251
-6.31932
-6.48938
-6.62854
-6.62769
-6.51476
-6.47955
-6.54358
-6.64673
-6.77248
-6.91581
-7.07676
-7.25657
-7.45692
-7.67928
-5.53843
-5.46947
-5.49329
-5.53012
-5.58189
-5.65087
-5.74068
-5.85799
-6.06225
-6.32367
-6.4622
-6.53685
-6.56088
-6.57198
-6.61894
-6.71286
-6.839
-6.98748
-7.15637
-7.34709
-7.56149
-7.80183
-8.07293
-5.69621
-5.6326
-5.65715
-5.69519
-5.7482
-5.8178
-5.90606
-6.0158
-6.15511
-6.33517
-6.4907
-6.56948
-6.63297
-6.69712
-6.78453
-6.90383
-7.05184
-7.22454
-7.42227
-7.64812
-7.90545
-8.19949
-8.54004
-5.84114
-5.78313
-5.8077
-5.84623
-5.89961
-5.96877
-6.05488
-6.15946
-6.28414
-6.4268
-6.55356
-6.65504
-6.74795
-6.84607
-6.96352
-7.10761
-7.27986
-7.48044
-7.71179
-7.97932
-8.29004
-8.6538
-9.08819
-5.97211
-5.92018
-5.94455
-5.9829
-6.0357
-6.10346
-6.18668
-6.28559
-6.39918
-6.52276
-6.6451
-6.76027
-6.87598
-7.00102
-7.14497
-7.31464
-7.51446
-7.74775
-8.01871
-8.33551
-8.71039
-9.15969
-9.71235
-6.08899
-6.0434
-6.06739
-6.10511
-6.15687
-6.22292
-6.3034
-6.39798
-6.50532
-6.62247
-6.74504
-6.87123
-7.00477
-7.15218
-7.32039
-7.5161
-7.74621
-8.0166
-8.33308
-8.70654
-9.15374
-9.69693
-10.3724
-6.19185
-6.15261
-6.17611
-6.21306
-6.26364
-6.32801
-6.40619
-6.49781
-6.60205
-6.71756
-6.84285
-6.978
-7.12615
-7.29248
-7.48276
-7.70413
-7.96554
-8.27532
-8.64138
-9.07718
-9.60211
-10.2414
-11.0238
-6.28114
-6.24812
-6.27106
-6.30715
-6.35653
-6.41934
-6.49558
-6.58515
-6.68788
-6.80351
-6.93196
-7.07436
-7.23413
-7.41608
-7.62576
-7.8709
-8.16223
-8.51076
-8.9276
-9.42922
-10.0386
-10.7795
-11.6658
-6.35739
-6.33046
-6.3528
-6.38796
-6.43607
-6.49726
-6.57166
-6.65946
-6.76103
-6.87687
-7.00775
-7.15541
-7.32374
-7.51771
-7.74311
-8.00834
-8.32569
-8.70915
-9.17429
-9.74331
-10.4451
-11.3089
-12.3466
-6.4208
-6.40001
-6.42162
-6.45566
-6.50222
-6.56151
-6.6338
-6.71958
-6.81962
-6.93495
-7.06686
-7.21761
-7.39136
-7.59278
-7.82916
-8.10908
-8.44579
-8.8566
-9.363
-9.99446
-10.7911
-11.8031
-13.0816
-6.47129
-6.45656
-6.47727
-6.5099
-6.5546
-6.61166
-6.68152
-6.76486
-6.86271
-6.97643
-7.1076
-7.25864
-7.43367
-7.6384
-7.8797
-8.16678
-8.5139
-8.93982
-9.47343
-10.1513
-11.0287
-12.1874
-13.7383
-6.50962
-6.50033
-6.52002
-6.5511
-6.59378
-6.64842
-6.71553
-6.79588
-6.89064
-7.00131
-7.12962
-7.27791
-7.4502
-7.65241
-7.89165
-8.17693
-8.52219
-8.9488
-9.48734
-10.1816
-11.1009
-12.3586
-14.1251
-6.53741
-6.53271
-6.55136
-6.58082
-6.62133
-6.67326
-6.73713
-6.81372
-6.90419
-7.01009
-7.13314
-7.2755
-7.44078
-7.6347
-7.86434
-8.13803
-8.46856
-8.87653
-9.39241
-10.0617
-10.9587
-12.2148
-14.0505
-6.55599
-6.5553
-6.57283
-6.60049
-6.63852
-6.68728
-6.74724
-6.81912
-6.90399
-7.00334
-7.11879
-7.25219
-7.4065
-7.58681
-7.79969
-8.05239
-8.35548
-8.72645
-9.19155
-9.79041
-10.5886
-11.7022
-13.3414
-6.56587
-6.56895
-6.58517
-6.61078
-6.64596
-6.69103
-6.7464
-6.81268
-6.89078
-6.98199
-7.08778
-7.20965
-7.34974
-7.51204
-7.70217
-7.92599
-8.19117
-8.51042
-8.90264
-9.39557
-10.0335
-10.8886
-12.0847
-6.56739
-6.57398
-6.58877
-6.61209
-6.64411
-6.68507
-6.73531
-6.79528
-6.86567
-6.94751
-7.04203
-7.15039
-7.2739
-7.41517
-7.57837
-7.76785
-7.98823
-8.24698
-8.55475
-8.92553
-9.37961
-9.94352
-10.6504
-6.56117
-6.57089
-6.58415
-6.60504
-6.63368
-6.67024
-6.71495
-6.76812
-6.8302
-6.90187
-6.98403
-7.07754
-7.18305
-7.30173
-7.436
-7.58858
-7.76152
-7.95751
-8.18013
-8.4322
-8.7153
-9.0264
-9.34916
-6.54805
-6.56044
-6.57212
-6.59049
-6.61562
-6.6476
-6.68656
-6.73266
-6.78611
-6.84724
-6.91655
-6.99457
-7.08149
-7.17736
-7.28284
-7.39886
-7.52561
-7.66234
-7.80745
-7.95705
-8.10254
-8.22752
-8.30144
-6.52895
-6.54353
-6.5536
-6.56942
-6.59099
-6.61834
-6.65149
-6.69045
-6.73523
-6.78585
-6.84239
-6.90497
-6.9735
-7.04737
-7.12581
-7.20812
-7.29298
-7.37773
-7.45796
-7.52659
-7.57198
-7.5757
-7.50968
-6.50477
-6.52109
-6.52957
-6.54286
-6.56092
-6.58369
-6.61111
-6.64306
-6.67939
-6.71986
-6.76419
-6.81208
-6.86314
-6.91647
-6.97058
-7.02354
-7.07287
-7.11496
-7.14445
-7.15373
-7.13186
-7.0638
-6.92952
-6.47639
-6.49404
-6.50098
-6.51181
-6.52646
-6.54482
-6.56672
-6.59197
-6.62026
-6.65119
-6.68422
-6.71871
-6.7539
-6.78875
-6.82158
-6.84998
-6.87084
-6.88014
-6.87261
-6.84148
-6.77807
-6.67182
-6.5106
-6.44466
-6.46324
-6.4687
-6.4772
-6.48861
-6.50279
-6.51951
-6.53848
-6.5593
-6.58148
-6.60433
-6.62699
-6.6484
-6.66734
-6.68218
-6.69061
-6.68955
-6.6751
-6.64256
-6.58643
-6.50043
-6.37792
-6.21248
-6.41041
-6.42955
-6.43361
-6.43992
-6.44833
-6.45863
-6.47056
-6.48377
-6.49783
-6.51216
-6.52603
-6.5385
-6.54839
-6.55432
-6.55469
-6.5475
-6.53014
-6.49934
-6.45126
-6.38172
-6.28644
-6.16161
-6.00447
-6.37432
-6.39373
-6.39652
-6.40082
-6.40646
-6.41323
-6.42082
-6.42887
-6.4369
-6.44434
-6.45047
-6.45436
-6.45486
-6.45061
-6.44004
-6.4214
-6.39266
-6.35138
-6.29479
-6.21998
-6.12429
-6.00571
-5.86367
-6.33697
-6.35637
-6.35801
-6.36051
-6.36367
-6.36727
-6.37099
-6.37448
-6.37727
-6.37882
-6.37842
-6.37526
-6.3683
-6.35634
-6.33798
-6.31172
-6.27597
-6.22905
-6.1692
-6.09472
-6.00424
-5.89699
-5.77354
-6.29938
-6.31838
-6.319
-6.31992
-6.32088
-6.32166
-6.32198
-6.32149
-6.31978
-6.31635
-6.31057
-6.30174
-6.289
-6.27138
-6.24777
-6.21699
-6.17786
-6.12926
-6.07024
-6.00006
-5.91839
-5.82533
-5.72204
-6.25998
-6.27952
-6.27942
-6.279
-6.27805
-6.27638
-6.27376
-6.26988
-6.26439
-6.25686
-6.24679
-6.23359
-6.21661
-6.19511
-6.16832
-6.13544
-6.0957
-6.04848
-5.99341
-5.93045
-5.86
-5.78286
-5.7004
-6.22413
-6.24094
-6.24037
-6.23879
-6.23613
-6.23228
-6.22707
-6.22025
-6.21155
-6.20063
-6.18711
-6.17056
-6.15052
-6.12653
-6.09812
-6.06488
-6.0265
-5.98283
-5.93398
-5.88042
-5.82302
-5.76305
-5.70203
-6.17963
-6.20747
-6.20674
-6.20415
-6.19998
-6.19421
-6.18674
-6.17739
-6.16598
-6.15226
-6.13598
-6.11685
-6.09463
-6.06907
-6.04003
-6.00745
-5.97142
-5.93225
-5.89053
-5.84717
-5.80342
-5.76097
-5.72164
-78.856
9.10191
9.52955
8.86937
314.103
74.3622
-31.114
11.9213
283.88
193.581
122.474
56.3674
188.108
150.639
117.608
88.4627
69.2095
64.9865
57.7086
49.6442
-5.27458
-2.25465
6.08774
9.59057
-6.1752
-6.26683
-6.35698
-6.47116
-6.33773
-6.43238
-6.52957
-6.63155
-6.52399
-6.61351
-6.70551
-6.79923
-6.73019
-6.81806
-6.90748
-6.99899
-6.96034
-7.04931
-7.13906
-7.23006
-7.22285
-7.31743
-7.41245
-7.50669
-7.52839
-7.63459
-7.74091
-7.8436
-7.89305
-8.01827
-8.143
-8.26343
-8.33823
-8.49409
-8.65112
-8.80935
-8.88451
-9.09273
-9.30981
-9.53655
-9.54637
-9.83741
-10.1552
-10.5063
-10.3221
-10.7335
-11.218
-11.8177
-11.1311
-11.6643
-12.3542
-13.3183
-11.865
-12.4131
-13.0486
-13.6913
-12.5509
-13.072
-13.6149
-14.0795
-13.3575
-13.9092
-14.3868
-14.502
-14.4529
-15.3369
-16.2594
-16.8525
-15.5906
-16.9197
-18.3904
-19.5385
-16.3883
-18.0776
-20.0236
-21.6072
-16.587
-18.5769
-21.1634
-23.5895
-15.6796
-17.5816
-20.3927
-24.1817
-13.6352
-14.7566
-16.1818
-18.0284
-11.4032
-11.8427
-12.2771
-12.6626
-9.58533
-9.66362
-9.67357
-9.58827
-8.26762
-8.19218
-8.05782
-7.85359
-7.35659
-7.22755
-7.05836
-6.84675
-6.7359
-6.59767
-6.43323
-6.24357
-6.31386
-6.18475
-6.03869
-5.8766
-6.0283
-5.91355
-5.78806
-5.65277
-5.83948
-5.73996
-5.63395
-5.52229
-5.72087
-5.63673
-5.54865
-5.45743
-5.65385
-5.5847
-5.51318
-5.43996
-5.62527
-5.57045
-5.5144
-5.45753
-5.62607
-5.58498
-5.54358
-5.50199
-5.6499
-5.62214
-5.59488
-5.56803
-5.69184
-5.67755
-5.66462
-5.65262
8.68144
8.58804
8.55946
8.49149
8.4552
8.44284
8.44256
8.44607
8.44948
8.45139
8.45142
8.44966
8.44643
8.44221
8.43752
8.43291
8.42892
8.42592
8.42418
7.70315
8.39329
8.44677
8.32748
8.28766
8.28855
8.30122
8.31328
8.32161
8.32609
8.32712
8.32517
8.32085
8.31497
8.30837
8.30185
8.29618
8.29191
8.2894
19.9905
8.07028
8.41788
8.1056
8.08626
8.12427
8.15952
8.18221
8.19553
8.20242
8.20413
8.20144
8.19529
8.18687
8.17749
8.16832
8.16037
8.15437
8.15084
55.3364
7.51619
0.888401
7.7143
7.84381
7.96148
8.02615
8.0561
8.0721
8.08074
8.08271
8.07858
8.06959
8.0575
8.04421
8.03143
8.02044
8.01219
8.00734
39.0854
21.188
5.67116
-3.88898
7.67577
7.82734
7.91633
7.93557
7.95004
7.96054
7.96284
7.95644
7.94329
7.92607
7.90753
7.88996
7.875
7.86389
7.85744
11.4243
7.43797
5.26984
4.60938
0.744833
7.86622
7.83281
7.80641
7.82368
7.84063
7.84432
7.83468
7.81552
7.79129
7.76584
7.74217
7.72227
7.70763
7.69926
-6.50328
4.14054
1.05796
-0.484916
11.8934
6.00856
7.63301
7.61797
7.68598
7.72064
7.72719
7.71251
7.68479
7.65114
7.61685
7.5857
7.55994
7.54116
7.53052
-6.76454
-6.97772
-6.54445
2.22076
-5.31126
4.24998
7.16421
7.46431
7.53686
7.60296
7.61147
7.58814
7.54836
7.50256
7.45749
7.41754
7.38514
7.36176
7.34856
-6.92619
-7.1395
-7.34197
-7.48237
0.412214
-8.24803
-2.15576
7.34049
7.37456
7.49056
7.49583
7.45775
7.40156
7.34098
7.2836
7.23397
7.19443
7.16624
7.1504
-7.12361
-7.33117
-7.52383
-7.71301
-7.77287
-22.1385
-8.13001
6.6731
7.30614
7.38214
7.37436
7.31395
7.23753
7.16033
7.09005
7.03067
6.9841
6.95126
6.93292
-7.35286
-7.55767
-7.73225
-7.88732
-8.02521
-6.5896
-18.4826
7.28122
7.22793
7.25539
7.23044
7.14478
7.04739
6.9536
6.87108
6.80295
6.75029
6.71351
6.69308
-7.62935
-7.8313
-7.99419
-8.11378
-8.28291
-9.06231
-24.1855
1.04041
6.97103
7.07419
7.04241
6.9362
6.82124
6.71368
6.62121
6.54643
6.48948
6.45004
6.42824
-7.97413
-8.18709
-8.34799
-8.43422
-8.5623
-8.88613
6.19901
-3.7628
7.08798
6.84208
6.79964
6.67637
6.54976
6.43417
6.33603
6.25777
6.19902
6.15867
6.13646
-8.42029
-8.67215
-8.84538
-8.90643
-8.91996
-8.83853
19.6135
-1.03285
6.64724
6.52949
6.48211
6.35382
6.22534
6.11026
6.01277
5.93525
5.87759
5.83836
5.81687
-9.0199
-9.34787
-9.5487
-9.57073
-9.47965
-9.18165
4.71836
3.81266
6.2345
6.16174
6.08006
5.96124
5.84439
5.74012
5.65091
5.57906
5.52559
5.48945
5.46979
-9.84304
-10.3237
-10.5434
-10.4418
-10.1705
-9.53585
1.69413
4.11829
5.673
5.65114
5.58388
5.49973
5.41017
5.32643
5.25263
5.19141
5.14507
5.11375
5.09689
-11.007
-11.859
-11.989
-11.5724
-10.9492
-10.7978
7.48202
4.45601
4.76201
4.9768
5.01069
4.98386
4.9327
4.87649
4.82309
4.7763
4.73954
4.71439
4.70099
-12.8126
-14.3543
-13.9433
-12.9227
-11.6489
-4.61843
1.65611
3.67767
4.0721
4.3062
4.40883
4.43711
4.42679
4.40044
4.36941
4.33912
4.31353
4.2954
4.28587
-15.1884
-16.9088
-15.4721
-14.1456
-10.9772
2.71436
2.74682
3.01954
3.40531
3.66454
3.80884
3.88062
3.90668
3.90874
3.89956
3.88604
3.87213
3.86138
3.85581
-14.2358
-15.5514
-16.1172
-15.8769
-3.23302
1.08105
1.91439
2.41021
2.78476
3.05101
3.22476
3.32804
3.38401
3.41059
3.42113
3.42321
3.4205
3.41699
3.41527
-14.479
-14.9029
-15.9465
-9.02067
-0.200515
0.726104
1.32198
1.81509
2.19238
2.47006
2.6623
2.78816
2.86695
2.91344
2.94066
2.95613
2.96344
2.96668
2.96848
-14.2962
-12.1289
-12.4244
-5.46752
-0.777894
0.0945076
0.748999
1.25508
1.63779
1.92247
2.12547
2.26655
2.36148
2.4229
2.46324
2.48941
2.50518
2.51439
2.51923
-16.9685
-10.8456
-7.33238
-4.5108
-1.69706
-0.496179
0.23198
0.747074
1.12835
1.41112
1.61774
1.76675
1.87097
1.94261
1.99245
2.02653
2.04906
2.06325
2.07062
-19.955
-9.00416
-4.72237
-3.31972
-1.78978
-0.810242
-0.160548
0.314064
0.670236
0.939031
1.14039
1.28938
1.3972
1.47488
1.53071
1.57011
1.59765
1.6157
1.62514
-22.3868
-63.3788
-0.926705
-2.68591
-1.47974
-0.894212
-0.428501
-0.0459828
0.260846
0.502773
0.690724
0.833493
0.940615
1.02063
1.07927
1.12177
1.15263
1.17337
1.18428
-25.2518
-60.6431
-4.24081
-0.75451
-1.00672
-0.900224
-0.641311
-0.364301
-0.115362
0.0943743
0.263657
0.39662
0.500191
0.579353
0.638356
0.682418
0.715036
0.737412
0.749455
-34.8389
-59.2347
-10.3155
-1.68796
-1.1847
-1.07722
-0.894276
-0.681994
-0.477958
-0.29768
-0.147023
-0.0243559
0.073658
0.149678
0.207938
0.252342
0.285272
0.308568
0.321998
-22.1416
-24.2647
-8.21555
-2.87625
-1.80495
-1.45181
-1.22387
-1.02448
-0.84291
-0.682508
-0.546173
-0.433009
-0.341673
-0.269233
-0.212269
-0.168886
-0.1366
-0.112934
-0.0987547
-13.185
-10.9174
-6.2207
-3.50439
-2.39705
-1.89539
-1.60359
-1.39004
-1.2135
-1.0636
-0.937279
-0.832682
-0.747374
-0.678134
-0.623435
-0.581972
-0.550545
-0.527074
-0.513091
-9.3285
-7.69527
-5.43462
-3.78374
-2.84349
-2.31621
-1.99115
-1.76308
-1.58585
-1.4415
-1.32273
-1.2249
-1.14422
-1.07846
-1.02685
-0.987294
-0.956669
-0.934208
-0.921425
-7.48253
-6.36366
-5.03345
-3.93222
-3.17788
-2.68865
-2.36304
-2.13126
-1.95485
-1.8154
-1.70241
-1.60961
-1.53331
-1.4716
-1.42306
-1.38504
-1.35558
-1.33503
-1.32401
-6.50823
-5.70707
-4.82189
-4.04128
-3.44459
-3.01656
-2.71113
-2.4868
-2.31636
-2.18256
-2.07481
-1.98714
-1.91569
-1.85804
-1.81215
-1.77587
-1.74841
-1.73022
-1.72083
-5.95981
-5.36094
-4.72585
-4.14684
-3.67353
-3.30929
-3.03491
-2.82719
-2.6671
-2.5408
-2.43967
-2.35803
-2.29159
-2.23773
-2.1947
-2.161
-2.13618
-2.12014
-2.11187
-5.64225
-5.18011
-4.70264
-4.25982
-3.88232
-3.57792
-3.33894
-3.1526
-3.00626
-2.89012
-2.79734
-2.72228
-2.66085
-2.61121
-2.5719
-2.54148
-2.5193
-2.50493
-2.49739
-5.46115
-5.0977
-4.72909
-4.38426
-4.08269
-3.83131
-3.6277
-3.46493
-3.335
-3.23126
-3.14788
-3.0797
-3.02408
-2.9797
-2.94476
-2.91764
-2.89779
-2.88485
-2.87796
-5.3669
-5.0791
-4.79107
-4.52057
-4.28011
-4.07512
-3.90536
-3.76696
-3.65512
-3.56492
-3.49137
-3.43109
-3.38258
-3.34408
-3.31341
-3.2894
-3.27185
-3.26042
-3.25428
-5.33219
-5.10466
-4.87952
-4.66801
-4.47819
-4.31407
-4.17596
-4.06178
-3.96837
-3.89188
-3.82908
-3.77812
-3.73732
-3.70446
-3.67786
-3.6571
-3.64212
-3.63238
-3.62707
-5.34049
-5.16291
-4.9892
-4.82642
-4.67968
-4.55166
-4.44274
-4.35167
-4.2762
-4.21392
-4.16298
-4.12177
-4.08831
-4.06079
-4.03852
-4.02147
-4.0093
-4.00132
-3.99686
-5.38098
-5.24656
-5.11666
-4.9955
-4.88617
-4.7903
-4.70812
-4.63881
-4.58101
-4.53329
-4.49423
-4.46222
-4.43568
-4.41379
-4.39643
-4.38338
-4.37402
-4.36776
-4.36416
-5.44654
-5.35086
-5.25964
-5.17513
-5.09901
-5.03212
-4.97457
-4.92583
-4.88507
-4.85127
-4.82329
-4.79996
-4.78054
-4.76483
-4.75266
-4.7435
-4.7368
-4.73221
-4.72949
-5.53271
-5.47304
-5.41706
-5.36564
-5.31953
-5.27906
-5.24419
-5.21457
-5.18965
-5.16876
-5.15122
-5.13656
-5.12459
-5.11516
-5.1079
-5.10232
-5.09813
-5.09522
-5.09338
-5.63725
-5.61201
-5.58878
-5.56769
-5.54892
-5.5325
-5.51836
-5.5063
-5.49605
-5.48736
-5.48002
-5.47398
-5.46919
-5.46548
-5.46259
-5.4603
-5.45855
-5.45731
-5.45635
1591.1
1591.73
1585.91
1577.25
1568
1558.18
1547.6
1536.42
1525.19
1514.76
1506.28
1501.3
1501.76
1510.1
1529.32
1563.49
1616.4
1691.66
1778.68
1824.55
1831.48
1726.76
1887.92
1531.42
1532.04
1526.23
1517.66
1508.44
1498.59
1487.94
1476.68
1465.34
1454.77
1446.13
1440.95
1441.16
1449.19
1467.86
1500.36
1549.89
1617.49
1695.99
1758.92
1786.67
1599.14
1782.28
1470.74
1471.25
1465.46
1457.08
1447.94
1438.02
1427.21
1415.74
1404.14
1393.27
1384.25
1378.61
1378.27
1385.58
1403.27
1434.15
1480.45
1541.44
1608.21
1662.98
1682.14
1559.06
1734.79
1408.94
1409.39
1403.67
1395.54
1386.5
1376.47
1365.41
1353.61
1341.61
1330.25
1320.64
1314.27
1313.04
1319.25
1335.48
1364.24
1407.04
1462.37
1522.32
1571.73
1596.13
1592.57
1777.49
1346.15
1346.51
1340.9
1333.09
1324.14
1313.93
1302.54
1290.28
1277.73
1265.69
1255.26
1247.89
1245.45
1250.16
1264.5
1290.71
1329.86
1380.18
1434.94
1483.47
1520.98
1583.55
1771.08
1282.48
1282.71
1277.25
1269.76
1260.86
1250.41
1238.58
1225.76
1212.51
1199.6
1188.11
1179.44
1175.43
1178.25
1190.27
1213.57
1248.97
1294.76
1345.37
1393.4
1439.24
1514.46
1671.7
1218.05
1218.08
1212.78
1205.59
1196.68
1185.91
1173.55
1160.04
1145.93
1131.95
1119.14
1108.88
1102.93
1103.43
1112.69
1132.7
1164.24
1205.73
1252.51
1298.76
1344.94
1407.97
1497.74
1152.95
1152.71
1147.59
1140.63
1131.61
1120.44
1107.46
1093.14
1078
1062.74
1048.34
1036.14
1027.85
1025.56
1031.58
1047.9
1075.38
1112.61
1155.38
1197.84
1235.92
1264.5
1214.69
9.02949
9.0206
9.00581
8.989
8.97371
8.96175
8.95329
8.94759
8.9437
8.94084
8.93843
8.93615
8.9339
8.9317
8.92963
8.92779
8.92632
8.92534
8.92493
8.97133
8.96235
8.9471
8.92983
8.91431
8.90233
8.89398
8.88842
8.88467
8.88188
8.87952
8.87727
8.87503
8.87281
8.87072
8.86885
8.86736
8.86638
8.86597
8.91423
8.90497
8.88857
8.87021
8.85415
8.84217
8.83409
8.82889
8.82544
8.82286
8.82059
8.81837
8.81609
8.8138
8.81159
8.80964
8.80808
8.80704
8.80661
8.85833
8.84861
8.83026
8.81005
8.79314
8.78121
8.77362
8.769
8.76602
8.76375
8.76164
8.75943
8.75709
8.75464
8.75226
8.75015
8.74847
8.74734
8.74686
8.80363
8.79342
8.77208
8.74917
8.73112
8.71936
8.71256
8.70877
8.70645
8.70459
8.70268
8.70048
8.69799
8.69534
8.69273
8.69038
8.68851
8.68726
8.68672
8.75055
8.73956
8.71403
8.68727
8.66783
8.65651
8.65086
8.64823
8.64676
8.64543
8.64373
8.64151
8.63883
8.6359
8.63298
8.63033
8.62819
8.62676
8.62615
8.6999
8.68807
8.65604
8.6239
8.60297
8.59254
8.58853
8.5874
8.587
8.58629
8.58482
8.58255
8.57962
8.57632
8.573
8.56994
8.56747
8.56581
8.56511
8.65177
8.64135
8.59782
8.55829
8.53605
8.5273
8.52559
8.52635
8.52722
8.52721
8.526
8.52363
8.52039
8.51662
8.51275
8.5092
8.50632
8.50438
8.50354
1068.71
1067.94
1063.1
1056.33
1047.05
1035.24
1021.34
1005.82
989.134
971.941
955.147
939.991
928.115
921.572
922.676
933.576
955.361
986.931
1024.06
1059.22
1078.74
1034.46
552.008
926.978
925.442
920.694
913.727
903.576
890.368
874.552
856.475
836.497
815.122
793.081
771.397
751.521
735.441
725.653
724.977
735.518
756.814
784.45
807.321
801.39
716.48
495.701
783.578
781.052
776.042
768.31
756.827
741.812
723.576
702.278
678.092
651.312
622.379
591.885
560.757
530.726
504.658
486.791
482
494.264
516.423
537.705
538.662
488.594
356.147
638.942
635.246
629.577
620.592
607.396
590.191
569.052
543.855
514.478
480.883
443.035
400.846
355.313
309.416
263.197
221.068
206.467
204.601
208.686
246.533
274.521
266.075
216.581
493.358
488.4
481.776
471.209
455.981
436.234
411.791
382.052
346.505
305.079
258.836
207.235
141.963
65.3957
10.4082
-1.29583
-2.89009
-3.45537
-3.78023
-3.53492
4.35275
30.9025
67.2689
347.298
340.838
333.246
320.969
303.3
280.758
253.141
219.427
179.037
132.545
76.1648
17.1201
-3.40811
-3.55891
-3.18739
-3.32121
-4.46312
-5.3494
-5.53215
-5.55813
-5.46644
-5.65247
-5.59399
199.287
193.351
184.874
171.775
151.204
126.908
100.624
61.4611
24.3813
-0.710268
-5.03271
-4.71707
-4.48202
-4.26028
-3.98095
-4.81266
-5.51298
-5.89215
-5.95893
-5.89941
-5.86474
-5.92959
-6.10467
61.2556
50.2616
41.7331
32.2421
14.6264
3.34255
-3.59612
-4.39852
-4.73437
-4.96295
-5.07001
-5.02404
-4.89747
-4.93541
-5.13668
-5.44283
-5.62032
-5.81958
-5.9158
-5.96431
-6.01619
-6.11518
-6.26935
-4.15616
-4.34025
-4.41999
-4.45823
-4.36778
-4.55986
-4.70415
-4.79049
-5.00727
-5.19527
-5.32695
-5.36635
-5.35372
-5.44757
-5.56108
-5.62725
-5.77866
-5.9123
-6.00845
-6.08205
-6.17201
-6.29559
-6.4567
-4.51035
-4.52986
-4.56507
-4.59747
-4.63569
-4.72975
-4.86529
-5.03823
-5.28473
-5.55402
-5.77972
-5.9361
-5.92471
-5.77913
-5.72096
-5.83348
-5.95933
-6.06994
-6.1643
-6.25679
-6.36549
-6.50069
-6.66364
-4.72394
-4.73172
-4.7535
-4.78892
-4.84284
-4.93136
-5.06886
-5.2845
-5.63328
-5.95615
-6.27037
-6.65211
-6.55603
-6.15993
-5.99905
-6.06298
-6.15329
-6.25154
-6.35023
-6.45671
-6.57976
-6.72475
-6.89275
-4.91804
-4.92909
-4.95116
-4.98852
-5.04521
-5.13271
-5.27047
-5.53157
-5.99318
-6.26522
-6.651
-7.13293
-6.97189
-6.42315
-6.23165
-6.26304
-6.3414
-6.44053
-6.5505
-6.67334
-6.81253
-6.97156
-7.1512
-5.10632
-5.12081
-5.14589
-5.18544
-5.24306
-5.32682
-5.45356
-5.71301
-6.21523
-6.39831
-6.68854
-6.96862
-6.81005
-6.46106
-6.37593
-6.42973
-6.52192
-6.635
-6.76339
-6.90718
-7.06812
-7.24849
-7.4487
-5.28902
-5.30504
-5.33307
-5.37506
-5.43374
-5.51378
-5.62635
-5.84688
-6.23423
-6.40641
-6.5679
-6.65197
-6.57007
-6.48247
-6.50382
-6.59187
-6.70724
-6.842
-6.99401
-7.16423
-7.35404
-7.56522
-7.79923
-5.46329
-5.48002
-5.50993
-5.55402
-5.61403
-5.693
-5.79424
-5.94228
-6.19178
-6.41218
-6.50307
-6.55512
-6.56341
-6.58964
-6.66057
-6.77286
-6.91068
-7.06932
-7.24887
-7.45123
-7.67816
-7.93321
-8.22109
-5.62623
-5.64332
-5.67438
-5.71974
-5.78081
-5.85952
-5.95756
-6.08227
-6.2364
-6.43469
-6.53126
-6.60299
-6.66324
-6.73703
-6.84021
-6.97461
-7.13518
-7.32011
-7.53148
-7.77259
-8.04739
-8.36309
-8.73082
-5.77648
-5.79373
-5.82517
-5.87102
-5.93214
-6.00962
-6.10472
-6.21924
-6.35427
-6.49458
-6.6061
-6.7018
-6.79536
-6.90173
-7.03206
-7.19024
-7.37652
-7.592
-7.84061
-8.12878
-8.46437
-8.86062
-9.33844
-5.91332
-5.93063
-5.96194
-6.00747
-6.06767
-6.14312
-6.23419
-6.34071
-6.46027
-6.58484
-6.7036
-6.81763
-6.93668
-7.07014
-7.22628
-7.41055
-7.62673
-7.87812
-8.17068
-8.51486
-8.92429
-9.42043
-10.0403
-6.03652
-6.05367
-6.08449
-6.12923
-6.18809
-6.26136
-6.34897
-6.45019
-6.56293
-6.68331
-6.80758
-6.93669
-7.07631
-7.23327
-7.41438
-7.62644
-7.87608
-8.16853
-8.51178
-8.9197
-9.41151
-10.0149
-10.7784
-6.14586
-6.16268
-6.1929
-6.23664
-6.29409
-6.36539
-6.45035
-6.54842
-6.6585
-6.77905
-6.90906
-7.05015
-7.20669
-7.38423
-7.58901
-7.82928
-8.11396
-8.45062
-8.84951
-9.32706
-9.90563
-10.6127
-11.4819
-6.24152
-6.25795
-6.28745
-6.33017
-6.38625
-6.45578
-6.53871
-6.63489
-6.7441
-6.86612
-7.00124
-7.15178
-7.32202
-7.51705
-7.74327
-8.0101
-8.32868
-8.70981
-9.16652
-9.71882
-10.3914
-11.204
-12.1618
-6.32406
-6.34003
-6.36877
-6.41039
-6.46503
-6.5328
-6.61387
-6.7085
-6.81713
-6.94036
-7.07932
-7.2367
-7.41716
-7.62605
-7.87007
-8.15963
-8.50826
-8.93034
-9.44411
-10.0756
-10.855
-11.807
-12.9196
-6.39382
-6.40926
-6.43708
-6.47736
-6.53026
-6.59601
-6.67496
-6.76776
-6.8753
-6.99873
-7.13967
-7.30126
-7.48784
-7.70623
-7.96291
-8.26933
-8.64076
-9.09618
-9.66097
-10.3691
-11.2671
-12.4056
-13.8331
-6.4506
-6.46542
-6.49208
-6.53072
-6.58156
-6.64495
-6.72144
-6.81189
-6.9175
-7.03972
-7.18042
-7.34283
-7.5319
-7.75401
-8.01678
-8.33171
-8.7158
-9.19123
-9.79143
-10.5606
-11.5666
-12.9058
-14.712
-6.49468
-6.50875
-6.53412
-6.57097
-6.61958
-6.68037
-6.75398
-6.84137
-6.94389
-7.06314
-7.20106
-7.36072
-7.54714
-7.76692
-8.02781
-8.34093
-8.72365
-9.20175
-9.81145
-10.6073
-11.678
-13.1655
-15.2944
-6.52736
-6.54069
-6.56472
-6.59967
-6.64584
-6.70366
-6.77377
-6.85713
-6.9551
-7.06936
-7.20173
-7.35496
-7.53373
-7.7446
-7.99502
-8.29511
-8.66123
-9.11858
-9.70416
-10.4754
-11.5304
-13.0399
-15.3428
-6.55028
-6.5628
-6.58538
-6.61819
-6.66154
-6.71582
-6.78163
-6.85985
-6.95176
-7.05895
-7.18311
-7.32647
-7.49301
-7.68875
-7.92052
-8.19672
-8.53109
-8.94515
-9.47099
-10.1589
-11.096
-12.4335
-14.5285
-6.56431
-6.5759
-6.59679
-6.62715
-6.66724
-6.7174
-6.77813
-6.85018
-6.93465
-7.03297
-7.1466
-7.27722
-7.42778
-7.60327
-7.80948
-8.05275
-8.34301
-8.69596
-9.13422
-9.69273
-10.428
-11.4309
-12.8999
-6.56975
-6.58031
-6.59935
-6.627
-6.66345
-6.70901
-6.76404
-6.82912
-6.90508
-6.99311
-7.09441
-7.21013
-7.34208
-7.49375
-7.66957
-7.8738
-8.11219
-8.39399
-8.73118
-9.14058
-9.64609
-10.2761
-11.0717
-6.56709
-6.57657
-6.59363
-6.61838
-6.65096
-6.69156
-6.74046
-6.79801
-6.86478
-6.94158
-7.02933
-7.12875
-7.24061
-7.36674
-7.50986
-7.67237
-7.85642
-8.06526
-8.30237
-8.56988
-8.86787
-9.18848
-9.49806
-6.55709
-6.56544
-6.58046
-6.6022
-6.63074
-6.6662
-6.70871
-6.75845
-6.81569
-6.88083
-6.95445
-7.03692
-7.12828
-7.22884
-7.3395
-7.46092
-7.59281
-7.73401
-7.88207
-8.03113
-8.169
-8.27399
-8.29917
-6.54063
-6.54784
-6.56079
-6.57949
-6.60394
-6.63419
-6.67024
-6.71211
-6.75981
-6.81337
-6.87292
-6.93852
-7.00982
-7.08605
-7.16654
-7.25036
-7.33559
-7.41878
-7.49431
-7.55316
-7.58048
-7.55392
-7.43614
-6.51865
-6.52473
-6.53562
-6.5513
-6.57172
-6.59683
-6.62653
-6.66069
-6.69913
-6.74156
-6.78771
-6.83726
-6.88961
-6.94354
-6.99734
-7.04886
-7.09511
-7.13169
-7.15221
-7.14754
-7.10469
-7.00657
-6.82883
-6.49204
-6.49702
-6.50591
-6.51867
-6.53519
-6.55534
-6.57894
-6.60575
-6.63542
-6.66748
-6.70133
-6.73627
-6.77145
-6.80555
-6.8365
-6.86158
-6.87724
-6.87887
-6.86049
-6.81444
-6.73101
-6.59902
-6.40474
-6.46168
-6.46559
-6.47258
-6.48255
-6.49537
-6.51085
-6.52873
-6.54869
-6.57026
-6.59287
-6.61575
-6.63792
-6.65827
-6.6754
-6.68737
-6.69149
-6.68428
-6.66142
-6.61782
-6.54758
-6.44413
-6.30103
-6.11148
-6.42838
-6.4313
-6.4365
-6.44387
-6.45325
-6.46441
-6.47703
-6.49073
-6.505
-6.5192
-6.53251
-6.54385
-6.55195
-6.55532
-6.55219
-6.54028
-6.51665
-6.47771
-6.41943
-6.33756
-6.22791
-6.08726
-5.91296
-6.39295
-6.39494
-6.39849
-6.40348
-6.40972
-6.41694
-6.42481
-6.43292
-6.44074
-6.44762
-6.45276
-6.45512
-6.45342
-6.44622
-6.43185
-6.40843
-6.37376
-6.32518
-6.25983
-6.1749
-6.06792
-5.93764
-5.78379
-6.35593
-6.35709
-6.35917
-6.36202
-6.36543
-6.36914
-6.37279
-6.376
-6.37824
-6.37891
-6.37725
-6.37232
-6.36303
-6.34805
-6.32594
-6.29513
-6.25402
-6.20085
-6.13388
-6.05155
-5.95271
-5.83722
-5.70609
-6.31815
-6.31866
-6.31946
-6.3204
-6.32131
-6.3219
-6.32186
-6.32082
-6.31832
-6.31379
-6.30659
-6.29591
-6.28086
-6.26039
-6.23335
-6.19854
-6.15481
-6.10111
-6.03658
-5.96067
-5.87325
-5.77485
-5.66711
-6.27942
-6.27958
-6.27929
-6.2786
-6.27732
-6.27521
-6.272
-6.26736
-6.26091
-6.25218
-6.24062
-6.22562
-6.20647
-6.18243
-6.15269
-6.11647
-6.07306
-6.02194
-5.96291
-5.89612
-5.8222
-5.74216
-5.65786
-6.2413
-6.24093
-6.23972
-6.2376
-6.23437
-6.22986
-6.22388
-6.21616
-6.20639
-6.19422
-6.17925
-6.16101
-6.13905
-6.1129
-6.08212
-6.04635
-6.00532
-5.95903
-5.90775
-5.85212
-5.79327
-5.73255
-5.6718
-6.20801
-6.2075
-6.20564
-6.20226
-6.1973
-6.1907
-6.18231
-6.17196
-6.15943
-6.14446
-6.12679
-6.10614
-6.08228
-6.055
-6.02418
-5.98985
-5.9522
-5.91167
-5.86899
-5.82524
-5.78192
-5.7408
-5.7038
2.4802
9.28416
9.34576
8.73132
175.109
-6.91369
5.11837
8.28012
235.515
155.841
87.9322
52.282
168.947
133.626
102.819
75.5859
67.7652
61.4993
53.6616
45.2711
-4.54892
1.74186
8.8361
9.84719
-6.22052
-6.31154
-6.41153
-6.50075
-6.38441
-6.48068
-6.57983
-6.68249
-6.56833
-6.6593
-6.75215
-6.84715
-6.77388
-6.86256
-6.95295
-7.04543
-7.00464
-7.09409
-7.1844
-7.27595
-7.26994
-7.365
-7.45974
-7.55289
-7.58118
-7.68797
-7.79286
-7.89286
-7.95532
-8.08099
-8.20372
-8.32229
-8.41589
-8.57241
-8.7302
-8.88828
-8.98758
-9.2
-9.42224
-9.65163
-9.68902
-9.99219
-10.3269
-10.6939
-10.5205
-10.9638
-11.4994
-12.1667
-11.3834
-11.9828
-12.7895
-13.8793
-12.1297
-12.7189
-13.388
-13.9302
-12.8073
-13.3454
-13.8695
-14.2619
-13.636
-14.1732
-14.4991
-14.4467
-14.8791
-15.8163
-16.596
-16.9676
-16.2225
-17.664
-19.0148
-19.8565
-17.1821
-19.0587
-20.87
-22.0605
-17.5046
-19.8221
-22.4531
-24.4106
-16.5409
-18.8626
-22.1191
-27.2525
-14.16
-15.4357
-17.0029
-19.4598
-11.6199
-12.0659
-12.4677
-12.8985
-9.63045
-9.6802
-9.63974
-9.52534
-8.23604
-8.13377
-7.96299
-7.73208
-7.29666
-7.14848
-6.95702
-6.72882
-6.66996
-6.51886
-6.34101
-6.14191
-6.2514
-6.11389
-5.9593
-5.79127
-5.97227
-5.85215
-5.72142
-5.58248
-5.79056
-5.68775
-5.57869
-5.46499
-5.67933
-5.59315
-5.50335
-5.41104
-5.6196
-5.5492
-5.47672
-5.40298
-5.59803
-5.54256
-5.48601
-5.42898
-5.60557
-5.56432
-5.52279
-5.48124
-5.63596
-5.60845
-5.58141
-5.55476
-5.68452
-5.67093
-5.65854
-5.64681
8.64755
8.60153
8.52106
8.46969
8.4468
8.44183
8.44417
8.44791
8.45067
8.45164
8.45075
8.4482
8.44441
8.43989
8.43517
8.43081
8.42727
8.42488
8.42382
8.55743
8.64675
8.37011
8.30004
8.28527
8.29451
8.30764
8.31794
8.32431
8.32701
8.32648
8.32326
8.31805
8.31171
8.30504
8.29887
8.29385
8.29042
8.28889
-13.5188
8.74096
8.10592
8.07848
8.10387
8.14343
8.17231
8.1898
8.19968
8.20388
8.20329
8.19873
8.19129
8.18222
8.17281
8.16414
8.15709
8.15227
8.15011
20.6089
-1.92602
7.74836
7.7773
7.90873
7.99993
8.04379
8.06518
8.07725
8.08254
8.08135
8.07459
8.06382
8.05089
8.03767
8.02564
8.01593
8.0093
8.00635
31.6371
13.1624
-6.49462
7.46333
7.72584
7.88969
7.92781
7.94294
7.95613
7.96282
7.96065
7.95054
7.93501
7.91681
7.8985
7.88207
7.86891
7.86004
7.85613
9.84399
5.85705
4.75722
1.82494
7.6096
7.88783
7.80896
7.81335
7.83348
7.84429
7.84098
7.82601
7.80379
7.7785
7.75364
7.73165
7.71422
7.70262
7.69757
-4.65748
4.9319
-1.98935
6.61872
4.75403
7.86107
7.58957
7.65577
7.70718
7.72706
7.72198
7.6998
7.66834
7.6338
7.60072
7.57204
7.54959
7.53478
7.52837
-6.87455
-7.12986
-0.174115
-5.60368
3.11733
0.5243
7.50247
7.48394
7.57945
7.61236
7.6027
7.56955
7.52572
7.47961
7.43668
7.4003
7.37223
7.35384
7.34591
-7.03569
-7.2455
-7.42889
-5.60619
-14.2492
-2.95475
6.71334
7.31154
7.45136
7.50098
7.48027
7.43087
7.37124
7.31155
7.25763
7.21285
7.17885
7.15673
7.14722
-7.23011
-7.42803
-7.61693
-7.82087
-2.62795
-18.4428
-0.741374
7.3272
7.33683
7.39067
7.34741
7.27658
7.19842
7.12401
7.05884
7.00572
6.96591
6.94025
6.92925
-7.45825
-7.64867
-7.81177
-7.95446
-7.98057
-29.5099
-7.48945
7.39874
7.22024
7.25859
7.19011
7.09643
6.99943
6.91066
6.83512
6.77467
6.72988
6.70123
6.689
-7.73354
-7.91948
-8.05483
-8.18825
-8.53634
-15.2496
-12.3571
5.84327
7.08143
7.07401
6.9916
6.87865
6.76589
6.66533
6.58156
6.51577
6.46756
6.43693
6.42389
-8.08482
-8.27641
-8.39808
-8.48361
-8.72278
-8.13075
-3.35406
6.63482
6.90141
6.84155
6.73912
6.61245
6.49004
6.38269
6.29439
6.22604
6.17657
6.14531
6.13205
-8.55279
-8.77174
-8.8891
-8.91746
-8.85695
-8.61091
4.11404
5.74358
6.52334
6.53253
6.4189
6.28838
6.1658
6.05912
5.97146
5.90403
5.85573
5.82542
5.8126
-9.19432
-9.47048
-9.57881
-9.54256
-9.32953
-8.95758
6.16883
6.3288
6.14046
6.1349
6.02159
5.90154
5.79047
5.69351
5.61268
5.55008
5.50542
5.4776
5.46591
-10.0996
-10.4786
-10.5187
-10.3328
-9.95906
-9.05435
4.16256
6.11669
5.65199
5.61875
5.54367
5.45477
5.36718
5.28814
5.22026
5.16634
5.12756
5.10356
5.09358
-11.4751
-12.0294
-11.8099
-11.2904
-10.5199
-3.03107
2.54887
4.53865
4.92176
5.0038
5.0019
4.95991
4.9045
4.8492
4.79862
4.75652
4.72547
4.70627
4.6984
-13.8289
-14.3136
-13.454
-12.409
-11.4247
3.70177
3.3615
3.8565
4.21029
4.37037
4.42943
4.43517
4.41466
4.38512
4.3539
4.32554
4.30341
4.28959
4.28407
-17.0661
-16.0805
-14.8169
-14.3916
-3.04616
2.6804
2.79291
3.23151
3.55185
3.74762
3.85215
3.89776
3.90975
3.90502
3.89307
3.87891
3.86617
3.85795
3.85482
-14.9051
-15.7996
-16.0216
-11.6425
0.751549
1.60636
2.18434
2.60939
2.93099
3.14813
3.28368
3.3607
3.40002
3.41725
3.42297
3.42221
3.41861
3.41588
3.41504
-14.6285
-15.9381
-13.8105
-4.83883
0.523248
1.02535
1.58252
2.0183
2.34216
2.57596
2.73218
2.83248
2.89335
2.92883
2.94962
2.96056
2.96534
2.96771
2.96892
-13.3324
-12.4281
-11.0579
-1.70446
-0.313537
0.441051
1.02048
1.45927
1.79142
2.03301
2.20262
2.31902
2.39551
2.44514
2.47785
2.49834
2.51041
2.51729
2.52025
-15.3775
-7.70322
-6.12576
-2.8289
-1.00125
-0.0969785
0.509337
0.951369
1.28069
1.52262
1.69863
1.82366
1.91011
1.9698
2.01117
2.039
2.05708
2.06771
2.07212
-20.013
-9.78844
-3.71713
-2.50617
-1.2394
-0.457081
0.0935662
0.504777
0.814144
1.04717
1.22067
1.34772
1.43924
1.50513
1.55216
1.58516
1.60779
1.62144
1.62722
-22.0475
-28.6403
-3.5437
-1.95534
-1.16586
-0.650483
-0.22701
0.116265
0.389205
0.602968
0.767131
0.890974
0.983573
1.0523
1.10221
1.13849
1.16426
1.1803
1.18777
-29.0702
-22.4475
-1.3694
-0.990599
-0.989507
-0.778857
-0.500726
-0.235289
-0.00529186
0.183841
0.334303
0.451686
0.542573
0.611064
0.661966
0.700048
0.727542
0.745332
0.754513
-48.7802
-30.6787
-4.13112
-1.18307
-1.13912
-0.992447
-0.788926
-0.577588
-0.38435
-0.218601
-0.0824163
0.0275637
0.114198
0.18074
0.231709
0.270105
0.298135
0.317132
0.326874
-24.3666
-16.3153
-4.69644
-2.17168
-1.59515
-1.33228
-1.12196
-0.931358
-0.759757
-0.611345
-0.486777
-0.384741
-0.303346
-0.238938
-0.189006
-0.15156
-0.123682
-0.10411
-0.0941972
-12.6626
-8.36889
-4.59736
-2.83411
-2.10461
-1.73524
-1.49074
-1.29808
-1.1355
-0.997618
-0.882364
-0.787854
-0.710871
-0.649003
-0.601234
-0.565202
-0.537769
-0.51849
-0.509072
-8.67676
-6.53799
-4.50736
-3.2438
-2.54488
-2.13689
-1.86874
-1.6697
-1.51012
-1.37921
-1.27147
-1.1826
-1.10952
-1.05098
-1.00577
-0.970984
-0.944337
-0.926381
-0.918127
-6.98052
-5.69128
-4.43922
-3.51508
-2.9071
-2.51052
-2.23852
-2.03752
-1.88129
-1.75607
-1.65377
-1.56954
-1.50071
-1.44583
-1.4029
-1.36927
-1.34412
-1.32827
-1.32149
-6.13069
-5.26154
-4.41051
-3.71952
-3.21218
-2.85151
-2.59075
-2.39614
-2.24569
-2.12586
-2.02875
-1.94956
-1.88526
-1.83377
-1.79291
-1.76102
-1.73814
-1.72449
-1.71897
-5.67093
-5.04153
-4.42496
-3.89589
-3.4788
-3.16231
-2.92406
-2.74221
-2.60033
-2.4875
-2.39671
-2.32311
-2.2632
-2.21497
-2.17674
-2.14747
-2.12709
-2.11515
-2.11051
-5.41628
-4.93992
-4.47439
-4.06196
-3.72123
-3.45102
-3.24005
-3.07507
-2.94491
-2.84118
-2.7579
-2.69001
-2.63465
-2.59037
-2.55564
-2.52937
-2.51118
-2.50042
-2.4964
-5.28193
-4.91211
-4.55218
-4.22735
-3.95071
-3.72394
-3.54169
-3.39633
-3.28023
-3.18738
-3.11212
-3.05041
-3.00059
-2.96117
-2.93027
-2.90683
-2.8905
-2.88077
-2.8773
-5.22418
-4.93391
-4.65268
-4.39607
-4.17311
-3.98601
-3.83254
-3.70803
-3.60764
-3.52633
-3.45968
-3.40546
-3.36222
-3.32787
-3.3006
-3.27983
-3.26541
-3.25682
-3.25392
-5.21885
-4.99104
-4.77146
-4.57004
-4.39283
-4.24186
-4.11606
-4.01271
-3.92824
-3.85891
-3.80222
-3.75658
-3.72003
-3.69043
-3.66675
-3.64891
-3.63664
-3.62931
-3.62697
-5.25168
-5.0751
-4.90606
-4.75081
-4.61326
-4.49487
-4.3951
-4.31215
-4.24354
-4.18713
-4.14128
-4.1042
-4.07388
-4.049
-4.02935
-4.01481
-4.00483
-3.99879
-3.997
-5.31348
-5.18076
-5.05476
-4.93922
-4.83651
-4.74753
-4.67194
-4.60856
-4.55598
-4.51277
-4.47745
-4.44834
-4.42417
-4.40454
-4.3894
-4.37828
-4.37053
-4.36577
-4.36452
-5.39828
-5.30454
-5.21643
-5.13595
-5.06439
-5.0022
-4.94914
-4.90451
-4.86737
-4.83663
-4.8111
-4.78978
-4.77223
-4.75833
-4.74774
-4.73987
-4.73426
-4.73078
-4.73006
-5.50246
-5.44454
-5.39073
-5.34189
-5.29858
-5.26094
-5.22876
-5.20156
-5.17875
-5.15961
-5.14355
-5.13025
-5.11958
-5.11129
-5.10492
-5.10006
-5.09652
-5.09435
-5.09412
-5.62437
-5.60014
-5.57796
-5.55801
-5.54042
-5.52516
-5.51209
-5.50096
-5.49153
-5.48352
-5.47683
-5.47143
-5.46721
-5.46395
-5.46138
-5.45936
-5.45788
-5.457
-5.45714
1589.65
1562.41
1559.77
1552.02
1543.02
1533.52
1523.3
1512.35
1501.03
1490.03
1480.36
1473.35
1470.74
1474.71
1487.94
1513.39
1554.63
1615.97
1698.41
1778.29
1811.45
1742.85
1714.15
1529.95
1502.2
1499.51
1491.86
1482.97
1473.47
1463.17
1452.09
1440.6
1429.4
1419.48
1412.18
1409.21
1412.73
1425.34
1449.98
1489.57
1545.96
1615.57
1683.84
1732.81
1666.96
1588.37
1469.09
1440.93
1438.16
1430.69
1421.98
1412.47
1402.02
1390.69
1378.91
1367.35
1356.99
1349.15
1345.53
1348.25
1359.82
1382.96
1420.07
1471.88
1534.17
1593.64
1632
1610.08
1612.41
1407.3
1378.62
1375.77
1368.55
1360.06
1350.53
1339.84
1328.17
1315.95
1303.87
1292.87
1284.25
1279.68
1281.23
1291.34
1312.52
1346.74
1394.12
1450.41
1505.12
1545.09
1571.07
1670.26
1344.59
1315.35
1312.42
1305.5
1297.24
1287.63
1276.64
1264.52
1251.73
1238.95
1227.1
1217.44
1211.61
1211.63
1219.86
1238.65
1269.7
1312.82
1364.17
1415.67
1460.01
1508.36
1631.59
1281.05
1251.22
1248.2
1241.62
1233.54
1223.79
1212.41
1199.73
1186.24
1172.59
1159.67
1148.7
1141.28
1139.38
1145.3
1161.29
1188.91
1227.89
1274.87
1323.54
1369.54
1423.49
1523.67
1216.73
1186.32
1183.23
1176.94
1168.99
1159.01
1147.15
1133.81
1119.48
1104.77
1090.55
1077.98
1068.61
1064.37
1067.53
1080.3
1104.19
1139.02
1181.82
1227.14
1270.54
1315.3
1365.8
1151.73
1120.71
1117.52
1111.54
1103.61
1093.32
1080.9
1066.8
1051.48
1035.53
1019.76
1005.29
993.593
986.572
986.447
995.474
1015.24
1045.8
1084.33
1125.45
1162.26
1185.12
1154.18
9.03118
8.99672
8.98443
8.96794
8.95142
8.93766
8.92751
8.92059
8.91597
8.91271
8.91014
8.90784
8.90559
8.90336
8.90122
8.89924
8.89757
8.89633
8.89564
8.97303
8.93909
8.92624
8.9089
8.89179
8.87783
8.86781
8.86112
8.85673
8.85365
8.85119
8.84894
8.8467
8.84444
8.84223
8.84019
8.83846
8.83719
8.83647
8.916
8.88252
8.86865
8.84968
8.83147
8.81721
8.80742
8.80118
8.79722
8.79448
8.7922
8.79002
8.78777
8.78542
8.78307
8.7809
8.77906
8.7777
8.77693
8.86002
8.82726
8.81174
8.7902
8.77031
8.75566
8.7463
8.74078
8.73747
8.73518
8.73319
8.73109
8.72878
8.72629
8.72375
8.72136
8.71935
8.71786
8.71701
8.80515
8.77322
8.75559
8.73025
8.70808
8.69305
8.68441
8.67991
8.67749
8.67582
8.67415
8.67215
8.66974
8.66704
8.66424
8.66159
8.65932
8.65764
8.65668
8.75106
8.72089
8.70048
8.66962
8.64443
8.62917
8.62169
8.61859
8.61733
8.61642
8.61514
8.61323
8.61068
8.6077
8.60456
8.60155
8.59895
8.59701
8.59591
8.69754
8.67056
8.64732
8.60771
8.57884
8.56378
8.55806
8.55686
8.55704
8.55703
8.5562
8.55435
8.55163
8.54828
8.54468
8.54121
8.53819
8.53593
8.53465
8.6452
8.61866
8.59709
8.54364
8.51057
8.49657
8.49354
8.49477
8.49667
8.49771
8.49735
8.49556
8.49258
8.48879
8.48461
8.48054
8.47702
8.47437
8.47285
1067.61
998.191
994.825
989.122
980.953
969.843
956.162
940.356
922.824
904.056
884.751
865.884
848.799
835.289
827.588
828.169
839.143
861.025
891.262
923.102
942.645
915.368
728.436
926.118
855.009
851.259
845.387
836.4
823.931
808.38
790.067
769.242
746.237
721.556
695.915
670.348
646.408
626.351
613.191
610.675
621.251
641.602
665.085
676.35
645.515
529.389
782.984
710.254
705.905
699.337
689.045
674.823
656.966
635.569
610.653
582.307
550.728
516.125
478.779
439.986
402.463
370.093
348.637
338.055
349.114
373.99
398.324
393.598
336.591
638.654
564.345
559.196
551.487
539.522
523.199
502.635
477.601
447.757
412.785
372.641
327.58
278.229
224.227
160.39
88.7194
29.0312
13.9466
14.0539
39.0049
94.9485
140.741
155.724
493.5
417.61
411.563
402.481
388.591
369.808
346.251
317.215
282.121
240.609
193.605
140.351
74.1668
9.4602
-2.79113
-2.76977
-3.04469
-4.19609
-4.79189
-5.42902
-5.28804
-4.71354
-0.239838
347.998
270.065
263.264
252.949
237.085
215.229
190.064
158.065
122.129
71.4385
21.1113
-3.39616
-4.26078
-4.02267
-3.68486
-3.62136
-4.6722
-5.62814
-5.83812
-5.78852
-5.73148
-5.74407
-5.88385
201.847
126.434
117.203
106.081
92.0037
63.4604
41.349
15.5842
-0.742284
-4.79049
-4.77461
-4.98711
-4.81869
-4.64964
-4.5086
-4.95752
-5.42646
-5.71135
-5.89651
-5.95156
-5.94319
-5.97979
-6.10292
65.0662
2.61692
2.61946
-0.990585
-3.41715
-4.3491
-4.65826
-4.55537
-4.76826
-5.01601
-5.12638
-5.17744
-5.12813
-5.13896
-5.38657
-5.48832
-5.61275
-5.78217
-5.90525
-5.9778
-6.04505
-6.13819
-6.27574
-2.7156
-4.43726
-4.45531
-4.50306
-4.51062
-4.56928
-4.7073
-4.83496
-5.01512
-5.25471
-5.4593
-5.60104
-5.63929
-5.61253
-5.62319
-5.65611
-5.79618
-5.92999
-6.03567
-6.12215
-6.21249
-6.3267
-6.47327
-4.54084
-4.62649
-4.64251
-4.67367
-4.71204
-4.7797
-4.89239
-5.05343
-5.29362
-5.61057
-5.89025
-6.16629
-6.29912
-6.11523
-5.86403
-5.89898
-6.00241
-6.10885
-6.20749
-6.30328
-6.40967
-6.53703
-6.68973
-4.73465
-4.82488
-4.83947
-4.86845
-4.91337
-4.98352
-5.09442
-5.27291
-5.60941
-5.98763
-6.29352
-6.75468
-6.99635
-6.56949
-6.16658
-6.13979
-6.20457
-6.29614
-6.39626
-6.50423
-6.62604
-6.76655
-6.92886
-4.91809
-5.01814
-5.03576
-5.06651
-5.11348
-5.18331
-5.28925
-5.47212
-5.90336
-6.23177
-6.51735
-6.92748
-7.1561
-6.66524
-6.34782
-6.32281
-6.38685
-6.48263
-6.59425
-6.71956
-6.86017
-7.01881
-7.19773
-5.10064
-5.20469
-5.22563
-5.2591
-5.30795
-5.3768
-5.4732
-5.62376
-6.10403
-6.31183
-6.51948
-6.72989
-6.76239
-6.54151
-6.42659
-6.46788
-6.55807
-6.67258
-6.80417
-6.95207
-7.11717
-7.30145
-7.50616
-5.28114
-5.38357
-5.40672
-5.44263
-5.49352
-5.56221
-5.65341
-5.77912
-6.06005
-6.32283
-6.46596
-6.56197
-6.56735
-6.52895
-6.54488
-6.62516
-6.74018
-6.87724
-7.03302
-7.20823
-7.4044
-7.62327
-7.86767
-5.45509
-5.55254
-5.57684
-5.61437
-5.66685
-5.73621
-5.82518
-5.93788
-6.09705
-6.3185
-6.47566
-6.54333
-6.58844
-6.63003
-6.69923
-6.80612
-6.94307
-7.10334
-7.28614
-7.49367
-7.72838
-7.9937
-8.29665
-5.61885
-5.70951
-5.73412
-5.7725
-5.82581
-5.89535
-5.9827
-6.09005
-6.22244
-6.38111
-6.51523
-6.60825
-6.6876
-6.77005
-6.87311
-7.00472
-7.16445
-7.35053
-7.56437
-7.81018
-8.09279
-8.41958
-8.80375
-5.77038
-5.85336
-5.87786
-5.91638
-5.96957
-6.03809
-6.12278
-6.22442
-6.34283
-6.47375
-6.59749
-6.70641
-6.81124
-6.9235
-7.05451
-7.21129
-7.39692
-7.61324
-7.86362
-8.15479
-8.49633
-8.90124
-9.39233
-5.90838
-5.98354
-6.00773
-6.04581
-6.09812
-6.16502
-6.24683
-6.34338
-6.45334
-6.57281
-6.69479
-6.81585
-6.94087
-7.07755
-7.2339
-7.41657
-7.63128
-7.88265
-8.17573
-8.52005
-8.93028
-9.42602
-10.0415
-6.03232
-6.09974
-6.12349
-6.16085
-6.21202
-6.27722
-6.35649
-6.44944
-6.55495
-6.67091
-6.79468
-6.92555
-7.06679
-7.22407
-7.4036
-7.61229
-7.85805
-8.148
-8.48897
-8.89302
-9.37837
-9.96949
-10.7003
-6.14214
-6.20204
-6.22528
-6.2618
-6.31178
-6.37536
-6.45253
-6.54305
-6.64643
-6.76191
-6.88881
-7.02781
-7.18215
-7.3567
-7.55708
-7.79069
-8.06739
-8.39679
-8.7883
-9.25667
-9.8229
-10.5114
-11.344
-6.23817
-6.2909
-6.31355
-6.34919
-6.39795
-6.45997
-6.53531
-6.62401
-6.72617
-6.84196
-6.97179
-7.11705
-7.2815
-7.46995
-7.68801
-7.94379
-8.24878
-8.61544
-9.057
-9.5924
-10.247
-11.0459
-11.9974
-6.32087
-6.36685
-6.38884
-6.42347
-6.47085
-6.53114
-6.60452
-6.69136
-6.79224
-6.90794
-7.03953
-7.18908
-7.36044
-7.55879
-7.79035
-8.06373
-8.39176
-8.79009
-9.27713
-9.87862
-10.6283
-11.5639
-12.7126
-6.39072
-6.42991
-6.4511
-6.48446
-6.53013
-6.58833
-6.65944
-6.74406
-6.8431
-6.95779
-7.08957
-7.24083
-7.41566
-7.61948
-7.85904
-8.14363
-8.48681
-8.90707
-9.42921
-10.0868
-10.9269
-12.0153
-13.4319
-6.44762
-6.47997
-6.50018
-6.53204
-6.57575
-6.63162
-6.70015
-6.78208
-6.87852
-6.99092
-7.12094
-7.271
-7.44521
-7.6494
-7.8906
-8.17798
-8.52572
-8.95438
-9.49354
-10.1841
-11.0891
-12.3064
-13.9782
-6.49187
-6.51783
-6.537
-6.56729
-6.60891
-6.66225
-6.72781
-6.80639
-6.89917
-7.00768
-7.13366
-7.27938
-7.4487
-7.64748
-7.88284
-8.16355
-8.5031
-8.92281
-9.45368
-10.1411
-11.0586
-12.3315
-14.1581
-6.52473
-6.54516
-6.56326
-6.59185
-6.63118
-6.68158
-6.74358
-6.81794
-6.90577
-7.00861
-7.12814
-7.26637
-7.42663
-7.61437
-7.83645
-8.10075
-8.41907
-8.81066
-9.30445
-9.94395
-10.8008
-12.0038
-13.7796
-6.54782
-6.56323
-6.58012
-6.60678
-6.64344
-6.69041
-6.74815
-6.81733
-6.89896
-6.99441
-7.10527
-7.23318
-7.38074
-7.55252
-7.75467
-7.99377
-8.27902
-8.62564
-9.05644
-9.6057
-10.3294
-11.3235
-12.7608
-6.562
-6.57252
-6.58804
-6.61252
-6.64616
-6.68922
-6.74208
-6.80528
-6.87962
-6.96628
-7.0666
-7.18192
-7.31396
-7.46604
-7.6431
-7.85024
-8.09361
-8.38331
-8.73404
-9.16659
-9.71291
-10.4212
-11.3657
-6.56764
-6.57341
-6.58744
-6.60956
-6.63991
-6.6787
-6.72621
-6.78283
-6.84912
-6.92595
-7.0144
-7.11545
-7.23008
-7.36016
-7.50902
-7.68017
-7.87689
-8.10417
-8.36883
-8.67882
-9.04417
-9.47406
-9.97175
-6.5652
-6.56653
-6.579
-6.59864
-6.62554
-6.65982
-6.70168
-6.75133
-6.80912
-6.87554
-6.9513
-7.0371
-7.13333
-7.24057
-7.36031
-7.4944
-7.64387
-7.8095
-7.99204
-8.19032
-8.39985
-8.6093
-8.79167
-6.55542
-6.55273
-6.56361
-6.5807
-6.60406
-6.63372
-6.66977
-6.7123
-6.7614
-6.81725
-6.88013
-6.95038
-7.02803
-7.11275
-7.20442
-7.30311
-7.40823
-7.51789
-7.62881
-7.73518
-7.82607
-7.8831
-7.87591
-6.53919
-6.53294
-6.54222
-6.55676
-6.57657
-6.60162
-6.63188
-6.66731
-6.70782
-6.75331
-6.80364
-6.85875
-6.91839
-6.98176
-7.04766
-7.1147
-7.18093
-7.24312
-7.2962
-7.33256
-7.3407
-7.30341
-7.19641
-6.51744
-6.50809
-6.51579
-6.52784
-6.54418
-6.56472
-6.58934
-6.61789
-6.65014
-6.68575
-6.7243
-6.76531
-6.8082
-6.85199
-6.89506
-6.93515
-6.96938
-6.99386
-7.00322
-6.99013
-6.94471
-6.8542
-6.70273
-6.49105
-6.47906
-6.48524
-6.49489
-6.5079
-6.52413
-6.5434
-6.56544
-6.58992
-6.61637
-6.64417
-6.67253
-6.70056
-6.7271
-6.75051
-6.76837
-6.77751
-6.7739
-6.75251
-6.7072
-6.63051
-6.51395
-6.34856
-6.46089
-6.44671
-6.45146
-6.45884
-6.46872
-6.48092
-6.49519
-6.51121
-6.52856
-6.54669
-6.5649
-6.58226
-6.59763
-6.60971
-6.61686
-6.61694
-6.60708
-6.58364
-6.54231
-6.47825
-6.38626
-6.26125
-6.0988
-6.4278
-6.41186
-6.41527
-6.42055
-6.42754
-6.43603
-6.44574
-6.45629
-6.46723
-6.478
-6.48785
-6.49583
-6.50077
-6.50128
-6.49575
-6.48233
-6.4587
-6.422
-6.36891
-6.29591
-6.19954
-6.07702
-5.92683
-6.39256
-6.37521
-6.3774
-6.38078
-6.38515
-6.39028
-6.39588
-6.40157
-6.40689
-6.41126
-6.41398
-6.41416
-6.4107
-6.40231
-6.38748
-6.36459
-6.33184
-6.28719
-6.22839
-6.15317
-6.05953
-5.94614
-5.81311
-6.35574
-6.33738
-6.33849
-6.34017
-6.34219
-6.34434
-6.34631
-6.34773
-6.34819
-6.34713
-6.34391
-6.33774
-6.3277
-6.31268
-6.29142
-6.26257
-6.22474
-6.17655
-6.11666
-6.04392
-5.95748
-5.85706
-5.74357
-6.3182
-6.29919
-6.29942
-6.29964
-6.29961
-6.29912
-6.29792
-6.29567
-6.29198
-6.28639
-6.27833
-6.26716
-6.25211
-6.23233
-6.20688
-6.17477
-6.13502
-6.08677
-6.02937
-5.96248
-5.88615
-5.80088
-5.70794
-6.27991
-6.25964
-6.25926
-6.25824
-6.25641
-6.25363
-6.24967
-6.24428
-6.23713
-6.22784
-6.21597
-6.201
-6.18238
-6.15952
-6.1318
-6.0986
-6.0594
-6.01379
-5.96167
-5.90324
-5.83915
-5.77047
-5.69866
-6.24104
-6.22449
-6.2238
-6.2217
-6.21827
-6.21343
-6.20704
-6.1989
-6.18877
-6.17636
-6.16135
-6.14339
-6.12212
-6.09718
-6.06828
-6.03518
-5.99778
-5.95617
-5.9107
-5.86209
-5.81139
-5.76012
-5.70991
-6.20633
-6.18287
-6.18195
-6.17883
-6.17392
-6.16726
-6.15876
-6.14832
-6.13577
-6.12095
-6.10365
-6.08371
-6.06097
-6.03534
-6.00681
-5.9755
-5.94172
-5.90598
-5.86907
-5.83206
-5.79636
-5.76376
-5.73619
168.219
-29.0631
7.58309
8.2054
319.62
168.977
64.5136
-32.3909
239.912
181.48
133.247
97.5051
130.227
109.799
89.9998
70.5083
15.551
21.2514
25.5824
27.4586
-6.04724
-6.15836
-6.17194
-5.66113
-6.25696
-6.35664
-6.45427
-6.54731
-6.42799
-6.51909
-6.61341
-6.71033
-6.62457
-6.71299
-6.80347
-6.896
-6.84184
-6.92974
-7.01877
-7.10973
-7.08703
-7.17804
-7.26984
-7.36191
-7.36938
-7.46917
-7.56893
-7.66635
-7.70204
-7.81656
-7.93088
-8.04091
-8.10423
-8.24256
-8.38112
-8.51749
-8.5974
-8.77634
-8.95903
-9.14643
-9.20083
-9.44638
-9.708
-9.98728
-9.92144
-10.2669
-10.6561
-11.1092
-10.7329
-11.2158
-11.8187
-12.6189
-11.507
-12.0542
-12.7348
-13.5981
-12.2095
-12.7525
-13.3613
-13.9489
-12.9212
-13.4275
-13.8912
-14.1286
-13.8755
-14.5591
-15.2101
-15.4969
-15.0428
-16.1529
-17.3561
-18.2437
-16.0471
-17.5697
-19.2905
-20.6558
-16.5845
-18.4333
-20.6439
-22.5099
-16.3078
-18.355
-21.2707
-24.5723
-14.7441
-16.2923
-18.5016
-21.7336
-12.4873
-13.2252
-14.0619
-14.9844
-10.4298
-10.6538
-10.8247
-10.9046
-8.86819
-8.85177
-8.7681
-8.60005
-7.76887
-7.6585
-7.4992
-7.28456
-7.01644
-6.87932
-6.70954
-6.50756
-6.50454
-6.36966
-6.21375
-6.03756
-6.15693
-6.03475
-5.89902
-5.75072
-5.92368
-5.81651
-5.70094
-5.57788
-5.77271
-5.68089
-5.58405
-5.48297
-5.68185
-5.60527
-5.52562
-5.44365
-5.6354
-5.5735
-5.50983
-5.44495
-5.62244
-5.57456
-5.52592
-5.4768
-5.63543
-5.60103
-5.56673
-5.53255
-5.66891
-5.64783
-5.62765
-5.60813
-5.71812
-5.71095
-5.70582
-5.70168
8.3191
8.45669
8.50134
8.41408
8.37478
8.3671
8.37223
8.37963
8.3854
8.38859
8.38913
8.38733
8.38364
8.37868
8.37313
8.36764
8.36289
8.3593
8.35721
7.68492
8.39925
8.41416
8.22728
8.19206
8.20735
8.23003
8.24733
8.25828
8.26401
8.26544
8.2632
8.25808
8.25105
8.24318
8.23544
8.22872
8.22365
8.22066
48.9532
-7.10473
8.10375
7.90845
7.96943
8.04126
8.09098
8.11836
8.13348
8.14134
8.14322
8.13991
8.13248
8.12239
8.1112
8.10036
8.091
8.08394
8.07979
48.9153
19.4828
-4.25927
7.53099
7.71448
7.888
7.9672
7.99543
8.01113
8.02052
8.02259
8.01744
8.00656
7.99211
7.97638
7.96136
7.94851
7.93891
7.9333
25.1824
16.0798
7.79034
-5.10959
7.3492
7.80791
7.87339
7.87432
7.88792
7.90062
7.90342
7.89554
7.87966
7.85921
7.83743
7.81698
7.79968
7.78688
7.77952
2.51915
6.02806
0.411025
5.95665
8.29121
8.02256
7.7783
7.72241
7.75641
7.78055
7.78558
7.77373
7.75066
7.72205
7.69243
7.66519
7.64247
7.62584
7.61637
-6.67584
-6.74078
6.18738
-4.58592
5.37906
-0.76009
7.40503
7.51716
7.61287
7.66133
7.66917
7.65077
7.61753
7.57815
7.5387
7.5033
7.4743
7.45327
7.44137
-6.84
-7.06429
-7.25392
-4.59177
-7.27269
2.34671
7.12425
7.3933
7.4545
7.54581
7.55385
7.52406
7.47662
7.42374
7.37266
7.32794
7.292
7.26622
7.2517
-7.02138
-7.2295
-7.43034
-7.59955
-5.60522
-18.1218
-6.19357
7.237
7.31838
7.43689
7.43657
7.38817
7.32222
7.25345
7.18964
7.13508
7.09196
7.0614
7.04427
-7.23352
-7.44023
-7.62392
-7.7978
-7.99436
-14.6966
-9.54598
7.43327
7.29509
7.32329
7.30677
7.23341
7.14634
7.06068
6.98409
6.92015
6.87036
6.83543
6.81598
-7.48389
-7.68667
-7.85432
-7.99258
-8.12735
-7.67705
-31.6462
5.57301
7.06129
7.17172
7.14266
7.04621
6.93942
6.83822
6.75032
6.67853
6.62345
6.58515
6.56393
-7.79161
-7.99639
-8.15678
-8.25884
-8.4315
-9.08931
-8.71314
-1.83117
7.04236
6.96633
6.92899
6.8134
6.69171
6.57923
6.48326
6.40627
6.34807
6.30794
6.2858
-8.18179
-8.40984
-8.57525
-8.64761
-8.71496
-8.79387
18.8169
-2.84203
6.9523
6.69647
6.65139
6.52354
6.39451
6.27797
6.17925
6.10078
6.04219
6.00215
5.98015
-8.69721
-8.98142
-9.16753
-9.21422
-9.17742
-8.9664
11.5862
1.47041
6.35341
6.35047
6.29185
6.16646
6.0419
5.9309
5.83661
5.76127
5.70532
5.6674
5.64669
-9.39747
-9.7874
-10.0022
-9.97741
-9.81078
-9.43097
2.55552
4.47198
6.07484
5.93696
5.84423
5.73853
5.63347
5.53835
5.45606
5.38897
5.33871
5.30478
5.28641
-10.3722
-10.9991
-11.199
-10.9696
-10.5487
-9.87892
4.33416
4.55284
5.1682
5.31935
5.30358
5.2472
5.17599
5.10537
5.04134
4.98698
4.94517
4.91679
4.90159
-11.8015
-12.9675
-12.913
-12.2356
-11.4217
-8.16831
4.45387
4.23799
4.41397
4.63824
4.71095
4.71282
4.68238
4.64106
4.59876
4.56009
4.52878
4.50707
4.49557
-14.0023
-15.7845
-14.897
-13.5584
-13.3619
0.917906
2.65944
3.30223
3.73323
3.98172
4.10741
4.1591
4.16771
4.15594
4.13601
4.11418
4.09443
4.07999
4.07242
-15.2193
-16.7315
-15.5868
-14.8227
-6.98024
2.20933
2.28215
2.72208
3.09083
3.3539
3.51441
3.60317
3.64509
3.65997
3.66099
3.65547
3.64729
3.64021
3.63657
-14.3763
-15.2659
-17.7086
-18.0502
-1.82027
1.04374
1.61276
2.10802
2.48453
2.75629
2.94058
3.05614
3.12436
3.1615
3.18081
3.18988
3.19237
3.19233
3.1924
-14.2736
-13.7737
-15.6661
-4.37306
-0.255237
0.413255
1.03319
1.53001
1.90966
2.19208
2.39047
2.5248
2.61248
2.66709
2.70132
2.72247
2.73423
2.74058
2.74395
-15.3513
-10.1231
-8.98972
-5.27237
-1.36531
-0.225404
0.478504
0.992508
1.37702
1.66194
1.86779
2.01383
2.11419
2.18132
2.22684
2.25729
2.27667
2.28851
2.29467
-18.4847
5.37727
-6.2369
-3.79045
-1.79808
-0.68785
0.0177901
0.520432
0.89278
1.17022
1.3754
1.52527
1.63194
1.7071
1.76034
1.79739
1.82265
1.8389
1.84737
-21.2694
-41.0974
-0.45527
-3.10421
-1.69615
-0.876099
-0.307217
0.126435
0.460201
0.716851
0.912375
1.05885
1.1668
1.24607
1.30366
1.34487
1.37426
1.3938
1.40412
-23.1195
-69.5929
-3.32623
-1.49745
-1.19506
-0.88869
-0.535338
-0.207711
0.0698102
0.295783
0.474719
0.612873
0.718519
0.798442
0.857503
0.900951
0.932857
0.954521
0.965886
-30.6725
-74.401
-7.39554
-0.959187
-1.01857
-0.959841
-0.75857
-0.521025
-0.297127
-0.103005
0.0566196
0.184386
0.285358
0.36312
0.421848
0.466235
0.499163
0.522088
0.534886
-29.9819
-39.5124
-9.73169
-2.32567
-1.47389
-1.24663
-1.05021
-0.849662
-0.659603
-0.490679
-0.347792
-0.229988
-0.135301
-0.0610755
-0.00337573
0.0406589
0.0733509
0.0969019
0.110777
-16.6538
-14.9954
-7.10373
-3.28185
-2.11997
-1.67293
-1.41037
-1.20525
-1.02771
-0.873469
-0.742525
-0.63384
-0.545671
-0.474839
-0.418903
-0.376422
-0.344548
-0.3209
-0.306716
-10.8843
-8.91327
-5.73776
-3.66347
-2.63641
-2.11135
-1.79833
-1.57657
-1.39978
-1.25293
-1.13067
-1.02972
-0.946828
-0.879271
-0.826073
-0.785589
-0.754543
-0.731475
-0.718005
-8.25052
-6.90414
-5.2041
-3.86738
-3.02202
-2.50852
-2.17985
-1.94832
-1.77103
-1.62912
-1.5134
-1.41818
-1.33965
-1.27589
-1.22585
-1.18708
-1.15695
-1.13536
-1.12344
-6.9228
-5.98192
-4.9095
-3.98855
-3.31736
-2.85767
-2.54018
-2.31087
-2.13684
-2
-1.88956
-1.79923
-1.72531
-1.66567
-1.61847
-1.58124
-1.55269
-1.5333
-1.52314
-6.19662
-5.50697
-4.7627
-4.09355
-3.56254
-3.16658
-2.87585
-2.65896
-2.49316
-2.36282
-2.25817
-2.1734
-2.10446
-2.04872
-2.00417
-1.96907
-1.94289
-1.92583
-1.91706
-5.77928
-5.25515
-4.7069
-4.20205
-3.77953
-3.44602
-3.1891
-2.99164
-2.83808
-2.71654
-2.6194
-2.541
-2.47703
-2.42518
-2.38389
-2.35178
-2.32832
-2.31317
-2.30528
-5.5385
-5.12924
-4.71067
-4.32051
-3.98314
-3.70611
-3.48494
-3.31026
-3.17182
-3.06167
-2.97351
-2.90181
-2.84314
-2.79601
-2.75885
-2.7301
-2.70912
-2.69546
-2.68824
-5.40523
-5.0819
-4.75632
-4.45099
-4.18152
-3.9541
-3.76768
-3.61702
-3.49601
-3.399
-3.32044
-3.25605
-3.20385
-3.16239
-3.12961
-3.10406
-3.08534
-3.07313
-3.06661
-5.34329
-5.08721
-4.83237
-4.59291
-4.37887
-4.19496
-4.0413
-3.91511
-3.81254
-3.72914
-3.66082
-3.60508
-3.56042
-3.52478
-3.49615
-3.47373
-3.45742
-3.44681
-3.44108
-5.33175
-5.13022
-4.93195
-4.74586
-4.57839
-4.43286
-4.30968
-4.20723
-4.12282
-4.05336
-3.99642
-3.95035
-3.91329
-3.8831
-3.8586
-3.83965
-3.82605
-3.81719
-3.81231
-5.35723
-5.20191
-5.05087
-4.90964
-4.78222
-4.67072
-4.57546
-4.49541
-4.42882
-4.37383
-4.32891
-4.29239
-4.26239
-4.23762
-4.21775
-4.20269
-4.19194
-4.18482
-4.18078
-5.41096
-5.29634
-5.1863
-5.08399
-4.99171
-4.91068
-4.84106
-4.7822
-4.73304
-4.6924
-4.65899
-4.63134
-4.60832
-4.58947
-4.5747
-4.56363
-4.55562
-4.5502
-4.54704
-5.48724
-5.40982
-5.33658
-5.269
-5.20823
-5.15486
-5.10889
-5.06991
-5.03723
-5.01
-4.98728
-4.96827
-4.95257
-4.94004
-4.93037
-4.92305
-4.91762
-4.91387
-4.91159
-5.58275
-5.54045
-5.50111
-5.46517
-5.43304
-5.40489
-5.38064
-5.35999
-5.34255
-5.32783
-5.31542
-5.30512
-5.29682
-5.29035
-5.28533
-5.28143
-5.27847
-5.27639
-5.27501
-5.69642
-5.68792
-5.68024
-5.67339
-5.6674
-5.66223
-5.65782
-5.65408
-5.6509
-5.64819
-5.6459
-5.64403
-5.64257
-5.64145
-5.64055
-5.63982
-5.63926
-5.63884
-5.63853
1561.39
1562.03
1556.21
1547.58
1538.34
1528.51
1517.91
1506.7
1495.44
1484.96
1476.43
1471.37
1471.75
1479.99
1498.98
1531.75
1582.56
1654.93
1742.39
1796.61
1817.04
1662.74
1838.35
1501.19
1501.78
1495.98
1487.49
1478.31
1468.43
1457.71
1446.36
1434.91
1424.21
1415.41
1410.03
1410
1417.72
1435.96
1467.73
1515.68
1579.76
1651.06
1711.57
1736.82
1565.11
1742.94
1439.97
1440.45
1434.69
1426.42
1417.34
1407.37
1396.45
1384.82
1373.04
1361.95
1352.66
1346.69
1345.95
1352.75
1369.77
1399.65
1444.23
1502.31
1565.46
1616.54
1635.55
1572.82
1753.8
1377.66
1378.07
1372.4
1364.43
1355.44
1345.33
1334.11
1322.09
1309.84
1298.16
1288.17
1281.34
1279.54
1285.05
1300.4
1327.93
1368.92
1421.66
1478.83
1527.59
1558.89
1597.8
1786.05
1314.42
1314.72
1309.18
1301.53
1292.61
1282.3
1270.69
1258.17
1245.29
1232.84
1221.91
1213.93
1210.75
1214.56
1227.8
1252.6
1289.89
1337.89
1390.5
1438.86
1481.35
1554.25
1731.84
1250.35
1250.49
1245.11
1237.77
1228.88
1218.28
1206.2
1193.05
1179.39
1165.97
1153.85
1144.43
1139.5
1141.21
1151.91
1173.61
1207.1
1250.73
1299.42
1346.78
1393.91
1465.71
1593.98
1185.57
1185.49
1180.28
1173.2
1164.25
1153.29
1140.64
1126.74
1112.13
1097.54
1083.97
1072.78
1065.71
1064.88
1072.59
1090.82
1120.36
1159.72
1204.53
1249.15
1292.24
1340.98
1376.37
1120.18
1119.73
1114.73
1107.86
1098.76
1087.35
1074.03
1059.26
1043.54
1027.57
1012.28
998.984
989.365
985.501
989.69
1003.97
1029.29
1064.35
1104.98
1144.85
1176.43
1179.77
995.202
9.00028
8.99137
8.97643
8.95946
8.9441
8.93213
8.9237
8.91806
8.91421
8.91137
8.90897
8.90671
8.90447
8.90227
8.9002
8.89836
8.89688
8.89591
8.89551
8.94265
8.93354
8.91782
8.90008
8.88433
8.87235
8.86411
8.8587
8.85508
8.85238
8.85006
8.84782
8.84557
8.84332
8.84118
8.83928
8.83776
8.83675
8.83634
8.88613
8.87665
8.85939
8.84021
8.82376
8.8118
8.80393
8.79899
8.79575
8.79331
8.79112
8.7889
8.7866
8.78424
8.78195
8.77993
8.77832
8.77724
8.77678
8.83081
8.82087
8.80116
8.77972
8.76227
8.7504
8.74317
8.73893
8.73625
8.73418
8.73216
8.72996
8.72755
8.72501
8.72252
8.7203
8.71853
8.71735
8.71684
8.77686
8.76629
8.74304
8.71837
8.69965
8.68807
8.68179
8.67854
8.67662
8.67501
8.6732
8.67099
8.66842
8.66564
8.66288
8.66039
8.6584
8.65706
8.65649
8.72476
8.71339
8.68503
8.65582
8.63562
8.62467
8.61978
8.61785
8.61689
8.61585
8.61427
8.61203
8.60923
8.60613
8.60302
8.60018
8.59788
8.59635
8.59569
8.67646
8.66388
8.62701
8.59143
8.5698
8.56008
8.55713
8.5569
8.55711
8.55674
8.5554
8.55309
8.55001
8.54649
8.54291
8.53962
8.53695
8.53516
8.5344
8.62433
8.6223
8.56831
8.52435
8.50167
8.49418
8.49391
8.49577
8.49735
8.49771
8.49662
8.4942
8.49076
8.48672
8.48253
8.47869
8.47556
8.47346
8.47254
998.085
996.966
992.206
985.407
975.75
963.293
948.5
931.779
913.557
894.417
875.189
857.018
841.466
830.559
826.69
832.271
848.781
875.408
907.621
935.715
938.335
849.546
491.531
855.456
853.452
848.623
841.342
830.578
816.517
799.553
779.951
757.985
734.066
708.801
683.041
658.051
635.724
618.685
610.367
614.388
630.496
653.65
673.69
668.576
602.204
432.322
711.393
708.299
703.006
694.7
682.403
666.339
646.71
623.548
596.898
566.908
533.795
497.751
459.389
420.879
385.258
357.733
342.209
340.683
360.495
387.86
401.329
372.821
285.781
566.254
561.937
555.813
546.065
531.89
513.455
490.7
463.301
430.923
393.358
350.691
303.331
251.479
193.216
126.088
51.8741
18.9273
12.3646
21.0951
65.4219
121.006
153.439
145.085
420.373
414.711
407.578
396.16
379.789
358.653
332.484
300.438
262.021
218.03
168.39
106.264
31.6412
-0.858775
-2.85184
-2.7867
-3.65693
-4.52283
-5.14882
-5.44822
-5.02336
-4.11877
8.71304
273.49
266.671
258.752
245.781
226.64
203.144
175.323
140.118
98.9921
50.4019
5.22226
-4.44449
-4.02076
-3.91789
-3.5344
-4.00624
-5.27996
-5.78813
-5.82007
-5.75871
-5.72051
-5.80756
-5.9572
128.801
121.904
112.049
99.3843
77.8231
51.4176
35.1121
5.35901
-4.82331
-4.78725
-4.91704
-4.92378
-4.72155
-4.56737
-4.63652
-5.2626
-5.55898
-5.83633
-5.94511
-5.94608
-5.95218
-6.03061
-6.1879
4.31558
3.94084
0.750129
-2.58363
-4.0312
-4.52654
-4.61989
-4.62197
-4.91643
-5.07199
-5.16625
-5.15932
-5.10786
-5.2747
-5.44392
-5.54198
-5.69633
-5.85301
-5.94274
-6.00999
-6.08678
-6.20113
-6.36002
-4.49175
-4.43275
-4.48185
-4.51361
-4.52395
-4.63476
-4.77189
-4.91344
-5.13492
-5.36303
-5.54092
-5.63411
-5.62829
-5.60286
-5.62232
-5.72288
-5.86603
-5.98629
-6.08052
-6.16527
-6.26581
-6.39592
-6.55778
-4.62622
-4.63197
-4.65721
-4.69133
-4.74062
-4.83025
-4.96592
-5.15978
-5.4508
-5.75734
-6.02296
-6.27686
-6.23337
-5.97115
-5.85183
-5.94995
-6.05622
-6.1592
-6.25492
-6.35436
-6.47033
-6.61017
-6.77505
-4.8214
-4.8309
-4.85213
-4.88857
-4.94444
-5.0327
-5.17146
-5.41172
-5.81978
-6.13205
-6.49686
-6.96099
-6.83291
-6.32188
-6.12896
-6.16744
-6.24852
-6.3455
-6.44889
-6.56309
-6.6937
-6.84492
-7.0178
-5.01276
-5.02579
-5.04928
-5.08769
-5.14487
-5.23077
-5.36452
-5.62775
-6.13505
-6.35302
-6.70706
-7.12971
-6.95132
-6.45602
-6.31377
-6.34957
-6.43214
-6.53676
-6.65514
-6.78781
-6.93703
-7.10569
-7.29433
-5.19855
-5.21396
-5.24062
-5.28137
-5.33946
-5.4211
-5.53979
-5.76419
-6.24627
-6.41149
-6.62971
-6.78633
-6.66119
-6.4581
-6.43679
-6.50929
-6.61292
-6.73636
-6.87605
-7.03236
-7.20679
-7.40119
-7.61627
-5.3774
-5.39384
-5.42293
-5.46606
-5.52542
-5.60461
-5.70998
-5.89556
-6.21097
-6.40449
-6.5218
-6.57724
-6.5447
-6.52839
-6.57872
-6.67957
-6.80629
-6.95279
-7.11809
-7.30362
-7.51082
-7.7421
-8.00003
-5.5463
-5.56324
-5.59383
-5.63865
-5.69926
-5.77815
-5.8774
-6.01084
-6.18943
-6.42259
-6.50947
-6.56905
-6.60713
-6.6601
-6.74815
-6.87148
-7.02044
-7.1918
-7.38667
-7.60747
-7.85686
-8.1399
-8.46411
-5.70299
-5.72018
-5.75151
-5.79721
-5.85846
-5.93672
-6.03355
-6.15293
-6.29924
-6.45687
-6.56423
-6.64882
-6.72719
-6.81823
-6.93525
-7.08125
-7.25419
-7.45376
-7.68299
-7.94653
-8.24998
-8.6033
-9.02211
-5.84659
-5.86389
-5.89532
-5.9411
-6.00185
-6.07837
-6.17143
-6.28163
-6.40747
-6.53782
-6.65322
-6.75863
-6.86566
-6.98609
-7.12943
-7.30039
-7.50111
-7.73385
-8.00353
-8.3186
-8.68972
-9.13391
-9.67931
-5.97664
-5.99391
-6.025
-6.07016
-6.12972
-6.20405
-6.2933
-6.39685
-6.51229
-6.6339
-6.75532
-6.87741
-7.00723
-7.15283
-7.32157
-7.51959
-7.75215
-8.02351
-8.34064
-8.71589
-9.16579
-9.71566
-10.411
-6.09292
-6.10992
-6.14046
-6.1847
-6.24286
-6.31511
-6.40131
-6.50073
-6.61179
-6.73195
-6.85912
-6.99455
-7.14305
-7.31065
-7.50381
-7.73004
-7.99714
-8.3115
-8.68214
-9.12415
-9.65884
-10.3146
-11.1355
-6.19536
-6.21201
-6.24187
-6.2851
-6.34187
-6.41226
-6.49615
-6.59317
-6.70271
-6.82395
-6.95665
-7.10277
-7.26657
-7.45327
-7.66913
-7.92302
-8.22496
-8.58406
-9.01171
-9.52601
-10.1504
-10.9084
-11.821
-6.2844
-6.3006
-6.32973
-6.37192
-6.4273
-6.49597
-6.57798
-6.67339
-6.78235
-6.90507
-7.04226
-7.1966
-7.3724
-7.57486
-7.81054
-8.08934
-8.42362
-8.82589
-9.31147
-9.9031
-10.6272
-11.5032
-12.5213
-6.36054
-6.37626
-6.40457
-6.44556
-6.49937
-6.56618
-6.64624
-6.74
-6.84818
-6.97166
-7.11186
-7.27169
-7.45581
-7.67
-7.92109
-8.21997
-8.5811
-9.02111
-9.56167
-10.2325
-11.0706
-12.111
-13.3629
-6.42384
-6.43898
-6.46626
-6.50575
-6.55765
-6.62225
-6.70001
-6.79171
-6.89841
-7.02143
-7.16255
-7.32497
-7.51347
-7.73439
-7.99497
-8.30683
-8.68601
-9.15352
-9.73861
-10.4803
-11.4356
-12.6765
-14.2951
-6.47416
-6.48862
-6.51464
-6.5524
-6.60214
-6.66426
-6.73938
-6.8284
-6.93263
-7.05361
-7.19326
-7.35475
-7.54313
-7.76489
-8.02778
-8.34318
-8.72838
-9.20796
-9.8166
-10.6046
-11.6506
-13.0753
-15.0526
-6.51233
-6.52603
-6.55074
-6.58666
-6.63408
-6.69346
-6.76541
-6.85092
-6.95136
-7.06837
-7.20386
-7.36076
-7.54397
-7.76011
-8.01683
-8.32485
-8.70125
-9.17196
-9.77412
-10.5649
-11.6399
-13.1592
-15.4043
-6.53997
-6.5529
-6.57623
-6.61015
-6.65496
-6.71109
-6.77916
-6.86008
-6.95521
-7.06618
-7.19476
-7.34346
-7.51664
-7.72067
-7.96273
-8.25216
-8.60416
-9.04247
-9.60242
-10.339
-11.3479
-12.7972
-15.0601
-6.55839
-6.57046
-6.59222
-6.62384
-6.66561
-6.7179
-6.78126
-6.85651
-6.94486
-7.04782
-7.16697
-7.30427
-7.46323
-7.6494
-7.86914
-8.12983
-8.44345
-8.82873
-9.31341
-9.94099
-10.7845
-11.968
-13.781
-6.56808
-6.57917
-6.59915
-6.62818
-6.66649
-6.7144
-6.77235
-6.841
-6.92133
-7.01465
-7.1223
-7.24569
-7.3872
-7.55112
-7.74258
-7.96688
-8.23185
-8.54996
-8.93841
-9.42293
-10.0432
-10.8564
-11.9726
-6.56939
-6.57942
-6.59748
-6.62369
-6.65824
-6.70135
-6.75335
-6.81472
-6.88615
-6.96866
-7.06329
-7.17099
-7.29301
-7.43201
-7.59161
-7.77509
-7.98631
-8.23136
-8.51761
-8.8539
-9.25063
-9.71467
-10.2398
-6.56295
-6.57187
-6.58792
-6.61117
-6.64174
-6.67979
-6.72551
-6.77918
-6.84121
-6.9122
-6.99291
-7.08389
-7.18551
-7.29875
-7.42547
-7.56717
-7.72461
-7.89865
-8.0894
-8.29418
-8.50573
-8.7068
-8.85228
-6.54961
-6.55739
-6.57137
-6.5916
-6.61809
-6.65094
-6.69022
-6.73602
-6.78847
-6.84779
-6.91432
-6.9883
-7.06953
-7.15771
-7.25289
-7.35495
-7.46266
-7.57348
-7.68309
-7.78352
-7.8603
-7.89047
-7.83054
-6.53028
-6.53692
-6.54883
-6.56601
-6.58844
-6.6161
-6.64895
-6.68694
-6.72995
-6.77787
-6.8306
-6.88803
-6.94967
-7.01448
-7.08114
-7.14808
-7.21279
-7.2712
-7.31707
-7.3411
-7.32902
-7.26068
-7.1055
-6.50587
-6.51139
-6.52128
-6.53548
-6.55393
-6.57653
-6.60314
-6.63357
-6.66755
-6.70469
-6.74453
-6.78657
-6.83007
-6.87375
-6.91564
-6.95322
-6.98313
-7.00083
-7.00003
-6.97219
-6.90598
-6.78735
-6.59762
-6.47728
-6.48171
-6.48964
-6.50098
-6.51563
-6.5334
-6.55409
-6.5774
-6.60293
-6.63015
-6.65833
-6.68665
-6.7141
-6.73933
-6.76031
-6.77426
-6.77759
-6.76578
-6.73328
-6.67329
-6.57774
-6.43803
-6.24432
-6.44535
-6.44875
-6.45483
-6.46348
-6.47454
-6.48781
-6.503
-6.51975
-6.53757
-6.55584
-6.57375
-6.59027
-6.60417
-6.61402
-6.61795
-6.61346
-6.59732
-6.5655
-6.51344
-6.43608
-6.32816
-6.185
-6.00217
-6.41089
-6.41333
-6.41769
-6.42384
-6.43161
-6.44075
-6.45093
-6.46175
-6.47268
-6.48309
-6.49214
-6.49876
-6.50167
-6.49938
-6.49016
-6.47195
-6.44218
-6.39773
-6.33512
-6.25085
-6.14166
-6.00547
-5.84097
-6.3746
-6.37616
-6.37896
-6.38285
-6.38764
-6.39305
-6.39874
-6.40431
-6.40923
-6.41288
-6.41445
-6.41296
-6.40721
-6.3958
-6.37716
-6.34957
-6.31114
-6.2597
-6.19296
-6.10876
-6.00533
-5.88205
-5.73941
-6.33707
-6.33787
-6.33928
-6.34115
-6.34327
-6.34537
-6.34711
-6.34811
-6.34788
-6.34583
-6.34125
-6.33327
-6.32089
-6.30291
-6.27803
-6.24487
-6.20202
-6.14815
-6.08196
-6.00245
-5.909
-5.80185
-5.68239
-6.29899
-6.29934
-6.29957
-6.29967
-6.29944
-6.29863
-6.29695
-6.29403
-6.28945
-6.28271
-6.27318
-6.26017
-6.24286
-6.22038
-6.19172
-6.15591
-6.112
-6.05925
-5.99712
-5.92547
-5.84458
-5.75524
-5.65922
-6.25973
-6.25964
-6.25887
-6.25743
-6.25515
-6.25181
-6.24717
-6.24095
-6.23278
-6.22226
-6.2089
-6.19219
-6.17152
-6.14631
-6.11592
-6.07978
-6.03741
-5.98854
-5.93321
-5.87184
-5.80531
-5.73483
-5.66227
-6.22504
-6.22449
-6.22292
-6.22016
-6.21603
-6.21044
-6.20321
-6.1941
-6.18287
-6.16921
-6.15277
-6.13319
-6.11013
-6.08324
-6.05226
-6.01702
-5.97749
-5.93389
-5.88673
-5.83691
-5.78573
-5.73477
-5.68587
-6.18329
-6.18284
-6.18062
-6.17659
-6.17081
-6.16324
-6.1538
-6.14232
-6.12866
-6.11262
-6.09402
-6.0727
-6.04852
-6.02143
-5.99149
-5.9589
-5.92406
-5.88761
-5.8505
-5.81395
-5.77955
-5.74923
-5.72491
26.7627
8.47186
5.05375
8.21525
236.118
107.02
20.3624
-30.4503
209.572
156.101
114.007
89.249
119.929
99.9012
80.1054
60.2486
18.3666
23.5085
27.0037
27.2491
-6.11462
-6.1559
-6.14967
-3.65862
-6.30545
-6.40674
-6.50059
-6.59087
-6.47309
-6.56588
-6.6616
-6.75968
-6.66848
-6.75799
-6.84947
-6.94295
-6.8856
-6.97411
-7.06397
-7.15586
-7.1324
-7.22388
-7.31583
-7.4077
-7.41903
-7.51914
-7.61807
-7.7137
-7.75885
-7.87413
-7.98663
-8.09379
-8.17319
-8.31203
-8.44955
-8.5848
-8.68633
-8.86706
-9.05226
-9.24064
-9.32187
-9.57477
-9.84585
-10.132
-10.0896
-10.4545
-10.8737
-11.3628
-10.9628
-11.4972
-12.1856
-13.083
-11.7681
-12.3731
-13.1423
-14.0562
-12.4733
-13.0489
-13.6767
-14.1709
-13.1754
-13.676
-14.0458
-14.1962
-14.2129
-14.9094
-15.4041
-15.484
-15.5715
-16.7716
-17.8385
-18.4678
-16.7686
-18.4346
-20.0375
-21.047
-17.4467
-19.5321
-21.6505
-23.0748
-17.2385
-19.7097
-22.9023
-26.5059
-15.4534
-17.3034
-19.9056
-24.4245
-12.8407
-13.6377
-14.4935
-15.62
-10.5451
-10.7501
-10.8711
-10.9398
-8.86653
-8.82043
-8.69261
-8.49396
-7.71906
-7.58587
-7.39773
-7.1614
-6.95174
-6.79875
-6.61191
-6.39753
-6.43968
-6.29442
-6.12777
-5.94409
-6.09752
-5.9686
-5.82618
-5.67314
-5.87116
-5.75977
-5.64017
-5.51436
-5.72746
-5.63307
-5.53394
-5.43134
-5.64398
-5.5658
-5.48485
-5.40213
-5.6047
-5.54186
-5.47749
-5.41228
-5.5986
-5.55032
-5.50139
-5.4522
-5.61822
-5.58387
-5.54962
-5.51556
-5.65826
-5.63764
-5.61782
-5.59857
-5.71428
-5.70816
-5.70372
-5.69969
8.51071
8.57716
8.45019
8.38921
8.36832
8.36893
8.376
8.38282
8.38733
8.38918
8.3885
8.38569
8.38128
8.37594
8.37033
8.36514
8.36092
8.35805
8.35678
8.40204
8.67369
8.26685
8.19858
8.1971
8.21902
8.23953
8.25352
8.26173
8.26522
8.26473
8.26094
8.25473
8.24716
8.23923
8.23191
8.22595
8.22187
8.22005
-13.6685
5.70499
7.79159
7.93437
8.007
8.06948
8.10676
8.127
8.1382
8.14299
8.14215
8.13663
8.12767
8.11683
8.10566
8.09543
8.08714
8.08147
8.07894
34.3407
7.5344
-0.540989
7.60707
7.81033
7.93846
7.98412
8.00409
8.01667
8.02251
8.02085
8.01258
7.99964
7.98427
7.96868
7.95459
7.94325
7.93557
7.93216
20.6497
11.3346
1.20375
-2.70508
7.7148
7.86364
7.87257
7.88018
7.89522
7.90342
7.9007
7.88839
7.86979
7.8483
7.82691
7.80785
7.79265
7.78248
7.77803
6.85164
1.9083
2.22292
10.233
4.11654
7.9458
7.71883
7.73923
7.77069
7.78545
7.78144
7.76322
7.73674
7.70712
7.67836
7.65317
7.63331
7.62016
7.61445
-6.86567
-3.7821
3.5173
-3.17715
6.22486
6.07912
7.4781
7.56762
7.64346
7.6693
7.66248
7.6354
7.59818
7.55813
7.52031
7.4879
7.4627
7.44613
7.43897
-6.95565
-7.15849
-7.27063
4.09583
-7.50447
-2.30274
7.5108
7.39208
7.51476
7.55629
7.54218
7.50164
7.45033
7.39764
7.34931
7.30878
7.27776
7.25751
7.24878
-7.12744
-7.33183
-7.52123
-7.62808
-11.5615
-7.78974
7.18774
7.24934
7.39182
7.44678
7.41585
7.35626
7.28759
7.22061
7.16102
7.11201
7.07505
7.05112
7.04084
-7.34002
-7.53372
-7.71241
-7.88594
-7.63572
-23.9193
-5.30394
7.52265
7.28345
7.32979
7.27289
7.19046
7.10272
7.02097
6.95042
6.89344
6.85099
6.82375
6.81208
-7.5883
-7.77597
-7.92357
-8.06125
-8.25933
-41.8556
-10.9383
6.54874
7.1472
7.17306
7.09688
6.99295
6.88748
6.79235
6.71234
6.64891
6.60218
6.57239
6.55969
-7.8975
-8.08414
-8.21157
-8.32729
-8.68305
-8.89377
-8.09436
6.34021
7.01274
6.96465
6.87294
6.75224
6.63369
6.52895
6.44235
6.37489
6.32576
6.29462
6.28139
-8.30104
-8.50315
-8.62169
-8.67654
-8.75184
-8.21044
2.24116
6.50688
6.73395
6.69858
6.58833
6.45811
6.33425
6.22617
6.13745
6.06909
6.0199
5.98891
5.97578
-8.84761
-9.09061
-9.20726
-9.20775
-9.05667
-8.74588
4.06858
5.50277
6.31476
6.34472
6.23023
6.10286
5.98447
5.88152
5.79647
5.73095
5.68418
5.65493
5.64259
-9.60499
-9.92749
-10.0123
-9.91795
-9.63685
-9.22948
5.83821
6.67265
5.94441
5.89452
5.79246
5.68508
5.5844
5.4955
5.42045
5.36173
5.31975
5.2937
5.2828
-10.709
-11.1696
-11.1119
-10.7901
-10.2616
-8.69883
4.75545
5.21053
5.28834
5.31697
5.2787
5.21231
5.14001
5.07237
5.01274
4.9644
4.92929
4.9076
4.89863
-12.4861
-13.0817
-12.6068
-11.8426
-11.3944
2.99597
3.70518
4.1619
4.56084
4.68708
4.7176
4.70008
4.6622
4.61973
4.57872
4.54334
4.51664
4.50008
4.49337
-15.3967
-15.4512
-14.2372
-12.9053
-9.59908
2.0883
3.10773
3.54649
3.8746
4.05666
4.14031
4.16716
4.16338
4.14652
4.12506
4.10382
4.08638
4.07535
4.07103
-17.0307
-15.9899
-15.1528
-11.6464
0.296742
1.99908
2.49108
2.91543
3.23825
3.44456
3.56619
3.62855
3.65495
3.66162
3.65878
3.65148
3.64339
3.63794
3.63597
-14.6678
-15.953
-29.0316
-8.23374
0.40024
1.30095
1.87756
2.31152
2.63168
2.85854
3.00549
3.09508
3.14589
3.17275
3.18637
3.19172
3.19242
3.19231
3.19252
-14.0474
-15.6165
-8.40738
-1.18824
0.101929
0.739066
1.29706
1.73321
2.06212
2.30068
2.46439
2.57361
2.64305
2.68614
2.71329
2.72928
2.73786
2.74257
2.74469
-13.8996
-8.46371
-8.18292
-2.63825
-0.698694
0.153918
0.756058
1.19792
1.53067
1.77346
1.94731
2.06895
2.1511
2.20625
2.24368
2.26812
2.28337
2.29222
2.29594
-16.7039
-7.34016
-4.78858
-2.67225
-1.16886
-0.300099
0.287499
0.720223
1.04185
1.28068
1.45645
1.58326
1.67278
1.73602
1.7806
1.81127
1.83181
1.84404
1.84913
-21.1796
-17.3494
-3.35264
-2.33473
-1.23836
-0.571083
-0.0762299
0.30425
0.59707
0.82146
0.991045
1.11702
1.20949
1.27723
1.326
1.36084
1.38523
1.40014
1.40667
-23.464
-26.776
-0.356998
-1.37435
-1.05629
-0.712416
-0.365672
-0.0623635
0.189009
0.390763
0.548433
0.669259
0.761357
0.830292
0.88085
0.918211
0.945007
0.962027
0.970519
-41.1184
-30.3867
-2.65781
-1.01072
-1.01672
-0.869028
-0.64006
-0.405969
-0.195839
-0.0188941
0.124161
0.237935
0.326946
0.394549
0.445593
0.484022
0.511907
0.530338
0.539887
-35.4381
-26.4273
-4.45007
-1.66453
-1.34359
-1.14918
-0.949634
-0.752489
-0.572021
-0.415967
-0.285912
-0.17986
-0.0958684
-0.0303882
0.0202181
0.0582593
0.0862681
0.105651
0.115526
-16.7811
-10.8456
-4.73179
-2.55391
-1.85511
-1.53088
-1.30354
-1.11354
-0.947689
-0.805152
-0.685453
-0.587365
-0.508303
-0.44508
-0.396117
-0.359367
-0.331689
-0.31214
-0.302385
-10.2089
-7.2502
-4.53809
-3.05865
-2.33526
-1.93866
-1.67999
-1.4839
-1.32305
-1.18892
-1.07771
-0.986247
-0.911218
-0.850919
-0.804431
-0.769069
-0.741956
-0.723212
-0.714317
-7.67427
-6.04035
-4.46983
-3.39215
-2.73465
-2.3278
-2.05539
-1.85443
-1.69632
-1.56838
-1.46352
-1.37701
-1.30597
-1.24926
-1.20526
-1.17101
-1.14501
-1.12805
-1.12053
-6.48798
-5.44138
-4.41925
-3.62247
-3.06544
-2.68506
-2.41703
-2.21829
-2.06458
-1.94196
-1.84217
-1.76037
-1.6938
-1.64067
-1.59875
-1.56587
-1.54179
-1.52709
-1.52097
-5.86719
-5.13258
-4.41285
-3.80985
-3.34934
-3.01024
-2.75975
-2.57082
-2.42429
-2.30772
-2.21357
-2.13714
-2.07507
-2.02518
-1.98551
-1.95483
-1.93323
-1.92051
-1.91547
-5.52462
-4.97942
-4.44578
-3.97943
-3.60223
-3.30898
-3.08399
-2.91023
-2.77386
-2.66529
-2.57816
-2.50741
-2.4497
-2.40331
-2.36674
-2.33897
-2.31975
-2.30844
-2.30412
-5.33742
-4.9186
-4.51008
-4.1444
-3.83714
-3.58908
-3.39248
-3.23706
-3.11362
-3.0152
-2.93589
-2.87097
-2.81822
-2.77629
-2.74348
-2.71867
-2.70142
-2.69117
-2.68743
-5.24531
-4.91788
-4.59993
-4.31117
-4.06249
-3.85606
-3.68825
-3.55317
-3.44484
-3.35774
-3.28665
-3.2285
-3.18189
-3.14503
-3.11598
-3.09386
-3.07846
-3.06929
-3.0661
-5.216
-4.95869
-4.70998
-4.48229
-4.28307
-4.11446
-3.97499
-3.86113
-3.76874
-3.69331
-3.63146
-3.58146
-3.54161
-3.50968
-3.48417
-3.46482
-3.45145
-3.44347
-3.44086
-5.23116
-5.03009
-4.8369
-4.65951
-4.5028
-4.36854
-4.25601
-4.16298
-4.0864
-4.02342
-3.97211
-3.93083
-3.89745
-3.87017
-3.84843
-3.83221
-3.82108
-3.81439
-3.81233
-5.27939
-5.12549
-4.97874
-4.84402
-4.72442
-4.62111
-4.53364
-4.46056
-4.39997
-4.3502
-4.30972
-4.27669
-4.24941
-4.22707
-4.20963
-4.19681
-4.18796
-4.18255
-4.18104
-5.35328
-5.24054
-5.13401
-5.03649
-4.94976
-4.87447
-4.81034
-4.75647
-4.71173
-4.67489
-4.64454
-4.61931
-4.59837
-4.58159
-4.56874
-4.55929
-4.55261
-4.54849
-4.54751
-5.4481
-5.37258
-5.30199
-5.23771
-5.18061
-5.13096
-5.08856
-5.05283
-5.023
-4.99814
-4.97735
-4.96002
-4.94591
-4.93487
-4.92646
-4.92011
-4.91554
-4.91271
-4.91224
-5.56124
-5.52039
-5.48269
-5.44861
-5.41847
-5.3923
-5.36989
-5.3509
-5.33488
-5.32135
-5.31001
-5.30072
-5.29337
-5.28768
-5.28326
-5.27984
-5.27733
-5.27581
-5.27577
-5.69206
-5.68398
-5.67671
-5.67029
-5.66471
-5.65994
-5.65587
-5.65242
-5.64949
-5.64699
-5.64491
-5.64326
-5.64198
-5.64097
-5.64017
-5.63952
-5.63904
-5.6388
-5.63876
)
;

boundaryField
{
    leftWall
    {
        type            calculated;
        value           nonuniform List<scalar> 
100
(
1589.65
1529.95
1469.09
1407.3
1344.59
1281.05
1216.73
1151.73
1067.61
926.118
782.984
638.654
493.5
347.998
201.847
65.0662
-2.7156
-4.54084
-4.73465
-4.91809
-5.10064
-5.28114
-5.45509
-5.61885
-5.77038
-5.90838
-6.03232
-6.14214
-6.23817
-6.32087
-6.39072
-6.44762
-6.49187
-6.52473
-6.54782
-6.562
-6.56764
-6.5652
-6.55542
-6.53919
-6.51744
-6.49105
-6.46089
-6.4278
-6.39256
-6.35574
-6.3182
-6.27991
-6.24104
-6.20633
1559.94
1499.67
1438.31
1376.05
1312.92
1248.98
1184.31
1119
997.101
854.725
710.946
566.149
420.796
275.021
129.099
25.2958
-4.4498
-4.63959
-4.82661
-5.00936
-5.19146
-5.36917
-5.53843
-5.69621
-5.84114
-5.97211
-6.08899
-6.19185
-6.28114
-6.35739
-6.4208
-6.47129
-6.50962
-6.53741
-6.55599
-6.56587
-6.56739
-6.56117
-6.54805
-6.52895
-6.50477
-6.47639
-6.44466
-6.41041
-6.37432
-6.33697
-6.29938
-6.25998
-6.22413
-6.17963
)
;
    }
    rightWall
    {
        type            calculated;
        value           nonuniform List<scalar> 
100
(
8.89551
8.83634
8.77678
8.71684
8.65649
8.59569
8.5344
8.47254
8.35678
8.22005
8.07894
7.93216
7.77803
7.61445
7.43897
7.24878
7.04084
6.81208
6.55969
6.28139
5.97578
5.64259
5.2828
4.89863
4.49337
4.07103
3.63597
3.19252
2.74469
2.29594
1.84913
1.40667
0.970519
0.539887
0.115526
-0.302385
-0.714317
-1.12053
-1.52097
-1.91547
-2.30412
-2.68743
-3.0661
-3.44086
-3.81233
-4.18104
-4.54751
-4.91224
-5.27577
-5.63876
8.92493
8.86597
8.80661
8.74686
8.68672
8.62615
8.56511
8.50354
8.42382
8.28889
8.15011
8.00635
7.85613
7.69757
7.52837
7.34591
7.14722
6.92925
6.689
6.42389
6.13205
5.8126
5.46591
5.09358
4.6984
4.28407
3.85482
3.41504
2.96892
2.52025
2.07212
1.62722
1.18777
0.754513
0.326874
-0.0941972
-0.509072
-0.918127
-1.32149
-1.71897
-2.11051
-2.4964
-2.8773
-3.25392
-3.62697
-3.997
-4.36452
-4.73006
-5.09412
-5.45714
)
;
    }
    lowerWall
    {
        type            calculated;
        value           nonuniform List<scalar> 
124
(
1605.81
1606.44
1600.62
1591.97
1582.72
1572.89
1562.31
1551.14
1539.91
1529.47
1521
1516.01
1516.47
1524.81
1544.04
1578.21
1631.11
1706.37
1793.4
1839.02
1842.82
1741.45
1902.61
1838.35
1742.94
1753.8
1786.05
1731.84
1593.98
1376.37
995.202
23.9351
10.6141
9.4552
8.78107
9.03118
8.97303
8.916
8.86002
8.80515
8.75106
8.69754
8.6452
9.04421
9.03531
9.02053
9.00371
8.98843
8.97647
8.968
8.96231
8.95842
8.95555
8.95314
8.95086
8.94862
8.94642
8.94435
8.9425
8.94103
8.94006
8.93965
1604.36
1606.83
1604.19
1596.42
1587.4
1577.89
1567.7
1556.77
1545.48
1534.53
1524.9
1517.96
1515.42
1519.49
1532.85
1559
1602.03
1665.94
1750.57
1825.51
1846.34
1791.44
1806.47
-47.5577
10.3568
9.64985
8.96836
9.04589
9.04064
9.02844
9.01212
8.99572
8.98199
8.97183
8.96487
8.96019
8.9569
8.95431
8.952
8.94974
8.94751
8.94536
8.94339
8.94171
8.94047
8.93978
1887.92
1782.28
1734.79
1777.49
1771.08
1671.7
1497.74
1214.69
9.00195
8.9444
8.88786
8.83246
8.77804
8.72426
8.67151
8.59753
)
;
    }
    atmosphere
    {
        type            calculated;
        value           nonuniform List<scalar> 
92
(
-6.16414
-6.16303
-6.16052
-6.15614
-6.14994
-6.14191
-6.13197
-6.12001
-6.10588
-6.08945
-6.0706
-6.04921
-6.02522
-5.99868
-5.96971
-5.93863
-5.90594
-5.87239
-5.83899
-5.80701
-5.77804
-5.75407
-5.737
-5.73104
-5.72913
-5.72904
-5.72904
-5.72904
-5.72904
-5.72904
-5.72904
-5.72904
-5.72904
-5.72904
-5.72904
-5.72904
-5.72904
-5.72904
-5.72904
-5.72904
-5.72904
-5.72904
-5.72904
-5.72904
-5.72904
-5.72904
-6.15714
-6.16322
-6.16201
-6.15856
-6.15327
-6.14616
-6.13719
-6.12625
-6.11322
-6.09796
-6.08034
-6.06023
-6.03754
-6.01227
-5.98448
-5.95441
-5.92245
-5.88922
-5.8556
-5.82273
-5.79203
-5.7653
-5.74455
-5.7329
-5.72978
-5.72904
-5.72904
-5.72904
-5.72904
-5.72904
-5.72904
-5.72904
-5.72904
-5.72904
-5.72904
-5.72904
-5.72904
-5.72904
-5.72904
-5.72904
-5.72904
-5.72904
-5.72904
-5.72904
-5.72904
-5.72904
)
;
    }
    defaultFaces
    {
        type            empty;
    }
}


// ************************************************************************* //
