/*--------------------------------*- C++ -*----------------------------------*\
| =========                 |                                                 |
| \\      /  F ield         | OpenFOAM: The Open Source CFD Toolbox           |
|  \\    /   O peration     | Version:  v1912                                 |
|   \\  /    A nd           | Website:  www.openfoam.com                      |
|    \\/     M anipulation  |                                                 |
\*---------------------------------------------------------------------------*/
FoamFile
{
    version     2.0;
    format      ascii;
    class       volScalarField;
    location    "0.25";
    object      p_rgh;
}
// * * * * * * * * * * * * * * * * * * * * * * * * * * * * * * * * * * * * * //

dimensions      [1 -1 -2 0 0 0 0];


internalField   nonuniform List<scalar> 
9072
(
1604.09
1606.83
1604.19
1596.42
1587.4
1577.89
1567.7
1556.77
1545.48
1534.53
1524.9
1517.96
1515.42
1519.49
1532.85
1559
1602.03
1665.94
1750.57
1825.51
1846.34
1791.44
1806.47
1602.68
1606.01
1603.35
1595.64
1586.69
1577.19
1566.94
1555.93
1544.54
1533.46
1523.7
1516.57
1513.81
1517.6
1530.58
1555.75
1596.41
1655.15
1730
1805.82
1852.91
1762.31
1697.76
1600.17
1604.13
1601.4
1593.83
1585.02
1575.52
1565.16
1553.96
1542.34
1530.98
1520.87
1513.33
1510.07
1513.23
1525.38
1549.33
1587.73
1641.83
1707.57
1770.5
1813.1
1742.89
1700.16
1596.77
1601.19
1598.38
1591.03
1582.42
1572.91
1562.35
1550.87
1538.88
1527.08
1516.43
1508.23
1504.17
1506.35
1517.24
1539.46
1575.17
1624.74
1683.87
1740.7
1778.86
1783.75
1842.34
1592.5
1597.25
1594.36
1587.29
1578.91
1569.35
1558.52
1546.64
1534.15
1521.74
1510.35
1501.24
1496.07
1496.91
1506.13
1526.16
1558.84
1604.06
1657.78
1710.77
1753.05
1792.89
1912.46
1587.42
1592.4
1589.42
1582.67
1574.51
1564.83
1553.66
1541.27
1528.15
1514.96
1502.61
1492.33
1485.74
1484.85
1491.98
1509.42
1538.79
1579.83
1628.95
1679.06
1724.72
1777.7
1893.1
1581.61
1586.73
1583.67
1577.24
1569.24
1559.38
1547.77
1534.78
1520.89
1506.73
1493.19
1481.46
1473.11
1470.1
1474.69
1489.13
1514.93
1551.83
1596.72
1643.82
1689.07
1740.24
1818.97
1575.16
1580.33
1577.19
1571.05
1563.13
1553
1540.87
1527.17
1512.36
1497.05
1482.08
1468.59
1458.11
1452.54
1454.12
1465.09
1486.98
1519.7
1560.39
1603.71
1644.24
1679.28
1692.35
9.04609
9.04064
9.02844
9.01212
8.99572
8.98199
8.97183
8.96487
8.96019
8.9569
8.95431
8.952
8.94974
8.94751
8.94536
8.94339
8.94171
8.94047
8.93978
9.0474
9.04136
9.02884
9.01201
8.99526
8.98141
8.97132
8.96449
8.95995
8.95677
8.95425
8.95197
8.94972
8.94748
8.94532
8.94332
8.94163
8.94037
8.93968
9.04972
9.04308
9.0298
9.01175
8.99416
8.98006
8.97013
8.96364
8.95944
8.95651
8.95414
8.95191
8.94967
8.94737
8.9451
8.943
8.94123
8.93992
8.93918
9.05318
9.04603
9.0314
9.01128
8.9923
8.97785
8.96824
8.96232
8.95866
8.95613
8.95399
8.95184
8.94957
8.94716
8.94472
8.94245
8.94054
8.93912
8.93831
9.05762
9.05022
9.03372
9.01044
8.9895
8.97465
8.96561
8.96055
8.95765
8.95565
8.95381
8.95177
8.94941
8.94683
8.94417
8.94166
8.93953
8.93795
8.93705
9.0627
9.0558
9.03687
9.00906
8.98547
8.97029
8.96217
8.95831
8.95644
8.95513
8.95365
8.95169
8.94922
8.94639
8.94343
8.94061
8.93819
8.93639
8.93536
9.06881
9.06345
9.04146
9.00673
8.97979
8.96455
8.95785
8.95564
8.95506
8.95459
8.95353
8.95165
8.94902
8.94586
8.94251
8.93928
8.93648
8.93439
8.93321
9.05369
9.07137
9.04848
9.00276
8.97181
8.95714
8.95264
8.95257
8.95358
8.95408
8.95348
8.95167
8.94883
8.94527
8.9414
8.93764
8.93438
8.93194
8.93055
1561.87
1571.2
1567.95
1562.16
1554.19
1543.6
1530.69
1515.93
1499.75
1482.72
1465.59
1449.44
1435.69
1426.2
1423.19
1428.96
1445.3
1472.28
1507.36
1544.69
1574.57
1575.16
1445.59
1544.69
1554.19
1550.65
1544.93
1536.42
1524.69
1510.13
1493.14
1474.06
1453.31
1431.49
1409.48
1388.49
1370.22
1356.95
1351.37
1356.17
1372.36
1397.68
1424.94
1437.79
1401.48
1248.12
1526.1
1535.36
1531.34
1525.18
1515.59
1502.29
1485.64
1465.86
1443.09
1417.56
1389.64
1359.84
1328.88
1298.01
1269.51
1246.97
1234.97
1239.04
1257.33
1280.54
1295.11
1274.36
1185.52
1506.5
1515.17
1510.45
1503.35
1492.26
1477.03
1457.87
1434.72
1407.45
1375.96
1340.25
1300.24
1256.13
1210.17
1164.33
1117.91
1088.22
1081.05
1078.84
1103.68
1142.11
1153
1124.1
1486.34
1493.99
1488.4
1480.02
1467.12
1449.62
1427.58
1400.56
1367.99
1329.41
1285.33
1236.92
1181.46
1087.6
666.22
166.747
-0.626407
-2.42151
-1.91639
17.7393
144.122
511.023
1056.08
1465.76
1472.21
1465.66
1455.91
1440.97
1420.73
1395.83
1365
1328.82
1284.25
1231.14
971.269
228.869
-2.64464
-2.19914
-1.78589
-0.0640203
-2.80069
-4.33586
-4.44061
-4.37692
-4.33417
-4.31013
1445.03
1450.05
1443.01
1432.26
1416.29
1392.36
1367.31
1329.08
1115.61
500.536
-3.43257
-3.64836
-3.34128
-3.1255
-1.75568
0.339224
-2.55726
-4.48277
-4.72246
-4.67595
-4.62136
-4.62602
-4.75644
1105.65
1325.75
1311.86
1176.96
953.779
553.877
187.216
-2.7296
-3.23223
-3.51736
-3.64012
-3.6951
-3.57684
-3.51288
0.0327624
-2.17254
-4.14602
-4.35145
-4.49879
-4.56537
-4.6078
-4.67981
-4.80803
-2.88349
-2.82628
-2.87668
-2.9478
-2.87482
-2.95654
-3.14988
-3.23003
-3.38366
-3.60887
-3.76513
-3.85585
-3.85385
-3.87461
-3.30924
-4.06043
-4.19796
-4.34734
-4.45925
-4.54051
-4.62006
-4.72515
-4.86831
-2.94807
-2.89204
-2.91694
-2.95392
-2.98218
-3.04677
-3.16544
-3.31571
-3.52325
-3.794
-4.04399
-4.24169
-4.32251
-4.22718
-4.04175
-4.1191
-4.26857
-4.38819
-4.48952
-4.5806
-4.67934
-4.80057
-4.95009
-3.0099
-2.97211
-2.98641
-3.01556
-3.05842
-3.1277
-3.23908
-3.4092
-3.69248
-4.05227
-4.27823
-3.72262
-3.91665
-4.60071
-3.81712
-4.23924
-4.35169
-4.44828
-4.54642
-4.64775
-4.76165
-4.89521
-5.05196
-3.06745
-3.04309
-3.0589
-3.08855
-3.13461
-3.2048
-3.31416
-3.49864
-3.88773
-4.23608
-4.55067
-3.95707
-4.20186
-4.31082
-3.98956
-4.35862
-4.41889
-4.51019
-4.61481
-4.73079
-4.86136
-5.01007
-5.17973
-3.12436
-3.10778
-3.12717
-3.15923
-3.2071
-3.27642
-3.37746
-3.54834
-2.14597
-4.26677
-4.53078
-4.8395
-4.56537
-4.57547
-4.3786
-4.39143
-4.4679
-4.57194
-4.69281
-4.82879
-4.98082
-5.1513
-5.34177
-3.17688
-3.1655
-3.1877
-3.22249
-3.27238
-3.341
-3.43439
-3.56049
-1.96907
-4.16896
-4.35086
-4.49369
-4.49767
-4.3838
-4.34985
-4.41388
-4.51703
-4.64278
-4.78611
-4.94706
-5.12688
-5.32722
-5.54959
-3.22094
-3.21458
-3.2384
-3.27523
-3.327
-3.39598
-3.48579
-3.60309
-1.82104
-2.00669
-4.20727
-4.27524
-4.30599
-4.31709
-4.36404
-4.45796
-4.58411
-4.73259
-4.90147
-5.09219
-5.30659
-5.54694
-5.81804
-3.25353
-3.25251
-3.27706
-3.3151
-3.36812
-3.43772
-3.52597
-3.63571
-3.77503
-2.57497
-4.11058
-4.1887
-4.25288
-4.31704
-4.40444
-4.52374
-4.67175
-4.84446
-5.04218
-5.26803
-5.52537
-5.81941
-6.15995
-3.27326
-3.27784
-3.30242
-3.34095
-3.39433
-3.46348
-3.5496
-3.65418
-3.77886
-3.92152
-4.04617
-4.14802
-4.24266
-4.34078
-4.45823
-4.60233
-4.77458
-4.97516
-5.2065
-5.47404
-5.78476
-6.14852
-6.58291
-3.27904
-3.2897
-3.31407
-3.35242
-3.40522
-3.47298
-3.5562
-3.65512
-3.7687
-3.89228
-4.01462
-4.1298
-4.2455
-4.37054
-4.5145
-4.68416
-4.88398
-5.11727
-5.38823
-5.70503
-6.07991
-6.52921
-7.08187
-3.27072
-3.28773
-3.31172
-3.34944
-3.4012
-3.46724
-3.54772
-3.6423
-3.74964
-3.86679
-3.98937
-4.11555
-4.2491
-4.39651
-4.56472
-4.76043
-4.99053
-5.26093
-5.57741
-5.95087
-6.39806
-6.94125
-7.61674
-3.24839
-3.27174
-3.29524
-3.3322
-3.38277
-3.44714
-3.52532
-3.61694
-3.72118
-3.8367
-3.96198
-4.09713
-4.24528
-4.41161
-4.60189
-4.82326
-5.08468
-5.39445
-5.76051
-6.19631
-6.72124
-7.3605
-8.14295
-3.21248
-3.24206
-3.26499
-3.30108
-3.35047
-3.41327
-3.48952
-3.57909
-3.68181
-3.79745
-3.9259
-4.06829
-4.22807
-4.41002
-4.6197
-4.86484
-5.15617
-5.5047
-5.92154
-6.42316
-7.03255
-7.77342
-8.65971
-3.16354
-3.19921
-3.22155
-3.25671
-3.30482
-3.36601
-3.44041
-3.52821
-3.62978
-3.74562
-3.8765
-4.02416
-4.19249
-4.38646
-4.61186
-4.87709
-5.19444
-5.5779
-6.04304
-6.61206
-7.31383
-8.17761
-9.21532
-3.10176
-3.14357
-3.16518
-3.19921
-3.24578
-3.30507
-3.37736
-3.46313
-3.56318
-3.67851
-3.81042
-3.96117
-4.13492
-4.33634
-4.57271
-4.85263
-5.18934
-5.60016
-6.10655
-6.73802
-7.53469
-8.54666
-9.82512
-3.02705
-3.07492
-3.09563
-3.12826
-3.17296
-3.23002
-3.29988
-3.38322
-3.48107
-3.59479
-3.72596
-3.877
-4.05203
-4.25676
-4.49806
-4.78514
-5.13226
-5.55818
-6.09179
-6.76965
-7.64706
-8.80575
-10.3567
-2.94019
-2.9935
-3.01319
-3.04427
-3.08695
-3.14159
-3.20869
-3.28905
-3.38381
-3.49448
-3.62278
-3.77107
-3.94337
-4.14558
-4.38482
-4.67009
-5.01536
-5.44196
-5.9805
-6.67472
-7.59406
-8.85181
-10.6182
-2.84278
-2.90068
-2.91933
-2.94879
-2.9893
-3.04123
-3.1051
-3.18169
-3.27216
-3.37806
-3.50111
-3.64347
-3.80875
-4.00267
-4.23231
-4.506
-4.83653
-5.2445
-5.76038
-6.42971
-7.32665
-8.58276
-10.4184
-2.73616
-2.79808
-2.8156
-2.84326
-2.8813
-2.93005
-2.99001
-3.06189
-3.14677
-3.24611
-3.36157
-3.49497
-3.64928
-3.82958
-4.04246
-4.29516
-4.59825
-4.96922
-5.43432
-6.03318
-6.83141
-7.94497
-9.58422
-2.62085
-2.68653
-2.70275
-2.72836
-2.76354
-2.80861
-2.86398
-2.93026
-3.00836
-3.09957
-3.20536
-3.32723
-3.46732
-3.62962
-3.81975
-4.04357
-4.30874
-4.628
-5.02022
-5.51315
-6.15103
-7.00622
-8.20232
-2.49718
-2.56637
-2.58115
-2.60447
-2.63649
-2.67746
-2.72769
-2.78766
-2.85805
-2.9399
-3.03442
-3.14277
-3.26628
-3.40755
-3.57076
-3.76024
-3.98061
-4.23937
-4.54714
-4.91791
-5.37199
-5.93591
-6.64281
-2.36576
-2.43808
-2.45134
-2.47223
-2.50087
-2.53743
-2.58214
-2.63531
-2.69739
-2.76905
-2.85122
-2.94473
-3.05024
-3.16892
-3.30319
-3.45577
-3.62871
-3.8247
-4.04732
-4.29939
-4.58249
-4.89359
-5.21635
-2.22745
-2.30243
-2.31411
-2.33248
-2.35761
-2.38959
-2.42856
-2.47466
-2.5281
-2.58923
-2.65854
-2.73656
-2.82348
-2.91936
-3.02483
-3.14085
-3.26761
-3.40433
-3.54945
-3.69904
-3.84454
-3.96951
-4.04343
-2.08315
-2.16033
-2.1704
-2.18622
-2.20779
-2.23514
-2.26829
-2.30725
-2.35203
-2.40265
-2.45918
-2.52177
-2.5903
-2.66416
-2.74261
-2.82491
-2.90978
-2.99453
-3.07476
-3.14339
-3.18878
-3.1925
-3.12648
-1.93377
-2.0127
-2.02118
-2.03447
-2.05253
-2.0753
-2.10271
-2.13467
-2.171
-2.21147
-2.25579
-2.30369
-2.35475
-2.40808
-2.46218
-2.51514
-2.56448
-2.60656
-2.63605
-2.64533
-2.62347
-2.5554
-2.42113
-1.7802
-1.86045
-1.86738
-1.87822
-1.89287
-1.91123
-1.93313
-1.95838
-1.98667
-2.0176
-2.05063
-2.08512
-2.12031
-2.15515
-2.18798
-2.21639
-2.23725
-2.24655
-2.23902
-2.20789
-2.14448
-2.03823
-1.87701
-1.62328
-1.70446
-1.70991
-1.71841
-1.72983
-1.74401
-1.76072
-1.77969
-1.80052
-1.8227
-1.84555
-1.8682
-1.88962
-1.90856
-1.92339
-1.93183
-1.93077
-1.91632
-1.88377
-1.82764
-1.74164
-1.61914
-1.45369
-1.46384
-1.54557
-1.54964
-1.55595
-1.56435
-1.57465
-1.58659
-1.5998
-1.61385
-1.62818
-1.64206
-1.65453
-1.66442
-1.67035
-1.67072
-1.66352
-1.64617
-1.61537
-1.56728
-1.49775
-1.40247
-1.27764
-1.12049
-1.30255
-1.38456
-1.38735
-1.39165
-1.39729
-1.40406
-1.41165
-1.4197
-1.42773
-1.43518
-1.4413
-1.44519
-1.4457
-1.44144
-1.43087
-1.41223
-1.38349
-1.34222
-1.28562
-1.21082
-1.11512
-0.996544
-0.854499
-1.14001
-1.22201
-1.22365
-1.22614
-1.22931
-1.2329
-1.23663
-1.24012
-1.24291
-1.24445
-1.24406
-1.2409
-1.23394
-1.22198
-1.20362
-1.17736
-1.14161
-1.09469
-1.03483
-0.960361
-0.869881
-0.762624
-0.639173
-0.97722
-1.05882
-1.05945
-1.06036
-1.06132
-1.0621
-1.06242
-1.06194
-1.06023
-1.05679
-1.05101
-1.04218
-1.02944
-1.01182
-0.988212
-0.957434
-0.918302
-0.869704
-0.810679
-0.740503
-0.658829
-0.565776
-0.462482
-0.812631
-0.89477
-0.894669
-0.89425
-0.893294
-0.891626
-0.889003
-0.885125
-0.879636
-0.872108
-0.862038
-0.84884
-0.831853
-0.810356
-0.783566
-0.750682
-0.710945
-0.663729
-0.608661
-0.545701
-0.475246
-0.398103
-0.315651
-0.651587
-0.730993
-0.73042
-0.728839
-0.726181
-0.722336
-0.717121
-0.710305
-0.701604
-0.690684
-0.677164
-0.660615
-0.640576
-0.61658
-0.588169
-0.554931
-0.516551
-0.472877
-0.424031
-0.370473
-0.313069
-0.253097
-0.192077
-0.481887
-0.572324
-0.571592
-0.569001
-0.564834
-0.559066
-0.551592
-0.542251
-0.530838
-0.517118
-0.500832
-0.481707
-0.459482
-0.43393
-0.404888
-0.372304
-0.336277
-0.297111
-0.25539
-0.212022
-0.168277
-0.125827
-0.0864962
423.312
29.2355
11.4597
10.4576
941.463
701.543
526.206
274.437
1036.44
946.138
875.015
808.858
1065.86
1028.39
995.36
966.214
1072.16
1067.93
1060.66
1052.59
24.6029
161.36
467.381
871.633
-4.91968
-5.00823
-5.05768
-5.07703
-4.9592
-5.05383
-5.15096
-5.25313
-5.02027
-5.10978
-5.20179
-5.29551
-5.10128
-5.18914
-5.27857
-5.37008
-5.20623
-5.2952
-5.38495
-5.47595
-5.34355
-5.43813
-5.53315
-5.62738
-5.52389
-5.63009
-5.7364
-5.8391
-5.76335
-5.88857
-6.0133
-6.13374
-6.08334
-6.2392
-6.39623
-6.55446
-6.50442
-6.71264
-6.92972
-7.15647
-7.04108
-7.33213
-7.64994
-8.001
-7.69167
-8.10302
-8.58752
-9.18718
-8.37546
-8.9086
-9.5985
-10.5626
-8.98416
-9.53228
-10.1677
-10.8104
-9.54488
-10.0659
-10.6086
-11.0733
-10.2262
-10.778
-11.2554
-11.37
-11.1964
-12.0804
-13.0023
-12.7873
-12.209
-13.5369
-15.0043
-15.0051
-12.8815
-14.5694
-16.4745
-16.7834
-12.955
-14.9432
-17.5038
-19.1059
-11.9224
-13.823
-16.6108
-20.1413
-9.75277
-10.8742
-12.2988
-14.1373
-7.39559
-7.8351
-8.2695
-8.65498
-5.45252
-5.53081
-5.54076
-5.45546
-4.00961
-3.93417
-3.79981
-3.59559
-2.97338
-2.84435
-2.67516
-2.46355
-2.2275
-2.08928
-1.92483
-1.73518
-1.68027
-1.55116
-1.4051
-1.24301
-1.26951
-1.15476
-1.02927
-0.893985
-0.955503
-0.855987
-0.749978
-0.638315
-0.711707
-0.62756
-0.539487
-0.448259
-0.519491
-0.450335
-0.378819
-0.305594
-0.365707
-0.310896
-0.254838
-0.197968
-0.241315
-0.200226
-0.158825
-0.117237
-0.139951
-0.112191
-0.08493
-0.0580783
-0.0566926
-0.0424071
-0.0294813
-0.0174771
9.18383
9.09021
9.06163
8.99366
8.95737
8.94501
8.94473
8.94824
8.95165
8.95356
8.95359
8.95183
8.9486
8.94438
8.93968
8.93508
8.93109
8.92809
8.92634
16.4364
9.02066
9.07413
8.95484
8.91502
8.91592
8.92858
8.94064
8.94898
8.95345
8.95448
8.95253
8.94822
8.94233
8.93573
8.92921
8.92355
8.91927
8.91677
771.859
23.4269
9.17064
8.85816
8.83882
8.87683
8.91208
8.93477
8.94809
8.95498
8.95669
8.954
8.94785
8.93943
8.93004
8.92087
8.91293
8.90693
8.90339
933.082
884.795
230.396
8.59256
8.72156
8.83923
8.9039
8.93385
8.94985
8.95849
8.96047
8.95633
8.94734
8.93525
8.92197
8.90918
8.89819
8.88994
8.88509
1042.03
1024.13
1008.32
504.628
8.6926
8.83034
8.91928
8.93852
8.95299
8.96349
8.96579
8.95939
8.94623
8.92902
8.91048
8.8929
8.87795
8.86684
8.86039
1139.57
1135.58
1133.36
1132.49
603.257
9.06086
8.9611
8.93456
8.95182
8.96877
8.97247
8.96283
8.94367
8.91944
8.89398
8.87031
8.85042
8.83578
8.82741
-4.44276
518.194
1254.1
1252.46
1264.45
366.128
8.96017
8.8715
8.93932
8.97398
8.98053
8.96585
8.93814
8.90448
8.87019
8.83904
8.81328
8.7945
8.78386
-5.3836
-5.5325
27.8166
1269.84
1371.27
1378.1
40.2674
8.86735
8.91547
8.98149
8.99
8.96667
8.92689
8.88108
8.83601
8.79607
8.76366
8.74028
8.72709
-5.42246
-5.63561
-5.82635
-5.32097
1099.85
1483.76
986.348
9.71001
8.88236
8.99429
8.99955
8.96148
8.90528
8.8447
8.78732
8.73769
8.69816
8.66996
8.65412
-5.4947
-5.70225
-5.89488
-6.08107
-5.60136
1512.87
1578.87
41.9346
9.00246
9.01142
9.00328
8.94287
8.86645
8.78924
8.71897
8.65958
8.61301
8.58018
8.56184
-5.59875
-5.80355
-5.97814
-6.13319
-6.26784
431.533
1668.53
413.892
9.38581
9.01272
8.98457
8.89889
8.8015
8.70772
8.62519
8.55707
8.5044
8.46762
8.44719
-5.75004
-5.95199
-6.11486
-6.23446
-6.40357
-7.1758
1727.58
808.14
9.67784
8.96191
8.92177
8.81551
8.70055
8.59299
8.50052
8.42574
8.36879
8.32934
8.30754
-5.96963
-6.18259
-6.34341
-6.42969
-6.55777
-6.88154
1638.08
1179.36
10.5182
8.86336
8.80426
8.68087
8.55426
8.43867
8.34053
8.26228
8.20352
8.16317
8.14097
-6.29059
-6.54242
-6.71565
-6.77532
-6.78932
-6.70869
1461.66
1145.6
10.2485
8.6781
8.61196
8.48351
8.35503
8.23996
8.14247
8.06495
8.00729
7.96806
7.94657
-6.76501
-7.09295
-7.29379
-7.29855
-7.22389
-6.92639
1506.37
833.454
9.47669
8.42902
8.33504
8.21614
8.09928
7.99501
7.90581
7.83395
7.78048
7.74434
7.72469
-7.46294
-7.94359
-8.16331
-8.01296
-7.78636
-7.15525
1622.2
344.318
8.48369
8.03599
7.96399
7.87982
7.79026
7.70651
7.63271
7.5715
7.52516
7.49384
7.47698
-8.50169
-9.35367
-9.47472
-9.01553
-8.43959
577.854
1657.99
14.7672
7.37296
7.48315
7.51598
7.48914
7.43799
7.38177
7.32837
7.28158
7.24482
7.21967
7.20628
-10.1821
-11.6919
-11.2715
-10.2759
-9.011
1442.51
412.792
7.23296
6.71648
6.93678
7.0393
7.06759
7.05727
7.03092
6.99989
6.9696
6.94401
6.92588
6.91635
-11.4329
-10.6658
-12.7018
-11.3778
1283.21
1181.71
9.12165
5.85966
6.16202
6.42022
6.56451
6.63629
6.66235
6.66442
6.65524
6.64172
6.62781
6.61705
6.61148
-7.33058
-5.52298
-12.5209
1021.05
1334.29
16.8491
5.09398
5.29605
5.66567
5.93187
6.10563
6.20891
6.26488
6.29145
6.302
6.30408
6.30137
6.29786
6.29614
-11.1875
-11.55
346.805
1262.4
80.6055
4.40742
4.34226
4.82131
5.19845
5.47612
5.66836
5.79423
5.87301
5.91951
5.94672
5.96219
5.9695
5.97274
5.97454
-10.7606
-8.58102
-2.9817
21.2084
3.23864
3.2501
3.88063
4.38633
4.76904
5.05372
5.25672
5.3978
5.49273
5.55415
5.59449
5.62066
5.63643
5.64564
5.65048
-13.5694
499.535
-3.51391
-0.779765
1.58988
2.76094
3.48843
4.00352
4.3848
4.66756
4.87418
5.02319
5.12742
5.19905
5.2489
5.28297
5.30551
5.3197
5.32706
-16.3456
1693.81
-1.18043
0.080015
1.5925
2.5714
3.22109
3.6957
4.05188
4.32067
4.52203
4.67102
4.77884
4.85652
4.91235
4.95175
4.97929
4.99733
5.00678
-18.5502
1726.11
1786.25
0.835549
2.0271
2.61262
3.07833
3.46085
3.76768
4.00961
4.19756
4.34033
4.44745
4.52747
4.5861
4.6286
4.65946
4.68021
4.69112
-21.1848
1809.88
1865.71
7.33327
2.6256
2.73181
2.99072
3.26773
3.51667
3.7264
3.89569
4.02865
4.13222
4.21138
4.27039
4.31445
4.34707
4.36944
4.38148
-27.3807
244.838
34.8214
4.81883
2.57253
2.68001
2.86295
3.07523
3.27927
3.45954
3.6102
3.73287
3.83088
3.9069
3.96516
4.00957
4.0425
4.06579
4.07922
-18.0719
-18.346
-3.58356
1.00537
2.07747
2.43061
2.65855
2.85794
3.03951
3.19991
3.33625
3.44941
3.54075
3.61319
3.67015
3.71353
3.74582
3.76949
3.78367
-9.1771
-6.86651
-2.20054
0.503219
1.61057
2.11222
2.40402
2.61757
2.79411
2.94401
3.07034
3.17493
3.26024
3.32948
3.38418
3.42564
3.45707
3.48054
3.49452
-5.19569
-3.5623
-1.30174
0.349068
1.28932
1.8166
2.14166
2.36973
2.54696
2.69131
2.81008
2.90791
2.98859
3.05435
3.10596
3.14552
3.17614
3.1986
3.21139
-3.22452
-2.10566
-0.775448
0.325791
1.08013
1.56936
1.89497
2.12674
2.30315
2.44261
2.55559
2.64839
2.7247
2.7864
2.83495
2.87296
2.90242
2.92298
2.934
-2.12503
-1.32387
-0.438686
0.341924
0.938609
1.36664
1.67207
1.8964
2.06684
2.20064
2.30839
2.39607
2.46751
2.52516
2.57105
2.60733
2.63479
2.65298
2.66237
-1.45141
-0.852548
-0.217453
0.361552
0.834862
1.1991
1.47349
1.68121
1.8413
1.9676
2.06873
2.15036
2.21681
2.27066
2.3137
2.3474
2.37222
2.38825
2.39652
-1.00866
-0.546521
-0.0690458
0.37377
0.751268
1.05567
1.29465
1.481
1.62733
1.74348
1.83625
1.91132
1.97274
2.02238
2.06169
2.09211
2.11429
2.12866
2.13621
-0.702359
-0.338917
0.029692
0.374529
0.676094
0.927473
1.13109
1.29386
1.42379
1.52753
1.61091
1.67908
1.73471
1.77908
1.81403
1.84114
1.86099
1.87394
1.88083
-0.482928
-0.195123
0.0929056
0.363404
0.603858
0.808855
0.978617
1.11701
1.22885
1.31905
1.39261
1.45288
1.50139
1.53989
1.57056
1.59457
1.61212
1.62355
1.62969
-0.323021
-0.0954907
0.12965
0.341158
0.530977
0.695095
0.833207
0.947384
1.0408
1.11729
1.18008
1.23105
1.27185
1.3047
1.33131
1.35207
1.36705
1.37679
1.3821
-0.206131
-0.0285492
0.145163
0.307948
0.454684
0.5827
0.691618
0.782692
0.858164
0.920447
0.971382
1.01259
1.04605
1.07357
1.09585
1.11289
1.12506
1.13305
1.13751
-0.121422
0.0129985
0.1429
0.264058
0.373387
0.469257
0.551434
0.620744
0.678547
0.726272
0.765327
0.797336
0.823877
0.845769
0.863129
0.876177
0.885534
0.8918
0.8954
-0.061784
0.0338969
0.125114
0.20962
0.285748
0.352629
0.410184
0.458926
0.499688
0.533484
0.561467
0.584798
0.604214
0.619919
0.632096
0.641249
0.647954
0.652539
0.655262
-0.0227617
0.0369036
0.0928905
0.144304
0.190421
0.230891
0.265758
0.295377
0.320299
0.34119
0.358727
0.373386
0.385355
0.394785
0.402053
0.407628
0.411817
0.414729
0.416566
-0.00210316
0.023132
0.0463598
0.0674489
0.0862277
0.102641
0.116781
0.128846
0.139092
0.147786
0.155125
0.161168
0.165956
0.169663
0.172558
0.174842
0.176592
0.177834
0.17879
1605.81
1606.44
1600.62
1591.97
1582.72
1572.89
1562.31
1551.14
1539.91
1529.47
1521
1516.01
1516.47
1524.81
1544.04
1578.21
1631.11
1706.37
1793.4
1839.02
1842.82
1741.45
1902.61
1604.99
1605.62
1599.8
1591.23
1582.02
1572.16
1561.52
1550.25
1538.91
1528.34
1519.7
1514.52
1514.74
1522.76
1541.43
1573.93
1623.47
1691.06
1769.56
1832.5
1849.39
1664.47
1855.77
1603.17
1603.68
1597.9
1589.51
1580.37
1570.45
1559.65
1548.17
1536.57
1525.7
1516.69
1511.04
1510.7
1518.01
1535.7
1566.58
1612.88
1673.88
1740.64
1795.41
1814.57
1661.9
1866.94
1600.23
1600.68
1594.96
1586.83
1577.79
1567.76
1556.7
1544.9
1532.9
1521.54
1511.93
1505.56
1504.33
1510.54
1526.78
1555.54
1598.34
1653.66
1713.61
1763.02
1787.42
1782.44
1968.7
1596.3
1596.66
1591.05
1583.24
1574.29
1564.08
1552.69
1540.43
1527.88
1515.84
1505.41
1498.04
1495.6
1500.31
1514.65
1540.86
1580.01
1630.33
1685.09
1733.62
1771.13
1833.7
2021.23
1591.49
1591.72
1586.26
1578.76
1569.87
1559.42
1547.59
1534.77
1521.52
1508.61
1497.11
1488.45
1484.44
1487.26
1499.28
1522.57
1557.98
1603.77
1654.38
1702.41
1748.25
1823.47
1980.71
1585.91
1585.94
1580.65
1573.46
1564.54
1553.78
1541.42
1527.91
1513.79
1499.82
1487.01
1476.75
1470.8
1471.3
1480.56
1500.57
1532.11
1573.6
1620.38
1666.62
1712.81
1775.84
1865.61
1579.68
1579.43
1574.32
1567.35
1558.34
1547.16
1534.19
1519.87
1504.72
1489.46
1475.07
1462.86
1454.57
1452.29
1458.3
1474.63
1502.11
1539.34
1582.1
1624.57
1662.64
1691.23
1641.42
9.04421
9.03531
9.02053
9.00371
8.98843
8.97647
8.968
8.96231
8.95842
8.95555
8.95314
8.95086
8.94862
8.94642
8.94435
8.9425
8.94103
8.94006
8.93965
9.04491
9.03592
9.02067
9.0034
8.98788
8.97591
8.96755
8.962
8.95824
8.95546
8.95309
8.95084
8.9486
8.94639
8.94429
8.94243
8.94094
8.93995
8.93954
9.04667
9.0374
9.021
9.00264
8.98658
8.9746
8.96652
8.96132
8.95787
8.95529
8.95302
8.9508
8.94853
8.94623
8.94402
8.94207
8.94051
8.93947
8.93904
9.04962
9.0399
9.02155
9.00134
8.98443
8.9725
8.96492
8.96029
8.95731
8.95504
8.95293
8.95073
8.94838
8.94593
8.94355
8.94144
8.93976
8.93863
8.93815
9.05378
9.04357
9.02223
8.99932
8.98127
8.96951
8.96271
8.95892
8.9566
8.95474
8.95283
8.95063
8.94814
8.94549
8.94288
8.94053
8.93866
8.93741
8.93687
9.05956
9.04857
9.02304
8.99628
8.97684
8.96552
8.95987
8.95723
8.95577
8.95443
8.95274
8.95052
8.94784
8.94491
8.94199
8.93934
8.9372
8.93577
8.93516
9.06776
9.05593
9.0239
8.99177
8.97084
8.9604
8.9564
8.95527
8.95487
8.95415
8.95269
8.95042
8.94749
8.94419
8.94086
8.93781
8.93533
8.93368
8.93298
9.07849
9.06807
9.02455
8.98502
8.96277
8.95403
8.95231
8.95308
8.95395
8.95394
8.95272
8.95036
8.94712
8.94335
8.93948
8.93593
8.93304
8.9311
8.93027
1570.88
1570.11
1565.27
1558.5
1549.21
1537.4
1523.51
1507.99
1491.3
1474.11
1457.32
1442.16
1430.28
1423.74
1424.84
1435.74
1457.53
1489.1
1526.23
1561.39
1580.9
1536.63
1054.18
1554.34
1552.81
1548.06
1541.09
1530.94
1517.73
1501.92
1483.84
1463.86
1442.48
1420.44
1398.76
1378.88
1362.8
1353.02
1352.34
1362.88
1384.18
1411.81
1434.68
1428.75
1343.84
1123.05
1536.14
1533.61
1528.6
1520.87
1509.38
1494.37
1476.13
1454.84
1430.65
1403.87
1374.94
1344.44
1313.31
1283.28
1257.22
1239.35
1234.56
1246.82
1268.98
1290.26
1291.22
1241.15
1108.7
1516.69
1513
1507.33
1498.34
1485.15
1467.94
1446.8
1421.61
1392.23
1358.63
1320.79
1278.6
1233.06
1187.17
1140.93
1098.78
1084.03
1080.21
1086.44
1124.28
1152.27
1143.83
1094.33
1496.31
1491.35
1484.72
1474.16
1458.93
1439.18
1414.74
1385
1349.45
1308.03
1261.78
1210.16
1144.62
921.667
386.468
30.6454
-1.71102
-2.40131
1.6879
59.8878
291.093
773.817
1070.22
1475.44
1468.98
1461.39
1449.11
1431.45
1408.9
1381.29
1347.57
1307.16
1260.51
1167.08
616.951
-2.15506
-2.42722
-1.97512
-1.52762
-0.746549
-4.20831
-4.4035
-4.42782
-4.32278
-4.42587
-1.16946
1452.62
1446.69
1438.2
1425.1
1404.51
1380.13
1353.54
1259.91
850.01
179.571
-3.77611
-3.46393
-3.22868
-3.00688
0.667708
-0.163999
-4.25665
-4.63881
-4.70559
-4.64606
-4.61136
-4.67595
-4.84862
1286.64
1343.81
1253.37
1079.31
764.365
356.527
44.2672
-3.02
-3.35585
-3.58442
-3.69148
-3.64551
-3.51894
-2.13753
-0.0299859
-4.05993
-4.24179
-4.44105
-4.53728
-4.58579
-4.63766
-4.73666
-4.89082
-2.65244
-2.83653
-2.91627
-2.95451
-2.86406
-3.05614
-3.20042
-3.28677
-3.50355
-3.69155
-3.82323
-3.86262
-3.85
-3.91461
-3.76581
-4.12346
-4.27494
-4.40857
-4.50472
-4.57832
-4.66829
-4.79187
-4.95298
-2.88143
-2.90094
-2.93615
-2.96855
-3.00677
-3.10084
-3.23637
-3.40931
-3.65582
-3.9251
-4.15056
-4.298
-4.29524
-4.10628
-4.04539
-4.20445
-4.33041
-4.44103
-4.53538
-4.62787
-4.73657
-4.87177
-5.03472
-2.96983
-2.97761
-2.99939
-3.03481
-3.08873
-3.17725
-3.31475
-3.53039
-3.87914
-4.20202
-3.80512
-3.89012
-4.43973
-4.2677
-3.8567
-4.30877
-4.39917
-4.49742
-4.59611
-4.7026
-4.82565
-4.97064
-5.13864
-3.03873
-3.04979
-3.07185
-3.10922
-3.16591
-3.2534
-3.39116
-3.65226
-4.11269
-4.35847
-4.51381
-4.17423
-4.30385
-4.09136
-4.29118
-4.38373
-4.46209
-4.56123
-4.6712
-4.79403
-4.93322
-5.09225
-5.27189
-3.10182
-3.11631
-3.14139
-3.18094
-3.23856
-3.32231
-3.44906
-3.40677
-3.86265
-4.39202
-4.68253
-4.74255
-4.63757
-4.45655
-4.37007
-4.42523
-4.51742
-4.63049
-4.75889
-4.90267
-5.06362
-5.24399
-5.4442
-3.15932
-3.17534
-3.20338
-3.24536
-3.30405
-3.38408
-3.49666
-2.00372
-2.12078
-4.27485
-4.42835
-4.52192
-4.43908
-4.35267
-4.37412
-4.46218
-4.57755
-4.7123
-4.86432
-5.03453
-5.22434
-5.43552
-5.66953
-3.20839
-3.22513
-3.25504
-3.29913
-3.35914
-3.4381
-3.53935
-3.62568
-1.86508
-3.96956
-4.24442
-4.2997
-4.30852
-4.33475
-4.40568
-4.51796
-4.65578
-4.81442
-4.99398
-5.19633
-5.42326
-5.67832
-5.9662
-3.24614
-3.26323
-3.2943
-3.33965
-3.40073
-3.47943
-3.57748
-3.70219
-3.47264
-3.56623
-4.15114
-4.22247
-4.28316
-4.35694
-4.46012
-4.59453
-4.75509
-4.94002
-5.1514
-5.39251
-5.66731
-5.983
-6.35074
-3.27119
-3.28844
-3.31989
-3.36573
-3.42686
-3.50434
-3.59944
-3.71395
-3.84899
-3.98925
-4.09955
-4.19529
-4.29008
-4.39644
-4.52678
-4.68495
-4.87124
-5.08672
-5.33533
-5.6235
-5.95909
-6.35534
-6.83315
-3.28284
-3.30015
-3.33146
-3.37699
-3.4372
-3.51264
-3.60371
-3.71023
-3.82979
-3.95436
-4.07313
-4.18715
-4.3062
-4.43966
-4.5958
-4.78007
-4.99625
-5.24764
-5.5402
-5.88438
-6.29381
-6.78995
-7.40986
-3.28085
-3.298
-3.32881
-3.37355
-3.43242
-3.50568
-3.5933
-3.69452
-3.80726
-3.92764
-4.0519
-4.18102
-4.32064
-4.47759
-4.6587
-4.87077
-5.1204
-5.41286
-5.7561
-6.16402
-6.65584
-7.2592
-8.02277
-3.26499
-3.28182
-3.31203
-3.35577
-3.41323
-3.48452
-3.56949
-3.66755
-3.77763
-3.89818
-4.02819
-4.16928
-4.32583
-4.50336
-4.70814
-4.94841
-5.23309
-5.56975
-5.96864
-6.4462
-7.02476
-7.73181
-8.601
-3.23546
-3.25188
-3.28139
-3.32411
-3.38019
-3.44972
-3.53265
-3.62882
-3.73804
-3.86005
-3.99518
-4.14572
-4.31595
-4.51098
-4.73721
-5.00404
-5.32262
-5.70375
-6.16046
-6.71276
-7.38537
-8.19797
-9.15569
-3.19281
-3.20879
-3.23752
-3.27914
-3.33378
-3.40155
-3.48262
-3.57725
-3.68588
-3.80911
-3.94807
-4.10545
-4.28591
-4.4948
-4.73882
-5.02838
-5.37702
-5.79909
-6.31286
-6.9444
-7.72376
-8.67574
-9.78835
-3.13737
-3.15282
-3.18064
-3.22092
-3.27382
-3.33956
-3.41852
-3.51131
-3.61886
-3.74228
-3.88322
-4.04481
-4.2314
-4.44978
-4.70647
-5.01289
-5.38432
-5.83974
-6.40452
-7.11264
-8.01065
-9.14915
-10.5767
-3.06897
-3.08378
-3.11044
-3.14908
-3.19992
-3.26332
-3.3398
-3.43025
-3.53586
-3.65808
-3.79879
-3.96119
-4.15026
-4.37237
-4.63514
-4.95007
-5.33416
-5.80959
-6.40979
-7.17896
-8.18501
-9.52419
-11.3304
-2.98784
-3.00192
-3.02729
-3.06414
-3.11274
-3.17354
-3.24715
-3.33454
-3.43705
-3.55631
-3.69422
-3.85388
-4.04031
-4.26008
-4.52097
-4.83409
-5.21682
-5.69492
-6.30461
-7.10044
-8.17112
-9.65865
-11.7876
-2.89533
-2.90866
-2.93269
-2.96764
-3.01381
-3.07163
-3.14174
-3.2251
-3.32307
-3.43733
-3.5697
-3.72293
-3.9017
-4.11257
-4.36299
-4.66308
-5.0292
-5.48655
-6.07213
-6.84335
-7.89835
-9.40787
-11.7107
-2.79306
-2.80558
-2.82815
-2.86097
-2.90431
-2.95859
-3.0244
-3.10262
-3.19453
-3.30173
-3.42588
-3.56924
-3.73579
-3.93153
-4.1633
-4.4395
-4.77386
-5.18792
-5.71376
-6.40171
-7.33881
-8.67632
-10.7712
-2.68189
-2.69348
-2.71437
-2.74473
-2.78482
-2.83498
-2.89571
-2.96776
-3.05223
-3.15055
-3.26418
-3.3948
-3.54536
-3.72085
-3.92706
-4.17033
-4.46059
-4.81354
-5.2518
-5.81031
-6.5456
-7.54843
-9.01753
-2.56214
-2.5727
-2.59173
-2.61938
-2.65584
-2.70139
-2.75643
-2.8215
-2.89747
-2.9855
-3.08679
-3.20251
-3.33446
-3.48613
-3.66196
-3.86619
-4.10457
-4.38637
-4.72356
-5.13296
-5.63848
-6.2685
-7.06408
-2.43428
-2.44376
-2.46082
-2.48557
-2.51814
-2.55875
-2.60764
-2.6652
-2.73197
-2.80877
-2.89652
-2.99594
-3.1078
-3.23393
-3.37705
-3.53956
-3.72361
-3.93245
-4.16956
-4.43707
-4.73506
-5.05567
-5.36525
-2.29908
-2.30744
-2.32246
-2.3442
-2.37274
-2.40819
-2.4507
-2.50044
-2.55768
-2.62283
-2.69644
-2.77891
-2.87028
-2.97083
-3.08149
-3.20291
-3.3348
-3.47601
-3.62406
-3.77312
-3.911
-4.01598
-4.04116
-2.15743
-2.16464
-2.17759
-2.19628
-2.22074
-2.25099
-2.28704
-2.32891
-2.37661
-2.43017
-2.48972
-2.55532
-2.62661
-2.70285
-2.78334
-2.86716
-2.95239
-3.03558
-3.11111
-3.16996
-3.19728
-3.17072
-3.05294
-2.01026
-2.01633
-2.02722
-2.0429
-2.06333
-2.08843
-2.11813
-2.1523
-2.19073
-2.23317
-2.27931
-2.32886
-2.38121
-2.43514
-2.48894
-2.54046
-2.58671
-2.62329
-2.64381
-2.63914
-2.59629
-2.49818
-2.32044
-1.85845
-1.86342
-1.87232
-1.88507
-1.9016
-1.92175
-1.94535
-1.97216
-2.00183
-2.03389
-2.06773
-2.10268
-2.13786
-2.17196
-2.20291
-2.22799
-2.24364
-2.24527
-2.2269
-2.18085
-2.09741
-1.96543
-1.77114
-1.70289
-1.7068
-1.71379
-1.72376
-1.73658
-1.75206
-1.76995
-1.7899
-1.81147
-1.83409
-1.85696
-1.87913
-1.89949
-1.91661
-1.92858
-1.9327
-1.92549
-1.90263
-1.85903
-1.78879
-1.68534
-1.54225
-1.35269
-1.54441
-1.54733
-1.55253
-1.5599
-1.56928
-1.58044
-1.59306
-1.60675
-1.62103
-1.63523
-1.64854
-1.65988
-1.66797
-1.67135
-1.66822
-1.65631
-1.63268
-1.59374
-1.53546
-1.45359
-1.34393
-1.20329
-1.02899
-1.38378
-1.38577
-1.38932
-1.39431
-1.40055
-1.40778
-1.41565
-1.42375
-1.43157
-1.43846
-1.44359
-1.44595
-1.44426
-1.43705
-1.42268
-1.39927
-1.36459
-1.31601
-1.25067
-1.16573
-1.05876
-0.928477
-0.774627
-1.22156
-1.22272
-1.22481
-1.22766
-1.23107
-1.23477
-1.23843
-1.24163
-1.24388
-1.24455
-1.24288
-1.23796
-1.22866
-1.21369
-1.19157
-1.16077
-1.11965
-1.06649
-0.99952
-0.91719
-0.818348
-0.702855
-0.571725
-1.05859
-1.0591
-1.0599
-1.06085
-1.06175
-1.06234
-1.06231
-1.06126
-1.05876
-1.05423
-1.04703
-1.03636
-1.02131
-1.00084
-0.973794
-0.938985
-0.895251
-0.841549
-0.777017
-0.701108
-0.613689
-0.515291
-0.407548
-0.894672
-0.894824
-0.894541
-0.893849
-0.892563
-0.890452
-0.887243
-0.882609
-0.876157
-0.867426
-0.855871
-0.840865
-0.821715
-0.797673
-0.767935
-0.731715
-0.688303
-0.637189
-0.578156
-0.511366
-0.43745
-0.357408
-0.273102
-0.731349
-0.730985
-0.729772
-0.727648
-0.724418
-0.719915
-0.71393
-0.706211
-0.696445
-0.684276
-0.669297
-0.651061
-0.629102
-0.602952
-0.572176
-0.536398
-0.495376
-0.449081
-0.397798
-0.342176
-0.28332
-0.222599
-0.161856
-0.572867
-0.572359
-0.570497
-0.567115
-0.562156
-0.555552
-0.547168
-0.536819
-0.524284
-0.509313
-0.491642
-0.470998
-0.447135
-0.419852
-0.389038
-0.354707
-0.317057
-0.276522
-0.233842
-0.190099
-0.146777
-0.105653
-0.068658
346.715
30.6224
11.1017
9.52956
802.473
617.853
538.071
8.99242
988.072
908.395
840.471
804.668
1046.7
1011.38
980.57
953.336
1070.71
1064.45
1056.61
1048.22
66.9817
296.93
641.402
1137.97
-4.96627
-5.03904
-5.08915
-4.96297
-5.00587
-5.10211
-5.20113
-5.30325
-5.06461
-5.15558
-5.24843
-5.34343
-5.14497
-5.23364
-5.32403
-5.41651
-5.25053
-5.33997
-5.43029
-5.52184
-5.39064
-5.48569
-5.58043
-5.67358
-5.57667
-5.68346
-5.78836
-5.88835
-5.82562
-5.95129
-6.07402
-6.1926
-6.161
-6.31752
-6.47531
-6.63339
-6.60749
-6.81991
-7.04215
-7.27154
-7.18373
-7.4869
-7.82161
-8.18863
-7.89001
-8.3333
-8.8689
-9.5362
-8.6277
-9.22708
-10.0338
-11.1236
-9.24879
-9.83803
-10.5071
-11.0493
-9.8012
-10.3393
-10.8634
-11.2334
-10.5047
-11.042
-11.3676
-11.2519
-11.6226
-12.5574
-13.3381
-13.4016
-12.8408
-14.2723
-15.2753
-16.0063
-13.6752
-15.5446
-16.9643
-16.9931
-13.8724
-16.184
-18.6102
-19.1362
-12.7834
-15.0992
-18.275
-22.6909
-10.2776
-11.5532
-13.1186
-15.5535
-7.61224
-8.05824
-8.46007
-8.89082
-5.49764
-5.54739
-5.50693
-5.39253
-3.97803
-3.87576
-3.70499
-3.47407
-2.91346
-2.76528
-2.57382
-2.34562
-2.16156
-2.01046
-1.83261
-1.63352
-1.61781
-1.4803
-1.32571
-1.15768
-1.21348
-1.09336
-0.962634
-0.823693
-0.906586
-0.803778
-0.694717
-0.581014
-0.670165
-0.583984
-0.49418
-0.401873
-0.485242
-0.41484
-0.34236
-0.268613
-0.338473
-0.283006
-0.226456
-0.169421
-0.220812
-0.179563
-0.138033
-0.0964895
-0.126008
-0.0985043
-0.0714599
-0.0448104
-0.0493737
-0.0357878
-0.023401
-0.0116701
9.14972
9.1037
9.02323
8.97186
8.94897
8.94399
8.94633
8.95008
8.95283
8.95381
8.95292
8.95037
8.94658
8.94206
8.93733
8.93298
8.92944
8.92704
8.92599
9.1849
9.27412
8.99747
8.9274
8.91264
8.92187
8.935
8.94531
8.95167
8.95437
8.95385
8.95062
8.94542
8.93907
8.93241
8.92623
8.92121
8.91778
8.91625
512.086
9.51863
8.85848
8.83103
8.85643
8.89598
8.92486
8.94236
8.95224
8.95644
8.95584
8.95129
8.94384
8.93478
8.92536
8.9167
8.90965
8.90483
8.90267
898.314
771.005
8.65625
8.65511
8.78648
8.87768
8.92155
8.94293
8.95501
8.96029
8.9591
8.95234
8.94157
8.92864
8.91542
8.9034
8.89368
8.88705
8.8841
1034.58
1016.07
982.583
14.434
8.72986
8.89264
8.93075
8.94589
8.95908
8.96577
8.96359
8.95349
8.93796
8.91975
8.90145
8.88502
8.87185
8.86299
8.85908
1137.99
1133.96
1132.82
1128.35
22.0841
9.01894
8.93712
8.94149
8.96162
8.97243
8.96912
8.95415
8.93193
8.90665
8.88178
8.85979
8.84236
8.83077
8.82571
119.325
1200.63
1251.08
1259.35
1206.17
10.6291
8.84649
8.90912
8.96052
8.9804
8.97532
8.95314
8.92168
8.88714
8.85406
8.82538
8.80293
8.78812
8.78171
-5.48009
-5.27825
413.902
1371.42
1378.26
787.759
9.3081
8.86381
8.95798
8.99088
8.98122
8.94808
8.90425
8.85813
8.81521
8.77883
8.75076
8.73237
8.72443
-5.53197
-5.74068
-5.85698
129.251
1480.78
1485.56
77.8631
8.87836
8.95533
9.0047
8.98399
8.93459
8.87496
8.81527
8.76135
8.71658
8.68257
8.66046
8.65094
-5.6012
-5.79911
-5.98786
-6.15387
498.318
1579.8
892.217
9.74551
8.97089
9.01961
8.97632
8.9055
8.82733
8.75293
8.68775
8.63463
8.59483
8.56917
8.55816
-5.70413
-5.89456
-6.05765
-6.20009
-6.17376
1569.77
1558.58
12.9372
9.01242
9.01295
8.94422
8.85054
8.75354
8.66478
8.58923
8.52878
8.48399
8.45535
8.44311
-5.85423
-6.04016
-6.17551
-6.30892
-6.65664
928.572
1686
24.194
9.04857
8.95404
8.87091
8.75796
8.64519
8.54463
8.46087
8.39507
8.34687
8.31623
8.3032
-6.08031
-6.27188
-6.39353
-6.47908
-6.71825
294.785
1770.7
87.9066
9.06824
8.8476
8.74363
8.61696
8.49455
8.3872
8.29889
8.23054
8.18108
8.14981
8.13655
-6.42308
-6.64202
-6.75937
-6.78439
-6.72719
124.372
1815.11
75.7938
8.82897
8.66403
8.54861
8.41808
8.2955
8.18882
8.10115
8.03373
7.98543
7.95512
7.9423
-6.9394
-7.21558
-7.31875
-7.27736
-7.07429
305.879
1831.62
22.1314
8.51235
8.39095
8.27649
8.15643
8.04537
7.9484
7.86757
7.80497
7.76031
7.73249
7.7208
-7.71949
-8.0985
-8.09717
-7.90556
-7.57818
1017.09
1524.55
12.0115
8.08024
7.99926
7.92376
7.83486
7.74727
7.66823
7.60034
7.54642
7.50765
7.48365
7.47367
-8.96981
-9.52411
-9.25293
-8.74289
-8.01284
1498.23
578.174
7.87302
7.43838
7.50916
7.50719
7.46519
7.40978
7.35449
7.3039
7.2618
7.23075
7.21155
7.20369
-11.1968
-11.6448
-10.7847
-9.76964
864.256
1456.64
11.9408
6.60917
6.84216
7.00085
7.05991
7.06565
7.04514
7.0156
6.98438
6.95601
6.93389
6.92006
6.91455
-5.83271
-13.2951
-12.0479
139.011
1406.02
172.047
6.16437
5.99729
6.3076
6.50329
6.60782
6.65343
6.66542
6.6607
6.64874
6.63458
6.62184
6.61362
6.61049
-1.94378
-12.418
94.6466
1289.95
567.162
6.34214
5.10571
5.49072
5.81186
6.029
6.16454
6.24157
6.28089
6.29812
6.30384
6.30308
6.29948
6.29674
6.29591
-11.3255
-12.5304
1229.85
891.588
6.82396
4.13326
4.59026
5.02438
5.34823
5.58203
5.73824
5.83854
5.89941
5.93489
5.95568
5.96662
5.9714
5.97377
5.97498
-9.81126
1.35893
10.7267
6.03994
2.97101
3.57564
4.15176
4.59052
4.92267
5.16426
5.33387
5.45026
5.52676
5.57639
5.6091
5.62959
5.64166
5.64854
5.6515
644.208
-3.50292
-2.46184
0.594457
2.26008
3.15953
3.76578
4.20781
4.53713
4.77906
4.95507
5.0801
5.16656
5.22624
5.26762
5.29545
5.31352
5.32415
5.32857
981.143
991.579
-0.240999
0.879942
2.14231
2.92456
3.47521
3.88642
4.19578
4.42881
4.6023
4.72936
4.82088
4.88677
4.9338
4.9668
4.98943
5.00308
5.00886
1292.63
1775.11
407.223
1.5516
2.34098
2.85635
3.27982
3.6231
3.89604
4.1098
4.27397
4.39781
4.49041
4.55914
4.60905
4.64533
4.6711
4.68713
4.6946
241.981
1847.25
866.925
2.64216
2.64252
2.85317
3.1313
3.39674
3.62674
3.81587
3.96633
4.08372
4.1746
4.24309
4.294
4.33208
4.35957
4.37736
4.38654
20.1983
605.651
2.0427
2.57687
2.6181
2.76478
2.9683
3.17964
3.37288
3.53862
3.67481
3.78479
3.87142
3.93796
3.98893
4.02733
4.05536
4.07436
4.0841
-18.7964
-10.5561
-0.728449
1.71072
2.28728
2.55014
2.76046
2.95106
3.12266
3.27108
3.39564
3.49768
3.57907
3.64348
3.69341
3.73086
3.75874
3.77831
3.78822
-8.63245
-4.3419
-0.587368
1.17351
1.903
2.27238
2.51688
2.70953
2.87211
3.01
3.12525
3.21976
3.29674
3.35861
3.40638
3.44241
3.46985
3.48913
3.49854
-4.5439
-2.4051
-0.374526
0.889008
1.58793
1.99592
2.26407
2.46312
2.62269
2.7536
2.86134
2.95021
3.02329
3.08183
3.12704
3.16183
3.18847
3.20643
3.21468
-2.72251
-1.43327
-0.181218
0.742929
1.3509
1.74749
2.01948
2.22048
2.37672
2.50193
2.60424
2.68846
2.75729
2.81218
2.85511
2.88874
2.91389
2.92973
2.93652
-1.74749
-0.878338
-0.027306
0.663683
1.17103
1.53169
1.79246
1.98706
2.13751
2.25734
2.35446
2.43364
2.49794
2.54944
2.59029
2.62219
2.64506
2.65871
2.66423
-1.16254
-0.533131
0.0834361
0.612506
1.0296
1.34609
1.58434
1.76619
1.90807
2.02089
2.11168
2.18529
2.2452
2.29342
2.33166
2.36093
2.3813
2.39324
2.39789
-0.782687
-0.30633
0.159197
0.57163
0.912365
1.18258
1.39354
1.55852
1.68868
1.79241
1.87569
1.94358
1.99895
2.04322
2.07796
2.10422
2.12241
2.13317
2.13719
-0.523142
-0.153328
0.206605
0.531435
0.808082
1.03485
1.2171
1.36246
1.47856
1.57141
1.64667
1.70838
1.7582
1.79762
1.82852
1.85196
1.86829
1.87802
1.88149
-0.340205
-0.0499406
0.231289
0.4879
0.710867
0.89796
1.05143
1.17595
1.27634
1.35764
1.42429
1.47851
1.52175
1.5561
1.58337
1.60414
1.61856
1.62715
1.63006
-0.209682
0.018125
0.237703
0.439127
0.616338
0.767311
0.893109
0.996458
1.08092
1.15026
1.20695
1.25258
1.28914
1.31874
1.34242
1.36026
1.37252
1.37986
1.3822
-0.117318
0.0592624
0.228299
0.383553
0.521104
0.639498
0.739264
0.822216
0.890827
0.947235
0.993084
1.03016
1.06048
1.08536
1.10502
1.11955
1.12953
1.13558
1.13736
-0.053922
0.0787979
0.204798
0.320342
0.423047
0.512024
0.587618
0.650994
0.703583
0.746786
0.782108
0.811214
0.835385
0.855014
0.870163
0.881274
0.889024
0.893789
0.895036
-0.0135276
0.0802111
0.168328
0.248807
0.320364
0.382551
0.435613
0.480246
0.517386
0.548125
0.573654
0.59497
0.612526
0.626427
0.637012
0.644879
0.650496
0.653975
0.654696
0.00748591
0.0654117
0.119222
0.168058
0.211367
0.249009
0.281193
0.308384
0.331203
0.35034
0.366399
0.379703
0.390372
0.39866
0.405026
0.409885
0.413424
0.415603
0.415831
0.0107746
0.0349999
0.0571836
0.0771347
0.0947269
0.109983
0.123057
0.134179
0.143618
0.15162
0.15831
0.163714
0.167929
0.171194
0.173768
0.175782
0.177266
0.178148
0.178005
1604.36
1606.56
1603.92
1596.16
1587.16
1577.66
1567.45
1556.5
1545.17
1534.18
1524.51
1517.5
1514.89
1518.86
1532.08
1557.54
1598.78
1660.12
1742.56
1822.44
1854.25
1786.38
1758.24
1603.53
1605.2
1602.51
1594.86
1585.97
1576.47
1566.18
1555.09
1543.6
1532.4
1522.49
1515.18
1512.21
1515.73
1528.34
1552.98
1592.57
1648.96
1718.57
1786.84
1835.82
1746.94
1668.35
1601.52
1602.79
1600.02
1592.55
1583.84
1574.34
1563.88
1552.56
1540.77
1529.21
1518.85
1511.02
1507.39
1510.11
1521.68
1544.82
1581.93
1633.75
1696.03
1755.51
1793.86
1770.19
1764.08
1598.59
1599.34
1596.49
1589.27
1580.78
1571.25
1560.56
1548.89
1536.67
1524.59
1513.59
1504.97
1500.4
1501.95
1512.06
1533.24
1567.46
1614.84
1671.13
1725.84
1765.81
1791.79
1890.98
1594.74
1594.93
1592
1585.08
1576.82
1567.21
1556.22
1544.1
1531.31
1518.53
1506.68
1497.02
1491.19
1491.21
1499.44
1518.23
1549.28
1592.4
1643.75
1695.25
1739.59
1787.94
1911.17
1590.06
1589.66
1586.64
1580.05
1571.98
1562.23
1550.84
1538.17
1524.68
1511.03
1498.11
1487.14
1479.71
1477.82
1483.73
1499.73
1527.35
1566.32
1613.31
1661.98
1707.98
1761.93
1862.11
1584.6
1583.62
1580.52
1574.24
1566.28
1556.31
1544.45
1531.11
1516.78
1502.07
1487.85
1475.27
1465.9
1461.67
1464.83
1477.6
1501.49
1536.32
1579.11
1624.44
1667.84
1712.6
1763.09
1578.46
1576.86
1573.67
1567.69
1559.77
1549.48
1537.06
1522.95
1507.64
1491.69
1475.92
1461.44
1449.75
1442.73
1442.6
1451.63
1471.39
1501.95
1540.49
1581.6
1618.42
1641.28
1610.33
9.04589
9.04087
9.02857
9.01208
8.99557
8.9818
8.97165
8.96474
8.96011
8.95685
8.95428
8.95198
8.94974
8.94751
8.94536
8.94339
8.94171
8.94047
8.93978
9.0466
9.04209
9.02924
9.0119
8.9948
8.98084
8.97081
8.96412
8.95973
8.95666
8.9542
8.95194
8.9497
8.94744
8.94523
8.94319
8.94147
8.94019
8.93947
9.04843
9.04438
9.03051
9.01154
8.99333
8.97907
8.96928
8.96304
8.95908
8.95634
8.95406
8.95188
8.94963
8.94728
8.94493
8.94276
8.94092
8.93956
8.93879
9.05131
9.04798
9.03246
9.01092
8.99103
8.97638
8.96702
8.9615
8.95819
8.9559
8.95391
8.95181
8.9495
8.94701
8.94447
8.94208
8.94007
8.93858
8.93773
9.0553
9.0528
9.03517
9.00983
8.98766
8.97263
8.96399
8.95949
8.95707
8.9554
8.95372
8.95173
8.94932
8.94662
8.94382
8.94117
8.9389
8.93722
8.93626
9.06007
9.05933
9.03892
9.00805
8.98287
8.96761
8.96012
8.95703
8.95577
8.95486
8.95358
8.95167
8.94912
8.94613
8.94299
8.93999
8.93738
8.93545
8.93435
9.06541
9.06786
9.04462
9.00501
8.97613
8.96107
8.95536
8.95415
8.95433
8.95433
8.95349
8.95165
8.94892
8.94558
8.94198
8.9385
8.93548
8.93323
8.93195
9.07193
9.07482
9.05325
8.9998
8.96672
8.95272
8.94969
8.95092
8.95283
8.95386
8.95351
8.95172
8.94874
8.94494
8.94077
8.9367
8.93317
8.93052
8.929
1569.78
1562.96
1559.59
1553.89
1545.72
1534.61
1520.93
1505.12
1487.59
1468.82
1449.52
1430.65
1413.56
1400.05
1392.35
1392.93
1403.91
1425.79
1456.03
1487.87
1507.41
1480.13
1293.2
1553.48
1544.97
1541.22
1535.35
1526.36
1513.89
1498.34
1480.03
1459.2
1436.2
1411.52
1385.88
1360.31
1336.37
1316.31
1303.15
1300.64
1311.21
1331.56
1355.05
1366.31
1335.48
1219.35
1535.54
1525.41
1521.06
1514.49
1504.2
1489.98
1472.12
1450.72
1425.81
1397.46
1365.88
1331.28
1293.93
1255.14
1217.62
1185.25
1163.79
1153.21
1164.27
1189.14
1213.48
1208.75
1151.75
1516.41
1504.69
1499.55
1491.84
1479.87
1463.55
1442.98
1417.95
1388.11
1353.13
1312.99
1267.93
1218.58
1164.55
1100.52
935.483
667.751
503.29
516.31
685.766
976.317
1081.09
1096.07
1496.45
1483.16
1477.11
1468.03
1454.14
1435.36
1411.8
1382.76
1347.67
1306.15
1259.13
1205.68
1057.39
425.638
-1.66133
-1.49005
-1.60558
-2.97888
-3.71223
-4.33929
-4.09369
0.631738
194.43
1476.14
1460.81
1454.01
1443.69
1427.83
1405.97
1380.8
1348.78
1312.65
1235.06
788.751
64.9424
-3.06629
-2.83188
-2.49037
0.790128
-0.277265
-4.19701
-4.64734
-4.59773
-4.54037
-4.55192
-4.67634
1455.19
1442.19
1432.98
1421.72
1407.4
1354.01
1163.84
704.332
170.892
-3.47401
-3.45871
-3.67117
-3.50275
-3.3337
0.214992
-0.0767076
-4.10739
-4.39541
-4.58058
-4.63563
-4.62726
-4.66386
-4.78694
1443.35
334.742
320.958
160.59
27.4728
-2.90797
-3.21713
-3.11424
-3.32714
-3.57488
-3.68526
-3.73631
-3.687
-3.69783
-0.250483
-3.951
-4.1716
-4.34105
-4.46413
-4.53667
-4.60393
-4.69707
-4.83462
71.3811
-2.87094
-2.889
-2.93674
-2.9443
-3.00296
-3.14098
-3.26864
-3.4488
-3.68839
-3.89299
-4.03465
-4.07293
-4.04621
-4.04962
-4.08385
-4.22986
-4.36367
-4.46935
-4.55583
-4.64617
-4.76038
-4.90695
-2.91192
-2.93497
-2.95099
-2.98215
-3.02053
-3.08819
-3.20087
-3.36191
-3.6021
-3.91905
-4.19826
-4.15185
-4.14992
-4.41904
-3.89484
-4.16174
-4.31089
-4.41733
-4.51597
-4.61177
-4.71815
-4.84552
-4.99822
-2.98054
-3.00817
-3.02276
-3.05174
-3.09666
-3.16681
-3.27771
-3.4562
-3.79237
-4.17079
-4.27064
-3.89462
-4.1358
-4.71946
-3.8819
-4.32135
-4.38786
-4.47943
-4.57955
-4.68752
-4.80933
-4.94985
-5.11215
-3.03878
-3.07623
-3.09385
-3.12461
-3.17157
-3.2414
-3.34735
-3.53021
-3.60739
-4.25048
-4.57374
-4.44153
-4.09885
-4.28559
-4.39477
-4.38091
-4.44495
-4.54072
-4.65235
-4.77766
-4.91826
-5.0769
-5.25583
-3.09614
-3.13759
-3.15853
-3.192
-3.24085
-3.3097
-3.4061
-3.55666
-2.1115
-4.24282
-4.44867
-4.66262
-4.69512
-4.47423
-4.35949
-4.40078
-4.49097
-4.60548
-4.73707
-4.88497
-5.05007
-5.23435
-5.43906
-3.15144
-3.19128
-3.21442
-3.25034
-3.30123
-3.36992
-3.46112
-3.58681
-1.82571
-3.04089
-4.27329
-4.35967
-4.37506
-4.33666
-4.35259
-4.43286
-4.54789
-4.68494
-4.84072
-5.01594
-5.2121
-5.43098
-5.67537
-3.2002
-3.23505
-3.25935
-3.29688
-3.34936
-3.41872
-3.50769
-3.62039
-3.52161
-1.91341
-4.15814
-4.22582
-4.27095
-4.31254
-4.38174
-4.48863
-4.62558
-4.78585
-4.96865
-5.17618
-5.41089
-5.67621
-5.97916
-3.23877
-3.26683
-3.29143
-3.32981
-3.38313
-3.45267
-3.54002
-3.64736
-3.77976
-3.93842
-4.07117
-4.16387
-4.24491
-4.32736
-4.43043
-4.56203
-4.72176
-4.90785
-5.12169
-5.36749
-5.6501
-5.97689
-6.36107
-3.26509
-3.28548
-3.30998
-3.3485
-3.40169
-3.47021
-3.5549
-3.65654
-3.77495
-3.90587
-4.02959
-4.13785
-4.24336
-4.35562
-4.48663
-4.64341
-4.82904
-5.04536
-5.29574
-5.58691
-5.92845
-6.33336
-6.82445
-3.27791
-3.29047
-3.31465
-3.35273
-3.40504
-3.47195
-3.55375
-3.65031
-3.76026
-3.87974
-4.00171
-4.12277
-4.2478
-4.38448
-4.54082
-4.7235
-4.93821
-5.18958
-5.48266
-5.82697
-6.2372
-6.73294
-7.34843
-3.27665
-3.28147
-3.30522
-3.34258
-3.39375
-3.45895
-3.53822
-3.63117
-3.73668
-3.85264
-3.97641
-4.10728
-4.24852
-4.4058
-4.58533
-4.79402
-5.03978
-5.32973
-5.6707
-6.07475
-6.5601
-7.15122
-7.88204
-3.26127
-3.25858
-3.28181
-3.31834
-3.36832
-3.4319
-3.50907
-3.59959
-3.70296
-3.81845
-3.94534
-4.08435
-4.23868
-4.41324
-4.61361
-4.84722
-5.12392
-5.45333
-5.84483
-6.3132
-6.87944
-7.56789
-8.40057
-3.23211
-3.22225
-3.24489
-3.28053
-3.32929
-3.39131
-3.46665
-3.55535
-3.65751
-3.7733
-3.90314
-4.0484
-4.21285
-4.40129
-4.61936
-4.87513
-5.18012
-5.54678
-5.98834
-6.52375
-7.17837
-7.97723
-8.9287
-3.18962
-3.173
-3.19499
-3.22962
-3.27701
-3.33729
-3.41068
-3.49752
-3.59839
-3.71409
-3.84568
-3.99524
-4.16659
-4.36494
-4.5965
-4.86988
-5.19791
-5.59624
-6.08329
-6.68477
-7.43449
-8.37005
-9.5187
-3.13427
-3.11087
-3.13206
-3.16542
-3.21109
-3.26929
-3.3404
-3.42502
-3.52406
-3.63875
-3.77053
-3.92179
-4.09662
-4.30044
-4.53999
-4.82459
-5.16777
-5.58803
-6.11017
-6.76773
-7.60791
-8.69622
-10.1128
-3.06598
-3.03573
-3.05594
-3.0878
-3.13151
-3.18739
-3.25591
-3.33785
-3.43429
-3.54668
-3.67671
-3.82677
-4.00097
-4.20516
-4.44636
-4.73374
-5.08149
-5.51015
-6.04931
-6.73984
-7.64487
-8.86212
-10.5339
-2.98503
-2.9484
-2.96757
-2.99785
-3.03948
-3.09281
-3.15838
-3.23696
-3.32974
-3.43825
-3.56423
-3.70995
-3.87926
-4.07804
-4.31341
-4.59411
-4.93367
-5.35338
-5.88425
-6.57168
-7.48915
-8.7621
-10.5887
-2.89271
-2.85054
-2.86863
-2.89723
-2.93655
-2.98695
-3.04895
-3.12331
-3.21114
-3.31398
-3.43351
-3.57174
-3.732
-3.91974
-4.14183
-4.40612
-4.72444
-5.11603
-5.60982
-6.24932
-7.10621
-8.30916
-10.085
-2.79059
-2.74341
-2.7603
-2.78696
-2.82361
-2.87059
-2.92833
-2.99751
-3.07913
-3.17459
-3.28544
-3.41336
-3.56092
-3.7327
-3.93484
-4.17394
-4.4592
-4.80582
-5.23661
-5.78588
-6.50956
-7.50366
-8.94099
-2.67958
-2.62751
-2.64302
-2.6675
-2.70114
-2.7442
-2.79707
-2.86026
-2.93461
-3.02126
-3.12158
-3.2369
-3.36894
-3.52102
-3.69808
-3.90522
-4.14859
-4.4383
-4.78902
-5.22157
-5.76789
-6.47619
-7.42065
-2.56003
-2.5032
-2.51723
-2.53934
-2.5697
-2.60849
-2.656
-2.71262
-2.77891
-2.85574
-2.94418
-3.04523
-3.15986
-3.28995
-3.43881
-3.60996
-3.80668
-4.03395
-4.29862
-4.60861
-4.97396
-5.40385
-5.90154
-2.43239
-2.37112
-2.3836
-2.40323
-2.43013
-2.46441
-2.50627
-2.55592
-2.61371
-2.68013
-2.75589
-2.84169
-2.93792
-3.04516
-3.16491
-3.29899
-3.44846
-3.61409
-3.79663
-3.99491
-4.20445
-4.41389
-4.59626
-2.29741
-2.23213
-2.243
-2.2601
-2.28345
-2.31312
-2.34917
-2.3917
-2.4408
-2.49665
-2.55953
-2.62978
-2.70743
-2.79215
-2.88382
-2.98251
-3.08762
-3.19728
-3.30821
-3.41458
-3.50547
-3.5625
-3.5553
-2.15599
-2.08714
-2.09642
-2.11097
-2.13077
-2.15582
-2.18608
-2.22151
-2.26203
-2.30751
-2.35784
-2.41295
-2.47259
-2.53596
-2.60186
-2.66891
-2.73513
-2.79733
-2.8504
-2.88677
-2.8949
-2.85761
-2.75061
-2.00904
-1.93709
-1.9448
-1.95685
-1.97318
-1.99372
-2.01835
-2.0469
-2.07915
-2.11476
-2.15331
-2.19432
-2.23721
-2.281
-2.32407
-2.36416
-2.39839
-2.42286
-2.43223
-2.41914
-2.37371
-2.2832
-2.13173
-1.85746
-1.78287
-1.78905
-1.7987
-1.81171
-1.82795
-1.84721
-1.86925
-1.89373
-1.92018
-1.94798
-1.97634
-2.00437
-2.03091
-2.05432
-2.07218
-2.08132
-2.07771
-2.05632
-2.01101
-1.93432
-1.81776
-1.65237
-1.70211
-1.62533
-1.63008
-1.63746
-1.64734
-1.65954
-1.67381
-1.68983
-1.70718
-1.72531
-1.74352
-1.76088
-1.77625
-1.78833
-1.79548
-1.79556
-1.7857
-1.76226
-1.72093
-1.65687
-1.56488
-1.43987
-1.27742
-1.54383
-1.46529
-1.4687
-1.47398
-1.48097
-1.48946
-1.49917
-1.50972
-1.52066
-1.53143
-1.54128
-1.54926
-1.5542
-1.55471
-1.54918
-1.53576
-1.51213
-1.47543
-1.42234
-1.34934
-1.25297
-1.13045
-0.980256
-1.38339
-1.30344
-1.30564
-1.30901
-1.31338
-1.31852
-1.32412
-1.32981
-1.33512
-1.3395
-1.34221
-1.34239
-1.33894
-1.33054
-1.31572
-1.29283
-1.26008
-1.21543
-1.15662
-1.08141
-0.987768
-0.87438
-0.741341
-1.22138
-1.14042
-1.14153
-1.1432
-1.14523
-1.14738
-1.14935
-1.15077
-1.15122
-1.15017
-1.14695
-1.14078
-1.13074
-1.11572
-1.09446
-1.06561
-1.02778
-0.979588
-0.919705
-0.84696
-0.760523
-0.660102
-0.54661
-1.05864
-0.977038
-0.977264
-0.977484
-0.977453
-0.976968
-0.975764
-0.973511
-0.969823
-0.964231
-0.956177
-0.945002
-0.92995
-0.910174
-0.884728
-0.852617
-0.812866
-0.764615
-0.707216
-0.640321
-0.563996
-0.478725
-0.385786
-0.895153
-0.812286
-0.811909
-0.81089
-0.80906
-0.806278
-0.802322
-0.796929
-0.78978
-0.780489
-0.768615
-0.753651
-0.735034
-0.712172
-0.684444
-0.651249
-0.612045
-0.566443
-0.514316
-0.455885
-0.391801
-0.323122
-0.251308
-0.731091
-0.651943
-0.651254
-0.649157
-0.645726
-0.640886
-0.634495
-0.626358
-0.616227
-0.603817
-0.588808
-0.570846
-0.549571
-0.524634
-0.495731
-0.462633
-0.425235
-0.383624
-0.338159
-0.28954
-0.238846
-0.187571
-0.137369
-0.571182
-0.485134
-0.484213
-0.481086
-0.476179
-0.469514
-0.461022
-0.450581
-0.438033
-0.423204
-0.405908
-0.385967
-0.363228
-0.337597
-0.309066
-0.277761
-0.243983
-0.208243
-0.171329
-0.134322
-0.0986223
-0.0660208
-0.0384457
732.982
487.748
9.75164
12.9461
1009.58
858.923
754.247
649.569
1055.07
996.635
948.402
912.657
1070.58
1050.15
1030.35
1010.86
728.29
1086.77
1091.13
1093.01
-4.76666
-4.69147
-2.68241
45.0818
-4.94081
-5.04003
-5.13929
-5.22376
-4.98687
-5.07797
-5.17228
-5.2692
-5.05826
-5.14667
-5.23715
-5.32968
-5.15032
-5.23822
-5.32726
-5.41821
-5.27032
-5.36133
-5.45313
-5.54521
-5.42747
-5.52726
-5.62703
-5.72445
-5.63494
-5.74946
-5.86378
-5.97381
-5.91193
-6.05027
-6.18882
-6.32519
-6.27991
-6.45885
-6.64154
-6.82894
-6.75815
-7.0037
-7.26532
-7.54459
-7.35356
-7.69898
-8.08823
-8.54128
-8.0398
-8.52273
-9.12558
-9.92582
-8.68868
-9.23597
-9.91652
-10.7798
-9.26599
-9.80903
-10.4178
-11.0054
-9.85252
-10.3588
-10.8222
-11.0597
-10.6816
-11.3653
-12.0159
-12.2602
-11.7238
-12.8338
-14.0355
-13.851
-12.6029
-14.1235
-15.7882
-16.0071
-13.0151
-14.863
-17.053
-17.5313
-12.6131
-14.6591
-17.5456
-20.391
-10.9243
-12.4722
-14.6745
-17.8419
-8.54231
-9.28014
-10.1168
-11.0388
-6.35954
-6.58358
-6.7545
-6.8344
-4.67278
-4.65636
-4.57269
-4.40464
-3.44827
-3.33789
-3.17859
-2.96396
-2.57064
-2.43352
-2.26375
-2.06177
-1.93355
-1.79867
-1.64275
-1.46657
-1.46074
-1.33856
-1.20283
-1.05453
-1.1023
-0.99513
-0.879557
-0.756504
-0.826137
-0.734317
-0.637484
-0.536404
-0.610085
-0.533505
-0.45386
-0.371886
-0.43844
-0.37654
-0.312873
-0.24799
-0.300283
-0.252403
-0.203765
-0.15464
-0.18808
-0.153678
-0.119384
-0.0851972
-0.0963668
-0.0752881
-0.055105
-0.0355808
-0.0203768
-0.0132134
-0.00807959
-0.00394342
8.88485
9.02146
9.06611
8.97884
8.93954
8.93186
8.937
8.9444
8.95016
8.95335
8.9539
8.9521
8.94841
8.94345
8.93789
8.93241
8.92765
8.92407
8.92197
343.056
9.08934
9.10412
8.91724
8.88202
8.89731
8.91999
8.93729
8.94824
8.95397
8.9554
8.95316
8.94804
8.94101
8.93314
8.9254
8.91868
8.91361
8.91062
864.047
648.801
8.9461
8.72361
8.78458
8.85642
8.90613
8.93351
8.94864
8.9565
8.95838
8.95506
8.94763
8.93754
8.92636
8.91551
8.90615
8.8991
8.89494
989.264
959.79
881.853
8.51503
8.65515
8.82835
8.90755
8.93577
8.95148
8.96087
8.96294
8.95779
8.94691
8.93246
8.91673
8.90171
8.88886
8.87926
8.87365
1090.73
1081.62
1073.3
1058.92
24.6703
8.87572
8.93894
8.93987
8.95347
8.96617
8.96897
8.96109
8.94521
8.92475
8.90298
8.88253
8.86523
8.85243
8.84507
399.032
1196.69
1191.07
1196.44
1197.27
13.4771
8.97303
8.91316
8.94716
8.97129
8.97632
8.96447
8.94141
8.91279
8.88317
8.85594
8.83322
8.81658
8.80711
-5.31105
-4.34318
857.424
1310.71
1319.89
1088.87
9.65208
8.83545
8.92881
8.97726
8.9851
8.9667
8.93347
8.89408
8.85463
8.81923
8.79024
8.7692
8.7573
-5.39884
-5.62014
-5.63456
214.566
1430.07
1435.23
383.748
9.01707
8.89627
8.98693
8.99498
8.96519
8.91774
8.86486
8.81378
8.76906
8.73312
8.70734
8.69282
-5.45506
-5.66319
-5.86363
-5.98918
185.005
1532.36
1469.57
11.9303
8.90488
9.0033
9.00289
8.95449
8.88854
8.81977
8.75596
8.7014
8.65828
8.62772
8.61059
-5.542
-5.74872
-5.93241
-6.10604
-6.26313
1062.26
1624.29
191.16
9.18034
9.0161
8.99829
8.92492
8.83785
8.75219
8.67561
8.61167
8.56187
8.52694
8.50749
-5.66718
-5.86995
-6.03761
-6.17586
-6.31036
35.8467
1697.85
606.552
9.50175
8.99414
8.9594
8.86292
8.75613
8.65493
8.56702
8.49524
8.44016
8.40185
8.38063
-5.84971
-6.05449
-6.2148
-6.3169
-6.48957
-7.14681
1710.97
1052.48
10.1267
8.92078
8.87098
8.7553
8.63361
8.52113
8.42516
8.34817
8.28998
8.24984
8.2277
-6.11468
-6.34271
-6.50812
-6.57955
-6.64783
-6.72671
1525.68
1187.44
10.5467
8.78261
8.71864
8.59064
8.4616
8.34507
8.24635
8.16788
8.10929
8.06925
8.04725
-6.50492
-6.78913
-6.97521
-7.0219
-6.98235
-6.77381
1461.24
1030.1
9.80774
8.55907
8.48428
8.35876
8.2342
8.1232
8.0289
7.95357
7.89762
7.85969
7.83899
-7.07995
-7.46989
-7.68471
-7.61298
-7.49239
-7.11306
1612.78
599.29
9.09329
8.26272
8.16178
8.05602
7.95096
7.85584
7.77355
7.70646
7.6562
7.62227
7.6039
-7.92954
-8.55642
-8.75627
-8.47658
-8.09816
53.9785
1642.66
114.501
7.83188
7.76447
7.74628
7.68989
7.61868
7.54806
7.48403
7.42967
7.38785
7.35948
7.34428
-9.23366
-10.3996
-10.3044
-9.61476
-8.84804
1397.89
1109.07
9.23496
7.02356
7.20648
7.27884
7.2807
7.25026
7.20894
7.16664
7.12797
7.09666
7.07495
7.06345
-11.3094
-12.9143
-12.1886
-10.8547
374.528
1432.66
48.5163
6.27624
6.43034
6.67482
6.80049
6.85217
6.86079
6.84901
6.82909
6.80725
6.7875
6.77306
6.7655
-7.56255
-5.80878
-12.7513
58.1176
1339.96
369.033
6.26588
5.56183
5.90928
6.17217
6.33268
6.42144
6.46336
6.47824
6.47926
6.47374
6.46556
6.45848
6.45484
-11.4277
-10.6954
216.787
1268.49
743.006
6.56492
4.62433
5.05236
5.428
5.69976
5.88405
5.99961
6.06782
6.10497
6.12427
6.13334
6.13584
6.13579
6.13587
-10.8134
-10.3229
143.276
632.71
6.87113
3.61716
4.10429
4.59868
4.97832
5.26073
5.45912
5.59345
5.68114
5.73574
5.76998
5.79113
5.80289
5.80923
5.8126
-12.0403
-6.34938
-4.53174
0.43105
1.98977
2.97232
3.67239
4.18635
4.57087
4.85579
5.06164
5.20768
5.30803
5.37516
5.42069
5.45113
5.47052
5.48235
5.48852
-14.9858
1625.45
-2.47732
-0.381964
1.52594
2.63126
3.33683
3.83947
4.21182
4.48927
4.69445
4.84431
4.95098
5.02615
5.07938
5.11643
5.14169
5.15794
5.16641
-17.5496
1703.06
670.495
0.344744
1.74815
2.56814
3.13702
3.57067
3.90444
4.16109
4.35661
4.50309
4.61104
4.69031
4.7479
4.78911
4.8185
4.83803
4.84836
-19.1615
1766.35
1832.62
8.2594
2.37438
2.68074
3.03409
3.36172
3.63924
3.86522
4.04415
4.1823
4.28795
4.36787
4.42693
4.47038
4.50229
4.52395
4.53532
-26.1499
1513.64
928.815
10.9788
2.67606
2.73479
2.93606
3.1736
3.3975
3.59162
3.75125
3.87901
3.97999
4.05775
4.11648
4.16086
4.19379
4.21672
4.22951
-23.5967
-27.9258
-1.7527
1.49407
2.34593
2.57319
2.76962
2.97016
3.16022
3.32914
3.47203
3.58983
3.68452
3.75875
3.81645
3.86048
3.89317
3.91672
3.9306
-12.7034
-10.5914
-3.05059
0.663195
1.82505
2.27209
2.53465
2.73977
2.91731
3.07155
3.20249
3.31118
3.39935
3.47018
3.52611
3.5686
3.60047
3.62412
3.6383
-6.81411
-4.84016
-1.66637
0.406745
1.4338
1.95886
2.27188
2.49364
2.67043
2.81728
2.93954
3.0405
3.12339
3.19094
3.24414
3.28462
3.31567
3.33874
3.35221
-4.05511
-2.70873
-1.00868
0.328026
1.17339
1.68689
2.01556
2.24709
2.42438
2.56629
2.68201
2.77723
2.85576
2.91952
2.96955
3.00833
3.03845
3.06004
3.07197
-2.6022
-1.66132
-0.588893
0.332054
1.00324
1.46294
1.78043
2.00973
2.18376
2.3206
2.43104
2.52137
2.5953
2.65493
2.70213
2.73936
2.76792
2.7873
2.79746
-1.75082
-1.06118
-0.316902
0.352248
0.883255
1.27922
1.56995
1.78684
1.95264
2.08298
2.18763
2.2724
2.34134
2.39708
2.44163
2.47673
2.50291
2.51996
2.52874
-1.20829
-0.684154
-0.13591
0.368941
0.791467
1.12498
1.38189
1.57936
1.73291
1.85446
1.95159
2.02999
2.09396
2.14581
2.1871
2.21921
2.24268
2.25783
2.26571
-0.842307
-0.433048
-0.0144815
0.375681
0.713045
0.990082
1.21125
1.38593
1.52437
1.63452
1.72268
1.79438
1.85304
1.90018
1.93734
1.96608
1.98707
2.00073
2.00795
-0.58385
-0.260519
0.0650596
0.370389
0.639856
0.867283
1.0537
1.20436
1.32537
1.42238
1.50094
1.56533
1.61753
1.65899
1.69177
1.71732
1.73604
1.74825
1.75477
-0.396721
-0.140638
0.114201
0.353658
0.567699
0.751609
0.905274
1.03146
1.13403
1.21743
1.28575
1.34149
1.38615
1.42179
1.45042
1.47284
1.48915
1.49976
1.50549
-0.259986
-0.0584582
0.139815
0.32591
0.493375
0.638901
0.762089
0.864536
0.948946
1.01841
1.07535
1.12141
1.15848
1.18866
1.21316
1.23212
1.24571
1.25458
1.25946
-0.160265
-0.00494752
0.146085
0.287322
0.414745
0.52624
0.621499
0.701546
0.768142
0.823125
0.868049
0.904571
0.934566
0.959339
0.979214
0.994273
1.00502
1.01214
1.01618
-0.0888011
0.0258147
0.135854
0.238168
0.330446
0.411473
0.481096
0.539959
0.589116
0.629751
0.663166
0.690811
0.713838
0.732683
0.747451
0.758522
0.766533
0.771954
0.775116
-0.0398879
0.0375301
0.110775
0.178353
0.23912
0.292492
0.338458
0.377442
0.410123
0.437354
0.460072
0.479079
0.494778
0.507313
0.516978
0.524302
0.529736
0.533485
0.535765
-0.0102051
0.0320976
0.0714375
0.107375
0.139505
0.167652
0.191908
0.212552
0.23
0.244718
0.257123
0.267429
0.275726
0.282201
0.287217
0.291115
0.294076
0.296152
0.297538
0.0013248
0.00982352
0.0175014
0.024348
0.0303459
0.0355126
0.0399192
0.0436629
0.0468437
0.0495539
0.0518415
0.0537082
0.0551679
0.0562959
0.0571935
0.0579205
0.0584856
0.0589003
0.0592137
1605.53
1606.17
1600.35
1591.73
1582.49
1572.65
1562.05
1550.85
1539.58
1529.1
1520.57
1515.52
1515.89
1524.13
1543.12
1575.9
1626.7
1699.07
1786.53
1840.74
1851.07
1706.82
1882.44
1604.19
1604.79
1598.98
1590.49
1581.31
1571.43
1560.72
1549.36
1537.91
1527.21
1518.41
1513.03
1513.01
1520.72
1538.97
1570.73
1618.68
1682.76
1754.06
1814.57
1839.61
1645.1
1845.8
1601.84
1602.31
1596.55
1588.29
1579.2
1569.23
1558.31
1546.68
1534.91
1523.81
1514.53
1508.55
1507.81
1514.62
1531.64
1561.52
1606.09
1664.17
1727.32
1778.4
1797.41
1708.66
1915.57
1598.38
1598.79
1593.12
1585.15
1576.16
1566.05
1554.83
1542.81
1530.56
1518.88
1508.89
1502.06
1500.26
1505.77
1521.12
1548.65
1589.64
1642.38
1699.55
1748.31
1779.61
1818.52
2006.77
1594
1594.3
1588.76
1581.11
1572.19
1561.88
1550.27
1537.75
1524.87
1512.42
1501.49
1493.51
1490.33
1494.14
1507.38
1532.17
1569.46
1617.47
1670.08
1718.44
1760.93
1833.83
2011.42
1588.79
1588.93
1583.55
1576.21
1567.32
1556.72
1544.64
1531.49
1517.82
1504.41
1492.29
1482.87
1477.94
1479.65
1490.35
1512.05
1545.54
1589.16
1637.86
1685.22
1732.35
1804.15
1932.41
1582.87
1582.78
1577.57
1570.5
1561.55
1550.59
1537.93
1524.03
1509.42
1494.83
1481.27
1470.08
1463.01
1462.18
1469.89
1488.11
1517.65
1557.02
1601.83
1646.45
1689.53
1738.28
1773.67
1576.34
1575.88
1570.88
1564.02
1554.91
1543.5
1530.19
1515.41
1499.7
1483.72
1468.44
1455.14
1445.52
1441.66
1445.85
1460.13
1485.44
1520.5
1561.14
1601
1632.58
1635.92
1451.36
9.04442
9.03551
9.02057
9.00361
8.98824
8.97628
8.96785
8.9622
8.95835
8.95551
8.95312
8.95086
8.94861
8.94642
8.94435
8.9425
8.94103
8.94005
8.93965
9.04566
9.03655
9.02082
9.00308
8.98733
8.97535
8.96711
8.9617
8.95808
8.95538
8.95306
8.95083
8.94857
8.94632
8.94418
8.94228
8.94076
8.93976
8.93934
9.04799
9.03851
9.02125
9.00207
8.98563
8.97366
8.96579
8.96085
8.95761
8.95518
8.95298
8.95077
8.94846
8.9461
8.94381
8.94179
8.94018
8.9391
8.93864
9.05153
9.04159
9.02188
9.00044
8.98299
8.97112
8.96389
8.95965
8.95697
8.9549
8.95288
8.95068
8.94827
8.94573
8.94324
8.94102
8.93926
8.93807
8.93756
9.05644
9.04587
9.02262
8.99795
8.97923
8.96765
8.96137
8.95812
8.9562
8.95459
8.95278
8.95057
8.94799
8.94522
8.94246
8.93997
8.93798
8.93664
8.93607
9.06319
9.05183
9.02347
8.99426
8.97406
8.96311
8.95822
8.95628
8.95533
8.95429
8.95271
8.95047
8.94767
8.94456
8.94146
8.93862
8.93632
8.93479
8.93413
9.07375
9.06118
9.0243
8.98873
8.9671
8.95738
8.95443
8.9542
8.95441
8.95404
8.95269
8.95038
8.94731
8.94378
8.9402
8.93692
8.93424
8.93246
8.93169
9.0805
9.07845
9.02447
8.9805
8.95782
8.95033
8.95006
8.95192
8.9535
8.95387
8.95278
8.95035
8.94692
8.94287
8.93869
8.93484
8.93172
8.92961
8.92869
1562.85
1561.73
1556.97
1550.17
1540.52
1528.06
1513.27
1496.54
1478.32
1459.18
1439.95
1421.78
1406.23
1395.32
1391.46
1397.04
1413.55
1440.17
1472.39
1500.48
1503.1
1414.31
1056.28
1545.42
1543.41
1538.58
1531.3
1520.54
1506.48
1489.51
1469.91
1447.95
1424.03
1398.76
1373
1348.01
1325.68
1308.65
1300.33
1304.35
1320.46
1343.61
1363.65
1358.54
1292.16
1122.27
1526.55
1523.45
1518.16
1509.85
1497.56
1481.49
1461.86
1438.7
1412.05
1382.06
1348.95
1312.91
1274.54
1236.03
1200.41
1172.89
1157.36
1155.84
1175.65
1203.01
1216.48
1187.98
1100.94
1506.6
1502.29
1496.16
1486.41
1472.24
1453.8
1431.05
1403.65
1371.27
1333.71
1291.04
1243.68
1191.82
1133.46
1042.13
797.67
569.378
490.413
582.25
817.62
1061.35
1093.79
1085.43
1485.92
1480.26
1473.13
1461.71
1445.34
1424.2
1398.03
1365.99
1327.57
1283.57
1233.88
1168.29
769.758
79.1707
-1.68812
-1.36336
-2.23222
-3.41342
-4.07423
-4.32569
-3.68152
40.4847
485.985
1464.23
1457.41
1449.49
1436.52
1417.38
1393.88
1366.05
1330.77
1289.24
1094.55
423.822
-3.2269
-2.82963
-2.72639
-1.96786
0.398891
-1.54355
-4.5971
-4.62932
-4.56782
-4.52921
-4.61214
-4.71815
1444.51
1437.7
1427.77
1414.92
1390.62
1283.14
986.914
414.588
-3.50248
-3.47125
-3.60112
-3.60785
-3.40561
-3.25143
0.241293
-2.77111
-4.24289
-4.5204
-4.62917
-4.63015
-4.63624
-4.71466
-4.87185
297.948
376.81
238.103
91.3234
-2.59007
-3.08541
-3.17877
-3.18085
-3.47531
-3.63087
-3.72513
-3.7182
-3.66673
-3.22133
-1.16828
-4.1003
-4.25521
-4.41188
-4.50161
-4.56887
-4.64566
-4.76001
-4.9189
-2.92543
-2.86644
-2.91553
-2.94729
-2.95763
-3.06845
-3.20557
-3.34712
-3.5686
-3.79672
-3.97459
-4.06772
-4.06196
-4.01581
-4.04979
-4.15522
-4.29971
-4.41997
-4.5142
-4.59895
-4.69949
-4.8296
-4.99146
-2.93471
-2.94046
-2.96569
-2.99982
-3.04911
-3.13874
-3.2744
-3.46827
-3.75929
-4.06583
-4.31137
-3.90563
-4.48906
-4.2719
-3.82225
-4.25831
-4.36471
-4.46769
-4.56341
-4.66284
-4.77882
-4.91866
-5.08353
-3.00469
-3.01419
-3.03542
-3.07186
-3.12773
-3.216
-3.35476
-3.59501
-4.00292
-4.31511
-3.64365
-4.10038
-4.32259
-4.10488
-4.05937
-4.35071
-4.43181
-4.52879
-4.63218
-4.74638
-4.87699
-5.02821
-5.20109
-3.07085
-3.08388
-3.10737
-3.14578
-3.20297
-3.28886
-3.42261
-3.68583
-4.15269
-4.40754
-4.76345
-4.08032
-3.9346
-4.37022
-4.37184
-4.40767
-4.49024
-4.59485
-4.71324
-4.8459
-4.99513
-5.16378
-5.35243
-3.13145
-3.14686
-3.17352
-3.21428
-3.27236
-3.354
-3.47269
-2.29835
-2.80064
-4.34255
-4.55861
-4.71905
-4.59392
-4.39099
-4.3697
-4.44219
-4.54582
-4.66926
-4.80895
-4.96526
-5.13969
-5.3341
-5.54917
-3.1851
-3.20155
-3.23063
-3.27376
-3.33313
-3.41232
-3.51768
-3.27315
-1.98652
-4.21155
-4.31936
-4.38328
-4.35236
-4.3361
-4.38642
-4.48727
-4.614
-4.76049
-4.9258
-5.11133
-5.31853
-5.54981
-5.80773
-3.22881
-3.24575
-3.27634
-3.32116
-3.38177
-3.46066
-3.55991
-3.6933
-1.76808
-3.19726
-4.19195
-4.25156
-4.28964
-4.34261
-4.43066
-4.55399
-4.70295
-4.87431
-5.06918
-5.28998
-5.53937
-5.82241
-6.14662
-3.26031
-3.2775
-3.30882
-3.35452
-3.41578
-3.49404
-3.59086
-3.71024
-3.85656
-4.01419
-4.12102
-4.20443
-4.2845
-4.37555
-4.49257
-4.63856
-4.8115
-5.01107
-5.24031
-5.50384
-5.80729
-6.16061
-6.57943
-3.27871
-3.29601
-3.32744
-3.37322
-3.43397
-3.51049
-3.60355
-3.71375
-3.83959
-3.96994
-4.08532
-4.19075
-4.29778
-4.41821
-4.56155
-4.73251
-4.93323
-5.16597
-5.43565
-5.75072
-6.12184
-6.56603
-7.11143
-3.28357
-3.30083
-3.33193
-3.37709
-3.43664
-3.51098
-3.60023
-3.70377
-3.81921
-3.94082
-4.06224
-4.18433
-4.31416
-4.45975
-4.6285
-4.82652
-5.05908
-5.33043
-5.64757
-6.02281
-6.47271
-7.02258
-7.71792
-3.27465
-3.29165
-3.32219
-3.36643
-3.42459
-3.49684
-3.58304
-3.68246
-3.79352
-3.91368
-4.04085
-4.17628
-4.32478
-4.49238
-4.68554
-4.91177
-5.17887
-5.49323
-5.86387
-6.30588
-6.84057
-7.49636
-8.31723
-3.2519
-3.26854
-3.2984
-3.34164
-3.39841
-3.4688
-3.55268
-3.64971
-3.75924
-3.88048
-4.01318
-4.15931
-4.3231
-4.5098
-4.72566
-4.97955
-5.2815
-5.64059
-6.06825
-6.58255
-7.2069
-7.96492
-8.87753
-3.21575
-3.23195
-3.26108
-3.30326
-3.35864
-3.42732
-3.50933
-3.60474
-3.71369
-3.83641
-3.9736
-4.12794
-4.30374
-4.50621
-4.74188
-5.02068
-5.35497
-5.75724
-6.24282
-6.83444
-7.5585
-8.43458
-9.45262
-3.1667
-3.18242
-3.21072
-3.25171
-3.30553
-3.37233
-3.45239
-3.54616
-3.65434
-3.77781
-3.91801
-4.07784
-4.26197
-4.47615
-4.72724
-5.02612
-5.38725
-5.82727
-6.36783
-7.03869
-7.87675
-8.91711
-10.1691
-3.10479
-3.11994
-3.14721
-3.18671
-3.23861
-3.30321
-3.38097
-3.47266
-3.57937
-3.70239
-3.84351
-4.00593
-4.19443
-4.41535
-4.67593
-4.98778
-5.36696
-5.83448
-6.41957
-7.16124
-8.1166
-9.35743
-10.9761
-3.02993
-3.04439
-3.07041
-3.10816
-3.1579
-3.22003
-3.29514
-3.38417
-3.48839
-3.60937
-3.74902
-3.91051
-4.0989
-4.32065
-4.58354
-4.89894
-5.28414
-5.76372
-6.37236
-7.1604
-8.2064
-9.63111
-11.6083
-2.9429
-2.9566
-2.98131
-3.01723
-3.06465
-3.12402
-3.19597
-3.28148
-3.38192
-3.49894
-3.63443
-3.79133
-3.97454
-4.19068
-4.4474
-4.75542
-5.13181
-5.60252
-6.20469
-6.99543
-8.07045
-9.58979
-11.8349
-2.84535
-2.85828
-2.8816
-2.91552
-2.96034
-3.01646
-3.08453
-3.16545
-3.26058
-3.37155
-3.50013
-3.64883
-3.82202
-4.02605
-4.2681
-4.55753
-4.90953
-5.34785
-5.9078
-6.64436
-7.65323
-9.10253
-11.3655
-2.73857
-2.75063
-2.7724
-2.80402
-2.84579
-2.89808
-2.96144
-3.03669
-3.12503
-3.22799
-3.34715
-3.48445
-3.64341
-3.82958
-4.04931
-4.31001
-4.62363
-5.0089
-5.49359
-6.12117
-6.96472
-8.14815
-9.96117
-2.62306
-2.63415
-2.65413
-2.68316
-2.72147
-2.76938
-2.82733
-2.89598
-2.97631
-3.06963
-3.17728
-3.30067
-3.44218
-3.6061
-3.79757
-4.02186
-4.28683
-4.60494
-4.99339
-5.47791
-6.09815
-6.91137
-8.02758
-2.49918
-2.5092
-2.52727
-2.55348
-2.58802
-2.63113
-2.68314
-2.74451
-2.81594
-2.89844
-2.99308
-3.10077
-3.22279
-3.3618
-3.5214
-3.70488
-3.91609
-4.16114
-4.4474
-4.78369
-5.18041
-5.64445
-6.16959
-2.36755
-2.37647
-2.39251
-2.41577
-2.44634
-2.48438
-2.5301
-2.58377
-2.6458
-2.71679
-2.79751
-2.88849
-2.9901
-3.10334
-3.23006
-3.37176
-3.52921
-3.70324
-3.89399
-4.09877
-4.31032
-4.5114
-4.65687
-2.22901
-2.23679
-2.25077
-2.27099
-2.29749
-2.33034
-2.36962
-2.41542
-2.46787
-2.52718
-2.59372
-2.6677
-2.74893
-2.83711
-2.93229
-3.03435
-3.14205
-3.25287
-3.36249
-3.46291
-3.53969
-3.56987
-3.50994
-2.08448
-2.09112
-2.10303
-2.12021
-2.14264
-2.1703
-2.20315
-2.24114
-2.28415
-2.33207
-2.3848
-2.44224
-2.50388
-2.56868
-2.63534
-2.70228
-2.767
-2.82541
-2.87127
-2.8953
-2.88322
-2.81488
-2.6597
-1.93488
-1.9404
-1.95028
-1.96448
-1.98293
-2.00553
-2.03215
-2.06258
-2.09656
-2.1337
-2.17353
-2.21557
-2.25907
-2.30275
-2.34465
-2.38222
-2.41214
-2.42984
-2.42903
-2.4012
-2.33498
-2.21636
-2.02662
-1.78109
-1.78553
-1.79345
-1.8048
-1.81944
-1.83721
-1.8579
-1.88121
-1.90674
-1.93396
-1.96214
-1.99046
-2.01791
-2.04314
-2.06412
-2.07807
-2.0814
-2.06959
-2.03709
-1.9771
-1.88155
-1.74184
-1.54813
-1.62397
-1.62737
-1.63345
-1.6421
-1.65316
-1.66643
-1.68162
-1.69837
-1.71619
-1.73446
-1.75238
-1.76889
-1.78279
-1.79264
-1.79657
-1.79208
-1.77594
-1.74412
-1.69206
-1.6147
-1.50678
-1.36362
-1.18079
-1.46432
-1.46676
-1.47112
-1.47727
-1.48504
-1.49418
-1.50436
-1.51518
-1.52611
-1.53652
-1.54557
-1.5522
-1.5551
-1.55281
-1.54359
-1.52538
-1.49561
-1.45116
-1.38855
-1.30428
-1.1951
-1.0589
-0.894399
-1.30284
-1.3044
-1.30719
-1.31108
-1.31587
-1.32128
-1.32698
-1.33255
-1.33747
-1.34111
-1.34268
-1.3412
-1.33545
-1.32403
-1.30539
-1.27781
-1.23937
-1.18794
-1.1212
-1.037
-0.933569
-0.810288
-0.667642
-1.14011
-1.14091
-1.14232
-1.14419
-1.14631
-1.14841
-1.15015
-1.15115
-1.15092
-1.14887
-1.14429
-1.13631
-1.12393
-1.10595
-1.08107
-1.0479
-1.00506
-0.951187
-0.885
-0.805487
-0.712041
-0.604892
-0.485433
-0.976833
-0.97718
-0.977415
-0.977513
-0.977284
-0.976474
-0.974791
-0.971873
-0.967299
-0.960551
-0.951025
-0.938011
-0.920709
-0.898221
-0.869568
-0.833755
-0.789849
-0.737091
-0.674962
-0.603316
-0.522428
-0.433085
-0.33706
-0.812378
-0.812288
-0.811515
-0.810081
-0.807801
-0.804463
-0.799823
-0.793597
-0.785428
-0.774905
-0.761553
-0.744837
-0.724171
-0.698954
-0.668566
-0.632427
-0.59006
-0.54119
-0.485862
-0.424487
-0.357963
-0.287474
-0.214921
-0.652499
-0.651947
-0.650377
-0.647613
-0.643488
-0.637896
-0.630661
-0.621558
-0.610326
-0.596659
-0.580219
-0.560645
-0.537582
-0.510695
-0.479717
-0.444471
-0.40494
-0.36134
-0.314186
-0.264366
-0.213182
-0.162223
-0.113321
-0.485548
-0.4851
-0.482879
-0.478849
-0.473069
-0.465503
-0.456054
-0.444581
-0.430915
-0.414875
-0.396278
-0.374954
-0.350776
-0.32369
-0.293746
-0.261155
-0.226315
-0.189871
-0.152756
-0.116206
-0.081811
-0.0514878
-0.0271724
569.138
319.72
47.7885
8.82057
926.078
796.933
710.016
606.625
1024.73
971.255
929.16
904.389
1060.28
1040.25
1020.45
1000.6
889.887
1089.05
1092.55
1092.8
-4.77093
-4.47608
8.70747
138.866
-4.98912
-5.0895
-5.18163
-5.26224
-5.03196
-5.12476
-5.22047
-5.31855
-5.10216
-5.19167
-5.28315
-5.37663
-5.19409
-5.28259
-5.37246
-5.46434
-5.31569
-5.40717
-5.49912
-5.59099
-5.47713
-5.57724
-5.67616
-5.7718
-5.69175
-5.80703
-5.91953
-6.02669
-5.98089
-6.11974
-6.25726
-6.3925
-6.36884
-6.54957
-6.73477
-6.92315
-6.87918
-7.13208
-7.40316
-7.68931
-7.5217
-7.88659
-8.3058
-8.79489
-8.26972
-8.80415
-9.4925
-10.3899
-8.94977
-9.55485
-10.324
-11.2379
-9.52984
-10.1054
-10.7333
-11.2273
-10.1067
-10.6074
-10.9771
-10.866
-11.0191
-11.7155
-12.2097
-12.1917
-12.2524
-13.4447
-14.2622
-14.7173
-13.3243
-14.9801
-16.3025
-16.6931
-13.8772
-15.9566
-17.7156
-17.8742
-13.5436
-16.0074
-19.088
-22.0601
-11.6335
-13.4827
-16.063
-20.41
-8.89565
-9.69263
-10.5484
-11.6737
-6.47493
-6.67988
-6.80092
-6.86962
-4.67112
-4.62503
-4.4972
-4.29856
-3.39846
-3.26527
-3.07713
-2.8408
-2.50594
-2.35295
-2.16611
-1.95173
-1.86869
-1.72342
-1.55677
-1.3731
-1.40134
-1.27241
-1.12999
-0.976949
-1.04978
-0.938386
-0.818795
-0.692985
-0.780895
-0.6865
-0.587369
-0.484774
-0.572216
-0.494033
-0.41309
-0.330361
-0.407736
-0.344901
-0.280533
-0.21532
-0.276448
-0.228168
-0.179237
-0.130046
-0.170865
-0.13652
-0.102268
-0.0682134
-0.0857127
-0.0650941
-0.0452711
-0.0260235
-0.0165355
-0.0104168
-0.00598211
-0.00194641
9.07691
9.14192
9.01495
8.95398
8.93308
8.93369
8.94076
8.94758
8.95209
8.95394
8.95327
8.95045
8.94604
8.9407
8.9351
8.92991
8.92569
8.92282
8.92155
9.09302
9.36398
8.95681
8.88854
8.88706
8.90898
8.92949
8.94348
8.95169
8.95518
8.9547
8.9509
8.94469
8.93712
8.92919
8.92187
8.91591
8.91183
8.91001
800.95
114.05
8.60696
8.74953
8.82216
8.88464
8.92192
8.94216
8.95336
8.95814
8.95731
8.95178
8.94282
8.93199
8.92081
8.91059
8.9023
8.89663
8.89409
974.685
947.492
366.041
8.55107
8.7507
8.87881
8.92447
8.94444
8.95702
8.96286
8.9612
8.95293
8.93999
8.92462
8.90903
8.89494
8.8836
8.87591
8.87251
1086.19
1076.87
1066.52
598.264
8.81663
8.92927
8.93812
8.94573
8.96077
8.96897
8.96625
8.95393
8.93534
8.91385
8.89246
8.87339
8.8582
8.84803
8.84357
1052.34
1192.59
1192.78
1200.6
523.502
9.21986
8.90977
8.92997
8.96144
8.97619
8.97218
8.95397
8.92748
8.89786
8.8691
8.84391
8.82405
8.81091
8.8052
-5.24973
187.365
1318.08
1311.93
1320.3
175.059
8.84334
8.88369
8.95939
8.98524
8.97841
8.95133
8.91411
8.87406
8.83624
8.80383
8.77863
8.76207
8.75491
-5.51369
-5.68783
-4.782
1109.47
1428.73
1383.89
11.5155
8.84424
8.95592
8.99741
8.98331
8.94276
8.89145
8.83876
8.79043
8.7499
8.71888
8.69863
8.6899
-5.56112
-5.76543
-5.94988
-5.54495
1272.11
1534.04
390.049
9.08776
8.95951
9.0131
8.98217
8.92257
8.85391
8.78692
8.72734
8.67833
8.64137
8.61743
8.60715
-5.6485
-5.84221
-6.0209
-6.19125
-5.20678
1624.06
1317.25
11.2105
8.99154
9.0214
8.9644
8.88197
8.79423
8.71248
8.64193
8.58495
8.5425
8.51526
8.5036
-5.77159
-5.95925
-6.10685
-6.24451
-6.43838
1297.56
1659.13
13.8837
9.02693
8.99023
8.91359
8.80966
8.70419
8.60906
8.52905
8.46562
8.41889
8.3891
8.3764
-5.95559
-6.14224
-6.2696
-6.38536
-6.74108
571.297
1724.4
53.9964
9.0803
8.90768
8.81485
8.69415
8.5756
8.47085
8.38426
8.31679
8.26766
8.23652
8.2233
-6.23391
-6.43603
-6.55397
-6.6094
-6.68469
132.399
1796.39
89.3603
8.98036
8.76747
8.65544
8.52521
8.40135
8.29327
8.20455
8.13619
8.087
8.05601
8.04288
-6.65531
-6.8983
-7.01494
-7.01187
-6.8642
164.418
1826.13
47.7512
8.6587
8.53857
8.42254
8.29516
8.17676
8.07381
7.98876
7.92325
7.87647
7.84722
7.83489
-7.28747
-7.60998
-7.66723
-7.57628
-7.31887
616.879
1707.96
14.5469
8.34244
8.21277
8.10995
8.00257
7.90189
7.81299
7.73794
7.67922
7.63724
7.61119
7.60029
-8.2663
-8.72686
-8.62497
-8.29738
-7.81761
1352.66
1181.57
9.49943
7.7563
7.75986
7.72139
7.65499
7.5827
7.51506
7.45543
7.40709
7.37198
7.35028
7.34132
-9.91813
-10.5138
-9.9876
-9.26483
68.7649
1504.89
123.552
7.04652
7.13301
7.25499
7.28548
7.26796
7.23008
7.18761
7.1466
7.11122
7.08452
7.06796
7.06125
-12.297
-12.7165
-11.5322
-10.2016
1421.39
853.389
7.64427
6.27657
6.56801
6.74974
6.83339
6.86023
6.85646
6.8396
6.81814
6.7969
6.77945
6.76843
6.76411
-4.35002
-12.9406
-12.3196
1109.47
1302.71
11.2467
5.47752
5.73608
6.05654
6.26283
6.38446
6.44682
6.47322
6.47989
6.47705
6.46976
6.46166
6.45621
6.45424
-8.14863
-12.5889
1038.33
1275.14
37.5718
4.71072
4.82984
5.25506
5.57514
5.80201
5.94895
6.03855
6.08936
6.11621
6.12984
6.13518
6.13589
6.13577
6.13599
-10.6103
-0.47576
626.571
121.509
4.02989
3.82785
4.36594
4.80186
5.13078
5.36934
5.53304
5.64227
5.71171
5.75479
5.78195
5.79794
5.80652
5.81123
5.81335
44.9301
-2.33785
-2.89506
1.47075
2.52166
3.3482
3.94991
4.39177
4.72452
4.96731
5.14116
5.26279
5.34495
5.4001
5.43753
5.46197
5.47722
5.48607
5.48978
897.121
38.0379
-1.31221
0.675198
2.15086
3.01895
3.60654
4.03927
4.36089
4.59972
4.77549
4.9023
4.99183
5.05506
5.09964
5.13031
5.15085
5.16308
5.16817
1306.92
1738.6
9.84746
1.11017
2.20589
2.87315
3.36801
3.74849
4.04131
4.2657
4.43528
4.56126
4.65373
4.72147
4.77024
4.80508
4.82947
4.84438
4.85091
772.547
1811.31
1080.97
2.19757
2.51314
2.85702
3.20376
3.50707
3.75844
3.9602
4.11787
4.23869
4.33079
4.39972
4.45028
4.48764
4.51444
4.53146
4.53995
129.6
1872.25
200.241
2.73488
2.67791
2.8256
3.05457
3.28866
3.49879
3.67573
3.81879
3.93256
4.02157
4.08918
4.14022
4.17865
4.20653
4.22497
4.23451
-22.4556
-9.60583
-0.226287
2.15516
2.47623
2.67064
2.87019
3.06733
3.2478
3.40386
3.53391
3.63996
3.72395
3.78943
3.84004
3.87808
3.90609
3.92547
3.93535
-12.5775
-6.68703
-0.771535
1.39111
2.08991
2.41414
2.64148
2.83148
2.99733
3.13987
3.25957
3.35765
3.43672
3.49994
3.5489
3.58565
3.61333
3.63288
3.64263
-6.13749
-3.17857
-0.467589
1.01157
1.73496
2.13155
2.39022
2.58631
2.74716
2.8813
2.9925
3.08397
3.159
3.21929
3.26578
3.30114
3.32826
3.347
3.3559
-3.47887
-1.84494
-0.274423
0.803257
1.46076
1.86761
2.14001
2.34097
2.49909
2.62703
2.73189
2.8184
2.88944
2.94615
2.99014
3.02439
3.0504
3.06736
3.07488
-2.16738
-1.12077
-0.0986476
0.698137
1.25517
1.63554
1.90357
2.10232
2.25602
2.37864
2.47843
2.56024
2.62681
2.67993
2.72185
2.75473
2.77881
2.79352
2.79963
-1.42139
-0.686779
0.0329473
0.635953
1.09645
1.43556
1.68605
1.87498
2.02151
2.13808
2.23222
2.30866
2.37073
2.42062
2.46029
2.49096
2.51257
2.52529
2.53032
-0.953622
-0.408425
0.125216
0.591561
0.968764
1.26201
1.487
1.66077
1.79713
1.9057
1.99283
2.06359
2.1213
2.16768
2.20426
2.23202
2.25125
2.26255
2.26687
-0.641233
-0.222408
0.186107
0.551785
0.859054
1.10711
1.30371
1.45913
1.58257
1.68099
1.7603
1.82522
1.87797
1.9199
1.95271
1.97752
1.99477
2.00502
2.00876
-0.423927
-0.0965047
0.221452
0.510209
0.758891
0.965315
1.13313
1.26821
1.37654
1.46363
1.53473
1.59288
1.63949
1.67635
1.7054
1.72752
1.74292
1.75209
1.75528
-0.269434
-0.012116
0.236593
0.464281
0.6635
0.832106
0.971582
1.08544
1.17783
1.25326
1.31511
1.36511
1.40496
1.43689
1.4624
1.48175
1.49512
1.5031
1.50571
-0.159395
0.0416797
0.234862
0.412258
0.568969
0.703227
0.815755
0.908787
0.985361
1.04834
1.09965
1.14093
1.17431
1.20159
1.22334
1.23956
1.25069
1.25737
1.25943
-0.0824325
0.0714736
0.218223
0.35294
0.472537
0.575853
0.663319
0.736403
0.796992
0.846761
0.887242
0.92027
0.947555
0.969893
0.98733
1.00015
1.009
1.01441
1.01592
-0.0311247
0.0816155
0.188145
0.285665
0.372397
0.447685
0.511818
0.565686
0.610427
0.647264
0.677614
0.70285
0.723783
0.74057
0.753413
0.762869
0.769547
0.773665
0.774648
-0.000747035
0.0747717
0.145356
0.209642
0.266745
0.316387
0.358789
0.39452
0.424355
0.449212
0.47
0.487335
0.501436
0.512478
0.520895
0.527238
0.531808
0.534643
0.535111
0.0113077
0.0521599
0.0898604
0.123933
0.154074
0.18025
0.202653
0.221641
0.237669
0.251193
0.26254
0.271829
0.279174
0.284863
0.289288
0.292707
0.295217
0.296738
0.296779
0.00568294
0.0137645
0.0210298
0.0274525
0.0330284
0.0378043
0.0418677
0.0453195
0.0482562
0.0507529
0.0528287
0.0544839
0.0557641
0.0567674
0.0575762
0.0582238
0.0587027
0.058937
0.0589856
)
;

boundaryField
{
    leftWall
    {
        type            fixedFluxPressure;
        gradient        uniform 0;
        value           nonuniform List<scalar> 
100
(
1604.36
1603.53
1601.52
1598.59
1594.74
1590.06
1584.6
1578.46
1569.78
1553.48
1535.54
1516.41
1496.45
1476.14
1455.19
1443.35
71.3811
-2.91192
-2.98054
-3.03878
-3.09614
-3.15144
-3.2002
-3.23877
-3.26509
-3.27791
-3.27665
-3.26127
-3.23211
-3.18962
-3.13427
-3.06598
-2.98503
-2.89271
-2.79059
-2.67958
-2.56003
-2.43239
-2.29741
-2.15599
-2.00904
-1.85746
-1.70211
-1.54383
-1.38339
-1.22138
-1.05864
-0.895153
-0.731091
-0.571182
1604.09
1602.68
1600.17
1596.77
1592.5
1587.42
1581.61
1575.16
1561.87
1544.69
1526.1
1506.5
1486.34
1465.76
1445.03
1105.65
-2.88349
-2.94807
-3.0099
-3.06745
-3.12436
-3.17688
-3.22094
-3.25353
-3.27326
-3.27904
-3.27072
-3.24839
-3.21248
-3.16354
-3.10176
-3.02705
-2.94019
-2.84278
-2.73616
-2.62085
-2.49718
-2.36576
-2.22745
-2.08315
-1.93377
-1.7802
-1.62328
-1.46384
-1.30255
-1.14001
-0.97722
-0.812631
-0.651587
-0.481887
)
;
    }
    rightWall
    {
        type            fixedFluxPressure;
        gradient        uniform 0;
        value           nonuniform List<scalar> 
100
(
8.93965
8.93934
8.93864
8.93756
8.93607
8.93413
8.93169
8.92869
8.92155
8.91001
8.89409
8.87251
8.84357
8.8052
8.75491
8.6899
8.60715
8.5036
8.3764
8.2233
8.04288
7.83489
7.60029
7.34132
7.06125
6.76411
6.45424
6.13599
5.81335
5.48978
5.16817
4.85091
4.53995
4.23451
3.93535
3.64263
3.3559
3.07488
2.79963
2.53032
2.26687
2.00876
1.75528
1.50571
1.25943
1.01592
0.774648
0.535111
0.296779
0.0589856
8.93965
8.93954
8.93904
8.93815
8.93687
8.93516
8.93298
8.93027
8.92599
8.91625
8.90267
8.8841
8.85908
8.82571
8.78171
8.72443
8.65094
8.55816
8.44311
8.3032
8.13655
7.9423
7.7208
7.47367
7.20369
6.91455
6.61049
6.29591
5.97498
5.6515
5.32857
5.00886
4.6946
4.38654
4.0841
3.78822
3.49854
3.21468
2.93652
2.66423
2.39789
2.13719
1.88149
1.63006
1.3822
1.13736
0.895036
0.654696
0.415831
0.178005
)
;
    }
    lowerWall
    {
        type            fixedFluxPressure;
        gradient        uniform 0;
        value           nonuniform List<scalar> 
124
(
1605.81
1606.44
1600.62
1591.97
1582.72
1572.89
1562.31
1551.14
1539.91
1529.47
1521
1516.01
1516.47
1524.81
1544.04
1578.21
1631.11
1706.37
1793.4
1839.02
1842.82
1741.45
1902.61
1882.44
1845.8
1915.57
2006.77
2011.42
1932.41
1773.67
1451.36
346.715
30.6224
11.1017
9.52956
9.04589
9.0466
9.04843
9.05131
9.0553
9.06007
9.06541
9.07193
9.04421
9.03531
9.02053
9.00371
8.98843
8.97647
8.968
8.96231
8.95842
8.95555
8.95314
8.95086
8.94862
8.94642
8.94435
8.9425
8.94103
8.94006
8.93965
1604.36
1606.83
1604.19
1596.42
1587.4
1577.89
1567.7
1556.77
1545.48
1534.53
1524.9
1517.96
1515.42
1519.49
1532.85
1559
1602.03
1665.94
1750.57
1825.51
1846.34
1791.44
1806.47
423.312
29.2355
11.4597
10.4576
9.04589
9.04064
9.02844
9.01212
8.99572
8.98199
8.97183
8.96487
8.96019
8.9569
8.95431
8.952
8.94974
8.94751
8.94536
8.94339
8.94171
8.94047
8.93978
1902.61
1855.77
1866.94
1968.7
2021.23
1980.71
1865.61
1641.42
9.04609
9.0474
9.04972
9.05318
9.05762
9.0627
9.06881
9.05369
)
;
    }
    atmosphere
    {
        type            totalPressure;
        rho             rho;
        psi             none;
        gamma           1;
        p0              uniform 0;
        value           nonuniform List<scalar> 
92
(
-0.435103
-0.433987
-0.431478
-0.427099
-0.420903
-0.412874
-0.402933
-0.390966
-0.376839
-0.360414
-0.34156
-0.320168
-0.296185
-0.269636
-0.240668
-0.209588
-0.176903
-0.143354
-0.109948
-0.0779696
-0.0489967
-0.0250269
-0.00795918
-0.00199707
-9.38471e-05
0
0
0
0
0
0
0
0
0
0
0
0
0
0
0
0
0
0
0
0
0
-0.428096
-0.434178
-0.432965
-0.42952
-0.42423
-0.417124
-0.408151
-0.397213
-0.384183
-0.368925
-0.351301
-0.331188
-0.308502
-0.283228
-0.255442
-0.225368
-0.19341
-0.160184
-0.126564
-0.0936918
-0.0629909
-0.0362642
-0.0155139
-0.00385749
-0.000742476
0
0
0
0
0
0
0
0
0
0
0
0
0
0
0
0
0
0
0
0
0
)
;
    }
    defaultFaces
    {
        type            empty;
    }
}


// ************************************************************************* //
