/*--------------------------------*- C++ -*----------------------------------*\
| =========                 |                                                 |
| \\      /  F ield         | OpenFOAM: The Open Source CFD Toolbox           |
|  \\    /   O peration     | Version:  v1912                                 |
|   \\  /    A nd           | Website:  www.openfoam.com                      |
|    \\/     M anipulation  |                                                 |
\*---------------------------------------------------------------------------*/
FoamFile
{
    version     2.0;
    format      ascii;
    class       volScalarField;
    location    "0.95";
    object      p;
}
// * * * * * * * * * * * * * * * * * * * * * * * * * * * * * * * * * * * * * //

dimensions      [1 -1 -2 0 0 0 0];


internalField   nonuniform List<scalar> 
9072
(
1196.08
1217.8
1206.75
1191.13
1169.67
1142.03
1107.67
1064.82
1012.64
951.865
888.354
830.658
789.394
763.353
760.346
773.901
793.777
807.885
850.719
863.329
865.828
852.305
833.871
1139.34
1160.31
1148.52
1132.75
1111.67
1084.29
1050.13
1007.16
954.529
893.651
830.283
771.649
728.293
700.739
698.336
713.721
734.668
740.425
775.652
799.733
806.903
792.605
772.349
1082.82
1103.84
1091.31
1075.26
1054.99
1028.61
994.605
951.244
897.486
834.867
768.546
706.919
660.621
632.103
629.301
648.298
676.748
686.326
697.308
738.806
750.566
732.912
707.038
1025.98
1047.37
1034.11
1018.79
999.715
974.539
940.978
897.053
841.321
774.929
702.839
636.73
587.795
556.531
552.806
576.154
612.526
636.733
639.147
688.421
699.753
673.525
636.58
968.146
989.229
975.719
963.317
945.758
921.957
889.196
844.71
786.068
714.043
633.029
560.778
509.621
471.436
465.932
497.284
538.18
576.833
597.899
647.224
656.557
611.959
557.482
909.336
929.231
916.684
909.012
893.282
870.973
839.324
794.396
731.798
652.1
557.878
478.231
427.389
371.468
362.021
410.623
460.536
509.823
558.778
610.985
622.302
539.446
463.129
850.649
869.059
858.481
856.225
842.34
821.598
791.429
746.38
678.448
590.685
499.042
438.145
397.005
285.457
241.114
315.34
380.658
440.918
508.055
573.276
597.452
442.425
328.143
793.533
810.775
802.132
805.238
792.802
773.684
745.43
701.798
625.276
559.405
473.995
409.508
334.587
204.227
135.528
214.82
298.407
367.927
444.464
528.597
572.672
394.171
243.164
612.67
621.749
603.325
540.529
451.183
468.377
494.003
488.514
581.565
614.972
511.704
315.343
243.575
267.909
360.719
486.914
468.73
428.628
500.617
542.842
554.637
516.469
485.83
397.626
413.137
431.964
422.113
534.16
566.721
466.337
241.629
189.09
203.66
289.265
449.761
424.619
332.098
404.899
502.956
493.698
394.276
377.04
341.104
358.79
366.145
373.418
452.61
484.672
376.631
105.082
76.4014
90.0216
156.111
359.813
356.354
245.954
306.557
470.547
447.079
270.814
306.162
281.065
298.359
304.667
325.334
348.938
396.365
274.314
58.1577
21.7715
19.8068
34.4936
207.505
288.23
217.725
256.465
413.081
393.704
253.902
276.14
246.524
228.061
213.935
292.988
247.654
253.393
149.997
40.3803
12.6141
11.0026
16.2274
64.0321
215.039
194.145
221.182
344.327
361.333
257.142
277.525
250.308
164.653
154.631
213.086
168.672
93.9333
58.4424
30.518
4.98501
4.51427
10.5078
28.1024
159.921
170.001
193.519
278.751
319.752
253.503
252.533
251.323
115.232
109.111
161.157
101.118
54.4934
31.3817
24.3949
-11.3673
-1.30815
6.23801
20.6217
141.477
161.19
170.872
140.625
243.203
205.521
206.552
217.905
100.827
93.3115
118.976
67.284
59.3039
32.002
16.2729
-10.3105
-0.49369
5.64025
22.1182
124.463
146.731
137.857
693.454
740.69
735.213
741.607
730.634
713.733
689.045
643.423
585.206
518.081
436.703
370.207
304.065
140.858
40.7616
98.0097
193.172
269.132
349.29
456.287
490.66
319.597
221.635
584.808
633.592
634.408
638.492
627.345
613.463
595.752
565.004
475.975
310.48
264.662
229.091
158.774
71.5999
-11.6209
38.239
107.653
134.132
151.377
205.406
142.543
39.7304
51.2804
472.718
524.184
527.061
524.964
513.727
501.461
470.176
393.338
149.039
-29.444
78.6039
40.5283
40.805
50.0082
23.3687
41.0582
34.3171
43.2695
42.7384
31.6534
35.0144
17.2977
14.7623
353.676
406.056
403.746
394.899
383.902
377.125
340.023
195.804
24.3507
-17.866
24.3264
27.5973
17.9286
14.2727
22.0172
18.59
19.9905
23.4658
2.50261
-1.91296
0.15436
0.659056
0.871932
250.498
281.949
268.915
249.754
235.606
237.008
228.093
81.8742
18.4887
5.06994
4.97642
7.15157
10.9986
12.6919
11.4963
13.8797
16.2585
11.1914
-7.21411
-2.64491
-1.6427
-1.37354
0.689766
187.568
177.31
130.779
135.207
80.4699
60.4854
87.0208
63.6328
16.5364
2.46793
-2.30738
-0.162127
9.03701
11.669
9.42176
10.7188
9.39958
3.02927
0.871664
-0.0728961
-0.387302
-0.142207
0.518637
195.48
103.453
33.2741
40.7828
37.9471
40.1832
49.8427
44.9903
18.0575
11.1678
5.46036
6.32894
10.3909
6.47032
6.17192
7.33879
2.43843
1.76338
1.58977
0.715444
0.235206
0.310763
0.873835
188.164
145.106
40.6389
30.376
26.2894
15.0629
35.0455
28.2057
18.8059
16.3328
5.07609
8.80414
8.00371
3.24466
5.08208
1.51949
0.84546
1.76169
1.62277
1.33413
0.875453
0.709663
0.81609
92.7182
121.67
37.0487
29.8611
24.2172
21.8924
21.1312
22.2443
18.324
18.5
7.79119
7.35521
6.62119
4.80689
5.83701
3.90582
2.11378
2.00075
1.63256
1.30191
0.973994
0.898562
0.782983
29.2728
38.8603
28.6188
28.8482
24.6511
20.194
18.1364
18.4426
16.4626
14.7522
8.87668
6.93808
5.10055
3.88575
3.62482
3.88478
1.82766
1.65249
1.47747
1.26496
1.07699
0.943386
0.869425
80.3669
1.59867
25.3438
28.2987
24.3926
20.4003
18.3679
18.3303
17.5601
16.5484
12.1264
0.400273
2.29776
2.82635
2.81025
2.54692
1.59036
1.48123
1.32893
1.17314
1.04257
0.949975
0.868149
83.208
25.0344
26.304
30.0604
28.0638
17.2362
17.1482
17.8816
17.9718
15.112
1.89629
-18.1295
-3.42224
1.92646
1.96821
1.68535
1.46916
1.32131
1.18233
1.05154
0.93622
0.836464
0.745873
45.0706
51.3796
14.0673
10.8738
2.38047
6.17361
15.0239
17.0186
13.7241
1.57729
-2.54609
-4.62768
-1.83701
1.50774
1.3563
1.37997
1.26365
1.14812
1.02832
0.912212
0.805101
0.708624
0.620601
19.7642
13.4639
4.64458
2.13844
1.72282
0.634548
-3.85006
-1.73631
-1.05067
-0.792942
-2.11432
-1.8118
0.21099
1.32803
1.01695
1.13238
1.06712
0.974264
0.868065
0.761137
0.659308
0.564819
0.478017
-8.30746
-1.39134
1.33547
1.18661
0.600571
-0.104955
-2.70858
-3.0688
-2.44996
-1.80533
-1.10181
0.866598
1.44979
1.13683
0.890783
0.984292
0.905901
0.809685
0.705913
0.602529
0.503332
0.41032
0.324459
-31.9993
-43.8419
4.32735
-0.448707
-1.70892
-3.53315
-7.48963
-7.54
-4.77789
-3.17583
-0.753683
1.0625
1.4827
1.22478
1.0569
0.895486
0.765674
0.651005
0.541746
0.438128
0.339822
0.247525
0.162195
40.6169
-12.5071
-9.58046
-4.74781
-6.34116
-10.0302
-13.2273
-13.1152
-9.73095
-5.02791
-1.53745
1.13622
1.51207
1.33241
1.08025
0.801689
0.61918
0.484279
0.370886
0.267547
0.169744
0.0773866
-0.0081031
46.4563
24.7769
-16.7898
-9.86855
-12.3141
-17.4206
-20.6791
-18.791
-13.1701
-6.10106
-1.8586
0.634962
1.30574
1.10342
0.838838
0.601701
0.426741
0.296517
0.189905
0.0908666
-0.00632021
-0.0999555
-0.186698
46.385
-12.3764
-8.36362
-9.77817
-14.6751
-20.1279
-23.5253
-20.9708
-13.7394
-5.97716
-1.22165
0.421454
0.867067
0.74852
0.532557
0.334225
0.189035
0.0856412
0.00143702
-0.0885218
-0.186987
-0.284878
-0.374692
38.8431
4.51738
-1.67389
-5.90625
-10.8112
-16.4769
-19.0612
-16.6328
-11.0698
-5.20486
-1.11757
0.416905
0.806152
0.355825
0.14982
0.00564333
-0.0940181
-0.147194
-0.183088
-0.262425
-0.370977
-0.479614
-0.574938
38.73
5.06609
2.91707
-1.38539
-4.05142
-7.7536
-9.90927
-9.81035
-8.4488
-6.1942
-3.26001
-0.739386
0.147004
-0.418265
-0.338425
-0.388511
-0.440658
-0.420956
-0.344686
-0.421015
-0.564755
-0.692324
-0.793913
6.54021
5.57848
3.58548
2.8048
1.94899
-1.40992
-3.15123
-4.61109
-6.48109
-9.95824
-9.12378
-4.45672
-1.9103
-0.947478
-0.831007
-0.84173
-0.921857
-0.938285
-0.646705
-0.597369
-0.799265
-0.941922
-1.04313
-5.86643
-3.06973
-11.3127
5.73954
6.28652
1.65867
0.414012
-1.6867
-4.38775
-7.00355
-9.85603
-7.42029
-5.3983
-2.75426
-1.2437
-1.35223
-1.43416
-1.63237
-1.45996
-0.874479
-1.14159
-1.26582
-1.33854
-2.94871
-1.18603
-3.13322
6.17162
6.09305
0.365429
0.349132
-2.04538
-4.28517
-7.55489
-7.58542
-6.87576
-4.92372
-4.32729
-1.54684
-2.30594
-2.03528
-2.0577
-2.4388
-2.22547
-1.91333
-1.69972
-1.67903
-0.427954
-0.210945
-0.0678658
2.37983
2.93402
-0.0419377
-0.218722
-1.41254
-3.37389
-9.83808
-6.57442
-5.56963
-4.19883
-3.1235
-2.20635
-2.32365
-2.13903
-2.46382
-3.41529
-3.20083
-2.47774
-2.11047
-2.01259
-0.0367754
-0.187271
-0.428192
-0.764049
-0.263519
-0.0136612
-0.601021
-1.65049
-2.99827
-5.03949
-5.0545
-4.5673
-3.1022
-2.35499
-1.84433
-1.82979
-1.98412
-2.39816
-2.90832
-2.85504
-2.53996
-2.36107
-2.28213
19.4385
-0.0892269
-0.176831
-0.268109
0.205102
-0.162369
-0.908766
-1.5864
-2.2792
-3.18737
-3.55816
-3.23779
-2.75834
-2.30606
-1.92811
-1.97437
-2.17349
-2.46267
-2.67292
-2.70084
-2.62482
-2.54924
-2.50657
-4.68108
-0.11884
-0.00543599
0.0555266
0.179995
-0.294702
-0.794414
-1.32282
-1.90159
-2.54803
-2.93748
-2.92147
-2.72253
-2.47157
-2.32723
-2.34997
-2.47214
-2.63173
-2.74534
-2.78041
-2.76334
-2.73505
-2.71727
-2.3712
1.20948
0.4175
0.59503
-0.251247
-0.392498
-0.82109
-1.31295
-1.84929
-2.39011
-2.74957
-2.86879
-2.81971
-2.71413
-2.65634
-2.67572
-2.75008
-2.83949
-2.9052
-2.93418
-2.9367
-2.93016
-2.92701
4.32581
1.47838
2.3975
0.0987254
-0.291688
-0.552539
-0.988623
-1.49751
-2.01962
-2.51028
-2.86315
-3.02655
-3.04453
-3.00581
-2.98005
-2.99034
-3.02864
-3.07454
-3.11023
-3.12935
-3.13566
-3.13705
-3.14048
14.2511
6.18277
1.02805
0.117396
-0.277898
-0.711644
-1.32714
-1.85656
-2.37204
-2.83903
-3.17642
-3.34388
-3.37694
-3.35313
-3.32577
-3.31478
-3.3203
-3.33315
-3.34473
-3.35117
-3.35338
-3.35478
-3.35894
15.5953
10.433
2.72018
-0.0612521
-0.521651
-1.13889
-1.87385
-2.43234
-2.94937
-3.40693
-3.71943
-3.8547
-3.844
-3.78137
-3.7182
-3.66739
-3.63415
-3.61421
-3.60149
-3.59222
-3.58538
-3.58165
-3.5823
10.0761
11.2324
7.23354
0.440968
-1.48788
-2.06823
-2.65981
-3.26345
-3.82682
-4.3056
-4.59124
-4.65032
-4.52787
-4.34423
-4.18521
-4.06084
-3.97479
-3.91616
-3.87581
-3.84753
-3.82801
-3.81567
-3.80994
-6.05639
-0.829486
5.29729
-5.20886
-8.82389
-7.12336
-3.58075
-4.3001
-4.87257
-5.49551
-5.84809
-5.7927
-5.45585
-5.05268
-4.74923
-4.50064
-4.34142
-4.23484
-4.16202
-4.11151
-4.07677
-4.05383
-4.04037
-15.332
-13.9176
-5.76584
-10.5131
-13.0309
-13.2649
-6.03459
-5.58734
-6.10334
-6.76951
-6.90222
-6.751
-6.38497
-5.88278
-5.40263
-4.98223
-4.72423
-4.55889
-4.44928
-4.37527
-4.32519
-4.29199
-4.27129
-14.1159
-15.2173
-15.2917
-13.409
-15.3979
-15.48
-9.95347
-7.06225
-7.45003
-7.86656
-7.84878
-7.52234
-7.08027
-6.69093
-6.17354
-5.47586
-5.08754
-4.86085
-4.71936
-4.62749
-4.56666
-4.52641
-4.50048
-14.1043
-15.3041
-15.7049
-16.4086
-16.0981
-15.7026
-10.8162
-8.44104
-8.79464
-8.88557
-8.5886
-8.14375
-7.59133
-7.40276
-7.08539
-5.90586
-5.36693
-5.10996
-4.95878
-4.86252
-4.79868
-4.75562
-4.72679
-15.1658
-15.7944
-17.141
-17.499
-15.1324
-14.5972
-11.5475
-8.99828
-9.93899
-10.1922
-9.44947
-8.66125
-7.91479
-7.5801
-7.39734
-6.03388
-5.53672
-5.31134
-5.1749
-5.08518
-5.02354
-4.98029
-4.95
-14.3669
-16.1472
-18.8335
-17.9488
-14.1017
-13.8329
-11.3509
-8.73531
-10.4541
-11.2475
-9.99176
-8.99261
-8.21254
-7.62935
-6.80383
-6.00593
-5.67169
-5.49682
-5.38166
-5.30165
-5.24388
-5.20144
-5.17031
-14.6416
-15.3321
-15.8506
-15.7354
-12.2729
-11.7759
-8.96595
-8.60794
-9.44589
-10.517
-9.53975
-8.74989
-8.23925
-7.36811
-6.32538
-6.00218
-5.79453
-5.6709
-5.58104
-5.51301
-5.46033
-5.41938
-5.38779
-12.5768
-13.7159
-14.3757
-17.1207
-13.9504
-8.21805
-6.81216
-7.11212
-7.48067
-8.21302
-8.20887
-7.89406
-7.4743
-6.43041
-6.06882
-5.97867
-5.90094
-5.83649
-5.77689
-5.72236
-5.67495
-5.63536
-5.60323
-10.5343
-15.5142
-13.0057
-24.0982
-23.2311
-7.95312
-6.15995
-6.15287
-6.21802
-6.60218
-6.74291
-6.66801
-6.36797
-5.65491
-5.91764
-5.89536
-5.99772
-6.00882
-5.97606
-5.93124
-5.88689
-5.84753
-5.8144
323.18
382.242
433.828
358.661
128.469
122.875
109.642
88.3108
33.4838
43.8565
36.89
28.6502
2.67713
1.82537
1.98392
2.25799
0.720568
2.13603
1.28928
1.24057
0.879974
0.935789
0.972021
0.987917
0.715081
0.66224
0.673931
0.737175
0.679004
0.576039
0.537672
0.596001
0.734726
0.670301
0.62862
0.657447
0.86088
0.812285
0.762371
0.736914
0.780687
0.73734
0.71572
0.694753
0.674299
0.642854
0.613747
0.586235
0.551366
0.516972
0.484799
0.454642
0.409407
0.374707
0.341887
0.31082
0.256414
0.22188
0.189083
0.157904
0.0945928
0.0602778
0.0277246
-0.00313375
-0.0755764
-0.109723
-0.141957
-0.172305
-0.254489
-0.28851
-0.320383
-0.350151
-0.443271
-0.477122
-0.508472
-0.537472
-0.644237
-0.67744
-0.707607
-0.735144
-0.861818
-0.892751
-0.919902
-0.944053
-1.10345
-1.12874
-1.14941
-1.16617
-1.37962
-1.39571
-1.40646
-1.4115
-1.69159
-1.70216
-1.71434
-1.73062
-2.00246
-2.01339
-2.03867
-2.08917
-2.26562
-2.27049
-2.28494
-2.31104
-2.49634
-2.49873
-2.5059
-2.51709
-2.71541
-2.7193
-2.72585
-2.73404
-2.93178
-2.93738
-2.94521
-2.95515
-3.14857
-3.15526
-3.16396
-3.17515
-3.36721
-3.37369
-3.38174
-3.39144
-3.58756
-3.5922
-3.59805
-3.60495
-3.81028
-3.81225
-3.81544
-3.8198
-4.03525
-4.03452
-4.03516
-4.03712
-4.26125
-4.25813
-4.25658
-4.25645
-4.48667
-4.48166
-4.47827
-4.47633
-4.71036
-4.70388
-4.69899
-4.6955
-4.9317
-4.92406
-4.91792
-4.91309
-5.15053
-5.14191
-5.13469
-5.12869
-5.36675
-5.35727
-5.34909
-5.34205
-5.58093
-5.57061
-5.56149
-5.55346
-5.79073
-5.77956
-5.76956
-5.76062
80.7884
-11.1841
35.1754
119.303
156.137
77.0374
71.7348
86.008
42.2268
54.0949
12.7145
20.0915
8.37707
4.19243
11.8149
27.0365
89.446
105.544
79.3605
-7.35671
-27.0744
-26.7148
2.62755
-1.19667
33.4861
28.5407
27.5364
16.4036
12.8456
-28.9315
4.47632
4.87078
9.01052
18.3314
26.0788
58.5075
59.8254
53.9602
-2.23465
-28.0775
-26.1037
-26.5618
-43.1075
-2.96362
-18.8477
1.37188
11.8385
9.92115
5.6944
4.78221
4.09911
3.64733
4.13339
12.9716
16.9064
13.8994
30.6839
4.28418
-13.0665
-29.5815
-26.9671
-26.5974
-2.86183
-3.28026
-17.2296
7.53875
7.99088
7.33477
4.04684
3.68873
3.27775
2.15555
-1.02276
4.09054
6.86361
7.28854
1.19525
1.69411
-3.30857
-31.633
-41.9202
28.5974
39.4182
10.9475
13.4454
6.51823
6.94866
4.22879
2.85259
2.4506
1.44263
0.402075
2.78024
4.98391
5.79588
1.01298
1.06552
0.843266
12.4403
11.2995
39.3704
11.081
2.3934
4.0521
5.37382
4.37504
3.05006
2.0889
1.67478
1.10149
0.519091
1.49039
3.15286
4.07648
0.852568
0.968689
0.970769
1.09231
1.31701
1.86458
1.38708
1.76517
1.50695
1.50914
1.36992
2.1845
2.20866
1.24266
0.864612
0.4527
1.00924
1.70889
2.83782
0.777347
0.906567
0.925961
0.907158
0.89675
1.08243
1.15692
1.32745
2.04922
1.06997
1.1218
1.32122
1.04871
0.748101
0.819922
0.78418
0.980912
1.45326
1.93791
0.772177
0.84274
0.850681
0.845582
0.903994
0.964451
0.87497
0.774259
1.92845
1.94661
1.94412
-5.52149
-0.258342
0.214074
0.520358
0.700024
0.78856
1.2402
1.55379
0.754103
0.747784
0.731603
0.723366
0.740223
0.761476
0.642523
0.316127
0.681391
1.30169
0.793939
0.105131
-0.795002
-0.434854
-0.177046
0.0730623
0.101209
0.294916
0.915535
0.671336
0.631503
0.598607
0.57621
0.569339
0.56733
0.391393
0.0764187
0.00725072
-0.36671
-0.49519
-0.677304
-1.15742
-1.10394
-0.854765
-0.44307
-0.469915
-0.449567
0.277948
0.55204
0.499464
0.45467
0.416264
0.380852
0.332787
0.0293206
-0.375149
-0.766139
-1.21911
-0.93816
-1.01183
-1.58576
-1.55172
-1.22859
-0.730308
-0.512606
-0.427491
-0.236872
0.416825
0.357441
0.30418
0.252621
0.193346
0.0978673
-0.194067
-0.667035
-1.2676
-1.92198
-1.28171
-1.25784
-1.7308
-1.67468
-1.3219
-0.81064
-0.516891
-0.451084
-0.613479
0.271534
0.20895
0.151613
0.0945524
0.0282908
-0.0666999
-0.259376
-0.631625
-1.24149
-1.77452
-0.869735
-1.17085
-1.60665
-1.53641
-1.19413
-0.8888
-0.553204
-0.458494
-0.59417
0.118374
0.0554206
-0.00168292
-0.056517
-0.114838
-0.184946
-0.27849
-0.416923
-0.567108
-0.592564
-0.414182
-0.748604
-1.27174
-1.25983
-1.12502
-0.915981
-0.554067
-0.406958
-0.470851
-0.0421081
-0.103433
-0.157227
-0.205071
-0.248764
-0.289316
-0.32255
-0.329062
-0.274581
-0.107473
-0.153608
-0.490097
-0.894855
-1.08704
-1.07696
-0.935432
-0.573794
-0.421318
-0.466021
-0.210328
-0.269002
-0.318105
-0.357348
-0.385442
-0.399223
-0.392094
-0.357838
-0.306798
-0.302981
-0.42728
-0.674371
-0.896154
-1.00296
-1.07973
-1.02048
-0.723759
-0.471659
-0.629429
-0.387097
-0.442956
-0.487628
-0.519279
-0.53436
-0.527209
-0.49175
-0.437606
-0.42019
-0.523814
-0.692732
-0.823724
-0.903789
-0.984309
-1.23232
-1.34977
-1.11468
-0.563925
-0.885702
-0.573161
-0.626536
-0.668436
-0.695714
-0.703219
-0.682943
-0.625545
-0.549388
-0.565483
-0.80276
-0.998849
-1.03703
-1.02324
-1.14413
-1.72681
-1.72709
-1.49727
-1.24664
-1.45416
-0.768846
-0.819884
-0.861943
-0.889845
-0.897742
-0.879079
-0.821984
-0.78446
-0.9215
-1.38692
-1.44733
-1.32274
-1.2495
-1.58662
-1.9479
-1.96157
-1.97288
-1.94915
-1.76712
-0.9735
-1.02066
-1.06763
-1.1011
-1.11971
-1.11833
-1.19503
-1.30566
-1.47875
-2.14183
-1.9403
-1.6576
-1.63652
-1.74858
-1.97974
-2.13527
-2.39072
-2.4498
-2.04243
-1.18576
-1.22176
-1.28575
-1.33102
-1.3574
-1.45283
-1.63348
-1.71498
-1.839
-2.23084
-2.096
-1.88148
-1.78837
-1.84767
-2.03248
-2.28166
-2.59241
-2.64999
-2.28564
-1.41598
-1.41678
-1.53959
-1.59037
-1.63748
-1.82818
-1.86084
-1.92137
-2.01429
-2.1563
-2.12675
-2.01254
-1.96026
-2.00112
-2.11672
-2.41425
-2.73195
-2.73286
-2.37671
-1.76117
-1.78192
-1.83872
-1.87888
-1.98533
-2.1067
-2.13179
-2.13169
-2.17611
-2.23224
-2.21994
-2.13368
-2.08998
-2.16087
-2.21355
-2.6823
-2.95485
-2.6935
-2.36427
-2.20258
-2.24825
-2.12213
-2.11115
-2.29349
-2.41184
-2.43876
-2.32419
-2.34858
-2.37263
-2.3673
-2.27222
-2.19007
-2.21525
-2.40068
-2.71494
-2.90992
-2.63741
-2.34705
-2.36495
-2.43813
-2.40657
-2.30371
-2.47089
-2.60756
-2.65049
-2.50944
-2.53499
-2.55171
-2.55631
-2.53613
-2.4585
-2.43695
-2.6234
-2.80255
-2.83853
-2.72612
-2.54422
-2.5369
-2.58075
-2.61844
-2.64101
-2.63861
-2.65454
-2.70014
-2.73738
-2.73851
-2.75018
-2.76046
-2.77353
-2.79601
-2.8273
-2.92713
-2.99537
-3.03611
-2.97122
-2.86993
-2.74732
-2.77073
-2.84259
-2.89981
-2.90872
-2.85802
-2.90667
-2.93625
-2.9415
-2.9519
-2.96488
-2.98252
-3.00902
-3.05405
-3.13359
-3.2131
-3.24766
-3.18062
-3.11172
-2.9703
-3.00843
-3.08286
-3.12662
-3.11396
-3.12145
-3.12866
-3.13204
-3.14056
-3.15187
-3.16606
-3.18464
-3.21002
-3.2462
-3.29749
-3.36522
-3.39425
-3.31393
-3.28014
-3.19071
-3.2326
-3.28119
-3.32664
-3.34538
-3.34922
-3.33497
-3.33013
-3.33826
-3.34993
-3.36406
-3.3814
-3.40295
-3.42934
-3.45961
-3.48895
-3.49289
-3.44834
-3.4965
-3.40592
-3.44339
-3.49301
-3.54923
-3.60266
-3.61333
-3.5671
-3.53012
-3.53608
-3.54709
-3.56008
-3.57513
-3.59245
-3.61169
-3.63109
-3.64654
-3.64955
-3.64364
-3.66292
-3.61634
-3.64681
-3.69775
-3.76005
-3.82023
-3.82957
-3.7883
-3.73354
-3.73539
-3.74448
-3.75538
-3.76764
-3.78113
-3.79522
-3.80853
-3.81888
-3.82424
-3.82668
-3.83361
-3.82747
-3.84748
-3.88075
-3.92609
-3.9671
-3.97938
-3.96535
-3.93765
-3.93703
-3.94266
-3.9506
-3.95994
-3.97012
-3.98051
-3.99014
-3.99791
-4.00352
-4.00789
-4.01192
-4.0416
-4.05502
-4.07545
-4.10072
-4.12467
-4.13782
-4.14352
-4.14279
-4.13806
-4.14028
-4.14547
-4.15219
-4.15968
-4.16731
-4.17439
-4.18035
-4.18507
-4.1889
-4.19093
-4.25815
-4.26628
-4.2797
-4.29603
-4.31163
-4.32233
-4.33216
-4.33459
-4.3342
-4.33599
-4.33958
-4.34432
-4.34968
-4.35517
-4.36031
-4.3647
-4.36818
-4.37075
-4.37094
-4.47559
-4.4792
-4.48729
-4.4978
-4.50825
-4.51666
-4.5239
-4.5271
-4.52861
-4.53042
-4.53301
-4.53628
-4.53996
-4.54374
-4.54728
-4.55028
-4.55254
-4.55387
-4.55273
-4.6926
-4.6922
-4.69586
-4.70183
-4.70829
-4.71391
-4.71856
-4.72127
-4.72288
-4.72434
-4.72606
-4.72814
-4.73045
-4.73281
-4.73501
-4.73681
-4.73801
-4.73837
-4.73663
-4.9083
-4.90431
-4.90414
-4.90629
-4.90937
-4.91236
-4.91483
-4.91641
-4.91737
-4.91813
-4.91897
-4.91996
-4.92109
-4.92225
-4.9233
-4.92406
-4.92438
-4.92409
-4.92236
-5.12222
-5.11504
-5.11155
-5.11045
-5.11063
-5.11124
-5.11182
-5.11209
-5.11208
-5.11195
-5.11184
-5.11181
-5.11186
-5.11194
-5.11197
-5.11183
-5.11143
-5.1107
-5.10923
-5.3341
-5.32413
-5.31779
-5.31395
-5.31168
-5.31024
-5.30913
-5.30809
-5.30701
-5.30591
-5.30482
-5.30378
-5.30281
-5.30188
-5.30095
-5.29999
-5.29895
-5.29786
-5.29664
-5.54413
-5.53165
-5.52285
-5.51672
-5.51239
-5.50919
-5.5066
-5.50432
-5.50217
-5.50006
-5.49798
-5.49594
-5.49396
-5.49204
-5.4902
-5.48844
-5.48677
-5.48529
-5.48421
-5.75009
-5.73549
-5.72468
-5.71672
-5.71078
-5.70617
-5.70237
-5.69901
-5.69587
-5.69281
-5.68977
-5.68676
-5.68381
-5.68094
-5.67821
-5.67568
-5.67338
-5.67139
-5.67007
1222.5
1212.43
1199.81
1181.1
1156.61
1125.77
1087.4
1039.89
983.139
919.796
858.099
807.808
773.98
759.072
765.641
783.573
797.516
843.148
854.361
866.887
860.686
842.86
829.408
1164.93
1154.65
1141.3
1122.99
1098.77
1068.22
1029.83
982.04
924.712
862.154
799.392
748.389
711.868
696.559
704.461
724.12
732.416
771.762
782.839
806.743
801.826
781.79
767.654
1108.45
1097.89
1083.78
1065.78
1042.62
1012.66
974.192
925.658
866.978
801.849
736.325
681.646
643.749
627.287
636.795
661.842
682.235
694.975
716.789
749.251
744.675
718.254
701.906
1052.13
1040.73
1026.94
1009.82
988.047
958.926
920.432
870.679
809.223
739.095
668.062
610.043
569.626
550.442
562.251
592.943
630.013
633.257
663.506
698.824
690.762
650.624
631.577
994.886
981.542
970.319
955.131
934.821
906.86
868.602
817.219
751.553
673.966
594.415
533.185
488.521
462.352
479.382
517.051
560.275
581.468
624.753
657.304
641.178
577.023
555.45
936.231
920.786
914.219
901.886
883.101
856.534
818.809
765.471
693.967
605.833
513.604
452.342
399.881
355.667
384.737
435.765
485.242
532.816
588.622
623.721
595.362
484.196
472.078
877.056
860.279
859.521
850.198
832.915
807.966
771.231
715.584
636.985
541.395
465.569
419.175
349.952
241.462
275.143
349.888
410.236
473.337
543.439
595.533
548.401
340.436
378.296
818.876
801.796
806.603
799.976
784.111
761.031
726.075
668.475
589.559
521.492
436.455
379.841
273.226
152.19
159.203
261.09
332.58
404.842
486.577
565.93
517.675
266.493
301.433
615.918
646.705
561.21
499.966
453.85
486.447
485.098
525.13
611.946
576.977
409.983
261.304
249.302
297.78
450.333
491.951
445.477
448.202
507.643
535.264
567.494
496.715
438.656
396.643
430.144
416.706
466.766
561.105
547.443
334.31
198.625
193.125
225.731
388.568
461.115
371.721
341.149
442.006
489.852
454.478
370.264
355.438
349.082
366.965
364.061
406.272
456.063
485.824
192.019
80.5564
78.9768
110.062
246.268
388.748
280.815
263.651
361.549
480.111
329.883
273.103
308.695
290.703
300.982
315.002
356.042
366.256
408.424
124.777
32.5398
18.9672
23.7382
86.1736
293.366
249.233
222.462
302.466
450.549
286.961
252.467
285.06
226.089
223.776
243.119
309.431
262.906
204.667
75.7024
23.277
9.8856
13.3519
23.8413
196.094
206.485
203.095
252.067
395.385
284.421
257.026
285.341
191.444
143.82
182.319
209.062
162.302
62.3547
49.9106
9.47079
1.81538
7.37343
13.7748
108.378
169.454
189.479
208.764
332.344
264.813
255.258
267.895
159.534
99.0103
139.763
133.161
93.0423
37.9516
35.248
8.81106
-4.29964
2.19638
13.2346
45.1161
172.606
178.163
171.947
264.041
203.358
231.727
223.484
138.961
81.5503
115.623
88.7081
72.3106
40.2552
26.4984
7.78219
-12.4289
1.944
14.7181
37.5713
169.819
148.641
140.284
746.983
732.59
741.461
736.962
722.903
702.589
670.377
610.607
560.67
476.42
399.857
346.112
225.377
78.0217
43.6318
151.099
230.056
308.717
399.649
498.136
420.144
239.742
265.312
635.764
630.942
640.554
633.187
620.747
605.398
582.706
542.843
385.258
270.925
263.359
191.259
122.331
22.9732
1.32583
79.0474
124.953
139.47
178.319
196.376
77.7209
31.2021
108.916
527.276
523.564
529.718
519.275
507.878
489.761
441.447
303.468
1.31758
43.7658
55.1265
38.4316
65.8097
42.6053
34.3673
38.8387
36.1289
48.665
35.0555
34.1195
33.2636
10.437
18.695
409.506
404.16
401.294
388.883
380.319
368.772
280.335
109.926
-33.4954
2.10942
25.7698
24.1912
13.9343
21.3574
18.6681
19.0023
21.6066
17.6416
-3.37506
0.514775
-0.232504
1.0732
1.27332
287.961
275.019
260.579
239.852
234.377
238.504
180.275
34.1659
7.93978
6.6983
4.82545
10.4694
12.5626
12.207
12.7603
15.0855
15.8706
1.29665
-5.37169
-1.53077
-1.67265
0.44051
0.602895
198.977
146.338
133.365
112.938
58.2076
74.6441
88.4327
25.4205
10.73
-2.02179
-2.37579
5.16072
10.7688
10.1141
10.0037
10.8785
5.91296
1.90627
0.847586
-0.225108
-0.421849
0.418439
0.614074
155.798
48.2108
45.81
39.1664
37.5697
47.5636
51.0378
32.8549
13.454
8.06524
3.20725
10.1351
8.86359
5.40597
7.12191
5.03082
1.82794
1.67906
1.35758
0.359937
0.234747
0.811424
0.763743
191.216
69.7024
31.8601
28.7127
21.8022
20.0066
36.0518
21.9948
18.2927
12.4806
6.59222
8.90367
5.99208
4.37564
4.02804
-0.116195
1.55807
1.70914
1.50925
1.06476
0.706498
0.766827
0.759144
136.246
48.1603
33.1792
26.717
22.2279
20.9353
22.3025
19.5017
18.5116
10.9409
7.55294
6.93993
6.14781
6.36881
4.77626
2.90905
1.99392
1.83284
1.46669
1.12444
0.927014
0.821978
0.77673
61.8415
25.5248
29.7082
27.3723
21.3771
19.337
18.114
17.4397
16.3105
11.658
7.68516
6.05474
4.33927
3.674
3.90524
3.22233
1.64829
1.57584
1.37211
1.16198
1.01275
0.857865
0.887078
36.5169
17.3201
27.2277
26.5955
22.2139
19.1113
18.2202
18.2122
17.1349
15.1372
4.8755
1.16171
2.78066
2.84372
2.81513
2.00182
1.54226
1.40674
1.24976
1.10297
0.992346
0.909151
0.823655
46.0695
26.6187
25.8118
30.9632
21.7957
16.7446
17.5899
17.9957
17.4458
9.58489
-11.7928
-9.42184
0.513465
1.97677
1.84267
1.55812
1.39412
1.25106
1.11552
0.991614
0.88489
0.790209
0.703233
46.8902
29.1273
13.6645
7.00176
4.56957
9.34717
16.5932
16.564
6.6232
-1.1418
-3.89165
-3.92847
0.41911
1.45568
1.38381
1.31884
1.20682
1.08824
0.969394
0.857349
0.755662
0.663691
0.579572
21.4938
5.07907
3.4489
1.13425
1.70119
-1.83112
-3.95083
-1.04869
-0.753773
-1.3955
-2.372
-0.878706
1.05683
1.09594
1.11841
1.10541
1.02312
0.921873
0.814217
0.709383
0.6111
0.520461
0.437587
-10.7719
-6.37715
0.877973
0.700399
0.403655
-1.2273
-3.39626
-2.7809
-2.10408
-1.52506
-0.255045
1.35717
1.37573
0.909984
0.987005
0.948002
0.859544
0.758101
0.653887
0.552252
0.455977
0.366462
0.284406
-116.052
55.2215
0.82006
-1.18776
-2.4257
-5.28966
-8.20164
-6.12277
-3.93175
-1.81619
0.207925
1.41608
1.39969
1.08304
0.992104
0.822889
0.708123
0.595606
0.489282
0.388284
0.292862
0.203937
0.122401
0.741004
6.51246
-7.28755
-5.3681
-8.05387
-11.9327
-13.6743
-11.7658
-7.31332
-3.14182
0.170907
1.44907
1.44094
1.21637
0.932686
0.700626
0.548023
0.425796
0.318381
0.218026
0.122804
0.0336932
-0.047858
38.6286
-27.4207
-10.7199
-10.8155
-14.7597
-19.6529
-20.3482
-16.381
-9.46914
-3.51317
-0.826636
1.29962
1.22747
0.974371
0.713047
0.507191
0.357411
0.241466
0.140046
0.0420321
-0.0538021
-0.144362
-0.226738
41.52
-9.539
-8.41204
-11.5699
-17.474
-22.5042
-23.0294
-17.796
-9.58862
-3.05781
-0.177237
0.439222
0.938483
0.652862
0.426799
0.255461
0.133227
0.0429928
-0.042084
-0.1372
-0.236576
-0.33109
-0.415406
36.4244
-0.138941
-4.45644
-7.53077
-14.0074
-18.2599
-18.5498
-13.9927
-8.05745
-2.78184
-0.0969591
0.629279
0.427418
0.241674
0.0720286
-0.0498814
-0.12597
-0.163137
-0.216269
-0.315032
-0.426484
-0.529274
-0.616478
18.2515
5.06522
0.497966
-2.45845
-5.98213
-9.12678
-10.0984
-9.19677
-7.35493
-4.86497
-1.81002
-0.205399
-0.18226
-0.338369
-0.35999
-0.417771
-0.443799
-0.378514
-0.355405
-0.489592
-0.631683
-0.746396
-0.835272
7.70217
8.40211
3.43208
2.56807
0.354276
-2.52568
-3.74598
-5.45222
-8.08202
-11.1521
-6.57132
-2.99817
-1.23677
-0.872334
-0.825569
-0.872865
-0.970579
-0.828528
-0.551012
-0.699049
-0.875221
-0.997444
-1.08068
-8.39409
-3.72477
2.02354
7.5675
3.39557
0.868948
-0.439085
-3.14803
-5.42406
-10.2141
-8.70742
-5.94256
-4.83135
-1.32417
-1.25853
-1.39332
-1.49729
-1.72581
-1.07327
-0.971563
-1.21147
-1.30662
-1.36435
-3.18502
-2.5137
-0.393938
9.7423
1.42088
0.980986
-0.934524
-3.05154
-5.7289
-9.59854
-7.12454
-5.69523
-4.77568
-1.97427
-1.91309
-2.25802
-1.93806
-2.36217
-2.21333
-2.16956
-1.73871
-1.68129
-1.68451
-0.43493
-0.606048
4.27455
2.67723
0.128361
-0.0307512
-0.66936
-2.35253
-4.57947
-13.7075
-5.95869
-4.81638
-3.84879
-2.33927
-2.22671
-2.26557
-2.07784
-3.17614
-3.22085
-2.94116
-2.23555
-2.04456
-2.00072
-0.109555
-0.487212
-0.863635
-1.00497
0.427485
-0.210169
-1.07576
-2.28227
-3.9531
-5.50112
-4.83027
-3.76081
-2.63105
-2.12469
-1.74094
-1.91004
-2.10374
-2.72885
-2.95275
-2.6929
-2.43705
-2.31199
-2.2675
1.23801
-0.13699
-0.388949
-0.40477
0.0854458
-0.509783
-1.23254
-1.93987
-2.69897
-3.51287
-3.48291
-2.99879
-2.49883
-2.09646
-1.92236
-2.06159
-2.312
-2.58968
-2.70908
-2.6676
-2.58367
-2.52351
-2.49771
-1.35812
0.0205444
0.0152237
0.268765
-0.179824
-0.579026
-1.044
-1.60513
-2.23325
-2.79573
-2.9676
-2.83537
-2.59302
-2.37805
-2.32136
-2.40212
-2.55264
-2.69817
-2.77189
-2.77559
-2.74874
-2.72421
-2.71456
-1.33784
0.102633
0.423733
-0.127891
-0.230097
-0.611382
-1.05744
-1.57195
-2.13063
-2.60111
-2.83616
-2.85898
-2.76613
-2.67549
-2.65729
-2.70823
-2.79575
-2.87683
-2.92401
-2.93763
-2.93362
-2.92764
-2.92873
0.317612
0.69246
1.03908
-0.182664
-0.380359
-0.746624
-1.24768
-1.75431
-2.27594
-2.70935
-2.96773
-3.04839
-3.02685
-2.98886
-2.98071
-3.00716
-3.05198
-3.09436
-3.1218
-3.13363
-3.13648
-3.13817
-3.14439
13.4999
3.61214
0.38589
-0.0649154
-0.481619
-1.00656
-1.6035
-2.11602
-2.6164
-3.02827
-3.28087
-3.37246
-3.36782
-3.33808
-3.31784
-3.31598
-3.32644
-3.33946
-3.34862
-3.35261
-3.35394
-3.3563
-3.36304
17.3788
4.24954
0.978979
-0.260309
-0.784021
-1.52419
-2.16594
-2.69471
-3.19097
-3.58467
-3.80957
-3.86196
-3.81412
-3.74899
-3.69061
-3.64872
-3.62293
-3.60725
-3.59655
-3.58848
-3.58305
-3.58133
-3.58471
11.4698
7.5481
5.15801
-1.21586
-1.71816
-2.34588
-2.97706
-3.54938
-4.08476
-4.47567
-4.6483
-4.60684
-4.43347
-4.26207
-4.11744
-4.01386
-3.94263
-3.89417
-3.86042
-3.83681
-3.821
-3.81199
-3.80949
-0.77506
7.05333
0.0251206
-7.69556
-8.48947
-4.84502
-3.99353
-4.58493
-5.18305
-5.72781
-5.8651
-5.65094
-5.24226
-4.89841
-4.61168
-4.41302
-4.28287
-4.19509
-4.13447
-4.09246
-4.064
-4.04602
-4.03668
-14.9669
-12.0713
-7.87763
-12.0113
-13.6262
-10.4042
-4.98702
-5.77108
-6.50386
-6.88353
-6.85098
-6.59737
-6.13424
-5.64038
-5.17088
-4.83893
-4.63285
-4.49864
-4.40869
-4.34776
-4.3068
-4.28029
-4.26465
-14.7882
-15.2
-12.6199
-14.543
-15.7517
-14.4954
-6.99695
-7.17262
-7.74486
-7.89405
-7.7222
-7.29452
-6.88244
-6.47699
-5.79684
-5.25576
-4.96037
-4.78224
-4.66864
-4.59398
-4.54443
-4.51194
-4.49161
-15.2987
-15.5909
-16.5289
-15.7393
-16.2279
-14.4899
-8.63917
-8.60223
-8.91053
-8.77738
-8.38758
-7.85551
-7.43533
-7.35239
-6.49443
-5.58347
-5.22001
-5.02536
-4.90556
-4.82744
-4.77505
-4.73971
-4.71641
-15.8894
-16.0777
-17.8046
-15.69
-15.0996
-14.0545
-8.3678
-9.36569
-10.2701
-9.87516
-9.03085
-8.2934
-7.62615
-7.54004
-6.66958
-5.72177
-5.40832
-5.23562
-5.12567
-5.0516
-5.00002
-4.96377
-4.9386
-16.3507
-16.9377
-19.8882
-14.8769
-14.1576
-13.6025
-8.78281
-9.57246
-11.2886
-10.6592
-9.40019
-8.63666
-7.80926
-7.34774
-6.29971
-5.79367
-5.57537
-5.43383
-5.33825
-5.27051
-5.22105
-5.18465
-5.15813
-14.5912
-14.7159
-16.3079
-14.096
-11.5723
-10.6681
-8.21521
-8.83785
-10.3381
-10.0954
-9.04922
-8.54472
-7.80747
-6.85363
-6.13518
-5.87448
-5.7276
-5.62268
-5.54479
-5.48502
-5.43856
-5.40253
-5.37495
-16.3843
-13.9598
-15.0177
-16.9593
-10.5075
-7.21872
-6.95698
-7.2558
-7.86527
-8.31839
-8.03867
-7.7486
-6.98574
-6.14204
-6.01892
-5.93653
-5.86772
-5.80618
-5.74884
-5.69769
-5.65418
-5.6184
-5.58973
-13.6584
-13.028
-15.1933
-31.0671
-13.388
-6.41654
-6.17589
-6.14666
-6.40087
-6.71681
-6.72312
-6.56489
-5.90385
-5.77024
-5.83478
-5.95744
-6.01198
-5.99528
-5.9541
-5.90861
-5.86646
-5.83018
-5.80016
354.32
412.436
423.65
259.786
123.472
119.119
103.056
57.6116
41.6197
41.313
30.5109
19.3599
2.6456
4.07241
2.30117
2.53864
1.77847
1.28421
1.27828
1.21569
0.920417
0.946319
0.981566
0.996048
0.684356
0.659158
0.700991
0.779912
0.62488
0.544507
0.553852
0.663421
0.701644
0.644372
0.626209
0.707155
0.845168
0.783351
0.741886
0.74413
0.753488
0.726164
0.70503
0.686215
0.658009
0.628206
0.599726
0.573198
0.533882
0.500622
0.469481
0.44025
0.391818
0.358072
0.326141
0.295902
0.238922
0.205273
0.173295
0.142897
0.0772111
0.0437852
0.012087
-0.017952
-0.0928871
-0.126078
-0.157361
-0.186799
-0.271768
-0.304714
-0.335522
-0.364281
-0.460516
-0.493103
-0.52325
-0.55116
-0.661238
-0.692884
-0.721666
-0.748094
-0.877794
-0.906765
-0.932267
-0.955419
-1.11673
-1.13962
-1.15832
-1.17404
-1.38826
-1.40189
-1.40923
-1.41478
-1.69663
-1.70821
-1.72072
-1.7452
-2.00646
-2.02378
-2.05974
-2.12804
-2.26689
-2.27641
-2.29644
-2.32893
-2.49687
-2.50177
-2.51106
-2.52386
-2.71698
-2.7223
-2.72976
-2.73894
-2.93429
-2.94103
-2.94991
-2.96075
-3.1517
-3.15931
-3.16935
-3.18069
-3.37026
-3.3775
-3.38643
-3.39656
-3.58972
-3.59499
-3.60134
-3.60901
-3.81111
-3.8137
-3.81746
-3.8225
-4.03471
-4.03467
-4.03597
-4.03861
-4.25949
-4.25717
-4.25634
-4.25689
-4.48395
-4.47977
-4.47713
-4.47586
-4.70691
-4.70125
-4.69708
-4.69423
-4.92768
-4.92082
-4.91535
-4.91112
-5.14604
-5.13814
-5.13154
-5.1261
-5.36184
-5.35303
-5.34543
-5.33892
-5.57561
-5.56591
-5.55735
-5.54982
-5.785
-5.77442
-5.76496
-5.75653
4.25805
-3.39085
91.2257
157.455
110.366
52.8159
72.9556
55.5756
54.5578
29.5062
13.5804
15.9785
0.166585
7.39815
20.7675
40.5901
122.765
97.5006
89.7519
-21.4134
-27.5329
-20.7358
2.90135
33.6061
24.6793
35.666
18.3225
15.1231
-5.10199
-7.99951
5.93201
4.38559
14.9934
16.5896
43.285
60.1424
59.3185
57.0908
-23.5913
-27.3305
-25.733
-27.7398
-3.48608
-7.94148
1.5996
11.356
10.3652
8.48402
5.19916
4.48557
3.89102
3.02302
13.5902
24.639
11.7463
17.8094
29.9576
-2.39153
-26.3229
-25.7947
-27.3838
-11.9204
3.75064
-9.00475
7.34389
8.2262
7.79254
5.40235
3.83935
3.51717
2.93183
0.612916
0.340793
6.46839
6.73012
18.2109
1.03805
5.43962
-17.584
-37.6484
-22.9272
63.562
16.6371
9.2327
6.59412
6.92203
6.29338
2.98426
2.66486
2.09878
0.677168
1.21918
4.26978
5.45894
5.43028
1.0427
1.02934
4.04348
15.485
20.9844
34.7791
2.39163
2.57365
7.10123
4.85875
3.36126
2.54039
1.96253
1.40504
0.740161
0.616551
2.42354
3.70139
4.06572
0.926244
0.972336
1.00986
1.15952
1.6362
1.63068
1.55937
1.72109
3.42478
1.28765
1.64765
2.34075
1.47796
1.06275
0.618997
0.619748
1.32947
2.3494
3.03774
0.865693
0.923871
0.91923
0.885974
0.98196
1.1415
1.17617
1.6186
2.11811
0.872103
1.26504
1.86484
0.714381
0.786491
0.8106
0.844765
1.19754
1.71352
2.16932
0.819687
0.851266
0.845575
0.863693
0.945284
0.946778
0.732819
1.17511
2.07137
2.03074
-2.08011
-4.09701
0.0571046
0.406652
0.598976
0.729747
0.944092
1.49961
1.70731
0.754064
0.739434
0.72547
0.728287
0.756099
0.740168
0.474739
0.441729
1.20553
0.963486
1.40157
-0.984432
-0.58147
-0.282223
-0.0113708
0.154339
0.116259
0.651749
1.01434
0.650955
0.613905
0.585891
0.570481
0.570296
0.513922
0.227556
-0.0111251
-0.0046545
-0.382984
-0.524508
-0.928409
-1.21742
-0.946815
-0.72324
-0.414712
-0.521796
-0.109288
0.220709
0.5247
0.476138
0.434883
0.398209
0.363344
0.222428
-0.162263
-0.65512
-0.897055
-1.05086
-0.890495
-1.28728
-1.67107
-1.36487
-1.03581
-0.5945
-0.446193
-0.443609
-0.252931
0.386162
0.33026
0.278633
0.224485
0.157342
-0.0189281
-0.385867
-1.05494
-1.44598
-1.53146
-1.3103
-1.48473
-1.79629
-1.49045
-1.04987
-0.666455
-0.405616
-0.692765
-0.46692
0.239367
0.179869
0.123506
0.0633213
-0.0128976
-0.145358
-0.414268
-0.934351
-1.58083
-1.22631
-1.14396
-1.38032
-1.65875
-1.35941
-1.03891
-0.722223
-0.442973
-0.554732
-0.476324
0.0859996
0.0263204
-0.0290783
-0.0847965
-0.147768
-0.227977
-0.340939
-0.494573
-0.60913
-0.458068
-0.534213
-1.06045
-1.31249
-1.19678
-1.03386
-0.757513
-0.404308
-0.432304
-0.424677
-0.0738013
-0.131181
-0.181777
-0.22734
-0.269429
-0.307873
-0.329591
-0.313991
-0.192598
-0.0813686
-0.304569
-0.713015
-1.02027
-1.10004
-1.0268
-0.803727
-0.439829
-0.449971
-0.447921
-0.240871
-0.29475
-0.339009
-0.372931
-0.394428
-0.398841
-0.378244
-0.333128
-0.293281
-0.344898
-0.544784
-0.799569
-0.9591
-1.04851
-1.07005
-0.888579
-0.591212
-0.582873
-0.60216
-0.416373
-0.466765
-0.505258
-0.529194
-0.533998
-0.513142
-0.465139
-0.418164
-0.455386
-0.608606
-0.765321
-0.869159
-0.935758
-1.09083
-1.33913
-1.28731
-0.832856
-0.705506
-0.944157
-0.601189
-0.649061
-0.684178
-0.702348
-0.697213
-0.659132
-0.585868
-0.53297
-0.658788
-0.92807
-1.02766
-1.03451
-0.998702
-1.47564
-1.77956
-1.63073
-1.34778
-1.16268
-1.46753
-0.795356
-0.842291
-0.878034
-0.896663
-0.892437
-0.854385
-0.796758
-0.812385
-1.15922
-1.46718
-1.37591
-1.2989
-1.29523
-1.84491
-1.9629
-1.95983
-2.0003
-1.83159
-1.70748
-0.996889
-1.04492
-1.0866
-1.11171
-1.1217
-1.13943
-1.25654
-1.34436
-1.78892
-2.15078
-1.76511
-1.63021
-1.63264
-1.91299
-2.04335
-2.25906
-2.47359
-2.24983
-1.92401
-1.2
-1.25353
-1.31001
-1.34897
-1.37873
-1.56473
-1.6743
-1.76506
-2.03008
-2.20434
-1.9708
-1.82393
-1.75664
-1.95878
-2.14196
-2.4435
-2.65398
-2.44628
-2.1947
-1.39996
-1.47929
-1.56608
-1.60449
-1.72747
-1.84797
-1.88509
-1.96389
-2.08678
-2.16914
-2.06875
-1.97757
-1.95946
-2.04832
-2.22917
-2.64552
-2.75914
-2.52729
-2.31675
-1.76282
-1.83017
-1.85709
-1.92489
-2.07668
-2.12862
-2.12585
-2.15407
-2.20402
-2.24076
-2.17689
-2.09486
-2.12044
-2.15888
-2.39698
-2.92409
-2.8478
-2.50482
-2.29503
-2.26655
-2.18857
-2.05804
-2.22018
-2.34948
-2.44732
-2.37389
-2.33849
-2.36177
-2.3805
-2.32333
-2.22413
-2.18377
-2.28636
-2.5447
-2.87824
-2.80512
-2.47717
-2.29237
-2.41753
-2.43776
-2.33069
-2.38673
-2.54578
-2.64302
-2.58609
-2.52545
-2.54354
-2.5556
-2.55372
-2.49849
-2.43459
-2.49964
-2.73719
-2.83591
-2.80001
-2.63416
-2.47291
-2.55902
-2.60069
-2.63388
-2.63468
-2.6424
-2.67734
-2.72199
-2.72814
-2.74374
-2.75553
-2.76594
-2.78367
-2.80911
-2.8646
-2.9655
-3.02367
-3.01604
-2.92288
-2.80812
-2.75688
-2.80175
-2.87826
-2.9144
-2.88039
-2.85414
-2.93447
-2.93736
-2.94625
-2.95806
-2.97283
-2.99438
-3.02794
-3.08905
-3.17695
-3.24645
-3.21844
-3.13646
-3.09263
-2.9851
-3.04526
-3.11387
-3.11962
-3.11656
-3.12641
-3.12945
-3.136
-3.14591
-3.15855
-3.17466
-3.19631
-3.22641
-3.26975
-3.32964
-3.39054
-3.36265
-3.2906
-3.28376
-3.21002
-3.25584
-3.30625
-3.33909
-3.34896
-3.34393
-3.3297
-3.3336
-3.34382
-3.35666
-3.37227
-3.39159
-3.41556
-3.44412
-3.47503
-3.4976
-3.47111
-3.44943
-3.49137
-3.42262
-3.46746
-3.51976
-3.57899
-3.61476
-3.59788
-3.54129
-3.53221
-3.54127
-3.55335
-3.56732
-3.5835
-3.6019
-3.62156
-3.63969
-3.65024
-3.64602
-3.64734
-3.6768
-3.62913
-3.67034
-3.72763
-3.79325
-3.8328
-3.81704
-3.75239
-3.73125
-3.73949
-3.74975
-3.76134
-3.77426
-3.78816
-3.80209
-3.81424
-3.8222
-3.8255
-3.82909
-3.84126
-3.83618
-3.86225
-3.90269
-3.94845
-3.9778
-3.97401
-3.94916
-3.93563
-3.93946
-3.94641
-3.95513
-3.96496
-3.97535
-3.98549
-3.99431
-4.00092
-4.00588
-4.00939
-4.01456
-4.04743
-4.06439
-4.08787
-4.11327
-4.13324
-4.14156
-4.14454
-4.13913
-4.1386
-4.14261
-4.1487
-4.15588
-4.16352
-4.17096
-4.17754
-4.18283
-4.18713
-4.19002
-4.19172
-4.26148
-4.27241
-4.28769
-4.30416
-4.31775
-4.32815
-4.33408
-4.33403
-4.33481
-4.3376
-4.34184
-4.34695
-4.35244
-4.35781
-4.36261
-4.36655
-4.36958
-4.37133
-4.371
-4.47674
-4.48279
-4.49234
-4.50312
-4.51256
-4.52084
-4.52588
-4.52792
-4.52944
-4.53162
-4.53457
-4.53808
-4.54186
-4.54556
-4.54886
-4.55151
-4.55329
-4.55393
-4.55229
-4.6918
-4.69363
-4.69865
-4.70505
-4.71119
-4.71646
-4.72013
-4.72216
-4.7236
-4.72516
-4.72706
-4.72927
-4.73163
-4.73394
-4.73597
-4.73749
-4.73824
-4.73801
-4.73576
-4.90573
-4.90385
-4.90501
-4.90776
-4.91089
-4.91368
-4.91572
-4.91695
-4.91776
-4.91853
-4.91945
-4.92051
-4.92167
-4.9228
-4.92372
-4.92428
-4.92424
-4.92345
-4.92118
-5.11809
-5.11292
-5.11078
-5.11043
-5.1109
-5.11155
-5.11199
-5.11211
-5.11202
-5.11189
-5.11181
-5.11183
-5.1119
-5.11197
-5.11193
-5.11167
-5.11101
-5.10989
-5.10786
-5.32859
-5.32058
-5.31562
-5.31267
-5.31088
-5.30966
-5.30861
-5.30756
-5.30646
-5.30536
-5.30429
-5.30328
-5.30234
-5.30141
-5.30048
-5.29948
-5.29831
-5.2969
-5.29512
-5.53736
-5.52686
-5.51951
-5.51437
-5.51068
-5.50784
-5.50544
-5.50324
-5.50111
-5.49901
-5.49695
-5.49494
-5.49299
-5.49111
-5.48931
-5.48759
-5.48593
-5.48418
-5.48231
-5.74225
-5.72967
-5.7204
-5.71354
-5.70834
-5.7042
-5.70065
-5.69742
-5.69433
-5.69129
-5.68826
-5.68528
-5.68236
-5.67956
-5.67692
-5.6745
-5.67233
-5.67021
-5.66786
1225.08
1188.62
1177.47
1161.94
1140.6
1113.01
1078.66
1035.77
983.456
922.881
859.393
800.614
759.306
732.78
729.989
743.976
764.121
773.65
816.515
831.443
836.23
822.491
803.474
1167.6
1132.01
1119.83
1103.87
1083.13
1056.15
1022.12
978.989
925.881
864.436
799.874
739.71
695.041
667.38
664.767
681.889
705.989
710.911
734.238
768.36
778.2
762.714
740.239
1111.09
1075.72
1062.81
1046.9
1027.2
1001.4
967.562
923.924
869.297
805.031
736.14
672.455
624.786
595.216
592.069
613.02
645.947
661.954
665.782
712.209
724.327
703.212
672.56
1054.48
1018.58
1005.06
990.924
972.559
948.054
914.852
870.643
813.57
744.594
668.529
599.538
549.402
515.511
510.991
537.629
576.01
608.274
617.313
666.876
677.081
643.59
598.433
997.215
959.382
946.202
936.001
919.328
896.261
864.016
819.281
758.837
683.21
596.24
520.029
468.178
423.932
416.599
454.993
499.605
543.84
579.015
628.878
638.314
579.111
512.184
938.813
899.033
887.456
882.401
867.622
846.09
815.126
770.08
704.894
621.011
520.731
449.98
407.316
328.398
302.435
364.033
420.901
475.807
535.289
592.717
608.675
489.648
398.382
879.883
839.565
829.963
830.513
817.413
797.474
768.216
723.663
652.165
569.181
489.519
423.438
374.168
244.119
183.82
265.138
339.787
404.961
477.664
552.145
587.064
412.025
272.104
821.813
782.878
775.295
780.263
768.43
750.159
723.113
678.629
603.1
551.809
458.392
384.206
319.929
179.51
93.1419
166.231
257.432
330.361
408.747
502.372
549.233
372.884
226.642
646.183
589.553
560.579
510.596
421.284
440.916
463.808
452.257
552.218
600.798
497.906
291.948
226.114
247.172
339.997
467.849
442.71
387.075
460.406
575.823
521.142
465.81
437.944
373.15
383.829
398.544
399.084
497.451
526.443
423.707
173.007
131.083
145.756
223.011
415.694
397.017
276.739
348.132
518.792
470.993
306.234
321.756
308.299
331.548
340.7
348.954
397.775
441.985
321.742
70.1194
32.4405
35.1022
83.1
288.629
326.641
227.889
276.821
489.15
420.086
257.729
284.813
258.072
263.051
261.907
312.474
297.21
335.208
216.661
50.7607
16.8898
14.9435
21.751
125.849
251.879
206.692
239.876
445.139
372.688
255.418
274.618
244.92
195.391
174.838
256.253
208.183
155.091
93.975
36.3479
9.1535
7.78462
12.9613
38.2518
183.274
174.21
208.977
377.815
342.879
257.383
268.227
255.434
133.62
134.091
181.993
130.754
62.8723
38.1685
26.807
-4.40988
1.2022
8.25433
21.1788
146.93
164.919
182.456
313.681
289.214
238.66
234.877
235.549
109.145
99.7868
140.152
81.0625
56.534
31.7518
22.059
-12.0968
-2.73066
5.23066
20.7302
135.335
157.122
157.163
235.82
129.041
147.693
171.291
197.668
90.6523
83.3526
104.29
55.1987
60.3245
27.752
17.4798
-4.70187
2.03758
7.48279
23.8439
108.964
131.976
112.413
750.146
686.367
684.722
690.511
679.578
664.475
643.392
615.529
559.51
474.273
381.98
317.688
243.103
88.7389
-8.54898
55.0208
141.328
201.757
252.804
350.005
329.573
171.427
153.066
638.811
579.84
582.348
583.81
572.36
559.035
538.595
492.041
318.176
103.485
147.949
96.0078
78.1066
75.4959
23.3766
50.7869
80.9019
86.0053
87.1488
96.2802
43.1622
-5.4429
19.3308
529.79
466.408
467.499
461.822
451.193
441.183
400.446
287.516
35.4182
-57.1734
33.196
33.0419
24.6625
14.121
16.4793
19.1273
21.1883
26.0951
19.0494
-0.309439
9.52281
10.786
5.7594
413.594
343.272
337.575
323.764
311.68
309.654
287.279
123.498
27.4206
-2.34311
9.97995
17.499
11.76
13.689
20.5747
16.591
18.4485
17.8166
-6.70915
-2.56782
-1.46631
-0.899541
0.463278
296.373
226.774
199.864
184.739
158.436
141.556
150.241
62.51
13.9094
6.97254
0.321001
1.7908
9.56655
12.3849
10.2383
11.7142
13.1346
6.40259
-4.40276
-1.22107
-1.11079
-0.862229
0.556142
214.484
130.572
67.2654
79.8073
42.1164
45.0325
66.3299
69.7031
18.3211
1.69066
-1.59211
1.92369
9.38103
9.1407
7.86992
9.70761
5.64384
1.89345
1.51188
0.349616
0.0819233
0.290939
0.835078
181.443
114.234
31.2173
31.9281
31.567
28.6509
46.0557
31.0689
19.4321
15.0579
6.40596
11.1324
11.3899
4.14242
5.12393
3.11809
1.27864
1.6875
1.5884
1.25248
0.499889
0.51113
0.843751
206.304
155.348
38.6945
30.1217
24.069
17.4549
24.6177
25.0604
18.9661
17.5399
8.91836
7.51492
6.93044
2.85298
5.69926
2.48687
1.32262
1.95814
1.64756
1.32674
0.956235
0.839624
0.795026
145.158
81.5169
32.8459
29.2489
24.9716
20.902
19.7223
19.8141
16.9853
15.4633
7.45555
7.27212
5.91609
5.34207
4.35932
4.9227
2.0766
1.78623
1.55518
1.28822
1.02728
0.900084
0.803355
45.0954
18.4247
26.2902
28.3635
22.9952
20.2523
18.3129
18.3086
16.9647
15.6342
10.3575
6.13453
4.50243
3.39974
3.21265
3.10424
1.85822
1.568
1.40278
1.22457
1.08125
0.985284
0.932129
56.2332
5.24857
26.1851
28.9992
26.4756
19.5159
17.9009
18.1457
17.8654
16.433
7.79024
-11.14
-1.20525
2.2416
2.34865
1.8893
1.55022
1.40305
1.25614
1.11499
0.993364
0.89261
0.797505
81.6336
49.0395
22.8511
21.8059
20.8827
13.8699
17.1731
17.7125
17.6535
10.3143
-1.6109
-9.2026
-3.08679
1.69719
1.63752
1.53294
1.36902
1.23597
1.10641
0.983652
0.873044
0.775254
0.686241
72.8925
31.0025
6.16454
3.98671
0.732345
1.32273
4.09437
7.57867
0.802046
-0.382808
-2.30659
-2.99044
-0.580514
1.40598
1.18023
1.24321
1.16061
1.06019
0.948632
0.83783
0.733721
0.638242
0.550887
28.6917
3.63559
4.78809
1.78243
1.28445
0.764861
-3.23948
-2.97516
-1.69044
-1.29836
-1.51089
-0.768007
0.794714
1.24909
0.875369
1.04831
0.983736
0.890868
0.787099
0.682599
0.582377
0.48872
0.402422
22.4924
-18.2641
1.33255
0.319292
-0.30422
-1.39008
-3.47192
-4.35869
-3.08834
-2.33838
-0.805162
1.00385
1.53603
1.08814
0.976643
0.933784
0.833288
0.730214
0.624317
0.52105
0.422432
0.329873
0.244344
-41.7143
-54.0181
5.25042
-1.96231
-3.63651
-6.60099
-10.0618
-10.5153
-7.65785
-3.74992
-1.36548
1.23833
1.52323
1.3306
1.11482
0.86343
0.69717
0.569757
0.457475
0.353653
0.255578
0.163355
0.0780495
16.8703
16.3127
-17.0232
-7.78113
-9.54028
-14.0149
-17.2501
-16.0726
-11.5072
-5.83746
-1.82812
0.818261
1.42847
1.23836
0.968798
0.711743
0.528903
0.393343
0.281667
0.179862
0.0823984
-0.0103774
-0.0963191
44.1356
9.17582
-12.3773
-10.5416
-14.128
-19.5502
-22.9555
-20.589
-14.0021
-6.21851
-1.55554
0.474366
1.16668
0.942491
0.693796
0.475471
0.313328
0.19386
0.0961433
0.00110864
-0.0961969
-0.191406
-0.279402
45.3958
-2.34824
-4.99542
-8.03913
-13.5924
-19.2321
-22.3145
-19.6894
-12.6115
-5.54877
-0.998631
0.479196
0.834104
0.54864
0.354114
0.177961
0.0536349
-0.027942
-0.092414
-0.176811
-0.278526
-0.380717
-0.47299
43.3674
5.74921
1.05327
-3.73143
-7.29501
-12.073
-14.3515
-13.1247
-9.57287
-5.29523
-1.78401
0.042888
0.465272
0.0466329
-0.083221
-0.183368
-0.256612
-0.274957
-0.267826
-0.343531
-0.465322
-0.58281
-0.681482
38.5975
5.13638
3.97119
0.972353
-0.93574
-4.06057
-6.04005
-6.80848
-7.56372
-7.57856
-5.95868
-2.29594
-0.396645
-0.699271
-0.592119
-0.606949
-0.657385
-0.616802
-0.433577
-0.503643
-0.676916
-0.810971
-0.913667
27.9966
-0.388207
3.41046
3.94661
4.91801
0.643088
-1.30581
-2.96523
-5.01091
-9.5375
-10.8401
-6.48968
-4.30288
-1.42218
-1.05929
-1.06627
-1.15952
-1.36887
-1.18049
-0.693829
-0.940242
-1.0912
-1.18432
-3.98939
-2.35807
-9.3341
5.37676
6.77057
1.39154
0.530701
-2.1169
-4.64997
-5.64328
-8.50119
-7.35397
-5.33724
-3.87982
-1.38177
-1.85685
-1.7903
-1.78755
-1.76292
-1.311
-1.48388
-1.47134
-1.50501
-4.8853
-0.439382
-0.0228785
8.04759
5.43759
0.434319
-0.122851
-1.42288
-3.99426
-10.9079
-7.06264
-6.20142
-4.54392
-4.05333
-1.92987
-2.49702
-2.16693
-2.37464
-3.11095
-3.10359
-2.27429
-1.92282
-1.85166
-1.3328
-0.224794
-0.278147
-0.217546
0.646948
-0.0657395
-0.404801
-1.51476
-3.10559
-6.12727
-5.57764
-5.04365
-3.78576
-2.54255
-2.0701
-2.02404
-2.03654
-2.41459
-3.11632
-3.05615
-2.52574
-2.2518
-2.15563
-0.0568272
-0.105928
-0.300138
-0.534318
-0.291959
-0.0420616
-0.802667
-1.69845
-2.65543
-4.09524
-4.32518
-3.86538
-2.80784
-2.28982
-1.76707
-1.82288
-2.0337
-2.40297
-2.72136
-2.72596
-2.57338
-2.45699
-2.39745
11.3228
-0.0960757
-0.0896111
-0.083652
0.324766
-0.247795
-0.869476
-1.4137
-2.06227
-2.75775
-3.07588
-3.00605
-2.72082
-2.3643
-2.13458
-2.17091
-2.32946
-2.54235
-2.69581
-2.72964
-2.68915
-2.64141
-2.61261
5.53617
0.426427
0.136089
0.170413
-0.00534969
-0.334922
-0.801146
-1.29015
-1.85234
-2.41106
-2.78614
-2.86869
-2.75516
-2.58955
-2.49544
-2.51514
-2.61181
-2.73119
-2.8179
-2.85063
-2.84625
-2.83115
-2.82185
-5.34381
1.45801
0.934186
0.320812
-0.323185
-0.471852
-0.882696
-1.38422
-1.90613
-2.41588
-2.7813
-2.92749
-2.91847
-2.854
-2.81712
-2.83319
-2.88847
-2.95389
-3.00336
-3.02778
-3.03348
-3.03216
-3.03314
-0.0940088
3.36189
1.32483
0.0540403
-0.26959
-0.62623
-1.13136
-1.65405
-2.17196
-2.65019
-2.99548
-3.16489
-3.19691
-3.17132
-3.14855
-3.15006
-3.17217
-3.20098
-3.22435
-3.23748
-3.24248
-3.24466
-3.24908
9.01569
5.1737
1.67196
0.1432
-0.344028
-0.867447
-1.57454
-2.11326
-2.62744
-3.08566
-3.41227
-3.56855
-3.58881
-3.55451
-3.51462
-3.48662
-3.47405
-3.47094
-3.47064
-3.46963
-3.46782
-3.46718
-3.47003
16.2043
13.7975
4.41565
0.179278
-0.863776
-1.52269
-2.2447
-2.81743
-3.34898
-3.80881
-4.10113
-4.21816
-4.15668
-4.04278
-3.94035
-3.85849
-3.80104
-3.76274
-3.73674
-3.71839
-3.70561
-3.69792
-3.69565
13.3505
8.65992
8.82588
-1.6799
-5.0447
-3.39438
-3.06844
-3.75612
-4.34041
-4.87713
-5.20759
-5.18861
-4.96033
-4.681
-4.45523
-4.27486
-4.15514
-4.07385
-4.01793
-3.9789
-3.95198
-3.93448
-3.92493
3.72582
-10.8918
-3.73485
-8.01535
-11.3816
-10.6031
-4.64661
-4.89821
-5.46369
-6.14755
-6.40959
-6.31907
-5.94398
-5.46173
-5.06468
-4.73743
-4.53219
-4.39746
-4.30652
-4.24413
-4.20147
-4.17318
-4.15592
-13.5774
-14.9071
-11.7205
-12.1707
-14.352
-14.6431
-8.04514
-6.30555
-6.76813
-7.34401
-7.37798
-7.14805
-6.76561
-6.28653
-5.76762
-5.22953
-4.91192
-4.71494
-4.58769
-4.50343
-4.44709
-4.40983
-4.3862
-14.9129
-15.3336
-15.4924
-15.7834
-16.0429
-15.8617
-10.8313
-7.77928
-8.12191
-8.3583
-8.24064
-7.84077
-7.3492
-7.08622
-6.63501
-5.71431
-5.2418
-4.99286
-4.84294
-4.74704
-4.68379
-4.64166
-4.61402
-13.4477
-15.4327
-16.3019
-16.4197
-15.6195
-15.044
-11.0589
-8.88595
-9.41893
-9.51689
-9.01045
-8.42321
-7.78364
-7.56142
-7.38548
-6.00856
-5.4627
-5.21455
-5.06867
-4.97489
-4.9118
-4.86845
-4.83877
-15.1883
-16.095
-18.565
-18.2475
-14.785
-14.3087
-12.4126
-8.78173
-10.3129
-10.8306
-9.80908
-8.8695
-8.04291
-7.5794
-7.14668
-6.01032
-5.60337
-5.40499
-5.27911
-5.19405
-5.13421
-5.09128
-5.06051
-14.5478
-15.9003
-17.3993
-16.5085
-12.9043
-12.9619
-10.4028
-8.91873
-10.2184
-11.2273
-9.90829
-8.96701
-8.3225
-7.64515
-6.51299
-6.02303
-5.73582
-5.58551
-5.4822
-5.40785
-5.35251
-5.31075
-5.27936
-14.5489
-14.2814
-14.8954
-15.9218
-12.7414
-9.48869
-7.59047
-7.82767
-8.399
-9.35253
-8.92894
-8.38119
-7.9276
-6.91207
-6.17713
-5.9838
-5.84936
-5.75439
-5.67916
-5.61786
-5.56791
-5.52771
-5.49589
-14.4434
-13.4928
-13.7822
-19.3566
-16.9622
-8.04444
-6.41213
-6.59501
-6.77315
-7.32353
-7.49161
-7.31743
-6.89455
-6.06858
-6.02125
-5.96603
-5.94557
-5.91854
-5.87452
-5.82599
-5.78065
-5.74144
-5.70894
-8.09348
-22.2909
-12.8426
-32.6176
-30.9011
-8.03676
-6.04956
-5.94348
-5.98218
-6.12962
-5.90499
-5.86759
-6.36132
-6.48009
-5.18256
-5.86352
-6.10025
-6.1213
-6.08989
-6.04483
-5.99949
-5.95883
-5.92432
224.164
220.526
241.087
167.761
69.2246
74.1982
67.7139
56.5021
11.5417
20.6316
10.6206
8.38603
0.66304
0.549511
1.18344
1.2536
0.796479
1.2212
1.17017
1.13434
0.746665
0.757865
0.801256
0.851293
0.690722
0.59831
0.581159
0.646028
0.686321
0.600361
0.556221
0.603303
0.812413
0.758232
0.711548
0.706335
0.86394
0.798976
0.750154
0.734923
0.725403
0.696498
0.66896
0.644861
0.616309
0.582518
0.551356
0.522257
0.481995
0.447349
0.414724
0.38398
0.334093
0.299451
0.266598
0.235406
0.17655
0.142131
0.109441
0.0783852
0.0105608
-0.0236624
-0.0560621
-0.0866786
-0.16389
-0.197969
-0.230029
-0.260096
-0.347539
-0.381496
-0.413147
-0.442573
-0.542016
-0.575654
-0.606549
-0.63496
-0.750563
-0.782939
-0.81193
-0.838129
-0.978987
-1.00768
-1.03209
-1.05317
-1.23664
-1.25752
-1.27295
-1.28402
-1.53221
-1.54435
-1.55294
-1.55715
-1.85127
-1.86256
-1.88354
-1.92272
-2.14011
-2.14827
-2.16954
-2.21058
-2.38323
-2.38612
-2.39567
-2.41184
-2.60691
-2.60961
-2.61596
-2.62489
-2.82377
-2.8285
-2.83561
-2.84432
-3.03995
-3.04622
-3.05463
-3.06558
-3.25769
-3.26448
-3.27309
-3.28383
-3.47714
-3.48286
-3.48993
-3.49823
-3.6986
-3.70195
-3.70648
-3.71209
-3.92254
-3.92314
-3.92501
-3.92815
-4.14822
-4.14624
-4.14574
-4.14662
-4.37412
-4.36999
-4.36748
-4.36641
-4.59878
-4.59299
-4.58881
-4.58607
-4.82134
-4.81426
-4.80871
-4.80453
-5.04143
-5.0333
-5.02659
-5.02116
-5.25892
-5.24987
-5.24215
-5.23562
-5.47422
-5.46432
-5.45567
-5.44813
-5.68602
-5.67529
-5.66574
-5.65726
-5.89947
-5.88767
-5.87705
-5.86752
11.1668
-23.3482
-19.7101
50.6417
74.9856
59.6311
55.0199
58.7055
23.6306
27.7151
-19.878
9.64462
4.76484
6.05791
18.9339
31.2466
77.22
73.2353
62.098
-8.09986
-28.0327
-27.1626
-19.2669
-43.7751
8.54458
-1.13644
12.6082
13.068
10.6251
-1.67628
4.51896
4.45875
3.72718
20.1151
37.2505
35.8389
35.6367
43.0023
0.803639
-26.963
-25.496
-26.6573
-22.1311
-5.52771
-17.0287
-18.2761
8.58952
9.11056
6.69198
4.72178
3.95647
3.44852
2.07786
-5.9368
5.46065
8.96051
7.43829
1.20739
1.34478
-21.1602
-29.6158
-33.0419
13.9472
20.2314
-2.47817
7.94358
7.27118
7.29
3.17426
3.23605
2.892
1.88538
0.697192
3.57815
5.79183
7.40487
1.09918
1.01771
5.56022
-2.81521
-31.21
41.4622
34.3703
6.34038
13.8732
6.69324
5.27894
3.04637
2.4472
2.01743
1.2433
0.533632
2.05684
4.15165
4.78109
0.929255
1.01296
1.01208
1.87253
12.3731
14.1251
1.72848
1.91529
2.02143
2.15995
2.94949
3.14177
2.15709
1.43635
0.973883
0.443333
1.07949
2.33889
3.47449
0.799628
0.930621
0.945181
0.911273
0.942427
1.16825
1.33383
1.50342
1.75018
1.06975
1.14103
1.74752
1.79339
1.04362
0.818374
0.616029
0.997778
1.49054
2.25079
0.772226
0.8787
0.895259
0.884919
0.936257
1.03907
1.00955
1.1045
2.15578
1.65009
1.42797
-2.02815
0.328848
0.473258
0.744254
0.814935
0.917371
1.40024
1.75624
0.769467
0.797998
0.794197
0.791122
0.822395
0.858176
0.745512
0.42679
1.29592
1.88416
2.27814
-1.80729
-0.744452
-0.0896061
0.187547
0.44775
0.529318
0.846585
1.26304
0.720771
0.692134
0.66658
0.651734
0.657171
0.672621
0.551731
0.264757
0.334932
0.3824
-0.233631
-0.673976
-0.942144
-0.782871
-0.544848
-0.234001
-0.310766
-0.263015
0.593248
0.614215
0.567034
0.527811
0.497424
0.476603
0.453657
0.203691
-0.162856
-0.396607
-0.874826
-0.66243
-0.829652
-1.3912
-1.36527
-1.07849
-0.640553
-0.515479
-0.425885
0.00871937
0.485913
0.429428
0.379905
0.33419
0.285303
0.209236
-0.106283
-0.536138
-1.06171
-1.58972
-1.21066
-1.15763
-1.70001
-1.65037
-1.32316
-0.760646
-0.504948
-0.446049
-0.461888
0.34525
0.28387
0.227992
0.172598
0.107471
0.00653868
-0.241667
-0.696599
-1.36601
-1.98692
-1.10766
-1.28052
-1.68936
-1.6295
-1.25324
-0.86056
-0.536632
-0.466486
-0.655191
0.195875
0.132798
0.0750981
0.0183493
-0.0452249
-0.128603
-0.266116
-0.521793
-0.920186
-1.14077
-0.722399
-0.981978
-1.46593
-1.41066
-1.15559
-0.904194
-0.558442
-0.435295
-0.527129
0.0390591
-0.0232707
-0.0790005
-0.13073
-0.182138
-0.237723
-0.296945
-0.353114
-0.342008
-0.206578
-0.202605
-0.571999
-1.0645
-1.14341
-1.09718
-0.926137
-0.553833
-0.397296
-0.439985
-0.125203
-0.185271
-0.236785
-0.28035
-0.316107
-0.342596
-0.353604
-0.335601
-0.272227
-0.182544
-0.238961
-0.51193
-0.883181
-1.04374
-1.07027
-0.963495
-0.618774
-0.460044
-0.549604
-0.297592
-0.354835
-0.401598
-0.436778
-0.45787
-0.460369
-0.438126
-0.393342
-0.360351
-0.411301
-0.570437
-0.759491
-0.884066
-0.983309
-1.11786
-1.14149
-0.905835
-0.42504
-0.723178
-0.478932
-0.533496
-0.576495
-0.605428
-0.615846
-0.600958
-0.553741
-0.48908
-0.485666
-0.649512
-0.834398
-0.921539
-0.950176
-1.0211
-1.46109
-1.55478
-1.30659
-0.860477
-1.15918
-0.669812
-0.722053
-0.763585
-0.790488
-0.797107
-0.774896
-0.711506
-0.634001
-0.696883
-1.04045
-1.19924
-1.17115
-1.14711
-1.36846
-1.88528
-1.86014
-1.73041
-1.6045
-1.66206
-0.870144
-0.919657
-0.963363
-0.993532
-1.00536
-0.994558
-0.978121
-1.01374
-1.20144
-1.80618
-1.72025
-1.48948
-1.3851
-1.70134
-1.96854
-2.04834
-2.20547
-2.25664
-1.88268
-1.07868
-1.12182
-1.17478
-1.21301
-1.23786
-1.26895
-1.4408
-1.56465
-1.69686
-2.25777
-2.05129
-1.78997
-1.73082
-1.78576
-2.00227
-2.21862
-2.51348
-2.55938
-2.18857
-1.29626
-1.31847
-1.40435
-1.45639
-1.48784
-1.65779
-1.75248
-1.82072
-1.94211
-2.18215
-2.09793
-1.95087
-1.86847
-1.9264
-2.07429
-2.3284
-2.65614
-2.70427
-2.34511
-1.56121
-1.55607
-1.69056
-1.73453
-1.8068
-1.96182
-1.98748
-2.02547
-2.09059
-2.17863
-2.16701
-2.07308
-2.03867
-2.08351
-2.15953
-2.5829
-2.86855
-2.73413
-2.38047
-2.01771
-2.03581
-1.98425
-2.00986
-2.15041
-2.26267
-2.28603
-2.23245
-2.26171
-2.2986
-2.28331
-2.19425
-2.13214
-2.20355
-2.31082
-2.73168
-2.93357
-2.6519
-2.34343
-2.29694
-2.36856
-2.25501
-2.1806
-2.40288
-2.53426
-2.56916
-2.41552
-2.4391
-2.45811
-2.46108
-2.38842
-2.29067
-2.28051
-2.48308
-2.75666
-2.82209
-2.63984
-2.40973
-2.44369
-2.50528
-2.52259
-2.4727
-2.54684
-2.62922
-2.67171
-2.62084
-2.6355
-2.64981
-2.65793
-2.66657
-2.65588
-2.64843
-2.79172
-2.89901
-2.9361
-2.85263
-2.7151
-2.63939
-2.66908
-2.72226
-2.77705
-2.76778
-2.73077
-2.77852
-2.83996
-2.84087
-2.85115
-2.86298
-2.87867
-2.90391
-2.95057
-3.04106
-3.10813
-3.14029
-3.08236
-3.00594
-2.85833
-2.88641
-2.96989
-3.02122
-3.0198
-3.00391
-3.02572
-3.03411
-3.04133
-3.05217
-3.06591
-3.08439
-3.11096
-3.15229
-3.21684
-3.30008
-3.34103
-3.25827
-3.18996
-3.08136
-3.12542
-3.18247
-3.22407
-3.22334
-3.22895
-3.22845
-3.23065
-3.23947
-3.25109
-3.26539
-3.28355
-3.30715
-3.33809
-3.37747
-3.42171
-3.43694
-3.36265
-3.39161
-3.29896
-3.33757
-3.38558
-3.43587
-3.47362
-3.48053
-3.44804
-3.43003
-3.43705
-3.44854
-3.46223
-3.47851
-3.49793
-3.52045
-3.54439
-3.56485
-3.5666
-3.55232
-3.58392
-3.51141
-3.54652
-3.59869
-3.65991
-3.72166
-3.73281
-3.68453
-3.63128
-3.63553
-3.6457
-3.65776
-3.67145
-3.68679
-3.70324
-3.7192
-3.73162
-3.73614
-3.73564
-3.747
-3.72155
-3.74634
-3.78982
-3.84666
-3.89841
-3.90816
-3.88019
-3.83549
-3.8359
-3.8435
-3.853
-3.86379
-3.87556
-3.88765
-3.89892
-3.90781
-3.91351
-3.9174
-3.92239
-3.93417
-3.95061
-3.97602
-4.00934
-4.04064
-4.05448
-4.05203
-4.04095
-4.03812
-4.04168
-4.04812
-4.05607
-4.06484
-4.07375
-4.08201
-4.08882
-4.09407
-4.09833
-4.10138
-4.14966
-4.16032
-4.17697
-4.19712
-4.21618
-4.22799
-4.23737
-4.2395
-4.23655
-4.23835
-4.24262
-4.24828
-4.25464
-4.26113
-4.26719
-4.27234
-4.27646
-4.27969
-4.28074
-4.36685
-4.37265
-4.38325
-4.39645
-4.40927
-4.41885
-4.42761
-4.43057
-4.43147
-4.43331
-4.43636
-4.44032
-4.44479
-4.44938
-4.45368
-4.45736
-4.46022
-4.46214
-4.46158
-4.58422
-4.58577
-4.59156
-4.59968
-4.60804
-4.61507
-4.62096
-4.62404
-4.62573
-4.62741
-4.62957
-4.63222
-4.63518
-4.63822
-4.64106
-4.64344
-4.64515
-4.64595
-4.64442
-4.80065
-4.7984
-4.80008
-4.80406
-4.80877
-4.81304
-4.81656
-4.81874
-4.82009
-4.82123
-4.82252
-4.82405
-4.82575
-4.82749
-4.82909
-4.83036
-4.83109
-4.83109
-4.8293
-5.01551
-5.00988
-5.00799
-5.00845
-5.01002
-5.01178
-5.01328
-5.01421
-5.01471
-5.01505
-5.01541
-5.01589
-5.01647
-5.01708
-5.0176
-5.0179
-5.01785
-5.01731
-5.0157
-5.22839
-5.21977
-5.21479
-5.21226
-5.21116
-5.2107
-5.21041
-5.21002
-5.20948
-5.20887
-5.20827
-5.20774
-5.20727
-5.20685
-5.20639
-5.20584
-5.20512
-5.2042
-5.20287
-5.43949
-5.42824
-5.42062
-5.41558
-5.41224
-5.40988
-5.40801
-5.40633
-5.40471
-5.4031
-5.40152
-5.39997
-5.39849
-5.39706
-5.39567
-5.39431
-5.39295
-5.39167
-5.39054
-5.6473
-5.63372
-5.62387
-5.61677
-5.61158
-5.60763
-5.60441
-5.60157
-5.59891
-5.59633
-5.59377
-5.59125
-5.58879
-5.58641
-5.58413
-5.58199
-5.58001
-5.5783
-5.57719
-5.85622
-5.8404
-5.82854
-5.81969
-5.81299
-5.80773
-5.80333
-5.79942
-5.79574
-5.79214
-5.78854
-5.78494
-5.78139
-5.77793
-5.77466
-5.77164
-5.76895
-5.76663
-5.76506
1193.43
1183.11
1170.54
1152.08
1127.56
1096.81
1058.36
1010.8
953.806
891.153
828.397
777.587
743.821
728.468
735.523
753.769
763.69
811.864
818.785
836.827
831.142
812.605
799.024
1136.63
1126.22
1112.42
1094.23
1070.45
1040.19
1001.78
953.673
895.84
832.392
768.346
715.305
678.756
662.882
671.564
693.46
704.791
731.259
747.965
777.332
772.925
750.374
735.297
1080.33
1069.5
1055.32
1037.65
1015.17
985.587
947.075
897.986
838.101
770.75
702.773
646.433
607.384
589.907
600.388
628.377
658.537
662.469
688.133
722.975
717.246
685.173
667.395
1023.68
1011.42
998.604
982.302
961.254
932.68
894.27
843.751
780.361
706.866
632.001
572.277
530.108
508.254
522.038
555.75
596.9
606.421
642.698
676.943
665.345
614.348
594.285
965.708
951.255
942.157
928.319
908.768
881.476
843.441
791.118
722.788
640.287
555.075
492.424
444.457
411.635
433.822
477.015
522.575
557.81
607.395
639.692
618.33
535.428
514.79
906.615
890.386
886.669
875.847
857.821
832.034
794.733
740.221
665.276
570.521
478.948
429.374
376.388
296.781
331.718
393.352
447.953
504.46
567.438
609.064
571.021
415.558
425.937
847.756
830.668
832.813
824.92
808.357
784.315
748.328
692.091
609.462
528.395
454.257
400.543
318.838
193.439
216.65
305.599
371.835
440.01
516.514
582.141
532.807
291.325
332.958
790.56
773.975
780.782
775.265
760.108
738.058
704.076
642.928
578.823
503.005
418.147
358.572
253.933
120.706
106.069
217.525
293.03
368.354
454.012
543.543
490.549
256.077
261.049
577.242
614.041
519.579
468.932
422.759
458.857
450.739
492.006
590.666
570.374
386.403
241.569
231.885
271.974
431.185
469.961
413.219
403.589
476.974
501.104
513.403
447.034
393.051
373.772
399.596
386.65
439.677
516.066
514.466
263.819
138.314
134.576
168.27
321.976
434.578
321.93
295.345
402.976
485.366
386.45
293.514
326.101
321.929
334.169
342.467
375.757
410.885
456.782
146.742
44.73
30.8841
46.4299
166.035
340.856
261.506
239.237
329.074
469.058
298.467
260.852
293.467
255.557
263.796
274.246
338.534
317.235
321.436
91.0324
27.3928
14.2762
17.44
38.1967
246.051
229.749
210.93
276.355
425.249
286.878
253.361
283.228
204.852
182.702
213.494
263.324
209.623
108.298
64.2081
16.4517
5.97838
10.1738
16.8279
150.308
182.814
196.14
229.069
363.596
275.073
258.151
282.945
177.225
113.182
151.272
166.411
119.141
45.0907
38.9967
6.81935
-1.23329
4.58918
12.9732
72.7794
167.404
184.125
189.351
298.848
243.536
249.31
247.138
147.187
89.1478
134.984
107.388
78.9088
38.0519
33.0524
10.1393
-8.58762
1.14103
13.6656
40.869
176.574
166.179
157.08
152.7
123.762
185.677
203.402
129.458
62.6636
97.3256
75.2249
67.595
39.3872
21.0825
6.49219
-8.86718
2.96713
16.7152
39.376
153.374
128.849
122.036
690.247
681.154
690.849
685.57
672.533
655.174
629.122
594.018
516.369
425.378
349.779
287.914
169.07
31.0848
7.83865
100.375
176.793
224.536
299.049
369.825
248.775
137.579
201.926
581.956
578.657
587.245
578.161
565.956
550.032
522.873
434.535
177.606
118.508
153.254
71.0989
97.5639
49.0909
26.6794
70.4253
82.6323
86.5151
93.3746
78.747
10.7495
9.2909
47.9456
469.933
465.502
467.419
456.211
446.495
428.613
360.109
185.094
-73.0732
-4.01249
33.4413
30.2933
20.2618
26.6537
18.0485
20.3272
22.881
28.4433
3.83001
3.53792
12.6012
7.69628
10.3073
347.396
340.078
332.389
316.657
309.776
307.132
220.083
64.1653
0.818072
8.07994
12.5056
16.8298
12.7953
15.0503
15.5877
17.4682
19.4516
5.63842
-5.76156
-0.830378
-1.56094
0.313043
0.429803
238.411
211.508
192.639
169.803
145.253
149.238
128.175
23.1431
9.27429
1.95522
-0.188457
6.26953
11.4764
11.1409
10.7778
12.8559
10.6673
0.170099
-2.34394
-1.05715
-1.12643
0.384763
0.558538
166.267
83.7929
84.0099
55.7554
38.9504
58.7853
69.772
42.1638
10.7122
-1.88932
-0.976104
6.57783
9.85795
7.72382
9.00182
8.95727
2.34292
1.74455
1.18387
0.284607
0.0515903
0.678026
0.791624
169.828
52.6292
34.206
32.6502
29.3687
38.2986
42.8894
22.7964
19.5209
10.4052
3.48152
14.4108
7.57817
3.9412
4.95073
0.448255
1.64424
1.65512
1.47317
0.51492
0.481072
0.725826
0.763697
184.377
60.926
33.1665
27.0455
20.5737
21.0771
24.4252
20.388
18.8519
12.981
7.78291
7.32741
5.48224
5.9005
4.258
1.50974
1.77349
1.79415
1.4934
1.13695
0.88242
0.809723
0.751627
86.3743
38.14
31.7909
27.0771
23.4877
19.8954
19.8376
17.8999
17.1051
7.85137
7.682
6.56283
5.31979
5.3478
4.6891
3.95184
1.73733
1.68332
1.42476
1.1463
0.970237
0.80001
0.842533
48.7424
14.6848
28.0858
26.9248
21.355
19.1339
18.1725
17.9715
16.5523
13.5922
7.5054
5.22011
3.83656
3.24067
3.31165
2.71954
1.62013
1.49023
1.3129
1.14455
1.02955
0.951811
0.902883
33.7036
20.1972
26.911
28.9766
22.4278
18.2822
17.9955
18.1201
17.4586
13.6219
-6.75992
-5.10948
1.45583
2.38654
2.20603
1.66884
1.4752
1.32907
1.18411
1.05106
0.94072
0.845893
0.751717
53.2977
34.3918
21.4535
22.945
16.2515
16.2541
17.4408
17.8633
15.5546
3.05744
-5.38885
-6.85324
0.216228
1.70993
1.58149
1.44214
1.30204
1.17065
1.04385
0.926524
0.822686
0.729942
0.644534
32.7935
13.2294
6.5414
1.15328
2.01289
1.53484
7.33775
2.59904
0.360064
-1.29499
-2.9623
-2.09174
0.787318
1.26766
1.23798
1.20348
1.1124
1.00495
0.892649
0.784741
0.684915
0.593601
0.510224
10.9883
-9.83996
1.93859
1.18717
1.23894
-0.964774
-3.49552
-2.29911
-1.37604
-1.40379
-1.3174
-0.0133224
1.29297
0.950262
1.02539
1.02347
0.939314
0.839566
0.734548
0.631763
0.534657
0.444629
0.362189
-70.2645
25.3075
0.65887
-0.12369
-0.704876
-2.39297
-4.3542
-3.76516
-2.70713
-1.68084
0.149429
1.44676
1.34265
0.948199
0.984855
0.880031
0.783015
0.67711
0.57221
0.471062
0.375324
0.286185
0.204442
-68.6427
49.8319
-1.07745
-2.77715
-4.89333
-8.54138
-10.7942
-9.45726
-5.43597
-2.41309
0.270868
1.49018
1.45305
1.22621
0.986671
0.769202
0.631119
0.512235
0.404764
0.303933
0.208674
0.119771
0.0383104
32.6762
-19.7786
-10.8697
-8.43694
-11.6565
-16.1072
-17.2016
-14.1358
-8.54636
-3.65258
-0.0860285
1.43382
1.35699
1.10917
0.832589
0.612242
0.456946
0.335598
0.230061
0.130652
0.0352938
-0.0543266
-0.13617
37.7906
-11.4856
-9.66371
-11.8828
-16.783
-21.9134
-22.4675
-17.7208
-9.85148
-3.34833
-0.56387
0.903989
1.07851
0.822398
0.577821
0.387944
0.24946
0.143706
0.0489542
-0.0474391
-0.144427
-0.236539
-0.319733
45.889
-5.1753
-6.77008
-9.9436
-16.6882
-21.3544
-21.8013
-16.3756
-8.90082
-2.77225
-0.00540657
0.914314
0.70143
0.469905
0.259164
0.109798
0.00843477
-0.059619
-0.131254
-0.226588
-0.330413
-0.428436
-0.514141
18.8094
3.03583
-1.83846
-4.95675
-9.89502
-13.64
-14.1508
-11.5329
-7.4002
-3.36343
-0.646324
0.353032
0.181928
-0.0299947
-0.135428
-0.22506
-0.273291
-0.268142
-0.293102
-0.402223
-0.526054
-0.634719
-0.723187
23.4968
6.44625
2.23055
0.133559
-2.47151
-5.27731
-6.47259
-7.10262
-7.62399
-7.54891
-3.985
-1.27462
-0.6704
-0.621782
-0.591639
-0.631341
-0.664582
-0.524091
-0.421777
-0.581685
-0.7474
-0.86632
-0.953849
-3.97258
3.72339
4.07683
5.00836
3.02529
-0.720619
-1.95463
-4.18651
-6.43014
-12.706
-8.49905
-4.89365
-3.12091
-1.07579
-1.04726
-1.09383
-1.26095
-1.40222
-0.790414
-0.832496
-1.0244
-1.14321
-1.21723
-6.29355
-4.80395
-0.552355
8.5153
3.09194
1.09063
-0.4958
-3.52908
-5.24415
-8.10684
-7.84452
-6.05556
-5.04931
-1.6105
-1.54241
-1.92157
-1.71522
-1.92978
-1.44891
-1.3568
-1.45542
-1.48811
-1.52132
-1.28612
-0.956298
4.52302
8.0649
1.73172
0.0988756
-0.6371
-2.56653
-5.99095
-14.7242
-6.51938
-5.26063
-4.33198
-2.3038
-2.21466
-2.36034
-2.10055
-2.89661
-2.97419
-2.81241
-2.02183
-1.8721
-1.84706
-0.13981
-0.55511
1.46235
-0.219875
0.105448
-0.136598
-0.855278
-2.29587
-4.20332
-7.50989
-5.34446
-4.4492
-2.97517
-2.33547
-1.94571
-2.0491
-2.0705
-2.92505
-3.16446
-2.81465
-2.35898
-2.18983
-2.1406
0.208184
-0.352744
-0.609589
-0.846779
0.37119
-0.356609
-1.23241
-2.16776
-3.33647
-4.4303
-4.21589
-3.35668
-2.44505
-2.04082
-1.73507
-1.92927
-2.18511
-2.60586
-2.75489
-2.65202
-2.50842
-2.42074
-2.38531
0.561765
-0.0210772
-0.180911
-0.0137765
-0.0698117
-0.577879
-1.11977
-1.73137
-2.42028
-2.98366
-3.08072
-2.88219
-2.53394
-2.22156
-2.12664
-2.24233
-2.43371
-2.63413
-2.7262
-2.71364
-2.66376
-2.62408
-2.60704
-1.78306
0.113225
0.159753
0.287334
-0.200926
-0.591167
-1.02579
-1.56425
-2.14531
-2.62918
-2.86366
-2.82606
-2.67019
-2.5282
-2.49284
-2.55721
-2.67241
-2.78112
-2.84054
-2.85131
-2.83873
-2.82518
-2.82166
0.179151
0.0945403
0.868093
-0.19026
-0.304751
-0.663002
-1.13491
-1.63883
-2.16991
-2.62538
-2.87948
-2.93647
-2.88671
-2.82928
-2.81883
-2.85759
-2.92184
-2.98165
-3.01856
-3.03224
-3.03302
-3.03194
-3.03621
6.73219
1.22657
0.274028
-0.11869
-0.437586
-0.85255
-1.40219
-1.91146
-2.4219
-2.84418
-3.10147
-3.1933
-3.18654
-3.15746
-3.14609
-3.15934
-3.18664
-3.21384
-3.23219
-3.2407
-3.24358
-3.24632
-3.25333
17.9307
3.96085
0.591033
-0.107471
-0.569884
-1.23102
-1.85353
-2.37414
-2.86818
-3.26912
-3.51169
-3.59045
-3.57422
-3.53385
-3.49857
-3.47869
-3.47178
-3.47075
-3.4703
-3.46872
-3.46721
-3.46802
-3.47348
16.6354
5.11599
2.76037
-0.589653
-1.12141
-1.90158
-2.54615
-3.08578
-3.59616
-3.97555
-4.18642
-4.20192
-4.09935
-3.98975
-3.89622
-3.82698
-3.77994
-3.74856
-3.72679
-3.71136
-3.70112
-3.69607
-3.69673
7.16354
12.6003
4.8692
-4.45921
-4.3906
-2.93014
-3.44826
-4.05596
-4.61421
-5.08979
-5.22758
-5.09762
-4.81094
-4.56625
-4.35581
-4.20934
-4.11055
-4.04336
-3.99666
-3.96413
-3.94217
-3.92877
-3.92287
-10.9543
-5.60278
-4.52163
-10.1239
-11.7552
-7.90068
-4.53817
-5.15118
-5.83151
-6.32744
-6.40844
-6.15879
-5.70104
-5.25736
-4.884
-4.62392
-4.45799
-4.34768
-4.27241
-4.22073
-4.18578
-4.16333
-4.15068
-15.0605
-14.6394
-12.5297
-13.3688
-14.8733
-12.8775
-5.80875
-6.44055
-7.15435
-7.40027
-7.28927
-6.97089
-6.52626
-6.04266
-5.47182
-5.05212
-4.80242
-4.64464
-4.54132
-4.47243
-4.42647
-4.39656
-4.37834
-15.1416
-15.463
-14.0986
-15.4335
-16.299
-14.8563
-7.92842
-7.91781
-8.30241
-8.34339
-8.07124
-7.58173
-7.19171
-6.94047
-6.15791
-5.43873
-5.10064
-4.90916
-4.7899
-4.7122
-4.66058
-4.62632
-4.60432
-15.5224
-15.5931
-16.9185
-15.6417
-15.617
-14.1629
-8.64683
-9.096
-9.59334
-9.30401
-8.71368
-8.10002
-7.58146
-7.56965
-6.68431
-5.67607
-5.32033
-5.13307
-5.01697
-4.94035
-4.88811
-4.85217
-4.82784
-16.2521
-16.7031
-19.8176
-15.7887
-14.7502
-14.0427
-8.59958
-9.50845
-10.9038
-10.3626
-9.28593
-8.47111
-7.68117
-7.4427
-6.49844
-5.75053
-5.49244
-5.33569
-5.23269
-5.16162
-5.11099
-5.07459
-5.0487
-15.0776
-16.008
-17.9481
-13.9732
-13.0109
-12.4306
-8.71709
-9.40717
-11.185
-10.6096
-9.3181
-8.68824
-7.92015
-7.11397
-6.20703
-5.83579
-5.65385
-5.52941
-5.44217
-5.37822
-5.33016
-5.29391
-5.26683
-15.691
-14.0864
-15.4105
-14.9662
-10.5061
-8.60368
-7.52033
-8.01942
-9.01039
-9.25811
-8.60244
-8.21099
-7.4531
-6.46837
-6.06821
-5.90642
-5.79879
-5.71477
-5.64697
-5.59157
-5.54668
-5.51083
-5.48273
-14.2841
-13.6581
-15.0707
-21.1229
-11.7798
-6.6181
-6.54707
-6.64459
-7.03454
-7.48229
-7.41923
-7.16081
-6.50358
-5.92371
-5.99532
-5.95298
-5.93477
-5.89781
-5.8502
-5.80266
-5.76021
-5.72436
-5.69511
-24.71
-12.4246
-15.0129
-45.908
-14.1155
-6.38978
-5.97032
-5.94447
-6.07122
-6.07176
-5.83716
-6.00564
-6.67367
-5.70282
-5.42407
-6.03202
-6.12211
-6.10877
-6.06793
-6.02177
-5.97843
-5.94078
-5.90939
226.316
226.575
225.598
107.022
70.309
72.2346
64.5569
36.0416
12.1226
15.0646
9.99586
8.53006
0.853154
1.03997
1.25032
1.23382
2.24437
1.18198
1.15274
1.11638
0.744521
0.780411
0.82535
0.880496
0.639509
0.578134
0.605264
0.700954
0.641347
0.567072
0.564576
0.67419
0.786193
0.735262
0.72058
0.733526
0.834046
0.771036
0.739694
0.729781
0.710588
0.682293
0.656771
0.633141
0.599043
0.566656
0.536567
0.508403
0.464415
0.430794
0.399126
0.369259
0.316542
0.282811
0.250799
0.220399
0.159118
0.125577
0.0937121
0.0634468
-0.00677888
-0.0400884
-0.071589
-0.101343
-0.18118
-0.214252
-0.245305
-0.274412
-0.364809
-0.397608
-0.428128
-0.4565
-0.559191
-0.591432
-0.621041
-0.648341
-0.767203
-0.797829
-0.82532
-0.850448
-0.993908
-1.02038
-1.04293
-1.06311
-1.24775
-1.26597
-1.27847
-1.28974
-1.53861
-1.54934
-1.55475
-1.56212
-1.85591
-1.87162
-1.8995
-1.95557
-2.14276
-2.15694
-2.18715
-2.23994
-2.38379
-2.39007
-2.40297
-2.42232
-2.60773
-2.6124
-2.62016
-2.63009
-2.82581
-2.83182
-2.83974
-2.84959
-3.04284
-3.05013
-3.05984
-3.07125
-3.26088
-3.26851
-3.27829
-3.2892
-3.47983
-3.48623
-3.49392
-3.5029
-3.70012
-3.70408
-3.70913
-3.71546
-3.92268
-3.92392
-3.92642
-3.93022
-4.14704
-4.14581
-4.14601
-4.14756
-4.37184
-4.36855
-4.36677
-4.36638
-4.59567
-4.59071
-4.58728
-4.58519
-4.81759
-4.8113
-4.80646
-4.80289
-5.03717
-5.02977
-5.02372
-5.01887
-5.25422
-5.24586
-5.23875
-5.23275
-5.46911
-5.45985
-5.45177
-5.44475
-5.68051
-5.67038
-5.66137
-5.65339
-5.89342
-5.88222
-5.87215
-5.86314
-16.9414
-23.3802
-0.00291859
73.2968
74.6103
42.8602
57.2101
28.0955
30.2418
9.60553
-3.4993
8.56606
2.39714
7.88124
26.3856
37.2217
92.8455
66.0347
66.9613
-25.9856
-28.3627
-24.6706
-26.0461
6.55415
2.89859
13.7456
15.4787
10.8267
1.26558
2.92758
4.85892
4.09036
13.2415
32.8164
42.5363
34.6974
50.0604
44.3582
-14.4498
-27.3298
-25.5777
-27.7564
-0.0206551
-7.81285
-8.38982
10.2133
9.4124
8.28331
5.19665
4.22505
3.70186
3.11234
-1.34598
-0.439825
8.0407
8.93653
20.1082
4.69859
-8.31628
-29.7226
-28.7403
-22.9456
34.336
9.56034
7.93874
6.67486
7.1244
6.39421
3.31711
3.10176
2.57508
0.973814
1.69297
5.25533
6.25879
6.8957
1.10209
0.74888
4.4825
-23.399
-2.66109
67.4534
9.68445
8.75317
8.53505
5.98954
4.5189
2.03428
2.20887
1.69626
0.722482
0.903729
3.33862
4.64389
4.69563
0.980753
1.02231
0.981009
8.84888
13.125
7.93027
1.76973
1.93438
4.67836
2.14833
2.87581
2.65472
1.8575
1.21252
0.705654
0.559648
1.64412
2.92658
3.5542
0.888774
0.943434
0.936745
0.92115
0.978784
1.30361
1.3915
1.59012
2.57259
0.912395
1.40266
2.36272
1.00971
0.908713
0.671355
0.736948
1.2519
1.89586
2.5527
0.844295
0.893967
0.888807
0.897715
0.99054
1.0483
0.961004
1.51999
2.2107
1.49638
0.742618
-2.39195
0.363036
0.647692
0.788786
0.838829
1.10435
1.639
1.91169
0.790368
0.797663
0.790438
0.802301
0.848222
0.837906
0.572105
0.697838
1.71299
1.88382
0.516272
-1.22902
-0.248498
0.0817126
0.307141
0.519412
0.620167
1.18654
1.43704
0.706988
0.678327
0.657339
0.651489
0.666648
0.642089
0.411954
0.263562
0.537338
0.112908
-0.37592
-0.852172
-0.907105
-0.642208
-0.364425
-0.223485
-0.393913
0.165981
0.559759
0.589698
0.546336
0.511546
0.48562
0.468368
0.369786
0.017887
-0.351829
-0.481114
-0.692621
-0.689334
-1.09978
-1.48008
-1.19375
-0.955733
-0.517278
-0.509256
-0.253549
-0.0363147
0.456646
0.403943
0.356923
0.310408
0.25797
0.0847574
-0.295607
-0.91521
-1.2126
-1.42535
-1.11387
-1.42906
-1.77635
-1.46571
-1.0595
-0.633898
-0.405025
-0.62783
-0.393818
0.313648
0.255488
0.200715
0.141978
0.0666856
-0.0919253
-0.424553
-1.0677
-1.66724
-1.41986
-1.28033
-1.47207
-1.7535
-1.44319
-1.05041
-0.698202
-0.428846
-0.627135
-0.490535
0.163465
0.103495
0.0469972
-0.0119652
-0.0831163
-0.187756
-0.376734
-0.705365
-1.08679
-0.921443
-0.823765
-1.23522
-1.50916
-1.27653
-1.03897
-0.740069
-0.430987
-0.482661
-0.448433
0.00694077
-0.0518223
-0.105157
-0.15622
-0.209117
-0.267359
-0.326373
-0.366635
-0.288297
-0.147302
-0.358397
-0.876127
-1.13089
-1.14159
-1.02643
-0.780846
-0.40274
-0.418492
-0.414912
-0.156354
-0.212053
-0.259532
-0.299239
-0.330726
-0.350724
-0.349451
-0.309557
-0.223809
-0.181208
-0.355538
-0.708676
-0.988111
-1.06754
-1.04047
-0.825671
-0.498211
-0.50408
-0.516828
-0.327501
-0.379568
-0.420753
-0.449313
-0.46182
-0.452644
-0.417525
-0.37052
-0.371102
-0.479897
-0.668688
-0.830019
-0.931192
-1.05072
-1.15835
-1.04633
-0.705464
-0.638833
-0.733048
-0.507585
-0.556551
-0.592951
-0.613317
-0.612091
-0.581447
-0.520845
-0.471741
-0.546765
-0.753982
-0.88742
-0.941744
-0.955236
-1.2249
-1.58059
-1.47701
-1.04027
-0.848845
-1.22391
-0.69716
-0.744338
-0.779184
-0.796769
-0.790289
-0.748917
-0.66843
-0.6314
-0.851886
-1.16255
-1.18845
-1.15595
-1.11581
-1.72726
-1.90714
-1.79694
-1.68214
-1.53949
-1.6183
-0.895458
-0.942642
-0.980596
-1.00169
-1.0042
-0.978738
-0.993205
-1.06076
-1.5169
-1.83342
-1.58042
-1.46449
-1.46638
-1.89069
-2.00474
-2.11754
-2.28875
-2.05949
-1.79729
-1.09873
-1.14862
-1.19603
-1.22762
-1.24104
-1.34453
-1.51813
-1.6043
-1.96041
-2.23583
-1.89506
-1.74197
-1.71315
-1.93213
-2.09147
-2.37366
-2.58632
-2.36947
-2.07183
-1.29961
-1.36077
-1.43164
-1.47444
-1.54158
-1.72922
-1.77856
-1.87102
-2.05968
-2.17055
-2.01976
-1.90235
-1.83837
-1.99842
-2.18734
-2.52097
-2.69892
-2.5007
-2.27753
-1.53734
-1.63621
-1.71319
-1.75703
-1.91933
-1.97593
-2.00111
-2.05766
-2.13422
-2.19557
-2.12071
-2.0419
-2.05662
-2.06616
-2.31493
-2.81115
-2.82433
-2.52674
-2.31646
-2.05693
-2.02025
-1.97085
-2.08128
-2.21377
-2.29217
-2.25141
-2.24785
-2.27987
-2.30371
-2.24045
-2.15427
-2.14958
-2.26044
-2.48592
-2.90479
-2.82164
-2.48332
-2.27746
-2.3632
-2.33119
-2.17499
-2.31775
-2.46743
-2.57143
-2.49288
-2.43099
-2.44976
-2.46201
-2.43953
-2.33413
-2.26955
-2.35018
-2.62815
-2.82888
-2.74986
-2.5177
-2.3548
-2.47867
-2.5198
-2.50575
-2.48707
-2.59287
-2.66236
-2.65286
-2.62419
-2.64218
-2.65461
-2.66116
-2.66287
-2.65011
-2.68576
-2.86058
-2.9297
-2.90666
-2.78881
-2.64437
-2.65363
-2.69156
-2.74855
-2.78577
-2.74026
-2.74314
-2.82578
-2.8345
-2.84541
-2.85692
-2.86995
-2.88976
-2.92261
-2.99041
-3.07129
-3.13536
-3.1238
-3.04048
-2.95716
-2.86787
-2.92513
-3.00743
-3.0174
-3.01312
-3.00391
-3.03249
-3.03728
-3.0464
-3.05863
-3.07435
-3.09642
-3.12903
-3.1814
-3.26185
-3.33101
-3.30676
-3.21433
-3.20316
-3.10084
-3.15462
-3.20785
-3.22598
-3.22484
-3.22999
-3.22811
-3.23469
-3.24499
-3.25786
-3.27389
-3.29456
-3.32159
-3.35668
-3.39974
-3.44044
-3.40162
-3.35679
-3.37552
-3.31676
-3.36069
-3.41087
-3.45785
-3.48164
-3.46845
-3.43375
-3.43282
-3.44253
-3.45511
-3.47001
-3.4878
-3.50886
-3.53245
-3.55556
-3.56971
-3.55756
-3.555
-3.59339
-3.52644
-3.57159
-3.62759
-3.69393
-3.73514
-3.71853
-3.64938
-3.63173
-3.6402
-3.65152
-3.66439
-3.67893
-3.69495
-3.71143
-3.72611
-3.73507
-3.73569
-3.73912
-3.7592
-3.73208
-3.76571
-3.81744
-3.87526
-3.90975
-3.89737
-3.85172
-3.83223
-3.8393
-3.84806
-3.85825
-3.86958
-3.88162
-3.89348
-3.90375
-3.91101
-3.91562
-3.91915
-3.92698
-3.94138
-3.96214
-3.99226
-4.02605
-4.05055
-4.05453
-4.04743
-4.03899
-4.03939
-4.04464
-4.05196
-4.06039
-4.06932
-4.07801
-4.08563
-4.09159
-4.09637
-4.09967
-4.10284
-4.15419
-4.16795
-4.18689
-4.20706
-4.22339
-4.23349
-4.23913
-4.23689
-4.237
-4.24026
-4.24533
-4.25141
-4.2579
-4.26425
-4.2699
-4.27451
-4.27819
-4.28054
-4.28112
-4.36906
-4.37745
-4.38965
-4.40306
-4.41448
-4.4241
-4.42962
-4.43098
-4.43223
-4.4347
-4.43825
-4.44251
-4.4471
-4.45159
-4.45562
-4.45889
-4.46127
-4.46245
-4.46138
-4.58436
-4.58824
-4.59542
-4.6039
-4.61164
-4.61835
-4.62279
-4.62497
-4.62654
-4.62842
-4.63084
-4.63367
-4.63671
-4.63968
-4.64233
-4.64439
-4.64562
-4.64579
-4.64376
-4.79894
-4.79886
-4.80187
-4.80637
-4.81097
-4.81495
-4.8178
-4.81949
-4.82066
-4.82185
-4.82326
-4.82488
-4.82662
-4.82832
-4.82978
-4.83079
-4.83112
-4.83057
-4.82826
-5.01213
-5.00856
-5.008
-5.00914
-5.01089
-5.01258
-5.01381
-5.0145
-5.01489
-5.01522
-5.01564
-5.01617
-5.01678
-5.01736
-5.01779
-5.01792
-5.01755
-5.01658
-5.01441
-5.22354
-5.2169
-5.21329
-5.21158
-5.21087
-5.21055
-5.21023
-5.20977
-5.20918
-5.20856
-5.20799
-5.2075
-5.20706
-5.20663
-5.20613
-5.2055
-5.20458
-5.20332
-5.20144
-5.43334
-5.42404
-5.41784
-5.41375
-5.41096
-5.4089
-5.40716
-5.40552
-5.4039
-5.4023
-5.40074
-5.39922
-5.39777
-5.39636
-5.39499
-5.39363
-5.39221
-5.39063
-5.38886
-5.63998
-5.62839
-5.62003
-5.61398
-5.60949
-5.60596
-5.60296
-5.60023
-5.59761
-5.59505
-5.59251
-5.59001
-5.58759
-5.58525
-5.58304
-5.58099
-5.57908
-5.57715
-5.57514
-5.84775
-5.83404
-5.82379
-5.81612
-5.81022
-5.80545
-5.80134
-5.79757
-5.79394
-5.79034
-5.78674
-5.78316
-5.77964
-5.77627
-5.77311
-5.77025
-5.76773
-5.7654
-5.76202
)
;

boundaryField
{
    leftWall
    {
        type            calculated;
        value           nonuniform List<scalar> 
100
(
1225.08
1167.6
1111.09
1054.48
997.215
938.813
879.883
821.813
750.146
638.811
529.79
413.594
296.373
214.484
181.443
206.304
145.158
45.0954
56.2332
81.6336
72.8925
28.6917
22.4924
-41.7143
16.8703
44.1356
45.3958
43.3674
38.5975
27.9966
-3.98939
-4.8853
-1.3328
-0.0568272
11.3228
5.53617
-5.34381
-0.0940088
9.01569
16.2043
13.3505
3.72582
-13.5774
-14.9129
-13.4477
-15.1883
-14.5478
-14.5489
-14.4434
-8.09348
1196.08
1139.34
1082.82
1025.98
968.146
909.336
850.649
793.533
693.454
584.808
472.718
353.676
250.498
187.568
195.48
188.164
92.7182
29.2728
80.3669
83.208
45.0706
19.7642
-8.30746
-31.9993
40.6169
46.4563
46.385
38.8431
38.73
6.54021
-5.86643
-2.94871
-0.427954
-0.0367754
19.4385
-4.68108
-2.3712
4.32581
14.2511
15.5953
10.0761
-6.05639
-15.332
-14.1159
-14.1043
-15.1658
-14.3669
-14.6416
-12.5768
-10.5343
)
;
    }
    rightWall
    {
        type            calculated;
        value           nonuniform List<scalar> 
100
(
476.974
402.976
329.074
276.355
229.069
189.351
157.08
122.036
66.9613
44.3582
20.1082
6.8957
4.69563
3.5542
2.5527
1.91169
1.43704
0.559759
-0.0363147
-0.393818
-0.490535
-0.448433
-0.414912
-0.516828
-0.733048
-1.22391
-1.6183
-1.79729
-2.07183
-2.27753
-2.31646
-2.27746
-2.3548
-2.64437
-2.95716
-3.20316
-3.37552
-3.59339
-3.7592
-3.92698
-4.10284
-4.28112
-4.46138
-4.64376
-4.82826
-5.01441
-5.20144
-5.38886
-5.57514
-5.76202
507.643
442.006
361.549
302.466
252.067
208.764
171.947
140.284
89.7519
57.0908
29.9576
18.2109
5.43028
4.06572
3.03774
2.16932
1.70731
1.01434
0.220709
-0.252931
-0.46692
-0.476324
-0.424677
-0.447921
-0.60216
-0.944157
-1.46753
-1.70748
-1.92401
-2.1947
-2.31675
-2.29503
-2.29237
-2.47291
-2.80812
-3.09263
-3.28376
-3.49137
-3.6768
-3.84126
-4.01456
-4.19172
-4.371
-4.55229
-4.73576
-4.92118
-5.10786
-5.29512
-5.48231
-5.66786
)
;
    }
    lowerWall
    {
        type            calculated;
        value           nonuniform List<scalar> 
124
(
1237.21
1227.15
1214.53
1195.82
1171.33
1140.49
1102.11
1054.61
997.853
934.398
872.682
822.074
788.583
773.787
780.356
798.287
812.23
857.795
869.05
881.602
875.401
857.574
844.122
799.024
735.297
667.395
594.285
514.79
425.937
332.958
261.049
382.809
442.062
453.275
288.125
646.183
575.823
518.792
489.15
445.139
377.815
313.681
235.82
630.259
661.119
575.442
513.07
468.469
501.038
499.72
539.782
625.219
581.816
413.191
264.481
252.478
302.299
462.085
505.495
456.519
459.855
520.742
1239.79
1232.52
1221.46
1205.85
1184.39
1156.74
1122.39
1079.54
1027.36
966.55
902.935
845.019
803.66
778.068
775.06
788.616
808.491
822.562
865.401
878.018
880.542
867.019
848.586
352.41
411.859
463.453
388.262
660.796
635.818
617.764
553.448
465.2
482.997
508.59
503.166
595.959
625.907
514.991
318.523
246.751
271.085
372.007
500.457
482.239
439.666
513.999
829.408
767.654
701.906
631.577
555.45
472.078
378.296
301.433
612.67
542.842
502.956
470.547
413.081
344.327
278.751
140.625
)
;
    }
    atmosphere
    {
        type            calculated;
        value           nonuniform List<scalar> 
92
(
-61.3769
-9.70998
-10.6829
-71.7437
-13.3464
-6.03113
-5.77499
-5.7682
-5.8567
-5.88812
-5.81246
-5.95001
-5.93673
-6.45176
-5.93784
-6.16504
-6.2007
-6.17703
-6.13277
-6.08462
-6.03971
-6.00073
-5.96818
-5.95158
-5.93992
-5.92941
-5.91998
-5.90385
-5.88941
-5.87857
-5.87043
-5.86414
-5.85902
-5.85458
-5.85049
-5.84653
-5.84258
-5.8386
-5.83463
-5.83073
-5.82698
-5.82348
-5.82032
-5.81757
-5.81509
-5.81037
-5.85635
-57.0121
-9.96171
-57.5539
-43.0622
-7.26514
-5.81038
-5.7682
-5.7682
-5.88887
-5.75514
-5.86583
-6.03551
-6.81706
-5.74417
-6.10102
-6.1945
-6.19309
-6.15612
-6.1086
-6.06152
-6.01941
-5.98367
-5.95788
-5.9456
-5.93452
-5.92456
-5.91273
-5.89612
-5.8836
-5.87422
-5.8671
-5.86147
-5.85674
-5.85251
-5.8485
-5.84456
-5.84059
-5.83662
-5.83267
-5.82883
-5.82519
-5.82185
-5.81889
-5.81638
-5.81499
)
;
    }
    defaultFaces
    {
        type            empty;
    }
}


// ************************************************************************* //
