/*--------------------------------*- C++ -*----------------------------------*\
| =========                 |                                                 |
| \\      /  F ield         | OpenFOAM: The Open Source CFD Toolbox           |
|  \\    /   O peration     | Version:  v1912                                 |
|   \\  /    A nd           | Website:  www.openfoam.com                      |
|    \\/     M anipulation  |                                                 |
\*---------------------------------------------------------------------------*/
FoamFile
{
    version     2.0;
    format      ascii;
    class       volScalarField;
    location    "0.95";
    object      p_rgh;
}
// * * * * * * * * * * * * * * * * * * * * * * * * * * * * * * * * * * * * * //

dimensions      [1 -1 -2 0 0 0 0];


internalField   nonuniform List<scalar> 
9072
(
1240.22
1232.52
1221.46
1205.85
1184.39
1156.74
1122.39
1079.54
1027.36
966.55
902.935
845.019
803.66
778.068
775.06
788.616
808.491
822.562
865.401
878.018
880.542
867.019
848.586
1242.34
1233.89
1222.1
1206.33
1185.25
1157.87
1123.71
1080.73
1028.1
966.581
900.941
842.323
800.711
774.312
771.909
787.295
807.914
813.952
848.732
873.306
880.477
866.17
845.921
1244.68
1236.27
1223.74
1207.69
1187.42
1161.04
1127.04
1083.68
1029.92
967.298
900.978
839.351
793.053
764.535
761.731
780.729
806.931
818.673
816.953
871.237
882.998
865.344
839.47
1246.7
1238.66
1225.4
1210.08
1191.01
1165.83
1132.27
1088.34
1032.61
966.219
894.13
828.021
779.085
747.821
744.097
767.445
803.764
801.624
804.073
879.712
891.044
864.816
827.87
1247.73
1239.38
1225.87
1213.47
1195.91
1172.11
1139.35
1094.86
1036.22
964.193
883.179
810.927
759.77
721.585
716.081
747.434
788.33
799.282
826.021
897.374
906.707
862.108
807.631
1247.77
1238.24
1225.52
1218.02
1202.29
1179.98
1148.33
1103.4
1040.81
961.108
866.842
768.127
701.194
672.242
671.03
719.631
769.545
818.831
867.786
919.993
931.31
848.451
772.137
1247.95
1236.93
1225.05
1222.34
1210.21
1189.47
1159.3
1114.25
1046.31
954.202
622.351
547.842
509.476
599.105
608.972
683.207
748.525
808.785
875.922
941.144
965.31
787.819
695.858
1249.69
1237.5
1228.71
1228.16
1219.53
1200.41
1172.16
1128.52
1045.8
693.468
658.541
685.539
568.643
484.252
558.001
641.54
725.132
794.653
871.189
955.322
978.83
785.972
669.888
656.508
635.818
617.764
553.448
465.2
482.997
508.59
503.166
595.959
625.907
514.991
318.523
246.751
271.085
372.007
500.457
482.239
439.666
513.999
645.129
624.915
562.599
523.741
432.153
485.506
505.092
452.407
560.679
623.718
537.203
312.47
259.018
274.226
360.155
510.58
492.266
399.433
473.448
663.693
625.069
503.529
486.288
439.937
450.164
466.8
421.015
564.813
612.308
503.692
217.769
202.161
217.631
283.721
478.731
471.423
297.075
357.715
689.415
636.991
302.249
339.605
467.724
483.542
473.007
382.89
516.873
576.984
437.484
68.7615
32.1696
32.2617
88.9473
390.775
419.312
291.562
333.619
690.575
618.852
275.503
440.494
475.382
476.19
426.547
343.659
468.95
493.106
356.049
157.352
26.1315
24.4935
29.6932
279.656
440.052
417.285
404.782
657.934
668.036
283.073
359
556.946
471.062
229.453
505.058
456.99
286.552
200.638
270.503
35.3014
21.1967
27.1188
250.259
437.612
314.5
465.864
641.002
684.633
297.303
303.61
610.269
217.169
231.77
508.748
448.709
141.473
59.0138
305.129
268.278
18.3983
26.0761
40.4583
471.899
445.27
502.428
581.049
659.386
620.818
417.894
525.217
166.752
259.249
498.14
470.068
136.551
55.6522
331.018
309.676
31.4995
28.6629
46.6133
467.752
505.105
523.75
1258.22
1242.86
1237.28
1236.36
1232.8
1215.9
1191.21
1145.55
816.357
792.206
706.125
516.845
450.73
284.307
345.392
529.595
665.554
771.3
848.115
958.386
958.269
820.162
723.004
1274.77
1260.96
1261.77
1256.59
1254.71
1240.83
1223.1
1037.78
875.269
831.604
792.367
766.719
696.665
608.636
346.449
274.474
448.828
705.069
777.595
832.312
768.563
355.644
583.241
1287.87
1276.74
1279.49
1276.35
1266.28
1254.02
1217.95
727.294
775.804
594.242
196.929
58.4206
286.48
273.336
188.091
590.454
355.905
373.721
510.283
529.908
548.021
238.478
47.4113
1294.02
1283.81
1281.49
1272.65
1261.65
1254.65
1217.12
573.55
755.447
549.561
337.47
36.7778
25.1722
16.0341
176.57
20.2915
21.6925
30.864
10.7859
0.522959
6.50271
30.8178
6.03722
1316.05
1284.9
1271.86
1199.04
1205.76
1239.28
1230.32
831.497
132.08
137.94
14.0925
28.4494
46.8665
14.5169
29.2504
15.8502
23.0357
71.8714
44.8621
-1.27753
-0.309847
5.37573
2.87258
1343.73
1121.8
997.352
921.076
1054.39
549.943
904.473
1122.84
171.031
147.284
7.94477
10.1863
19.3688
19.4412
11.0771
12.4649
75.5559
45.7731
20.9217
1.41831
1.09287
5.96016
6.78416
1370.75
1221.51
1194.95
451.524
56.2989
155.576
921.914
833.584
231.14
127.396
112.224
42.5021
21.9031
23.7109
7.81511
18.5871
53.7361
3.07504
2.91383
10.7159
1.87964
3.98282
3.75384
1554.9
1420.74
500.657
43.9817
39.9937
92.2821
155.229
119.958
37.5447
19.0308
35.1967
27.7021
76.1524
65.7485
6.84779
13.5866
2.29497
3.20848
3.09722
3.72652
7.25918
3.06195
2.26784
1567.64
1374.14
51.9829
44.3793
38.7828
108.689
39.5404
36.858
22.2157
33.9339
19.8284
9.03588
28.6195
79.1556
29.3198
6.0595
4.09542
3.64658
3.31631
2.80566
2.58321
2.55176
2.36473
1380.21
441.131
45.3798
44.5751
98.2778
22.8436
24.193
21.369
20.0137
17.352
14.5071
8.75049
6.90666
5.69099
6.31793
20.7156
20.0063
3.28167
3.10639
2.89389
2.70838
6.20796
6.12972
1344.67
447.971
43.3425
75.6614
27.1811
22.5513
20.4637
20.1528
25.2973
19.4658
19.4137
7.50586
4.25969
4.77034
6.51973
13.0639
4.65175
3.23535
3.08316
2.92726
2.79669
2.7292
4.95944
1424.73
445.169
46.1447
58.0503
42.9673
47.9307
19.1009
19.8314
19.9216
86.0203
80.5888
59.1758
-1.24733
4.04739
6.63041
3.64702
3.34847
3.20062
3.06181
2.93094
2.81553
2.71577
2.62518
187.593
604.583
28.9509
15.2813
59.662
84.3885
93.5512
36.6678
81.1799
63.6787
-0.278819
1.41713
0.460104
3.89642
6.5475
3.38524
3.27525
3.15262
3.03282
2.91671
2.8096
2.71313
2.6251
264.372
346.553
16.0942
6.45212
7.15472
3.70062
80.2645
37.8689
1.28026
1.53951
0.772545
2.24877
2.66424
5.53914
6.87834
3.26502
3.25024
3.10396
2.99776
2.89083
2.78901
2.69452
2.60771
950.169
274.637
342.714
5.53574
3.63297
2.97385
0.411283
-0.350859
0.0230602
0.69522
1.54191
8.204
8.89279
8.57982
3.7643
3.24544
3.16079
3.06458
2.96081
2.85742
2.75822
2.66521
2.57935
987.451
356.848
195.108
2.62791
1.4133
0.107557
4.84778
5.38745
9.07905
4.74311
2.01569
3.49774
3.8631
7.22294
3.437
3.27557
3.14576
3.03109
2.92183
2.81822
2.71991
2.62761
2.54228
783.45
731.154
190.205
-1.67802
-3.28708
-7.099
-10.2986
-10.1795
-6.73075
4.08516
34.2611
16.2135
4.01738
3.83771
3.58664
3.30702
3.12446
2.98956
2.87617
2.77283
2.67503
2.58267
2.49718
155.413
868.205
14.9517
-6.65076
-9.22421
-14.3475
-17.6064
-15.7165
-9.39146
-2.81742
1.09454
50.0771
3.93798
3.73392
3.46947
3.23224
3.05722
2.92699
2.82038
2.72134
2.62416
2.53052
2.44378
159.944
868.865
-4.43301
-5.35312
-10.1884
-16.9094
-20.3068
-17.7478
-9.11377
-1.35156
2.04949
3.38274
44.4025
3.50419
3.28823
3.0899
2.94471
2.84131
2.75711
2.66715
2.56869
2.4708
2.38098
176.379
509.698
2.37568
-1.88354
-6.01192
-11.8613
-14.8815
-11.822
-6.24381
-0.375312
2.08162
3.51042
53.1097
3.24115
3.03069
2.88651
2.78685
2.73367
2.69778
2.61844
2.50989
2.40125
2.30593
145.383
117.643
7.09291
2.76811
0.253783
-2.76545
-4.8957
-4.94269
-4.01011
-2.21474
0.132365
2.49031
9.1704
4.05712
2.66764
2.61755
2.56543
2.58527
2.66251
2.58505
2.44131
2.31374
2.21215
170.979
167.006
52.6548
8.97525
6.13523
2.78758
1.03214
-0.427188
-1.33412
38.5714
13.6601
-1.03062
12.0149
2.18377
2.30024
2.28952
2.21113
5.22807
10.5374
2.5343
2.33198
2.18933
2.08812
12.3635
7.29174
518.02
25.7528
32.0133
7.73652
5.78115
32.0816
24.5583
44.4725
17.4578
-3.85964
-1.78019
22.3588
2.01275
4.72514
4.90125
4.34099
20.3501
10.1576
2.11491
1.99062
1.9179
14.2532
6.45963
551.676
568.608
96.3403
43.4735
50.2348
1.38187
-0.707366
22.6266
33.1839
-3.22505
-1.27182
21.1745
3.68952
6.00868
1.41972
16.7666
20.2097
20.4239
1.46835
1.68192
1.70261
9.98841
7.25716
79.9407
77.7247
102.747
3.55107
3.39509
2.13849
0.784528
60.4488
61.2008
-1.78504
-0.41425
25.5921
3.60778
1.88697
1.44389
20.7303
20.0345
3.21827
1.02909
1.39637
1.49424
103.337
8.62769
8.99725
4.96937
62.9605
3.78492
3.16113
2.05224
0.813661
-1.05499
2.53652
7.58241
18.8207
3.13106
2.10214
2.52264
1.68264
1.23387
0.723711
0.777016
1.09207
1.27096
1.3499
822.918
5.24908
5.16217
5.05468
86.8993
3.65614
2.92804
4.74655
4.30729
3.41486
3.02826
2.89937
1.83223
1.82458
2.21976
1.78286
1.58374
1.29456
1.08431
1.05639
1.13241
1.20799
1.25066
550.682
6.08817
5.48657
5.53916
89.0658
3.65104
3.21588
4.09082
1.98084
1.42747
1.25278
0.966615
1.31283
1.41089
1.55519
1.53245
1.41028
1.25069
1.13708
1.10201
1.11908
1.14737
1.16515
76.4228
12.1976
6.09347
95.3351
4.40632
3.6807
3.9523
2.77621
2.15832
1.61754
1.25804
1.13882
1.18791
1.29348
1.35128
1.3319
1.25753
1.16812
1.10242
1.07344
1.07091
1.07746
1.08061
144.498
9.62186
102.913
66.3904
3.90693
3.66768
4.26002
2.6353
2.11319
1.62253
1.26966
1.10626
1.08828
1.127
1.15276
1.14247
1.10417
1.05827
1.02258
1.00346
0.997156
0.995759
0.992332
97.4829
27.8506
80.1582
4.49586
4.02138
4.37291
3.97716
2.40144
1.88597
1.41898
1.08159
0.91413
0.881064
0.904876
0.932239
0.943226
0.937705
0.92486
0.91328
0.906836
0.904628
0.90323
0.899064
43.6558
659.886
11.1217
5.08481
3.89028
3.26788
2.50959
1.95093
1.43383
0.976269
0.663776
0.528501
0.539207
0.601829
0.664997
0.715809
0.749048
0.768988
0.78171
0.790977
0.797823
0.801554
0.800901
59.7917
611.771
33.7612
63.1996
35.9616
2.49806
1.84885
1.24508
0.682061
0.29922
1.24502
-0.125933
-0.0186828
0.164194
0.323189
0.44756
0.533607
0.592239
0.632588
0.660865
0.680386
0.692724
0.698461
63.7911
565.306
49.5499
50.2338
53.9249
71.0739
8.46809
0.334391
0.194481
0.547184
-0.419689
0.23327
0.563615
-0.0615192
-0.115634
0.132953
0.292168
0.398754
0.471572
0.522079
0.556826
0.579762
0.593226
54.2007
-6.04043
556.389
2.49326
-2.96045
43.9745
75.0737
-0.812543
-0.0903608
-1.85776
-2.06871
-1.89243
-0.221666
0.14486
-0.643808
-0.223445
0.0345542
0.1999
0.30951
0.38352
0.433597
0.466793
0.487497
76.7121
-8.87108
465.633
-0.134612
-5.99601
-5.95162
68.1382
-2.11399
2.7156
-2.95899
-2.92884
-1.21955
-1.3941
-1.54458
-1.28789
-0.591884
-0.203566
0.0231175
0.164611
0.256481
0.317307
0.357566
0.38349
79.0226
-0.38897
-1.53285
253.173
-6.93882
-6.83808
69.2773
-3.18906
1.94846
-3.56257
-3.57706
-1.35428
-0.826573
-2.18847
-2.0223
-0.896749
-0.357759
-0.100794
0.0503837
0.14665
0.210483
0.253544
0.282379
82.392
-0.988124
-1.0055
75.161
-4.33155
-5.63746
58.5998
-3.37795
1.14089
-4.62599
-4.31394
-3.52573
-1.79529
-2.25308
6.42823
-0.899358
-0.402355
-0.176981
-0.0405376
0.0491809
0.110822
0.154071
0.184368
85.6245
-0.467102
70.7903
17.6244
-4.77723
-4.6547
70.9661
-0.57385
0.905177
0.101817
-4.731
-3.73186
-2.95162
-2.20799
7.52805
-0.478363
-0.412136
-0.237264
-0.122101
-0.0420883
0.0156731
0.0581142
0.0892443
12.9424
19.6268
78.1885
79.5672
62.7227
15.4173
75.5138
-0.841035
1.93252
-0.612911
-4.15175
-3.36391
-2.85318
7.33758
8.00325
-0.617417
-0.409781
-0.28615
-0.196286
-0.128255
-0.0755818
-0.0346222
-0.00303895
48.178
18.4227
4.25877
81.4982
84.0937
85.1692
15.6327
-0.845707
-1.85856
-2.58073
-2.69499
-2.38212
-1.95572
6.88757
-0.548952
-0.468719
-0.39099
-0.326538
-0.266944
-0.21241
-0.164998
-0.125408
-0.0932831
3.84152
25.3614
-3.87304
76.7756
77.6428
25.0082
-0.301712
-0.472551
-0.543379
-0.810556
-1.09788
-0.754654
-0.51946
1.85745
-0.2811
-0.260218
-0.362576
-0.373674
-0.340918
-0.296099
-0.251747
-0.21239
-0.179257
792.159
857.433
909.154
833.59
737.268
251.238
367.06
334.707
595.321
422.921
91.2478
345.206
44.2058
89.3643
25.8701
3.34559
16.8061
57.1357
2.35899
2.31052
15.3294
2.13902
2.17526
2.19132
2.05783
2.04622
2.01081
2.07554
2.1355
2.20492
1.99174
2.39812
2.31646
2.25216
2.21094
3.16909
3.7024
4.1739
5.2535
2.52767
4.54782
2.78274
2.46983
2.44886
2.55361
2.52216
2.49305
2.46554
2.55587
2.52147
2.4893
2.45914
2.5391
2.5044
2.47158
2.44052
2.51131
2.47677
2.44398
2.4128
2.47468
2.44037
2.40781
2.37695
2.42971
2.39556
2.36333
2.33298
2.37599
2.34197
2.31009
2.28033
2.3124
2.27855
2.2472
2.2182
2.23663
2.20343
2.17326
2.14572
2.14425
2.11331
2.08616
2.06201
2.0278
2.00251
1.98184
1.96508
1.87682
1.86074
1.84998
1.84495
1.69005
1.67948
1.66731
1.65149
1.50438
1.49344
1.46817
1.41784
1.36641
1.36154
1.34709
1.32099
1.26089
1.25849
1.25132
1.24013
1.16701
1.16312
1.15657
1.14838
1.07584
1.07024
1.0624
1.05247
0.984236
0.977548
0.968853
0.957682
0.890792
0.884314
0.876267
0.866567
0.79564
0.790998
0.785153
0.778253
0.698118
0.696143
0.692955
0.688592
0.598339
0.599076
0.598433
0.596469
0.497538
0.500652
0.502208
0.502335
0.397306
0.402317
0.405705
0.407638
0.298811
0.305284
0.310179
0.313667
0.202666
0.210298
0.216446
0.221274
0.109031
0.117643
0.124871
0.130871
0.0180041
0.0274803
0.0356662
0.0427061
-0.0709861
-0.0606597
-0.0515427
-0.043516
-0.155588
-0.144418
-0.134413
-0.12548
431.599
112.317
461.788
596.83
633.664
164.578
105.502
554.243
320.582
153.589
78.2306
60.8172
217.625
287.825
38.9065
54.2131
491.798
561.39
428.748
77.5202
-19.1173
-18.7105
409.68
463.588
174.248
208.905
476.296
24.0172
138.094
96.6798
5.77867
6.3097
342.63
515.093
392.629
628.012
595.733
156.183
355.182
59.3672
-16.7434
-7.70213
531.906
28.5443
146.71
585.064
19.2659
13.3965
56.3388
6.19472
5.9825
4.44641
51.0539
535.483
274.021
15.3823
169.869
254.339
421.867
126.459
-15.7236
426.739
536.376
248.286
663.565
554.071
11.8195
11.9337
7.25282
4.88941
4.20311
3.30089
0.515933
5.25102
8.07489
8.58841
2.26887
49.479
533.945
267.655
148.197
766.116
676.472
117.382
635.988
10.8624
11.3172
34.9618
3.89874
3.67059
2.64402
1.56735
4.72793
7.00974
8.11169
2.21911
2.33609
2.19156
642.62
658.17
669.819
458.623
13.5613
62.8164
37.7287
58.0662
53.3388
4.96543
2.85975
2.88408
2.34597
7.441
9.18998
6.3693
2.66852
2.85166
2.22917
10.2632
27.7315
22.5814
2.81773
3.0488
25.4591
10.9699
3.59687
32.7835
3.99935
2.50604
2.12218
2.7735
2.27206
7.82853
7.23567
2.90644
2.2851
2.3045
2.2857
2.63172
2.46205
2.53617
2.70957
4.07429
3.66246
2.6409
21.9957
48.2342
2.95515
2.20151
2.166
2.37454
2.97545
3.40748
2.40675
2.34647
2.35441
2.34937
2.40781
2.4682
2.37873
4.89616
7.91244
3.63113
29.8959
128.351
54.9655
1.72081
2.02743
2.23036
5.87656
6.30704
3.15713
2.38358
2.38643
2.36053
2.3523
2.36919
2.39043
2.27147
1.97706
6.56221
3.64144
35.9916
56.4718
0.83645
1.1966
1.45508
5.45883
5.57272
5.80663
2.73303
2.43197
2.3913
2.35273
2.33035
2.32349
2.32148
2.1465
1.83266
1.76328
3.42942
1.43471
1.10334
0.599369
0.652852
0.970471
5.27626
1.31834
1.61228
2.32825
2.43135
2.37877
2.33399
2.29558
2.26017
2.43511
2.55404
1.5097
1.11522
5.84366
0.980292
0.878622
0.297194
0.330469
1.27857
1.29878
1.40271
1.4896
4.77042
2.42133
2.36194
2.30868
2.25714
2.19786
2.52853
2.4408
1.34171
0.739145
5.66171
0.83744
1.63249
0.367133
0.344383
3.7025
1.82408
1.52468
1.59624
4.72694
2.40123
2.33865
2.28131
2.22426
2.15799
2.06972
2.6035
1.50383
0.991033
6.29634
6.47422
1.30351
0.585925
0.605618
1.09207
1.27148
1.61109
1.71283
5.04561
2.37327
2.31031
2.25321
2.19838
2.14005
2.06995
2.47747
2.47855
1.72952
2.12713
2.1112
1.51435
0.990939
2.80636
1.21379
1.37077
3.18384
1.89447
1.97217
2.33798
2.27665
2.22286
2.17502
2.13132
2.09077
2.05754
2.15466
2.94429
2.30104
2.23676
1.89821
3.73123
2.86663
1.32295
1.47214
4.9498
2.10967
4.68705
2.29495
2.23628
2.18718
2.14793
2.11984
2.10606
2.11319
2.14744
2.20134
2.57614
2.7815
3.54992
2.24179
1.50599
1.43721
4.79207
5.09341
3.60601
2.01055
2.24338
2.18752
2.14285
2.1112
2.09612
2.10327
2.13873
2.19288
2.21034
2.10675
1.93778
1.80677
1.7267
1.64811
4.78338
4.73838
3.08938
5.5904
1.83866
2.18251
2.12914
2.08724
2.05996
2.05245
2.07273
2.13016
2.20711
2.19284
1.95404
1.75684
1.71877
1.73244
5.26775
4.04531
1.17876
1.42013
5.17239
4.30028
2.11202
2.06098
2.01893
1.99102
1.98313
2.0019
2.25943
5.86124
6.10655
4.2133
1.43452
1.55863
1.67883
4.76902
1.0871
1.07343
3.92463
2.02781
2.05908
2.03256
1.9854
1.93843
1.90522
1.88642
2.15913
6.07546
6.00571
5.85325
5.18982
1.06774
1.34884
3.48779
1.90657
1.48092
1.64171
3.84815
1.59679
1.51116
1.94549
1.90949
1.84551
1.81139
1.91937
5.98837
2.74023
1.43865
4.46388
2.12025
1.03724
1.25087
1.34337
3.76666
1.27538
1.02786
2.7196
3.67145
1.49971
1.84166
1.88599
1.71689
1.68844
4.37454
2.77882
1.43029
1.37808
1.25411
3.45351
1.13229
1.24949
1.29666
3.8933
1.3234
4.7175
1.07041
3.77972
0.975373
1.89976
5.83889
2.39134
1.50858
4.95656
1.28605
1.39346
1.37909
1.20755
2.85729
3.49183
1.24847
1.29215
1.50022
5.36853
4.90136
4.62582
2.37178
1.02394
1.34313
5.62034
5.69149
1.46974
3.04903
1.10421
1.20458
1.19798
1.15965
1.13436
3.43096
2.25003
1.318
1.29665
1.12238
2.9193
2.12879
1.47531
1.16369
1.26708
1.19391
4.29292
5.32442
1.57428
1.03402
1.13571
3.82867
1.17459
1.08033
1.07573
3.08625
4.16063
4.2521
3.94466
0.834297
0.79548
0.907858
1.08976
1.22033
1.17649
1.14477
4.3478
4.35103
1.11324
3.10989
2.85492
1.10169
1.00705
0.996769
0.983698
0.961217
1.99331
4.0586
2.27875
0.723645
0.788028
1.10813
1.13512
1.4686
2.09952
1.45038
4.14376
4.3046
3.72612
0.948773
0.940921
0.930537
0.91755
0.8999
0.873396
0.828375
0.749577
3.8765
3.39589
0.721904
0.998248
1.03849
2.09045
1.34993
0.88349
0.893809
1.07087
0.879125
0.875749
0.867056
0.855766
0.84156
0.822972
0.797594
0.761411
0.710123
0.716984
3.86446
0.880203
4.33677
0.942346
0.900248
0.864257
0.813581
0.787524
0.784868
0.798172
0.802687
0.794556
0.782881
0.768748
0.751407
0.729857
0.703474
0.673201
0.643862
0.639924
1.98257
1.16129
0.85209
0.816678
0.875364
0.778787
0.655422
0.647159
1.19723
0.730278
0.721929
0.710916
0.697924
0.68288
0.665552
0.646317
0.626916
0.611465
0.608605
0.616303
0.615863
0.766866
0.73639
0.793209
0.701509
0.563039
0.553703
1.13007
1.18483
0.647811
0.63872
0.627823
0.615556
0.602072
0.587984
0.574668
0.56432
0.558987
0.556525
0.549595
0.680925
0.660914
0.627651
0.582304
0.544121
0.529089
0.557893
1.12019
0.571368
0.565734
0.557793
0.548461
0.538272
0.527885
0.51826
0.510489
0.504881
0.500509
0.496476
0.591987
0.578573
0.558143
0.532875
0.508924
0.497467
0.490532
0.776445
0.495527
0.493312
0.488121
0.481398
0.473908
0.466283
0.459198
0.453244
0.44852
0.444688
0.442666
0.500641
0.492507
0.479091
0.462759
0.447159
0.444154
0.426758
0.424194
0.424589
0.422795
0.41921
0.414466
0.409103
0.403614
0.39848
0.39409
0.390605
0.388034
0.387844
0.408383
0.40477
0.396684
0.386177
0.375761
0.367313
0.360073
0.35687
0.355358
0.353554
0.350967
0.347697
0.344013
0.340235
0.336696
0.33369
0.33143
0.330106
0.331244
0.316564
0.316967
0.313304
0.307339
0.300913
0.295253
0.290606
0.287898
0.286283
0.284831
0.283103
0.281031
0.278722
0.276357
0.274158
0.272357
0.271161
0.270798
0.272541
0.226065
0.230054
0.230219
0.22807
0.224993
0.222005
0.219536
0.217954
0.216991
0.216229
0.215393
0.214399
0.213274
0.212114
0.211068
0.210302
0.209979
0.210274
0.212004
0.137337
0.144515
0.148007
0.149106
0.148931
0.148314
0.14774
0.147469
0.147476
0.147605
0.147716
0.147748
0.147697
0.147614
0.147589
0.147726
0.148123
0.148858
0.150328
0.0506512
0.060624
0.0669671
0.0707993
0.073073
0.0745181
0.0756204
0.0766613
0.0777402
0.0788477
0.079936
0.080974
0.0819479
0.0828766
0.0838021
0.0847632
0.0858033
0.0868903
0.0881118
-0.0341831
-0.0217026
-0.0129001
-0.00676751
-0.00244179
0.000762065
0.0033438
0.00562526
0.00778149
0.00989133
0.0119705
0.0140104
0.0159926
0.0179076
0.0197513
0.0215091
0.0231826
0.0246614
0.0257414
-0.114942
-0.100342
-0.0895353
-0.0815756
-0.0756341
-0.0710268
-0.0672261
-0.0638682
-0.0607252
-0.057664
-0.0546303
-0.0516207
-0.0486624
-0.045796
-0.0430694
-0.0405379
-0.0382375
-0.036242
-0.0349281
1237.21
1227.15
1214.53
1195.82
1171.33
1140.49
1102.11
1054.61
997.853
934.398
872.682
822.074
788.583
773.787
780.356
798.287
812.23
857.795
869.05
881.602
875.401
857.574
844.122
1238.5
1228.22
1214.87
1196.56
1172.34
1141.79
1103.4
1055.61
998.286
933.205
870.058
819.067
785.223
770.132
778.034
797.681
805.983
845.078
855.191
880.316
875.398
855.355
841.228
1240.88
1230.32
1216.22
1198.22
1175.06
1145.09
1106.62
1058.09
999.409
934.281
868.757
814.078
776.181
759.719
769.225
794.274
806.91
826.632
836.129
881.683
877.107
850.686
834.338
1243.42
1232.02
1218.23
1201.11
1179.34
1150.22
1111.72
1061.97
1000.51
930.386
859.353
801.334
760.917
741.733
753.541
784.234
807.089
798.12
852.691
890.115
882.053
841.914
822.867
1245.04
1231.69
1220.47
1205.28
1184.97
1157.01
1118.75
1067.37
1001.7
924.115
844.565
783.334
738.671
712.501
729.532
767.201
810.407
797.036
874.786
907.453
891.328
827.173
805.599
1245.24
1229.78
1222.83
1210.89
1192.11
1165.54
1127.82
1074.48
1002.98
914.835
820.498
723.536
681.201
664.489
693.745
744.773
794.251
841.536
897.631
932.73
904.37
793.205
781.087
1244.92
1228.11
1225.16
1218.07
1200.78
1175.83
1139.1
1083.45
1004.83
789.643
575.378
528.984
578.504
595.712
643.01
717.755
778.104
841.204
911.307
963.4
911.905
702.317
746.163
1245.6
1228.52
1230.09
1226.7
1210.84
1187.76
1152.8
1095.19
854.87
651.896
694.256
655.872
471.748
564.209
584.968
687.816
759.305
831.567
913.303
992.2
909.476
681.886
728.157
630.259
661.119
575.442
513.07
468.469
501.038
499.72
539.782
625.219
581.816
413.191
264.481
252.478
302.299
462.085
505.495
456.519
459.855
520.742
606.654
637.733
533.811
475.389
439.391
503.276
477.245
493.285
605.365
612.443
405.151
269.466
262.743
296.615
454.298
528.773
439.352
405.773
510.749
621.102
585.146
455.003
464.796
412.588
498.18
412.614
494.676
568.043
613.468
307.924
199.648
206.579
237.672
373.878
510.4
376.134
314.787
470.626
670.053
485.909
293.631
437.827
476.542
488.678
458.437
396.432
518.251
592.567
140.828
43.0509
29.5369
41.5666
266.482
431.413
323.062
296.29
423.98
698.829
375.769
276.053
528.292
474.167
471.761
305.329
447.925
502.733
435.047
276.428
36.8914
23.3908
26.8335
37.4974
423.053
431.218
299.727
441.919
702.09
314.073
283.033
582.881
498.068
394.307
253.704
501.057
453.846
116.452
292.304
239.054
18.5126
24.4216
30.3854
381.519
447.138
343.154
415.439
663.859
602.764
286.181
564.436
402.473
165.982
483.778
480.774
411.796
58.1512
278.314
289.057
53.6337
22.0356
33.1132
375.279
447.66
510.353
417.988
678.089
619.57
385.217
598.976
207.319
250.113
283.596
491.819
421.758
63.6867
62.9074
331.375
281.95
24.9137
37.6833
260.869
527.081
535.082
502.365
1249.15
1234.76
1237.65
1236.97
1225.07
1204.76
1172.54
1064.89
731.767
774.895
549.933
489.382
383.134
237.603
411.819
614.223
709.19
810.883
899.747
997.216
885.155
740.946
753.933
1263.13
1258.31
1259.67
1259.47
1248.11
1232.76
1207.26
891.953
906.384
790.771
798.767
729.151
660.223
555.217
237.595
315.283
660.749
761.243
804.79
823.155
623.336
311.773
724.561
1279.83
1276.12
1281.09
1271.83
1260.44
1242.3
957.413
809.637
627.843
334.89
150.32
59.1707
629.832
193.143
519.184
464.924
342.062
431.679
549.257
479.437
581.734
50.4994
162.741
1287.26
1281.91
1279.05
1266.63
1257.94
1246.26
972.161
509.453
696.789
460.623
40.9575
43.4101
15.9479
214.108
20.3861
20.7044
23.381
37.4253
-0.997258
2.87397
29.8375
15.7521
19.8789
1290.91
1277.97
1263.53
1203.57
1236.63
1240.76
1181.91
190.799
121.966
149.602
13.9876
46.9929
25.2647
14.0436
37.4651
17.0772
72.9947
61.9767
-3.77647
-0.15519
-0.311046
14.3721
2.86658
1199.61
1162.74
906.674
1013.23
734.461
670.158
1188.37
656.631
181.204
32.0071
7.93008
15.4747
22.1438
12.212
11.7219
27.9775
73.1731
21.1618
9.20801
1.25685
1.05816
12.3894
15.4946
1204.9
1209.89
1184.25
54.1904
64.4565
595.273
966.858
521.112
128.104
119.289
75.7978
32.3046
20.4989
8.44508
8.81569
62.8498
3.1397
2.99114
6.81821
5.18328
1.87895
3.78199
3.51783
1466.8
1216.36
47.7358
42.1504
45.477
113.524
168.157
52.6404
20.9034
16.7968
74.7399
20.1374
74.1968
6.14966
5.96695
16.4398
3.00141
3.24873
2.95075
7.50163
5.05939
2.22407
2.20937
1562.31
419.782
47.7357
41.26
98.2055
96.5464
32.0608
32.7891
21.0116
52.0381
9.24667
8.62861
80.5468
80.6672
7.35177
4.96975
3.97935
3.53298
3.01066
2.62843
3.00559
2.40393
2.35846
275.78
243.285
45.4611
72.7442
60.4464
22.8161
20.7124
24.8621
18.9104
16.6798
11.4073
7.86085
6.14467
9.33579
6.98705
24.3301
3.27771
3.20477
3.00103
2.79105
3.4246
6.21474
4.76865
263.957
308.504
44.7624
71.7009
24.4013
21.274
20.0446
21.4965
23.4384
18.0991
18.8297
3.46306
4.72513
4.90967
7.58952
20.3686
3.2964
3.16114
3.00388
2.85709
2.74656
3.51964
5.36771
307.017
210.887
56.2134
36.3853
65.7311
19.4793
19.5399
19.9455
32.331
88.276
66.6087
1.48002
2.63922
6.06983
5.42488
3.43744
3.27343
3.13045
2.99501
2.87093
2.7642
2.66952
2.58254
238.964
557.432
42.9282
13.957
82.3608
88.0405
39.5879
46.3398
75.1754
9.36996
-1.566
-1.61431
2.71195
7.19346
3.38925
3.32414
3.21496
3.09274
2.9739
2.86185
2.76016
2.66819
2.58407
137.144
556.332
13.7837
5.55118
4.63909
45.6432
80.0421
1.49717
1.5767
0.949546
1.84137
1.6235
3.51388
8.08052
3.24879
3.28457
3.17593
3.05157
2.94391
2.83908
2.7408
2.65016
2.56728
111.677
729.725
4.26969
4.29443
3.46391
1.86172
-0.324526
-0.301179
0.375157
1.03093
4.5351
8.76521
8.81872
8.25866
3.24194
3.22027
3.11444
3.01299
2.90878
2.80714
2.71087
2.62135
2.5393
45.8461
851.066
4.04224
1.79607
0.746843
4.66219
4.40273
7.11496
9.11486
4.30115
2.73573
3.82406
5.32176
4.64741
3.37219
3.20298
3.08821
2.97569
2.86937
2.76837
2.67295
2.58402
2.50249
130.437
844.459
-4.10894
-2.32811
-4.58213
-9.00347
-10.7435
-8.81247
-4.19629
23.8229
37.2287
3.95691
3.94625
3.72179
3.43803
3.20592
3.05331
2.93108
2.82366
2.72331
2.62809
2.53898
2.45742
181.256
852.397
-7.30485
-7.7013
-11.6839
-16.5804
-17.2746
-13.3032
-5.43484
-0.438107
8.81739
51.9591
3.85797
3.60488
3.34375
3.13767
2.98789
2.87194
2.77052
2.67251
2.57668
2.48612
2.40374
917.239
0.165149
-4.52191
-7.00843
-14.2552
-19.2856
-19.8109
-13.2078
-4.96239
1.56677
2.78378
56.8917
3.88044
3.40854
3.18247
3.01113
2.8889
2.79867
2.71359
2.61847
2.5191
2.42458
2.34027
946.937
4.14125
-0.432746
-2.73153
-9.20814
-14.5253
-13.7391
-9.18109
-3.22053
1.77947
2.99995
3.72292
25.8628
3.12254
2.9529
2.83099
2.7549
2.71773
2.6646
2.56584
2.45438
2.35159
2.26439
950.23
9.29599
4.65694
1.69604
-1.11011
-4.12766
-5.13011
-4.83751
-2.79006
-1.33338
1.43252
3.02268
25.4991
2.66769
2.64607
2.58829
2.56229
2.62816
2.65068
2.51647
2.37438
2.25967
2.17079
119.48
55.7164
7.76594
6.83605
4.53255
1.6505
0.434089
-1.20538
5.86966
42.8931
-2.81261
0.427369
10.2053
2.25892
2.30568
2.25849
2.64845
6.93088
3.67068
2.4322
2.25603
2.13381
2.05057
34.1483
43.1656
540.728
44.0181
11.9055
6.67026
9.09458
29.1186
5.66251
52.0656
-4.76776
-2.41837
15.5071
9.71235
2.01448
6.54902
2.42242
19.5921
20.7306
2.29636
2.04498
1.94982
1.89209
59.9475
3.53308
562.042
52.8122
93.3759
50.9698
21.3615
0.39826
-2.1001
58.3091
-3.47236
-2.04538
-1.09669
25.8885
4.30119
2.59753
3.2106
20.2856
20.4344
8.73116
1.64295
1.70035
1.69713
65.7636
4.89186
586.248
36.8363
78.102
3.56212
2.88168
1.21139
38.6034
56.7142
-2.17411
-1.0318
22.0745
23.3142
4.17598
1.31771
7.32604
20.2351
15.8422
1.01159
1.27129
1.46227
1.50611
66.2028
4.72902
16.2995
4.31972
74.609
3.64269
2.60578
1.45755
-0.0714629
0.778312
0.623534
18.1621
10.7004
1.82179
2.44128
2.44257
1.52829
0.903183
0.679485
0.939128
1.19498
1.32004
1.36453
17.2153
5.20629
5.05039
6.83302
12.1965
3.30918
4.00682
4.55127
3.90325
3.08936
2.97659
1.21164
2.04782
2.10291
1.92653
1.69564
1.44523
1.16755
1.04814
1.08962
1.17356
1.23371
1.25952
410.94
5.53145
5.49283
87.6686
3.76589
3.3667
4.36835
2.27729
1.64919
1.51872
0.93549
1.16436
1.3188
1.50439
1.56106
1.4803
1.32978
1.18425
1.11053
1.10683
1.13368
1.15821
1.16786
32.8311
6.03719
41.0337
85.3901
3.84421
3.46293
4.26026
2.43567
1.877
1.40653
1.17146
1.14864
1.24149
1.33212
1.35032
1.29939
1.21187
1.13079
1.08361
1.06999
1.074
1.07997
1.07889
416.501
10.434
100.722
4.09116
3.82409
4.46264
3.52745
2.3785
1.85688
1.42346
1.16508
1.08442
1.10596
1.14395
1.1521
1.12565
1.08083
1.03845
1.01101
0.999182
0.996333
0.99464
0.988423
711.289
105.837
6.59744
4.24645
3.84857
4.41113
2.65451
2.14199
1.64161
1.22973
0.977139
0.885545
0.890189
0.919926
0.940161
0.942028
0.931571
0.918542
0.909382
0.905395
0.904064
0.901701
0.894971
735.684
46.6991
7.98803
4.15959
3.62503
2.87699
2.21732
1.68849
1.19223
0.79853
0.573636
0.521238
0.56908
0.634208
0.692593
0.734481
0.760271
0.775946
0.786656
0.794719
0.80015
0.801868
0.798493
46.7842
423.201
28.8467
61.713
13.4858
2.16299
1.53155
0.95908
0.426477
1.06873
0.161147
-0.0378418
0.0754993
0.246322
0.390961
0.49454
0.565764
0.614227
0.647972
0.671591
0.687398
0.696407
0.698908
10.7711
618.378
34.4722
48.4355
67.5654
69.06
0.640446
0.052928
0.950152
-0.324292
0.160233
0.372951
0.762432
-0.264822
0.0219159
0.220568
0.350727
0.438506
0.499126
0.541129
0.569596
0.587572
0.596916
-8.65661
582.093
21.5142
-0.821874
0.124809
70.7041
3.32002
-0.977013
0.250819
-2.07802
-1.99875
-1.30502
0.00774247
-0.87222
-0.412095
-0.0801479
0.125938
0.260149
0.3501
0.411031
0.451985
0.478499
0.494138
-8.44198
-7.45688
418.434
-4.82582
-6.77415
37.6867
40.1891
-1.45152
-1.53169
-2.99603
-2.03683
-1.43426
-1.142
-1.59023
-0.912857
-0.371785
-0.076397
0.101728
0.215331
0.289991
0.339546
0.372036
0.392367
76.6788
-4.13825
263.908
4.9531
-7.17621
9.08099
18.3827
-0.721063
1.46413
-3.7668
-3.03598
-1.06813
-2.2139
-2.06828
-1.46277
-0.574302
-0.210838
-0.0161896
0.103605
0.18173
0.234118
0.269454
0.292753
0.097382
1.33145
0.668423
77.013
-6.11552
-4.99812
3.74071
-1.5225
0.704712
-4.73962
-3.89533
-3.15777
-1.32706
-2.09242
6.96164
-0.587403
-0.273957
-0.10126
0.00868942
0.0827662
0.134338
0.170597
0.195763
31.4203
28.071
30.5372
4.82545
-4.98591
14.496
72.5087
0.0785916
0.0793295
-5.29683
-4.13945
-3.3759
-2.50851
4.84919
5.24774
-0.534108
-0.315809
-0.174269
-0.0786909
-0.0109543
0.0385097
0.0749087
0.101431
84.0357
-2.98186
79.4087
80.3648
8.95623
73.8117
32.8048
-3.0634
1.30037
-4.52867
-3.66312
-3.15869
-1.5705
7.8692
-0.429927
-0.489724
-0.342845
-0.237928
-0.160037
-0.100268
-0.0538041
-0.0177759
0.00979871
80.744
-5.02998
83.3624
81.5382
86.3124
77.4214
-0.668064
-1.65202
-2.10445
-2.75934
-2.526
-2.21714
-1.46418
5.69942
-0.508942
-0.426584
-0.357768
-0.296234
-0.238896
-0.187737
-0.144231
-0.108456
-0.0797856
85.7203
-3.89529
23.884
69.8257
64.3987
0.263796
-0.460755
-0.472996
-0.641145
-0.953889
-1.08585
-0.459477
-0.146736
0.332911
-0.199602
-0.322292
-0.376834
-0.360139
-0.318958
-0.273469
-0.231321
-0.195035
-0.165013
811.419
887.762
898.976
714.465
541.992
219.596
431.952
186.891
598.968
124.24
94.0147
373.409
41.1989
108.434
3.26072
43.1875
56.6622
17.7108
2.34803
2.28633
4.34496
2.14955
2.18482
2.20018
2.02404
1.99593
2.03807
2.19512
2.25372
2.17316
2.02473
2.81868
2.28339
2.2263
2.97004
2.78827
3.34768
5.22516
4.90308
2.37323
3.64236
2.50407
2.45914
2.44047
2.53732
2.50751
2.47903
2.4525
2.53838
2.50512
2.47398
2.44475
2.52151
2.48777
2.45584
2.4256
2.49381
2.46016
2.42819
2.39779
2.4573
2.42387
2.39217
2.36214
2.4124
2.3792
2.34792
2.31848
2.35871
2.32576
2.29496
2.2662
2.29516
2.26257
2.23242
2.20451
2.21963
2.18798
2.1592
2.13277
2.12827
2.0993
2.0738
2.05064
2.01452
1.99163
1.97293
1.95721
1.86818
1.85455
1.84721
1.84167
1.68501
1.67343
1.66097
1.64039
1.50037
1.48306
1.44711
1.37914
1.36514
1.35562
1.33559
1.3031
1.26035
1.25545
1.24617
1.23336
1.16544
1.16012
1.15266
1.14349
1.07332
1.06659
1.05771
1.04693
0.981114
0.973506
0.963464
0.952295
0.887741
0.880506
0.871574
0.861442
0.79348
0.78821
0.781862
0.774194
0.697286
0.694695
0.690933
0.685894
0.598884
0.598921
0.597617
0.594982
0.499298
0.501615
0.502443
0.501897
0.400027
0.404202
0.406842
0.408113
0.302257
0.307917
0.312087
0.314941
0.20668
0.213546
0.219014
0.223246
0.113521
0.12142
0.128015
0.133457
0.0229127
0.0317247
0.0393209
0.0458365
-0.0656648
-0.055957
-0.0474005
-0.0398763
-0.149852
-0.139275
-0.129818
-0.12139
167.4
225.309
567.893
634.982
299.644
77.6308
428.235
512.083
184.14
121.656
46.23
101.122
345.581
42.3945
47.8944
95.087
578.619
541.055
486.402
-13.3184
-19.7147
-7.26141
598.102
182.809
51.7209
563.265
62.8337
65.7945
120.569
71.871
7.31798
18.4583
511.568
377.847
598.788
629.645
414.227
159.32
337.193
-17.9703
-16.3727
333.328
309.666
23.5665
478.383
268.484
14.1275
58.6649
6.64307
6.5662
4.68537
3.854
379.584
571.132
12.9297
52.6006
169.358
426.964
412.206
-7.10931
-16.0795
643.588
67.4018
654.38
679.456
41.1796
11.5956
21.1427
5.06681
4.43956
3.86407
2.43244
1.43067
7.67071
7.94523
195.926
2.15978
435.571
530.315
164.141
652.885
453.311
655.321
145.061
16.8958
11.2656
27.7419
17.8503
3.70145
3.65882
1.83948
2.39511
7.55996
7.16714
7.8581
2.29523
2.33729
163.298
662.341
649.578
714.244
29.5919
27.0241
57.6848
58.1303
56.9782
8.66104
3.12381
3.00506
2.53089
5.43309
8.46067
9.7357
6.44106
2.82423
2.46089
4.33265
14.6994
37.2668
2.9372
2.81922
3.02358
59.5827
2.66306
14.689
31.0909
5.39233
2.32118
2.09925
2.80367
2.59567
8.99814
4.38274
2.55104
2.30241
2.29777
2.26454
2.58659
2.52023
2.55787
3.00582
7.80502
2.544
2.79259
122.705
2.10636
2.16868
2.1971
2.22701
2.67115
3.18277
3.63889
2.32343
2.355
2.34931
2.36751
2.44908
2.45053
2.24004
7.65572
3.76941
3.70199
131.792
129.775
1.56343
1.91883
2.10659
3.96688
6.03208
3.46648
4.08276
2.3905
2.36938
2.3544
2.35724
2.38506
2.36912
2.11555
2.35381
7.90231
3.3392
84.5002
2.727
1.04995
1.34933
1.83025
5.60103
5.62073
5.23327
5.3317
2.41614
2.36802
2.34003
2.32461
2.32465
2.26827
1.99067
1.7449
5.8196
1.74862
1.28153
0.831612
0.539371
0.810027
4.86637
1.56895
1.26799
1.8014
4.86809
2.40401
2.35545
2.3142
2.27752
2.2427
2.80629
1.72253
1.22737
3.12396
1.45948
1.009
0.598092
0.242904
0.517348
4.90887
1.32123
1.46953
2.22671
3.22101
2.39066
2.33476
2.28315
2.229
2.16359
2.73687
1.62306
0.954038
3.01768
0.596066
4.91648
0.538026
0.274074
0.517296
5.02454
1.37411
1.63963
3.05864
1.95971
2.36906
2.30957
2.25321
2.19303
2.11681
2.46493
2.16904
1.2056
4.43384
6.87363
5.95729
0.827723
0.501214
0.778125
1.12149
1.43818
1.72626
1.8462
2.19501
2.34089
2.28121
2.22581
2.1701
2.10712
2.03959
2.66491
1.80206
1.6816
2.80792
1.7341
1.20183
0.983436
2.66342
1.24948
1.79325
2.14809
3.66332
2.01884
2.30629
2.24891
2.19831
2.15275
2.11066
2.07221
2.0505
2.89973
2.70046
2.31473
2.08376
1.95553
3.65597
1.31622
1.37719
4.71163
3.94248
4.70566
2.15579
2.26441
2.21053
2.16627
2.13235
2.11085
2.10644
2.12704
2.17216
2.37706
2.61892
3.0466
3.31181
1.547
1.46476
1.64356
4.93161
3.40957
4.8328
1.99193
2.21411
2.16371
2.12522
2.10128
2.09648
2.11734
2.16534
2.21233
2.17519
2.02191
1.86518
1.76135
1.69542
2.48632
4.69912
4.80226
2.84696
2.0658
1.77957
2.15448
2.10661
2.0715
2.05333
2.05846
2.09654
2.17001
2.22415
2.09804
1.82771
1.72803
1.72132
2.10212
4.88793
1.12507
1.27787
3.73173
4.77777
1.39214
2.08551
2.03858
2.00283
1.98421
1.98844
2.02763
4.129
6.2156
5.86876
1.49829
1.50553
1.58234
5.53788
1.19216
1.0721
1.18079
3.96169
4.243
1.27344
2.00918
1.96115
1.9195
1.89437
1.88531
5.21537
6.04836
5.98035
5.54435
2.59896
1.2414
1.37623
4.92445
1.89759
1.12523
3.9647
1.51887
3.89011
2.08802
1.93125
1.87772
1.82126
1.84797
3.86297
5.85968
1.4807
1.3882
5.57937
0.929007
1.16113
1.30778
1.40593
1.34934
1.16641
1.63952
0.81748
3.87638
0.944536
1.85932
1.77874
1.69248
1.77398
5.69991
1.44208
1.45818
1.31149
1.51739
2.49022
1.19246
1.2811
1.87715
2.42103
1.6305
4.13825
0.851795
3.34793
0.946294
5.32507
5.79064
1.52882
3.15179
1.82052
1.3517
1.39142
1.27981
1.21234
3.63103
1.20572
1.28727
1.26169
4.96184
5.18864
4.66147
4.50513
1.03621
1.09308
2.91714
5.67701
2.72395
2.77669
1.16674
1.07227
1.32609
1.16996
1.14615
1.26888
3.46805
1.31512
1.3244
1.23065
1.15929
3.0323
1.88959
1.04233
1.21974
1.2145
1.19518
5.30362
1.87351
1.11048
0.998605
3.74735
1.11753
1.101
1.07643
1.07864
4.02698
4.24785
4.23873
1.42809
0.798376
0.833978
0.999825
3.36828
1.19821
1.15677
1.14151
5.15418
1.29239
1.09094
3.82015
1.07488
1.04837
1.0017
0.991286
0.973551
1.05077
3.33007
3.18784
1.19582
0.743215
0.836366
4.33988
1.12928
2.13967
2.06315
1.00698
4.28224
4.30848
1.19707
0.978787
0.936175
0.924378
0.909588
0.888045
0.854482
0.793381
3.66202
3.83735
0.702909
0.750161
4.29354
1.58329
2.0487
0.896287
0.890483
0.891199
0.881382
0.878316
0.871617
0.861729
0.849075
0.832959
0.81131
0.781208
0.737869
0.677993
3.27098
2.22929
1.04279
4.33309
0.922813
0.877047
0.855263
0.794834
0.784062
0.789189
0.803196
0.799211
0.788996
0.776149
0.760543
0.741217
0.717256
0.68869
0.657778
0.635209
0.85754
1.983
4.28526
0.835389
0.870651
0.848615
0.679101
0.643333
0.883889
1.0574
0.725792
0.716732
0.70466
0.690682
0.674502
0.656105
0.636447
0.618312
0.607765
0.613478
0.612657
0.659532
0.754068
0.731325
0.768104
0.590028
0.550468
0.592804
1.16597
0.66528
0.643712
0.633454
0.621858
0.608944
0.595038
0.581107
0.568966
0.561007
0.557706
0.554116
0.541946
0.672217
0.646146
0.605705
0.568098
0.530676
0.534466
1.10842
0.854263
0.56894
0.561986
0.553266
0.543438
0.533051
0.522908
0.514087
0.507478
0.502513
0.499003
0.493841
0.586162
0.569204
0.545736
0.520325
0.500485
0.49974
0.526927
0.494461
0.494995
0.490982
0.484895
0.47771
0.470072
0.462632
0.456054
0.45076
0.446463
0.443574
0.44187
0.497306
0.48638
0.471097
0.454641
0.443846
0.434888
0.424709
0.424753
0.423975
0.421184
0.416946
0.411832
0.406344
0.400975
0.396174
0.392239
0.389212
0.387456
0.387784
0.407231
0.401177
0.391628
0.380854
0.371408
0.363147
0.358088
0.356055
0.354537
0.352355
0.349401
0.345888
0.342116
0.338416
0.33511
0.332461
0.330684
0.330047
0.331682
0.317371
0.315534
0.31052
0.304123
0.297973
0.292709
0.289036
0.28701
0.285569
0.284011
0.282106
0.279896
0.277534
0.275223
0.273193
0.271678
0.270932
0.271157
0.273403
0.22863
0.230515
0.229351
0.226601
0.223473
0.220679
0.218642
0.217418
0.216605
0.215829
0.214916
0.213849
0.21269
0.211566
0.210638
0.210083
0.210126
0.210914
0.213187
0.141471
0.146636
0.148782
0.14913
0.148657
0.148013
0.147566
0.147445
0.147535
0.147668
0.147744
0.147732
0.147655
0.147588
0.14763
0.147893
0.148544
0.149666
0.151696
0.0561667
0.0641756
0.0691328
0.0720828
0.0738702
0.0750963
0.0761392
0.077194
0.0782932
0.0793969
0.0804629
0.081469
0.0824157
0.0833384
0.0842758
0.0852729
0.0864399
0.0878568
0.0896346
-0.0274164
-0.0169083
-0.0095582
-0.00442577
-0.00073407
0.00210775
0.00450782
0.00671227
0.00884011
0.0109344
0.0129961
0.0150091
0.0169578
0.0188395
0.0206417
0.0223544
0.0240178
0.0257669
0.0276337
-0.107103
-0.0945261
-0.0852553
-0.078399
-0.0732001
-0.0690515
-0.0655082
-0.0622795
-0.0591892
-0.0561449
-0.0531213
-0.0501331
-0.0472155
-0.0444116
-0.0417759
-0.0393582
-0.0371814
-0.035067
-0.0327156
1239.79
1232.76
1221.62
1206.08
1184.74
1157.15
1122.81
1079.91
1027.6
965.944
901.788
844.496
803.21
776.924
774.133
788.12
808.261
817.689
860.561
875.392
880.374
866.631
847.618
1241.17
1235.01
1222.84
1206.88
1186.13
1159.15
1125.12
1081.99
1028.88
967.439
902.042
840.883
796.576
770.259
767.768
784.891
807.118
813.848
836.26
871.363
881.203
865.714
843.242
1243.52
1237.58
1224.67
1208.76
1189.06
1163.26
1129.42
1085.79
1031.16
966.892
898.001
834.316
786.647
757.077
753.931
774.881
806.609
819.136
805.459
874.07
886.189
865.074
834.421
1245.77
1239.3
1225.78
1211.64
1193.28
1168.77
1135.57
1091.36
1034.29
965.314
889.249
820.258
770.122
736.232
731.711
758.349
796.73
798.5
807.539
887.596
897.801
864.31
819.153
1247.36
1238.96
1225.78
1215.58
1198.91
1175.84
1143.6
1098.86
1038.42
962.789
875.818
799.598
747.745
703.496
696.179
734.573
779.184
821.359
857.297
908.457
917.893
858.69
791.763
1247.82
1237.47
1224.35
1220.39
1206.06
1184.53
1153.56
1108.52
1043.33
959.435
812.153
589.596
535.271
595.679
640.87
702.47
759.338
814.244
873.727
931.154
947.112
827.373
736.813
1247.75
1236.86
1227.18
1225.3
1214.71
1194.77
1165.51
1120.96
1049.45
807.158
609.461
567.225
701.242
636.081
577.843
662.434
737.084
802.258
874.961
949.442
980.592
776.901
669.399
1248.54
1239.03
1231.4
1230.18
1224.59
1206.31
1179.27
1134.78
945.174
695.457
725.975
572.966
448.979
308.56
536.4
622.386
713.587
786.516
864.902
958.525
974.104
814.639
682.214
660.796
631.726
600.368
533.485
444.249
484.795
507.686
496.062
571.695
617.446
519.513
313.387
242.782
270.405
381.915
504.286
483.037
423.031
501.652
648.886
621.238
530.869
522.873
421.487
479.435
494.097
436.104
578.097
625.716
522.985
272.184
230.269
245.002
322.263
501.223
491.7
351.949
408.155
650.304
631.714
416.619
420.231
452.456
453.964
444.232
426.021
534.067
594.79
463.091
97.3779
94.1489
148.579
239.067
444.46
402.211
290.359
339.32
679
636.025
277.138
397.694
465.887
481.861
475.52
357.183
507.426
546.826
425.318
63.7829
28.8514
26.8598
33.8039
332.461
450.926
369.688
400.194
693.216
633.829
279.14
363.012
522.354
472.79
316.822
378.511
450.108
393.264
253.456
255.656
24.2813
22.8523
27.9914
278.287
434.62
346
367.01
684.52
678.791
285.832
356.817
591.26
422.475
219.235
501.797
450.558
190.353
122.85
286.166
194.812
19.5018
26.4487
92.8137
451.043
345.31
487.409
637.503
678.678
469.218
286.738
541.5
172.789
312.016
503.451
456.373
129.35
53.5674
324.725
289.179
18.465
26.6853
42.0752
492.096
484.929
515.461
648.356
553.395
590.286
604.282
598.212
160.983
117.164
531.336
483.48
169.34
53.2671
148.729
332.897
146.739
32.063
48.5337
382.395
546.046
525.505
1252.31
1251.13
1249.47
1246.94
1244.34
1229.24
1208.16
1146.84
820.604
854.9
661.555
615.141
717.949
516.432
206.85
267.775
372.424
546.369
816.242
914.484
881.792
688.147
715.417
1266.17
1269.8
1272.31
1264.9
1262.32
1249
1228.43
871.485
892.587
676.606
428.971
535.074
669.668
524.34
600.938
642.195
731.653
752.696
775.704
783.218
654.289
401.978
184.371
1282.35
1281.56
1282.53
1276.98
1266.35
1256.34
1210.67
638.212
714.096
621.031
343.024
41.5133
35.2288
83.75
126.567
31.7742
22.7909
29.0625
34.7719
93.3705
171.496
82.4873
40.2098
1291.35
1283.62
1277.92
1264.11
1252.03
1249.36
1226.91
605.621
282.852
172.963
59.4468
51.5876
41.1532
15.4118
146.544
19.5203
20.3159
74.1399
18.6994
-1.0631
-0.164003
0.444378
2.4124
1299.32
1226.64
1119.6
974.37
1218.14
1206.37
1215.02
998.045
134.637
179.334
10.0156
11.5248
41.8898
14.337
12.0784
13.5992
55.0848
70.87
52.741
0.194545
0.289873
9.55457
3.94958
1337.81
1127.28
1147.37
912.708
198.5
120.757
946.926
1208.8
282.278
73.0107
19.8906
12.9441
20.2502
25.6645
9.4791
12.0523
75.3272
3.14
2.94752
2.72205
1.64401
4.72908
7.05165
1354.85
1332.86
1249.14
47.0531
46.0637
312.974
259.159
126.532
68.513
39.5066
15.3398
79.555
42.3068
33.6402
6.8174
20.2689
5.31745
3.06511
2.97198
9.7944
2.72919
2.54029
2.28505
1510.48
1415.35
55.7073
44.0722
38.1169
96.2824
149.932
55.9401
23.0898
23.9454
54.2492
9.16272
64.2106
74.1549
7.54997
5.48504
4.09594
3.56616
3.27556
2.81947
5.01502
3.42073
2.3111
1571.2
1151.65
48.0543
44.3715
93.0695
66.083
25.333
25.0141
19.8908
23.0786
10.2954
9.02206
7.65279
76.7278
56.0362
7.64177
9.90384
3.41663
3.13454
2.85455
2.59388
3.10203
2.56741
1507.95
295.831
45.27
63.4078
49.4683
22.266
20.1594
20.2028
24.4258
18.3924
13.2268
8.71869
6.37721
5.27441
5.98645
11.084
22.1564
3.25953
3.09431
2.9161
2.77299
4.70593
6.49487
1302.02
468.223
45.4217
77.9724
29.4533
21.8063
20.1483
20.0307
20.939
27.7492
80.2496
45.5041
0.922912
4.28531
7.66
6.75492
3.36693
3.22001
3.07317
2.93171
2.81008
2.70934
2.6229
1388.32
568.811
41.8929
27.2317
84.9982
89.2318
19.1994
19.7274
33.1457
90.2544
62.4152
13.58
-0.865543
3.89583
6.97329
3.47489
3.31093
3.17788
3.04832
2.92557
2.81497
2.71716
2.62815
1054.69
601.482
18.4863
8.20302
6.7626
78.2045
85.735
89.1028
52.9477
1.88812
-0.0235741
0.576303
1.79599
4.20757
5.98676
3.31131
3.27956
3.12729
3.01574
2.90493
2.80082
2.70534
2.61799
146.159
189.879
55.7186
6.4676
4.64356
3.76809
1.35404
-0.564279
0.708233
1.11205
0.975635
5.94687
6.34783
8.48036
6.10129
3.25041
3.22055
3.08316
2.97939
2.87489
2.77467
2.68101
2.59472
852.66
315.489
375.935
3.51515
2.76929
1.7652
8.06865
7.9742
0.765046
0.288448
1.85184
3.50563
7.79474
8.72709
3.29418
3.25155
3.15078
3.04771
2.94181
2.83854
2.73992
2.64736
2.56183
950.153
531.143
163.566
1.13115
-0.249751
-2.98255
-7.11993
-7.48823
6.6673
21.041
15.8406
3.72588
3.96598
3.77332
3.58234
3.30612
3.13986
3.01244
2.90016
2.79634
2.69826
2.60604
2.52073
1061.32
797.377
144.42
-4.66499
-6.50326
-11.013
-14.2494
-13.072
-8.46617
-2.63774
14.9746
41.3332
3.9965
3.80626
3.53695
3.27987
3.09678
2.96122
2.84955
2.74774
2.65028
2.5575
2.47156
169.931
872.184
-8.49359
-6.85057
-10.8052
-16.4046
-19.8101
-17.442
-9.48124
-1.6977
1.41048
17.6105
9.47828
3.63557
3.38687
3.16855
3.0064
2.88694
2.78922
2.69418
2.59688
2.50167
2.41367
156.433
826.944
-1.05863
-3.9929
-8.8974
-15.9401
-19.0229
-15.2863
-7.88362
-0.819229
2.594
3.50648
52.7375
3.36692
3.17238
2.99623
2.87191
2.79033
2.72586
2.64146
2.53975
2.43755
2.34528
192.999
137.621
5.1644
0.340938
-2.39149
-7.17642
-9.44042
-8.21131
-4.67223
-1.37762
1.40266
3.20375
22.7493
4.33291
2.86025
2.7601
2.68685
2.66851
2.67568
2.59993
2.47814
2.36066
2.26198
143.971
187.627
8.21842
5.21148
3.22341
0.0619604
-1.91622
-2.71265
-3.4017
-0.577436
0.166942
1.01412
13.2415
2.36939
2.47654
2.46171
2.41597
2.45601
2.65913
2.56503
2.39174
2.25769
2.15499
173.617
29.8509
482.615
19.4627
10.0751
10.2967
3.00313
2.37428
19.3264
50.8023
28.8198
-2.97752
5.90093
17.2392
2.13456
2.12769
2.3403
9.56156
20.1443
2.5976
2.25361
2.10265
2.00953
118.511
5.82524
539.727
234.728
26.4358
10.9986
34.1123
32.9804
-1.08833
6.59204
16.6868
-3.76303
-1.74515
21.716
2.08915
6.30385
3.84947
2.91979
20.4608
20.912
1.83581
1.8477
1.81403
12.2899
6.31793
324.621
396.48
103.083
74.2635
3.36613
2.0661
0.0637725
58.2568
57.2575
-2.48439
-0.826511
24.2442
4.94614
5.09786
1.35238
20.6154
19.9504
19.2132
1.16995
1.52141
1.59257
12.0122
8.61579
26.0829
8.28584
87.4857
3.5913
3.2122
2.10224
0.559037
10.1936
39.8673
-1.19151
15.8507
22.4503
1.9198
2.06431
1.61456
9.72469
7.39108
0.514189
1.04369
1.31763
1.4138
10.6156
7.04805
4.97383
4.8006
66.0838
3.71327
3.0272
3.54408
1.8368
0.541841
3.22403
9.37278
4.44674
1.85856
3.61079
2.07827
1.66093
1.29166
0.97327
0.968668
1.12125
1.23764
1.29718
768.011
5.36428
5.33245
5.30636
88.4633
3.63431
3.01824
4.873
3.25011
3.95448
2.86394
0.83131
2.09019
1.45659
1.6855
1.64891
1.49036
1.27747
1.12402
1.09018
1.13068
1.17841
1.20721
821.239
11.5824
5.71556
33.0963
33.4744
3.67443
3.45851
2.96577
2.09268
1.53398
1.15891
1.07657
1.18999
1.35547
1.44957
1.42988
1.33321
1.21383
1.12712
1.09439
1.09877
1.11387
1.12317
82.3185
9.15053
71.9473
97.0528
3.81745
3.66611
4.27574
2.686
2.16408
1.65433
1.28891
1.14272
1.15175
1.21622
1.25309
1.23702
1.18174
1.11632
1.06685
1.04243
1.03673
1.03806
1.03707
123.512
24.4032
103.363
7.57974
3.98588
3.95064
4.20668
2.54136
2.02345
1.54522
1.19993
1.03051
0.998494
1.02408
1.04686
1.04535
1.02324
0.994426
0.971061
0.957924
0.952923
0.950747
0.946332
143.589
191.49
11.8442
4.52612
4.01309
4.00495
2.91469
2.20734
1.69317
1.23494
0.908331
0.752054
0.731797
0.766096
0.805986
0.833984
0.846554
0.849668
0.849965
0.850978
0.85278
0.853425
0.850571
45.3248
662.722
19.9109
43.825
3.6005
2.9297
2.20129
1.62847
1.09682
0.656003
0.372747
0.228136
0.289155
0.403025
0.505449
0.587304
0.644763
0.683056
0.709057
0.727404
0.740191
0.747877
0.750148
41.8062
631.879
44.4171
62.1227
63.586
58.8531
1.50294
0.815171
0.234519
0.395756
0.73049
0.753901
-0.0694259
-0.109726
0.115768
0.296133
0.415857
0.497145
0.553064
0.592099
0.61901
0.636518
0.646062
72.4012
129.816
446.001
9.20691
6.57159
68.4546
52.8394
-0.199272
0.358139
-0.384154
-1.63291
-0.288291
0.146344
0.435588
-0.36849
-0.041244
0.164002
0.298729
0.38967
0.452064
0.494715
0.523011
0.54027
53.802
-8.51322
516.026
2.04424
-4.77426
2.701
71.4775
-1.44842
0.536003
-2.49828
-2.45018
-2.21729
-0.942422
-0.900803
-0.945978
-0.408149
-0.0905424
0.10644
0.233686
0.317949
0.374287
0.411554
0.435175
66.9961
-6.78093
82.5736
109.765
-6.88882
-6.81568
68.2612
-2.70249
2.39763
-3.39751
-3.25156
-1.13615
-1.59815
-1.91991
-1.67862
-0.767753
-0.295234
-0.0462898
0.103625
0.199526
0.262783
0.304913
0.332545
78.5297
-1.44157
-2.76954
202.869
-6.45021
-6.17052
67.9331
-3.43507
1.50447
-4.26769
-3.93751
-3.13523
-0.976954
-2.29669
1.3036
-0.936801
-0.390933
-0.142784
0.00309283
0.0968767
0.159969
0.203313
0.232996
77.9732
-0.837153
31.336
4.14287
-5.54048
-5.2445
67.9114
-2.99547
0.905501
-2.20195
-4.61095
-3.67138
-2.84466
-2.32097
6.96657
-0.502967
-0.406413
-0.208031
-0.0821501
0.002911
0.0627466
0.105681
0.13645
84.2973
1.50871
74.2646
71.2992
3.24841
-3.67649
73.3023
0.324532
1.28481
0.219384
-4.58467
-3.64364
-2.99902
3.16299
8.03431
-0.700865
-0.413666
-0.26335
-0.160049
-0.0856992
-0.0303508
0.0114103
0.0427984
30.5819
31.5491
48.5325
81.3297
82.8116
79.8768
66.1118
-0.366655
-1.60996
-2.27095
-3.47687
-2.93248
-2.47885
7.94046
0.562491
-0.536451
-0.402014
-0.307044
-0.231809
-0.170507
-0.120555
-0.0803557
-0.0485421
23.8759
6.68764
-4.43935
80.4404
82.6543
87.4066
-0.0681111
-0.945707
-1.14537
-1.64284
-1.91478
-1.64429
-1.10042
1.23317
-0.448212
-0.393487
-0.373029
-0.345995
-0.30197
-0.253443
-0.208104
-0.168896
-0.136394
25.145
34.4097
-2.93527
24.6218
11.9258
-0.811309
-0.270916
-0.206788
-0.245494
-0.272926
-0.150333
-0.169852
-0.663575
0.299735
0.530226
-0.165783
-0.402504
-0.423563
-0.39215
-0.347087
-0.30175
-0.261085
-0.226578
767.446
678.348
772.398
546.03
715.745
179.212
126.293
306.815
50.7343
441.803
60.7525
90.0249
10.809
41.4742
2.18644
2.25967
25.7789
10.1572
2.30664
2.27085
2.0192
2.0279
2.07128
2.12189
2.10589
2.1531
1.97826
2.06713
2.20222
2.2641
2.07466
2.90329
2.45999
2.40587
3.1242
3.3118
6.3851
5.52114
3.40961
2.42644
2.54573
2.52619
2.48567
2.46157
2.55821
2.52442
2.49326
2.46416
2.54909
2.51445
2.48182
2.45108
2.52639
2.49175
2.45889
2.4277
2.49404
2.45962
2.42693
2.39588
2.45325
2.41902
2.38662
2.35601
2.40399
2.36991
2.33785
2.30778
2.34554
2.31158
2.27993
2.2505
2.27625
2.24262
2.21172
2.18331
2.1929
2.16053
2.13154
2.10534
2.08967
2.06097
2.03657
2.01549
1.95721
1.93632
1.9209
1.90983
1.78683
1.77469
1.7661
1.76192
1.59296
1.58168
1.5607
1.52204
1.42933
1.42116
1.39989
1.35888
1.3114
1.30851
1.29895
1.28279
1.21291
1.21021
1.20386
1.19493
1.12125
1.11651
1.10941
1.1007
1.03026
1.02399
1.01558
1.00464
0.937719
0.930925
0.922318
0.91161
0.843467
0.837741
0.830678
0.822372
0.747201
0.743849
0.739319
0.733711
0.648451
0.647858
0.64598
0.642846
0.547965
0.549945
0.550448
0.54957
0.447264
0.451386
0.453902
0.454967
0.347791
0.353579
0.357756
0.360496
0.250428
0.257509
0.263056
0.26724
0.155526
0.163665
0.170371
0.175802
0.0632307
0.0722841
0.0800015
0.0865358
-0.0268738
-0.0169715
-0.00831892
-0.000782435
-0.113478
-0.102748
-0.0931941
-0.0847125
-0.201731
-0.189931
-0.179306
-0.169776
50.5621
-16.0612
40.2109
561.099
583.168
197.138
159.198
567.273
37.4401
105.9
93.2448
47.3615
6.88818
420.122
101.623
62.0273
588.068
555.004
184.34
316.499
-19.4344
-18.5809
184.16
485.612
55.414
193.277
482.757
20.8826
87.5755
113.584
5.84277
5.86784
5.84898
619.128
662.486
661.953
287.887
158.986
391.598
369.851
-15.3572
-16.3287
594.924
89.5062
127.465
613.967
184.357
12.7837
23.2518
6.23494
5.47106
4.30895
2.97794
25.6721
6.87914
10.089
123.634
2.35932
453.437
467.132
20.7332
76.7715
709.219
479.252
297.934
631.533
11.3431
11.3643
26.8885
4.22156
3.92622
2.9712
1.7917
4.78127
7.08401
9.38241
2.23671
2.21062
353.357
606.999
554.914
776.732
708.957
82.4825
372.895
13.8389
36.8221
37.0704
8.16271
3.30355
2.89575
1.78299
7.43836
9.85379
6.93432
2.39992
2.57272
2.28523
38.903
501.543
421.733
18.508
3.15272
37.6512
28.2373
59.5414
59.7337
3.7478
2.63713
2.33765
4.86303
5.28192
8.711
6.18412
2.81536
2.62024
2.26401
2.75983
7.15307
2.50848
2.71561
2.82491
12.3929
3.95551
2.58577
10.9129
28.8262
3.1052
2.13736
1.93515
2.31808
3.26867
4.7746
2.88425
2.31984
2.33639
2.32605
2.37746
2.48027
2.45097
2.79509
4.05607
3.27749
3.02489
126.271
89.3079
2.04786
2.1886
2.25944
3.54549
3.46979
3.29219
2.33626
2.36549
2.36053
2.35752
2.38881
2.42452
2.31186
5.5377
8.01139
3.65289
61.6203
137.638
0.824543
1.47925
1.76264
3.72145
5.82226
6.14805
2.94569
2.4166
2.39433
2.35811
2.34328
2.3487
2.36416
2.24465
2.01012
2.02829
4.46117
7.17932
1.15372
0.751965
0.911238
1.15905
5.34108
2.77269
5.31234
2.49405
2.43231
2.38374
2.34454
2.31415
2.29332
2.28829
2.17134
1.65588
1.42209
3.19456
1.20585
0.996714
0.428389
0.45421
0.766038
3.48648
1.33644
1.42778
3.81776
2.42782
2.37133
2.32181
2.2761
2.22722
2.5945
2.55043
1.4099
0.882346
5.73727
0.828845
1.04164
0.289374
0.301177
2.90349
1.74854
1.47397
1.53802
4.71394
2.41235
2.35097
2.29509
2.23971
2.17458
2.21411
2.53564
1.37506
0.855262
5.87493
1.08452
1.65413
0.473685
0.446219
2.29273
1.28104
1.56762
1.64015
4.84561
2.38817
2.32509
2.26739
2.21064
2.14707
2.0638
2.67675
1.74401
1.31269
6.11708
5.49106
1.23309
0.738184
1.08573
1.11076
1.31958
1.68129
1.80082
4.13808
2.35655
2.29422
2.23849
2.18676
2.13535
2.07977
2.02058
2.71411
2.02288
2.13562
2.12922
1.75309
1.26066
3.03567
1.25062
1.4206
4.82158
2.0091
2.99049
2.31748
2.25741
2.2059
2.16233
2.12658
2.10009
2.08908
2.10708
2.71047
3.35237
3.36109
4.25404
3.93716
1.50491
1.38914
3.38404
5.05009
2.20971
4.09558
2.27029
2.21304
2.16628
2.1311
2.11001
2.10751
2.12976
2.17454
2.20755
2.15671
2.00153
1.83541
1.68383
1.58541
1.72041
4.82412
4.72853
5.58241
1.93573
2.21414
2.15958
2.11658
2.08765
2.07723
2.09212
2.13934
2.20403
2.20753
2.0436
1.8587
1.77155
1.74291
3.04485
4.6953
2.65466
1.64431
5.43921
2.20758
2.14846
2.09622
2.05469
2.02778
2.02116
2.04338
2.1074
2.51324
4.0472
2.02321
1.61908
1.64791
1.67118
5.18907
1.08533
1.11031
1.61264
4.07838
4.19645
2.07332
2.02381
1.9801
1.94993
1.93812
1.95003
5.12915
6.15845
5.97925
5.37439
1.22616
1.45436
3.77339
1.8034
1.17877
1.05425
3.90348
1.75727
1.60694
1.98998
1.94684
1.89388
1.86436
1.85333
4.74786
5.95609
2.86242
5.77592
4.93347
1.01848
1.27907
1.35635
2.78571
1.26358
1.34066
3.60211
1.85573
1.57268
1.89759
1.87544
1.78951
1.76442
2.65112
5.89949
1.46633
1.39396
1.30142
2.22448
1.09806
1.24847
1.32586
3.83595
1.2997
1.18475
0.885978
3.73173
1.25218
1.7605
4.74921
1.62864
1.5887
5.00658
1.3716
1.47254
1.43454
1.23212
3.56215
1.51183
1.24786
1.28086
3.92664
3.44093
4.86232
3.32597
3.62552
0.945296
2.07984
5.72728
4.65492
1.47163
4.18807
1.19079
1.3035
1.22174
1.18427
1.24466
3.61247
1.25097
1.31324
1.242
2.1643
4.04803
3.62211
2.4262
1.106
1.27319
1.35751
5.61463
1.55541
1.85748
1.04455
1.20011
2.65801
1.13892
1.11133
1.24329
3.37997
2.31116
1.73158
1.38799
0.923979
0.749429
0.931509
1.16376
1.25094
1.18935
1.17297
5.29319
1.51269
1.07519
1.24258
3.81406
1.14049
1.04482
1.03669
1.02806
3.07066
4.19586
4.07752
0.816702
0.76057
0.843982
1.01027
1.18043
1.15103
1.70113
1.40211
4.73497
2.02826
3.77358
0.982851
0.998604
0.968681
0.956845
0.941153
0.915914
0.869261
2.47495
3.86326
1.31355
0.739534
1.21794
1.08705
2.13322
2.0512
1.30258
0.925504
3.55178
1.30303
0.91359
0.903695
0.892876
0.879112
0.860625
0.834061
0.792731
0.728307
3.66955
3.83435
0.86112
1.40844
0.988994
1.55937
0.893846
0.851621
0.847042
0.841405
0.841872
0.839565
0.830745
0.819139
0.80482
0.786666
0.763066
0.732125
0.692746
0.648513
1.11637
1.01417
4.26686
0.896459
0.85788
0.912844
0.80624
0.721872
0.724558
0.794176
0.765388
0.758353
0.746864
0.733174
0.716897
0.697478
0.674955
0.651018
0.630561
0.628805
0.643125
0.614292
0.80919
0.776358
0.833902
0.710126
0.59902
0.587872
1.16268
0.991723
0.685076
0.674906
0.662846
0.649151
0.63381
0.617365
0.601404
0.588981
0.584597
0.587429
0.577027
0.724254
0.69946
0.655996
0.670892
0.548373
0.537704
0.987832
1.15249
0.609897
0.602299
0.592799
0.582006
0.570242
0.558148
0.546881
0.537991
0.532288
0.528396
0.52341
0.636822
0.620389
0.594979
0.561657
0.530724
0.516594
0.519394
1.0863
0.53287
0.529309
0.522875
0.514919
0.506157
0.497245
0.488988
0.48217
0.476924
0.472659
0.469613
0.546531
0.535872
0.519226
0.49907
0.480009
0.475893
0.459944
0.456688
0.459637
0.457835
0.453567
0.447912
0.441551
0.435057
0.429002
0.423852
0.419733
0.416503
0.415444
0.454532
0.448731
0.438132
0.424933
0.412115
0.407398
0.393769
0.39081
0.389905
0.388072
0.385022
0.381064
0.376588
0.371998
0.367697
0.364021
0.361163
0.359243
0.359799
0.362351
0.360802
0.355013
0.346886
0.338572
0.331501
0.325614
0.322534
0.320837
0.31916
0.317002
0.314354
0.311389
0.308349
0.305506
0.303125
0.301421
0.300618
0.302153
0.271115
0.273362
0.271682
0.267701
0.262999
0.258721
0.255208
0.253021
0.251672
0.250532
0.249241
0.247718
0.246019
0.244277
0.242673
0.241409
0.240673
0.240671
0.242463
0.181454
0.187085
0.188972
0.188513
0.186945
0.185177
0.183684
0.182749
0.182248
0.181915
0.181546
0.181071
0.180493
0.179882
0.17936
0.179061
0.179113
0.179647
0.181259
0.0937682
0.10239
0.107367
0.109895
0.111
0.111456
0.111746
0.112137
0.112675
0.113288
0.113883
0.11442
0.114884
0.115309
0.115765
0.116319
0.117041
0.117953
0.119285
0.00785727
0.0191148
0.0267349
0.0317678
0.035114
0.0374748
0.0393416
0.0410165
0.0426386
0.0442495
0.0458351
0.0473784
0.0488612
0.0502886
0.0516818
0.0530456
0.0544029
0.0556761
0.0568114
-0.0747495
-0.0611743
-0.0513227
-0.0442232
-0.0390371
-0.0350881
-0.0318651
-0.0290247
-0.0263667
-0.0237793
-0.0212257
-0.0187068
-0.0162443
-0.0138618
-0.0115829
-0.00944688
-0.00746901
-0.00575257
-0.00464186
-0.158477
-0.142662
-0.130801
-0.121945
-0.115247
-0.109984
-0.105591
-0.101682
-0.0980023
-0.0943968
-0.090798
-0.0872018
-0.083646
-0.0801935
-0.0769187
-0.0739021
-0.071206
-0.0688841
-0.0673145
1237.57
1227.25
1214.68
1196.22
1171.7
1140.95
1102.51
1054.94
997.941
933.547
871.772
821.473
787.899
772.612
779.667
797.896
807.831
855.806
862.745
880.971
875.285
856.744
843.169
1239.63
1229.22
1215.42
1197.23
1173.45
1143.19
1104.78
1056.68
998.843
935.394
869.483
816.989
780.431
765.884
774.565
796.462
805.519
834.195
843.901
880.335
875.928
853.368
838.299
1242.19
1231.36
1217.18
1199.51
1177.03
1147.45
1108.94
1059.85
999.963
932.611
864.634
808.295
769.246
751.769
762.248
790.238
806.683
820.577
836.945
884.837
879.108
847.034
829.256
1244.4
1232.14
1219.32
1203.02
1181.97
1153.4
1114.99
1064.47
1001.08
927.586
852.721
792.997
750.828
728.975
742.759
776.47
813.733
796.615
861.495
897.663
886.065
835.068
815.004
1245.29
1230.83
1221.74
1207.9
1188.35
1161.05
1123.02
1070.7
1002.37
919.866
834.65
771.988
724.031
691.214
713.401
756.594
802.154
813.578
886.975
919.271
897.909
815.007
794.369
1245.05
1228.77
1223.05
1214.28
1196.26
1170.47
1133.17
1078.66
1003.71
908.477
681.983
545.506
549.146
633.872
670.155
731.789
786.391
842.897
905.875
947.502
909.443
753.99
764.374
1245.05
1227.96
1228.13
1222.22
1205.65
1181.61
1145.63
1089.39
1000.71
650.16
572.796
595.16
705.222
585.778
613.01
702.895
769.131
837.307
913.811
979.434
898.615
659.967
730.253
1246.72
1230.13
1232.57
1231.42
1216.26
1194.21
1160.23
1098.99
732.357
762.018
688.577
488.682
382.794
404.568
562.222
673.68
749.185
824.509
910.167
997.845
909.371
711.507
714.625
620.012
657.254
543.237
492.308
461.256
502.737
494.615
525.628
607.314
587.978
408.765
260.58
249.467
306.147
467.375
510.592
448.975
444.807
518.21
600.909
611.419
502.646
477.888
422.202
501.944
436.063
477.06
615.338
613.738
363.031
237.492
233.797
267.521
421.219
529.284
416.591
337.15
499.187
646.101
541.174
377.482
459.948
419.623
492.739
402.419
482.74
531.227
612.778
187.97
84.0471
121.281
178.128
321.955
444.3
323.988
301.719
419.23
688.188
440.382
281.962
475.003
474.455
482.272
380.188
383.243
528.84
533.305
224.555
39.3665
26.2041
29.351
153.903
449.202
378.872
296.145
443.736
702.743
316.217
276.863
559.423
482.287
456.776
277.883
527.489
477.625
248.201
284.818
93.798
21.0564
25.2406
31.8765
401.793
434.071
304.57
433.687
699.509
383.285
286.555
600.277
512.83
230.409
325.374
486.215
426.231
63.8049
301.837
265.095
17.058
22.9155
31.1959
363.153
458.558
481.688
415.708
666.598
632.434
283.332
520.436
247.415
158.659
476.316
482.787
406.416
59.8675
100.755
312.261
213.888
22.48
35.0223
394.889
473.434
525.459
422.804
531.411
567.701
611.595
637.174
208.771
133.709
248.075
505.787
401.904
67.7558
49.4081
325.863
314.366
27.5544
41.3053
77.338
567.407
542.598
530.614
1255.01
1245.92
1248.76
1246.66
1237.3
1219.94
1193.85
918.247
865.956
706.833
641.423
672.846
652.521
281.81
221.243
326.865
414.056
768.558
861.632
934.202
764.492
687.979
758.195
1271.92
1268.62
1269.98
1268.12
1255.92
1239.99
1131.65
826.007
750.73
567.28
475.248
631.01
687.468
455.017
618.322
657.097
744.104
773.276
782.237
712.315
618.274
59.6902
629.629
1285.09
1280.66
1282.57
1271.37
1261.65
1243.74
902.492
706.427
605.998
419.368
90.1341
38.7488
109.479
238.252
28.0403
21.908
24.4949
34.9859
50.4934
148.875
118.313
75.5115
27.7669
1287.75
1280.43
1272.74
1257.01
1248.45
1246.91
1131.75
239.167
301.577
169.841
26.6366
51.0697
14.6824
74.6665
53.8011
19.291
32.5807
62.1751
-4.08911
0.686869
-0.242714
2.05174
2.48953
1301.26
1192.65
978.424
1027.41
1210.06
1214.04
1192.53
239.006
130.494
162.752
9.48688
30.6737
32.2956
13.0921
12.4472
15.3709
74.5031
64.2341
1.03393
0.352082
0.301652
15.2662
3.61573
1163.02
1187.44
1021.35
489.676
102.008
194.481
1223.73
941.388
152.507
37.8365
14.1778
17.5004
20.7976
14.3518
10.7264
55.9864
34.9226
2.99246
15.1893
1.84691
1.6139
3.49222
8.76041
1273.57
1272.32
607.181
45.9595
60.9886
437.23
178.58
71.6187
94.8656
15.0597
73.1161
76.0739
37.3256
12.0257
6.67599
53.4782
3.02151
3.03376
3.33849
9.39987
2.20852
3.00609
2.14953
1550.97
672.704
47.4236
41.007
34.9072
143.589
86.648
47.1638
21.4269
57.9199
39.1054
11.192
76.7841
23.2444
6.10872
8.176
3.28882
3.42351
2.99259
3.69015
5.55702
2.32752
2.26753
1217.83
367.354
46.9134
42.1996
106.215
23.7223
27.3485
26.5939
19.6048
28.8089
9.45376
8.3056
20.0436
80.6645
7.8273
10.5914
4.48371
3.31329
2.99109
2.71265
2.5836
3.37138
2.49011
246.863
292.576
44.5609
85.2937
23.704
21.0787
19.9428
23.599
19.9551
16.4023
10.4909
7.12689
5.7111
5.1152
6.39281
24.6408
3.87322
3.18175
3.00443
2.83608
2.76937
6.51165
6.45973
330.523
233.472
55.8532
33.6159
25.0565
21.4621
19.8817
20.005
23.2224
49.0424
68.4889
0.439468
3.49026
5.91101
7.60322
3.49738
3.29194
3.14609
3.00097
2.86778
2.75743
2.66281
2.60364
296.573
363.967
50.4489
31.4866
90.4132
62.9388
19.4571
19.8781
82.9937
83.5231
55.3935
-4.4547
2.42478
6.29979
3.56344
3.38407
3.24395
3.11255
2.98576
2.86846
2.76459
2.67185
2.58644
156.324
498.537
35.4407
6.5637
25.8319
83.1755
88.9819
83.11
10.6192
0.977578
-0.3916
0.326091
3.15616
8.00853
3.30596
3.29943
3.19965
3.07205
2.95975
2.85184
2.75201
2.6607
2.57732
130.038
692.486
5.8089
5.04714
4.23217
2.06926
2.07597
0.105256
1.02498
1.02776
1.9729
7.12039
7.38536
8.17886
3.21798
3.26617
3.13161
3.03186
2.92684
2.82406
2.72695
2.63692
2.55448
60.3201
794.061
3.89711
2.95413
2.40999
2.21507
7.69892
2.32156
-0.0578116
1.04024
2.74923
4.588
8.99227
6.93421
3.30235
3.19752
3.10051
2.9946
2.8897
2.78855
2.69281
2.60367
2.52193
71.6782
866.758
2.11898
0.216316
-1.23714
-5.3919
-7.81929
-2.40304
17.6242
23.221
7.21237
3.93318
3.89577
3.67261
3.42936
3.21189
3.0738
2.95492
2.84745
2.74662
2.65136
2.56246
2.481
165.106
839.099
-7.69474
-5.35579
-8.64648
-13.1073
-14.2004
-11.127
-5.42981
-0.531815
40.4728
8.95731
3.92489
3.67712
3.40074
3.18012
3.02483
2.90348
2.79794
2.69853
2.60317
2.51355
2.43171
784.578
402.304
-5.90848
-7.72603
-13.6365
-18.768
-19.3217
-14.216
-5.3307
0.276837
2.33732
56.1063
3.77167
3.51547
3.2709
3.08102
2.94254
2.83678
2.74203
2.64564
2.54865
2.45654
2.37334
936.617
-0.599357
-2.81049
-5.25537
-12.9594
-18.0627
-18.4986
-11.6561
-4.17009
1.9498
3.02415
30.32
13.4163
3.28818
3.07743
2.92807
2.82671
2.75865
2.68702
2.59168
2.48786
2.38983
2.30413
944.782
7.24299
2.25042
-0.227615
-4.99737
-8.73083
-9.2358
-6.57876
-2.42222
-0.093448
2.5183
3.51381
28.7444
2.91347
2.80804
2.71841
2.67018
2.67535
2.65036
2.54124
2.41741
2.30875
2.22028
712.153
10.7343
6.47063
4.35168
1.63104
-0.827238
-2.37287
-3.00233
-3.2332
-0.107022
-0.191656
2.02233
13.8124
2.44687
2.47702
2.43732
2.43861
2.55797
2.64766
2.48697
2.32126
2.20234
2.11481
35.5222
80.3819
304.272
9.62855
12.1537
8.74659
2.32524
7.49828
52.6898
47.4674
-4.15228
-1.4148
16.4103
2.11806
2.14659
2.14461
2.26774
19.6746
16.8695
2.36154
2.16945
2.05063
1.97662
52.2158
5.1852
551.472
86.0562
20.5221
11.9913
35.5765
6.01207
-1.43476
57.3428
-4.22382
-2.47125
5.07823
18.7617
2.29809
6.22167
2.53565
12.0137
20.7809
4.62124
1.86362
1.83093
1.79773
63.493
4.69274
577.37
41.8518
99.7953
5.33801
2.85054
0.924162
15.6023
54.4405
-2.80219
-1.54361
1.05245
26.0747
5.34373
1.20312
10.5538
20.1394
20.0924
5.34954
1.42241
1.57214
1.59718
67.0383
4.93041
386.713
13.3275
69.7426
3.58607
2.75913
1.33243
-0.404276
49.3757
-1.49215
1.07361
25.0949
4.62746
2.08248
2.02402
1.49893
16.1326
0.405306
0.754831
1.21045
1.3796
1.42883
17.1561
4.89847
5.13642
4.5892
53.6812
3.40473
3.32036
2.59536
1.66328
0.468114
8.74315
10.1519
1.91691
2.74933
3.69401
1.76536
1.50952
1.08876
0.939748
1.04261
1.18621
1.27388
1.30931
83.3523
5.40832
5.23056
54.5433
4.35443
3.30424
4.0554
3.88626
3.77182
3.72662
0.788189
1.22837
1.73481
1.59892
1.69318
1.57749
1.38612
1.18569
1.09362
1.10619
1.15606
1.19574
1.21278
352.382
5.70055
5.74031
89.7201
3.80865
3.41841
4.32383
2.38077
1.79971
1.31587
1.08138
1.11908
1.27487
1.41682
1.45218
1.38781
1.27261
1.1639
1.10447
1.09371
1.10629
1.11984
1.12336
8.19929
6.62375
98.2221
23.5453
3.83531
3.69502
3.79248
2.43138
1.90031
1.44483
1.19073
1.13374
1.1835
1.24093
1.25139
1.21262
1.14837
1.08857
1.05166
1.03797
1.0372
1.03827
1.034
688.663
92.9518
57.0383
4.15269
3.83044
4.48549
3.10719
2.28395
1.77351
1.35123
1.09394
1.00211
1.00887
1.03794
1.04932
1.03607
1.00877
0.981572
0.963218
0.954713
0.951827
0.949092
0.942074
725.978
100.148
5.12835
4.25469
3.81733
3.87767
2.46707
1.94646
1.45243
1.05149
0.808915
0.730152
0.746382
0.786757
0.822034
0.841918
0.848827
0.849859
0.850308
0.851879
0.853396
0.852584
0.847123
369.645
38.9307
19.4162
9.79908
3.33912
2.54525
1.89979
1.36001
0.851132
0.485733
0.270922
0.243914
0.346477
0.456051
0.549582
0.618821
0.66586
0.697234
0.719005
0.73444
0.744681
0.749728
0.749072
28.9755
629.398
45.0301
59.3434
68.7958
12.8122
1.123
0.515793
-0.0170086
0.841454
0.716974
0.788147
-0.0726668
0.00474434
0.215179
0.361654
0.460443
0.527634
0.574331
0.606862
0.628827
0.642226
0.648125
0.240435
603.001
31.0479
4.67141
43.5307
72.1407
0.159221
-0.429266
0.832349
-1.5728
-1.31479
-0.0580037
0.381195
-0.561131
-0.187814
0.0722685
0.238197
0.348514
0.423782
0.475459
0.510412
0.532862
0.545506
-8.80444
183.883
228.013
-3.15376
-5.48161
67.6064
19.8373
-1.33394
-0.589983
-2.54922
-2.36482
-1.99755
-0.341126
-1.21951
-0.650443
-0.230736
0.0189578
0.176737
0.28006
0.348952
0.394908
0.424817
0.443035
28.6022
-6.1188
357.173
-5.90668
-7.25897
19.1878
37.0139
-1.10524
-0.383608
-3.3927
-1.84762
-0.877107
-2.01808
-1.98732
-1.21113
-0.492159
-0.154074
0.0374097
0.156666
0.234365
0.285994
0.320249
0.342248
54.742
-2.06075
35.2113
73.961
-6.64062
-1.65525
1.79419
-1.16901
1.21604
-4.23108
-3.64057
-1.31856
-1.23818
-2.06353
2.78423
-0.604308
-0.24857
-0.0613017
0.0547948
0.131419
0.183653
0.219596
0.243922
-0.758566
37.5791
5.68346
2.66209
-5.68126
-4.41495
48.7366
0.0842396
0.317722
-5.16449
-4.0878
-3.27297
-2.48155
-1.56666
7.49568
-0.553572
-0.295482
-0.13873
-0.035732
0.0353442
0.0859742
0.122375
0.148261
84.9138
7.07517
75.254
72.8887
-3.68209
62.9723
69.0764
-2.696
0.318175
-4.91634
-3.99474
-3.36486
-2.11627
7.42893
-0.496246
-0.513634
-0.331697
-0.207254
-0.120018
-0.0560605
-0.00800634
0.0282473
0.0553221
67.3659
-4.9935
81.7886
81.964
78.3122
78.1873
3.86253
-2.38363
0.458396
-3.68534
-3.15334
-2.76231
-1.53383
8.40827
-0.620461
-0.459068
-0.351436
-0.267424
-0.19962
-0.144218
-0.0993265
-0.0634819
-0.0353801
84.0325
-4.66924
82.5833
78.6305
87.3169
28.5134
-0.718253
-1.02737
-1.32777
-1.89157
-1.84275
-1.12316
-0.891959
-0.342075
-0.422765
-0.380436
-0.362228
-0.325266
-0.27765
-0.230111
-0.187664
-0.151819
-0.122562
36.3316
-2.76768
-4.38838
25.4438
-0.841982
-0.391596
-0.226886
-0.207787
-0.246513
-0.215801
-0.139421
-0.307162
-0.975926
0.713697
0.273666
-0.334279
-0.424372
-0.411027
-0.37019
-0.324024
-0.280689
-0.243041
-0.211651
694.155
731.887
759.831
252.834
512.237
135.38
122.782
357.878
321.805
347.995
12.3186
353.1
44.2078
2.04692
2.2537
2.25636
59.2443
2.31845
2.28921
2.25309
2.01457
2.05041
2.09547
2.15125
2.19415
2.11686
2.00933
2.57474
2.20439
2.13773
2.11276
2.96897
2.43377
2.38303
4.68477
2.30018
6.29876
4.89091
2.43122
2.42145
2.5273
2.499
2.47348
2.44991
2.54095
2.50856
2.47847
2.45031
2.53151
2.49789
2.46623
2.43636
2.50884
2.47511
2.44309
2.41269
2.47661
2.44307
2.4112
2.38094
2.43591
2.4026
2.3711
2.34134
2.3867
2.35363
2.32258
2.29347
2.32827
2.29547
2.26495
2.23658
2.25908
2.22684
2.19723
2.16993
2.17626
2.14564
2.11815
2.09302
2.07475
2.04827
2.02573
2.00555
1.9461
1.92788
1.91537
1.90411
1.78043
1.7697
1.7643
1.75714
1.58832
1.57262
1.54479
1.49337
1.42668
1.41249
1.38228
1.32959
1.31084
1.30456
1.29166
1.2723
1.2121
1.20742
1.19966
1.18974
1.11921
1.1132
1.10528
1.09546
1.02738
1.02009
1.01037
0.999003
0.934525
0.926896
0.917121
0.906237
0.840778
0.83437
0.826684
0.817701
0.74568
0.741718
0.736672
0.73034
0.648318
0.647075
0.644576
0.640775
0.549146
0.550374
0.55018
0.548625
0.449537
0.452835
0.454606
0.455001
0.350899
0.355858
0.359294
0.361383
0.254174
0.260462
0.265307
0.268875
0.159786
0.167187
0.173236
0.178089
0.0679352
0.0763003
0.0834071
0.0894018
-0.0217572
-0.0124978
-0.00441982
0.00260256
-0.10796
-0.0978307
-0.0888266
-0.0808394
-0.195679
-0.184476
-0.174409
-0.165398
-8.50196
-16.0396
270.394
610.349
279.297
69.0739
537.858
233.131
62.9218
122.708
60.9706
9.93568
235.732
413.577
56.9519
255.049
605.525
465.219
176.975
70.9133
-19.7727
-15.8677
610.187
148.089
31.7857
528.515
54.5914
33.7222
139.011
6.79597
6.37629
4.84654
319.019
653.88
668.407
493.03
241.87
156.752
380.315
74.3378
-15.3066
27.1214
611.68
26.3159
582.051
619.25
13.1769
11.84
9.32545
5.74529
4.56122
3.97789
-0.125853
41.7699
9.16561
15.7124
198.159
202.019
472.951
207.19
-16.2142
672.857
142.719
618.144
512.906
92.7861
11.1974
24.0026
5.4067
4.08552
3.63727
2.06097
2.80586
6.49859
7.59566
9.51777
2.24402
2.32231
599.42
586.034
668.554
781.827
457.55
124.363
19.8464
41.3655
29.6317
22.4345
3.30537
3.35368
1.96049
2.74842
9.00278
10.0625
7.25724
2.76968
2.42349
2.40546
337.255
473.005
263.936
2.98697
3.596
58.1195
25.0811
59.538
26.5119
3.43322
2.44124
2.4028
5.56919
6.70726
9.27049
4.83207
2.89458
2.30947
2.25276
6.78019
2.44497
2.62255
2.71087
2.93021
55.4788
2.35742
2.85278
40.9056
2.39539
2.22797
1.99866
2.05602
2.58353
7.65563
3.96323
2.28543
2.3351
2.32994
2.33885
2.43371
2.48946
2.40288
4.5933
3.8902
3.09684
28.5046
125.474
1.80831
2.11195
2.23311
2.30076
4.98219
3.17561
3.44829
2.35712
2.36407
2.35677
2.36872
2.41462
2.40425
2.13846
7.42729
6.32937
3.68382
139.763
87.4755
1.32026
1.65112
1.91434
5.78066
5.92482
5.04111
5.58849
2.40918
2.37205
2.34887
2.34302
2.35818
2.33363
2.24519
1.95695
7.42357
2.47686
1.92826
0.869306
0.786994
1.05199
3.23873
4.99306
3.99688
3.11681
5.04276
2.40875
2.36305
2.32828
2.30234
2.28573
2.42363
1.85427
1.46686
5.31077
1.475
1.15336
0.72087
0.339409
0.625745
4.84266
1.33506
1.34309
1.63581
4.75964
2.39855
2.34585
2.29883
2.25232
2.20162
2.75484
1.6504
1.03001
2.37233
1.00361
1.73673
0.523258
0.223109
0.479208
5.00357
1.3442
1.57941
2.89229
1.95863
2.38075
2.32259
2.26783
2.20909
2.13385
2.74702
1.68186
1.0045
4.78489
2.5524
5.46665
0.67304
0.378124
0.627943
1.39507
1.40439
1.6766
2.41431
2.05776
2.35576
2.29579
2.23929
2.18033
2.10918
2.24827
2.56456
1.51575
2.13662
7.0964
3.1669
0.9724
0.697102
1.72009
1.18429
1.48371
1.80514
1.79313
2.06906
2.32443
2.26567
2.21233
2.16127
2.10837
2.05013
2.34953
2.67041
2.0539
2.19238
1.96764
1.44903
2.82085
2.18989
1.31782
3.7162
3.15006
4.60006
2.09576
2.28633
2.23063
2.18315
2.14345
2.11196
2.09196
2.09323
2.15653
3.30874
3.26758
3.77348
4.1181
3.40906
1.38652
1.42255
4.84614
4.07297
4.78452
2.06665
2.24038
2.18831
2.14713
2.11857
2.10606
2.11524
2.15036
2.19738
2.19681
2.08822
1.90824
1.7475
1.63734
1.5207
4.6348
4.91928
2.88682
3.77716
1.92586
2.18549
2.13652
2.10013
2.07976
2.08099
2.11163
2.17224
2.2214
2.14639
1.93913
1.80567
1.75134
1.73785
4.94692
4.55601
1.48838
3.00642
2.44094
1.58115
2.12111
2.07393
2.03909
2.0215
2.02798
2.06942
2.16075
3.02795
3.49424
1.65617
1.63022
1.66272
5.38333
3.89518
1.06192
1.17492
4.12572
4.49962
1.29785
2.04801
2.00082
1.96287
1.94178
1.93935
2.30284
6.16591
6.11856
5.66393
2.38405
1.36355
1.47935
5.5119
1.56957
1.09621
2.33627
3.71737
4.10008
1.7397
1.96993
1.92004
1.87263
1.8742
1.95412
6.03143
3.9885
4.76824
5.52229
1.24813
1.17398
1.32707
1.36234
1.69068
1.14866
3.63678
0.815736
2.4852
1.88288
1.89424
1.83311
1.76256
1.74792
5.81705
2.36397
1.43812
1.34166
4.80468
1.02585
1.17918
1.29366
1.77651
1.37557
1.18666
3.33788
0.841938
3.95001
0.923526
2.79368
3.68639
1.60935
2.29142
4.40856
1.38583
1.4589
1.28405
1.54516
3.56753
1.19998
1.27789
1.34519
5.01695
5.03729
4.62995
1.2784
1.06005
1.00914
5.7015
5.73818
1.47931
3.38371
1.23977
1.2379
1.22242
1.20792
1.16574
3.61707
2.6469
1.29049
1.29589
1.51829
3.47236
3.30865
4.19806
1.01781
1.17337
1.20625
4.653
5.22341
1.77266
1.11501
1.00738
3.29423
1.1403
1.12003
1.10746
3.12954
3.24731
1.77755
1.85175
1.06255
0.743703
0.821523
1.06165
1.2853
1.21596
1.17484
4.40077
5.17519
1.11214
1.04208
3.7945
1.11384
1.10371
1.04002
1.03347
1.81411
3.97978
4.18369
2.11616
0.767885
0.789957
0.907801
4.38453
1.1662
1.35622
1.43016
4.59926
3.6801
1.96899
3.54744
1.04494
0.974414
0.962911
0.949873
0.930066
0.897214
0.829681
3.90351
3.74882
0.698123
0.78143
4.30993
1.36778
2.09666
1.92881
0.928598
2.75461
3.01466
0.912695
0.907744
0.898635
0.886404
0.870665
0.848598
0.815989
0.76362
0.874628
3.86163
2.18624
0.737871
4.29338
1.18499
1.0798
0.867596
0.849959
0.845521
0.840409
0.842112
0.835526
0.825237
0.812359
0.796323
0.775657
0.748619
0.713538
0.670477
0.629923
1.00539
1.59721
4.36031
0.878663
0.853939
0.892378
0.73764
0.713873
0.767094
0.771543
0.762592
0.752878
0.740302
0.725399
0.707604
0.686549
0.66296
0.639843
0.625696
0.637858
0.6433
2.91234
0.794163
0.830874
0.804945
0.62675
0.585534
0.832319
1.19875
0.688873
0.6804
0.669081
0.656211
0.641671
0.625656
0.60917
0.594497
0.585531
0.586901
0.583931
0.57913
0.713717
0.680094
0.702609
0.576572
0.536115
0.5485
1.13689
0.774068
0.606495
0.597735
0.587549
0.576216
0.564177
0.552318
0.542045
0.534794
0.530183
0.526653
0.518822
0.629618
0.608857
0.578737
0.5451
0.520637
0.518234
0.943454
0.682539
0.531604
0.526354
0.519036
0.5106
0.501673
0.492981
0.485362
0.4794
0.474626
0.471328
0.468155
0.541997
0.528239
0.509314
0.489141
0.474042
0.47055
0.457062
0.459301
0.45919
0.455932
0.450864
0.444783
0.438284
0.431941
0.426293
0.42168
0.417997
0.415648
0.415074
0.452318
0.443933
0.431726
0.418329
0.408472
0.397282
0.391765
0.390399
0.389145
0.386681
0.383132
0.378866
0.374282
0.369788
0.365764
0.362488
0.360107
0.358934
0.359998
0.362205
0.358326
0.351146
0.342678
0.334926
0.328242
0.323784
0.321604
0.320034
0.318146
0.31573
0.312897
0.309861
0.306885
0.304242
0.302182
0.300953
0.300783
0.302813
0.272825
0.272908
0.269893
0.265393
0.260794
0.256815
0.253961
0.252277
0.251101
0.249914
0.248508
0.246884
0.245143
0.243445
0.241986
0.240971
0.240647
0.241191
0.243502
0.184827
0.188404
0.188956
0.187821
0.186069
0.184383
0.18315
0.182458
0.182075
0.181743
0.181324
0.180792
0.180185
0.179602
0.179173
0.179042
0.179406
0.180377
0.182549
0.0986146
0.105256
0.108868
0.110576
0.111283
0.111609
0.111924
0.11239
0.112978
0.113592
0.114161
0.11466
0.115097
0.115529
0.116024
0.116658
0.117573
0.118839
0.120717
0.0140117
0.0233106
0.0295137
0.0336042
0.0363859
0.0384506
0.0401913
0.0418298
0.043446
0.0450466
0.0466137
0.0481276
0.0495807
0.0509895
0.0523653
0.0537234
0.0551401
0.0567194
0.0584953
-0.0674303
-0.0558471
-0.0474856
-0.0414371
-0.0369436
-0.0334102
-0.030413
-0.0276822
-0.0250677
-0.0224993
-0.019961
-0.0174671
-0.0150418
-0.012707
-0.0104959
-0.00843914
-0.00653066
-0.00460632
-0.00259224
-0.150012
-0.136298
-0.126052
-0.118375
-0.112475
-0.107706
-0.103594
-0.0998249
-0.096196
-0.0925976
-0.0889976
-0.085415
-0.0819019
-0.0785283
-0.0753735
-0.0725111
-0.0699904
-0.0676584
-0.0642791
)
;

boundaryField
{
    leftWall
    {
        type            fixedFluxPressure;
        gradient        uniform 0;
        value           nonuniform List<scalar> 
100
(
1239.79
1241.17
1243.52
1245.77
1247.36
1247.82
1247.75
1248.54
1252.31
1266.17
1282.35
1291.35
1299.32
1337.81
1354.85
1510.48
1571.2
1507.95
1302.02
1388.32
1054.69
146.159
852.66
950.153
1061.32
169.931
156.433
192.999
143.971
173.617
118.511
12.2899
12.0122
10.6156
768.011
821.239
82.3185
123.512
143.589
45.3248
41.8062
72.4012
53.802
66.9961
78.5297
77.9732
84.2973
30.5819
23.8759
25.145
1240.22
1242.34
1244.68
1246.7
1247.73
1247.77
1247.95
1249.69
1258.22
1274.77
1287.87
1294.02
1316.05
1343.73
1370.75
1554.9
1567.64
1380.21
1344.67
1424.73
187.593
264.372
950.169
987.451
783.45
155.413
159.944
176.379
145.383
170.979
12.3635
14.2532
9.98841
103.337
822.918
550.682
76.4228
144.498
97.4829
43.6558
59.7917
63.7911
54.2007
76.7121
79.0226
82.392
85.6245
12.9424
48.178
3.84152
)
;
    }
    rightWall
    {
        type            fixedFluxPressure;
        gradient        uniform 0;
        value           nonuniform List<scalar> 
100
(
518.21
499.187
419.23
443.736
433.687
415.708
422.804
530.614
176.975
156.752
198.159
9.51777
7.25724
4.83207
3.96323
3.44829
5.58849
5.04276
4.75964
1.95863
2.05776
2.06906
2.09576
2.06665
1.92586
1.58115
1.29785
1.7397
1.88288
0.923526
1.00914
1.17337
1.2853
4.38453
4.30993
4.29338
4.36031
2.91234
0.57913
0.518822
0.468155
0.415074
0.359998
0.302813
0.243502
0.182549
0.120717
0.0584953
-0.00259224
-0.0642791
520.742
510.749
470.626
423.98
441.919
415.439
417.988
502.365
486.402
159.32
169.358
195.926
7.8581
6.44106
4.38274
3.63889
4.08276
5.3317
4.86809
3.22101
1.95971
2.19501
2.01884
2.15579
1.99193
1.77957
1.39214
1.27344
2.08802
0.944536
0.946294
1.09308
1.21974
3.36828
4.33988
4.29354
4.33309
4.28526
0.659532
0.541946
0.493841
0.44187
0.387784
0.331682
0.273403
0.213187
0.151696
0.0896346
0.0276337
-0.0327156
)
;
    }
    lowerWall
    {
        type            fixedFluxPressure;
        gradient        uniform 0;
        value           nonuniform List<scalar> 
124
(
1237.21
1227.15
1214.53
1195.82
1171.33
1140.49
1102.11
1054.61
997.853
934.398
872.682
822.074
788.583
773.787
780.356
798.287
812.23
857.795
869.05
881.602
875.401
857.574
844.122
843.169
838.299
829.256
815.004
794.369
764.374
730.253
714.625
811.419
887.762
898.976
714.465
660.796
648.886
650.304
679
693.216
684.52
637.503
648.356
630.259
661.119
575.442
513.07
468.469
501.038
499.72
539.782
625.219
581.816
413.191
264.481
252.478
302.299
462.085
505.495
456.519
459.855
520.742
1239.79
1232.52
1221.46
1205.85
1184.39
1156.74
1122.39
1079.54
1027.36
966.55
902.935
845.019
803.66
778.068
775.06
788.616
808.491
822.562
865.401
878.018
880.542
867.019
848.586
792.159
857.433
909.154
833.59
660.796
635.818
617.764
553.448
465.2
482.997
508.59
503.166
595.959
625.907
514.991
318.523
246.751
271.085
372.007
500.457
482.239
439.666
513.999
844.122
841.228
834.338
822.867
805.599
781.087
746.163
728.157
656.508
645.129
663.693
689.415
690.575
657.934
641.002
581.049
)
;
    }
    atmosphere
    {
        type            totalPressure;
        rho             rho;
        psi             none;
        gamma           1;
        p0              uniform 0;
        value           nonuniform List<scalar> 
92
(
0
0
0
0
0
0
0
0
0
0
-0.0834221
-0.220973
-0.207692
0
-0.208802
-0.435998
-0.471657
-0.447991
-0.403731
-0.355578
-0.310669
-0.271687
-0.239143
-0.222544
-0.210876
-0.200365
-0.190937
-0.174806
-0.160365
-0.149533
-0.141387
-0.135099
-0.129983
-0.125544
-0.121451
-0.117488
-0.113538
-0.109564
-0.105592
-0.101687
-0.0979373
-0.0944375
-0.0912773
-0.0885265
-0.0860482
-0.0813321
-0.127313
0
0
0
0
0
0
0
0
0
-0.0260951
-0.13679
-0.306475
0
0
-0.371984
-0.465458
-0.46405
-0.427075
-0.379557
-0.332482
-0.290375
-0.254629
-0.228837
-0.21656
-0.20548
-0.195522
-0.183694
-0.167076
-0.154559
-0.145179
-0.13806
-0.132434
-0.127703
-0.123471
-0.119464
-0.115516
-0.111554
-0.107575
-0.103627
-0.0997879
-0.096151
-0.0928107
-0.0898473
-0.0873418
-0.0859543
)
;
    }
    defaultFaces
    {
        type            empty;
    }
}


// ************************************************************************* //
