/*--------------------------------*- C++ -*----------------------------------*\
| =========                 |                                                 |
| \\      /  F ield         | OpenFOAM: The Open Source CFD Toolbox           |
|  \\    /   O peration     | Version:  v1912                                 |
|   \\  /    A nd           | Website:  www.openfoam.com                      |
|    \\/     M anipulation  |                                                 |
\*---------------------------------------------------------------------------*/
FoamFile
{
    version     2.0;
    format      ascii;
    class       volScalarField;
    location    "0.5";
    object      p;
}
// * * * * * * * * * * * * * * * * * * * * * * * * * * * * * * * * * * * * * //

dimensions      [1 -1 -2 0 0 0 0];


internalField   nonuniform List<scalar> 
9072
(
597.553
627.739
635.55
641.193
641.72
641.995
645.205
651.537
660.434
671.637
685.178
701.183
719.744
740.848
764.394
790.288
817.711
841.488
854.525
853.584
859.951
850.571
878.853
536.333
567.237
575.037
580.787
581.638
582.263
585.746
592.234
601.19
612.388
625.903
641.89
660.426
681.447
704.775
730.008
756.125
780.143
795.891
792.819
808.476
763.632
782.73
473.481
504.857
512.364
518.504
520.165
521.552
525.599
532.39
541.439
552.612
566.067
582.021
600.57
621.603
644.813
669.586
694.574
716.984
733.13
740.697
766.853
686.434
687.693
409.513
440.687
447.659
454.876
457.865
460.228
464.944
472.07
481.194
492.295
505.648
521.557
540.147
561.257
584.464
608.996
633.451
655.507
672.554
684.964
700.172
647.259
646.468
345.36
374.961
380.994
390.636
395.364
398.614
403.906
411.304
420.441
431.41
444.611
460.464
479.137
500.413
523.755
548.296
572.64
594.823
612.916
626.57
636.119
612.277
626.912
282.836
307.528
311.458
326.162
333.056
336.794
342.479
350.06
359.142
369.91
382.902
398.689
417.507
439.064
462.709
487.526
512.136
534.803
553.947
568.846
578.588
576.584
606.299
224.954
239.088
238.519
259.908
270.943
274.598
280.537
288.272
297.247
307.741
320.453
336.165
355.212
377.198
401.324
426.69
451.907
475.364
495.658
511.903
523.402
531.282
562.771
174.657
173.501
167.128
194.377
208.177
211.682
217.904
225.86
234.705
244.855
257.191
272.798
292.168
314.773
339.576
365.784
391.926
416.456
438.06
455.78
468.897
478.76
498.57
170.759
170.795
170.987
171.011
170.644
170.333
170.365
171.001
171.696
172.693
174.36
157.764
154.882
157.913
162.427
163.508
174.722
241.477
731.841
170.693
170.707
170.916
170.979
170.565
170.201
170.18
170.799
171.926
158.583
153.653
150.76
150.249
152.743
155.835
157.045
157.53
164.818
516.483
170.623
170.566
170.81
170.976
170.457
169.941
169.761
170.146
169.995
156.717
152.399
150.064
149.983
152.663
155.579
156.938
157.252
157.707
219.637
170.561
170.356
170.42
170.933
170.289
169.539
169.143
168.862
166.53
157.96
152.578
149.243
149.713
152.538
155.206
156.651
157.031
156.865
164.344
170.542
170.254
166.143
170.6
170.005
168.951
168.419
167.493
164.41
158.018
152.217
147.121
148.239
152.012
154.828
156.302
156.821
157.194
160.157
170.568
170.307
136.551
162.328
169.831
168.102
167.699
166.414
163.022
156.936
149.838
142.949
145.303
150.908
154.359
155.918
156.521
157.062
159.243
170.58
170.417
125.54
158.953
163.891
167.141
167.071
165.727
162.687
154.438
145.061
136.847
141.652
149.522
153.779
155.52
156.195
156.522
156.732
170.007
169.586
134.461
158.369
163.55
166.486
166.617
165.358
162.537
150.057
139.073
130.013
138.301
148.039
153.128
155.131
155.877
156.088
155.542
97.2219
105.606
84.0617
110.55
124.791
129.832
137.047
145.533
153.988
163.379
174.91
190.23
210.301
234.265
259.863
287.512
315.311
341.648
365.18
384.964
399.735
407.69
395.249
17.9671
22.5864
2.34633
6.16099
10.8974
12.8765
16.193
20.7195
25.2737
29.6825
35.2104
47.3297
69.9958
97.2262
126.298
157.427
188.726
219.351
246.839
271.076
289.539
299.954
297.798
1.26804
1.27686
1.30125
1.27291
1.30279
1.33432
1.35072
1.2491
1.13663
1.19002
1.26984
1.33986
1.46389
3.00413
10.5926
31.6754
64.0956
100.423
131.233
162.152
186.787
205.252
216.845
1.10927
1.18622
1.17752
1.15804
1.16136
1.17168
1.16286
1.1062
1.04504
1.05231
1.12419
1.17854
1.21192
1.18902
1.24403
1.28311
1.72436
6.35083
27.031
58.3911
88.808
114.762
138.328
0.953031
1.02685
1.02025
1.01216
1.01082
1.00894
0.998446
0.973533
0.954756
0.959419
0.992163
1.03153
1.05877
1.07771
1.10163
1.12519
1.11667
1.12869
1.20678
1.95715
11.134
31.1356
53.4093
0.795737
0.870247
0.865952
0.861842
0.859792
0.857102
0.851115
0.842347
0.837876
0.846012
0.866411
0.892106
0.9153
0.936504
0.95692
0.976886
0.992287
1.01633
1.00613
0.947587
1.00612
1.0454
2.61134
0.636216
0.713402
0.711306
0.709578
0.708656
0.70768
0.70613
0.705035
0.707428
0.716657
0.7326
0.752368
0.772855
0.793238
0.813322
0.832816
0.850887
0.864883
0.871427
0.875751
0.887909
0.876886
0.854927
0.473598
0.555055
0.555753
0.556227
0.557099
0.558368
0.560168
0.563341
0.569362
0.579584
0.594018
0.611469
0.630508
0.650262
0.670278
0.690104
0.709055
0.7258
0.739576
0.751986
0.754706
0.735915
0.714686
0.310979
0.395492
0.399512
0.402125
0.404851
0.408177
0.412458
0.418333
0.426588
0.437833
0.452094
0.468842
0.487346
0.506959
0.527198
0.547569
0.567486
0.586097
0.60207
0.611499
0.592326
0.540224
0.491127
0.156056
0.237703
0.243629
0.247598
0.251823
0.256782
0.262906
0.270663
0.280513
0.292773
0.307467
0.32434
0.342978
0.362924
0.383739
0.404936
0.425889
0.445608
0.461933
0.468559
0.437585
0.387487
0.305476
0.00397922
0.0831488
0.0882544
0.0927372
0.0978802
0.104045
0.111548
0.12071
0.131824
0.14508
0.160501
0.177955
0.197191
0.217885
0.239669
0.262087
0.284506
0.305892
0.324149
0.33413
0.317527
0.295766
0.226988
-0.150569
-0.0713055
-0.0674278
-0.0629091
-0.0572018
-0.0501646
-0.0416113
-0.0313357
-0.0191456
-0.004914
0.0113854
0.029688
0.0498439
0.0716269
0.0947556
0.118853
0.14338
0.167483
0.189646
0.206924
0.212237
0.21243
0.210301
-0.307524
-0.227495
-0.224361
-0.219809
-0.213703
-0.206007
-0.196622
-0.185422
-0.172276
-0.157091
-0.139833
-0.12052
-0.09923
-0.0760987
-0.0513105
-0.0251224
0.00210214
0.0298232
0.0571919
0.082951
0.105412
0.125587
0.149868
-0.466867
-0.385832
-0.382986
-0.378317
-0.371869
-0.363638
-0.353566
-0.341569
-0.327557
-0.311451
-0.293203
-0.272792
-0.250236
-0.22559
-0.198928
-0.17037
-0.140078
-0.108263
-0.0752043
-0.0411386
-0.00582343
0.0326582
0.0794262
-0.628539
-0.546369
-0.543528
-0.538666
-0.531889
-0.52319
-0.512526
-0.499831
-0.485028
-0.468046
-0.448816
-0.427283
-0.403411
-0.377177
-0.348553
-0.317521
-0.28406
-0.248108
-0.209543
-0.168038
-0.122803
-0.0718903
-0.0120099
-0.792483
-0.709093
-0.706104
-0.701003
-0.6939
-0.684778
-0.673592
-0.660275
-0.644756
-0.626956
-0.60679
-0.584168
-0.559003
-0.531206
-0.500657
-0.467222
-0.430729
-0.390924
-0.347449
-0.299743
-0.246905
-0.187562
-0.119862
-0.95865
-0.873989
-0.870777
-0.865423
-0.858008
-0.848502
-0.836855
-0.822992
-0.806833
-0.788291
-0.767264
-0.743634
-0.717267
-0.688018
-0.655695
-0.620072
-0.580863
-0.537692
-0.49007
-0.437356
-0.378714
-0.313168
-0.239815
-1.127
-1.04106
-1.03759
-1.032
-1.0243
-1.01445
-1.0024
-0.988071
-0.971358
-0.952168
-0.930387
-0.905871
-0.878453
-0.84794
-0.814085
-0.776594
-0.735106
-0.689162
-0.638193
-0.581515
-0.518329
-0.447852
-0.369529
-1.29751
-1.2103
-1.20657
-1.20078
-1.19283
-1.1827
-1.17031
-1.15559
-1.13842
-1.1187
-1.0963
-1.07106
-1.04279
-1.01125
-0.976181
-0.937224
-0.893972
-0.845907
-0.792404
-0.732714
-0.665992
-0.591407
-0.508324
-1.47013
-1.3817
-1.37776
-1.37179
-1.36366
-1.35329
-1.34064
-1.32562
-1.3081
-1.28798
-1.26512
-1.23934
-1.21045
-1.17819
-1.14225
-1.10228
-1.05784
-1.00836
-0.953168
-0.89144
-0.822185
-0.744306
-0.656717
-1.64485
-1.55526
-1.55116
-1.54507
-1.53679
-1.52627
-1.51344
-1.49821
-1.48047
-1.4601
-1.43695
-1.41084
-1.38157
-1.34889
-1.31248
-1.27199
-1.22695
-1.17681
-1.12085
-1.05818
-0.987602
-0.907617
-0.816355
-1.82163
-1.73096
-1.72679
-1.72061
-1.71225
-1.70164
-1.68872
-1.67339
-1.65556
-1.63508
-1.61182
-1.58561
-1.55623
-1.52344
-1.48695
-1.44642
-1.40142
-1.3514
-1.29567
-1.23331
-1.16298
-1.08279
-0.989887
-2.00052
-1.90882
-1.90466
-1.89845
-1.89006
-1.87944
-1.86652
-1.85121
-1.83341
-1.81298
-1.7898
-1.76368
-1.73445
-1.70188
-1.66569
-1.62559
-1.58122
-1.53209
-1.47762
-1.41697
-1.34886
-1.27124
-1.1806
-2.18161
-2.08886
-2.08476
-2.07855
-2.0702
-2.05965
-2.04683
-2.03164
-2.014
-1.99378
-1.97085
-1.94505
-1.91621
-1.88413
-1.8486
-1.80936
-1.76614
-1.7186
-1.66633
-1.60876
-1.54498
-1.47343
-1.39098
-2.36494
-2.27111
-2.26707
-2.26092
-2.25267
-2.24226
-2.22962
-2.21468
-2.19732
-2.17745
-2.15494
-2.12965
-2.10143
-2.07011
-2.03551
-1.99748
-1.95585
-1.91042
-1.86105
-1.80762
-1.74993
-1.68768
-1.61998
-2.55048
-2.45557
-2.45157
-2.44551
-2.43741
-2.42722
-2.41486
-2.40026
-2.38332
-2.36394
-2.34201
-2.3174
-2.28999
-2.25964
-2.22623
-2.18966
-2.14987
-2.10685
-2.06073
-2.01187
-1.96097
-1.90949
-1.86044
-2.73816
-2.64217
-2.6382
-2.63228
-2.6244
-2.61449
-2.6025
-2.58834
-2.57193
-2.55317
-2.53196
-2.5082
-2.48177
-2.45256
-2.4205
-2.38555
-2.34774
-2.30718
-2.26424
-2.21963
-2.17476
-2.13242
-2.0984
-2.92785
-2.83081
-2.82689
-2.82114
-2.81354
-2.804
-2.79246
-2.77884
-2.76307
-2.74505
-2.7247
-2.70193
-2.67662
-2.6487
-2.61812
-2.58488
-2.54905
-2.51084
-2.47068
-2.42946
-2.3888
-2.35178
-2.32428
-3.1193
-3.02135
-3.01751
-3.012
-3.00474
-2.99564
-2.98464
-2.97167
-2.95664
-2.93949
-2.92012
-2.89845
-2.87441
-2.84791
-2.81891
-2.78743
-2.75355
-2.71749
-2.67966
-2.64086
-2.60252
-2.56715
-2.53911
-3.31223
-3.21361
-3.20994
-3.20475
-3.1979
-3.18933
-3.17895
-3.16671
-3.15254
-3.13635
-3.11808
-3.09766
-3.07499
-3.05003
-3.02272
-2.99307
-2.96115
-2.92711
-2.89129
-2.85427
-2.81703
-2.78121
-2.74944
-3.50643
-3.4074
-3.40403
-3.39925
-3.3929
-3.38493
-3.37526
-3.36385
-3.35062
-3.33552
-3.31847
-3.2994
-3.27825
-3.25495
-3.22945
-3.20174
-3.17185
-3.13988
-3.10602
-3.07062
-3.0342
-2.99761
-2.96204
-3.70185
-3.6026
-3.59968
-3.5954
-3.58963
-3.58234
-3.57347
-3.56297
-3.55078
-3.53686
-3.52113
-3.50355
-3.48404
-3.46255
-3.43901
-3.4134
-3.38573
-3.356
-3.32434
-3.29088
-3.25583
-3.21949
-3.18213
-3.8986
-3.79917
-3.79681
-3.79311
-3.78799
-3.78144
-3.77343
-3.76392
-3.75286
-3.74021
-3.72593
-3.70996
-3.69223
-3.67269
-3.65128
-3.62799
-3.60277
-3.57561
-3.54657
-3.5157
-3.48306
-3.44868
-3.41255
-4.09686
-3.99719
-3.99539
-3.99229
-3.98786
-3.9821
-3.97501
-3.96655
-3.9567
-3.94543
-3.93269
-3.91844
-3.90262
-3.8852
-3.86612
-3.84535
-3.82288
-3.79868
-3.7728
-3.7453
-3.71624
-3.68567
-3.65366
-4.2967
-4.19667
-4.19536
-4.19285
-4.18912
-4.18418
-4.17805
-4.17071
-4.16214
-4.15232
-4.14123
-4.12881
-4.11504
-4.09988
-4.08331
-4.06531
-4.04586
-4.02501
-4.00282
-3.97942
-3.95499
-3.92979
-3.90418
-4.49804
-4.39753
-4.39663
-4.39467
-4.39162
-4.38753
-4.3824
-4.37622
-4.36898
-4.36069
-4.35132
-4.34083
-4.32923
-4.31649
-4.30259
-4.28756
-4.27141
-4.25422
-4.23614
-4.21741
-4.19837
-4.17957
-4.16197
-4.70064
-4.59963
-4.59907
-4.59762
-4.59525
-4.592
-4.58788
-4.5829
-4.57706
-4.57035
-4.56277
-4.55431
-4.54498
-4.53477
-4.5237
-4.5118
-4.49914
-4.48587
-4.47218
-4.45843
-4.44512
-4.43312
-4.42396
-4.90417
-4.80277
-4.80249
-4.80152
-4.79981
-4.7974
-4.79433
-4.79057
-4.78616
-4.78108
-4.77536
-4.769
-4.76201
-4.75444
-4.7463
-4.73767
-4.72866
-4.71943
-4.71027
-4.70157
-4.69395
-4.68841
-4.68676
-5.10832
-5.00665
-5.00663
-5.00613
-5.00507
-5.00352
-5.00148
-4.99897
-4.99601
-4.9926
-4.98878
-4.98457
-4.98001
-4.97514
-4.97002
-4.96475
-4.95947
-4.95436
-4.94974
-4.94601
-4.94378
-4.94399
-4.94826
-5.31287
-5.21109
-5.21138
-5.21135
-5.21095
-5.21024
-5.20925
-5.20799
-5.20649
-5.20478
-5.2029
-5.20087
-5.19877
-5.19666
-5.19462
-5.19276
-5.19125
-5.19029
-5.19015
-5.19122
-5.19399
-5.1992
-5.20805
-5.51697
-5.41582
-5.41647
-5.41689
-5.41715
-5.41729
-5.41734
-5.41733
-5.4173
-5.4173
-5.41736
-5.41755
-5.41793
-5.4186
-5.41966
-5.42125
-5.42353
-5.4267
-5.431
-5.43674
-5.44421
-5.45383
-5.46621
-5.72134
-5.62008
-5.62112
-5.62199
-5.62288
-5.62384
-5.62491
-5.62612
-5.62753
-5.62918
-5.63115
-5.63349
-5.63631
-5.63971
-5.6438
-5.64875
-5.65473
-5.66193
-5.67055
-5.68077
-5.69269
-5.70625
-5.72108
178.317
206.299
175.978
172.087
277.306
257.454
245.724
229.436
220.182
220.813
222.553
224.494
157.114
167.305
177.436
187.165
78.707
96.6329
115.134
133.267
11.3003
27.2997
43.822
68.9552
0.949218
0.90258
1.02848
3.72931
0.721458
0.724208
0.64222
0.472143
0.460749
0.458708
0.475158
0.540954
0.222464
0.214202
0.25659
0.340675
0.1268
0.101683
0.138292
0.212934
0.222693
0.241135
0.301862
0.377552
0.191719
0.226727
0.271411
0.325109
0.134888
0.172478
0.215937
0.265379
0.0509281
0.0897041
0.131595
0.176
-0.0529531
-0.0136273
0.0275272
0.0700615
-0.169356
-0.128802
-0.0868988
-0.0439445
-0.295034
-0.252374
-0.208429
-0.1635
-0.429009
-0.383416
-0.336279
-0.287899
-0.571929
-0.522605
-0.471107
-0.417717
-0.726004
-0.672384
-0.615431
-0.555284
-0.895319
-0.837621
-0.774737
-0.706321
-1.08603
-1.02649
-0.959408
-0.883244
-1.30498
-1.24991
-1.18606
-1.10968
-1.55434
-1.51496
-1.47062
-1.41879
-1.82616
-1.8114
-1.80528
-1.81291
-2.08597
-2.09156
-2.11355
-2.1618
-2.31749
-2.32476
-2.34382
-2.37894
-2.52683
-2.52729
-2.53435
-2.55003
-2.72856
-2.72122
-2.71738
-2.7185
-2.93333
-2.91905
-2.90555
-2.89332
-3.14907
-3.13083
-3.11193
-3.09242
-3.37965
-3.36115
-3.34192
-3.3221
-3.62476
-3.60872
-3.59243
-3.57632
-3.88199
-3.87002
-3.85799
-3.84602
-4.14872
-4.14256
-4.13713
-4.13218
-4.42052
-4.42133
-4.42474
-4.43142
-4.69124
-4.69725
-4.70695
-4.7216
-4.95772
-4.96622
-4.97828
-4.99535
-5.22054
-5.22995
-5.24218
-5.25835
-5.48041
-5.48999
-5.50183
-5.51714
-5.73456
-5.74209
-5.7502
-5.75995
148.216
151.026
147.689
165.616
164.589
166.093
166.317
165.381
160.717
146.559
131.877
125.04
135.265
146.053
152.323
154.68
155.511
155.666
155.475
215.851
210.008
184.216
165.953
165.714
166.082
166.274
166.132
162.387
148.567
133.643
126.242
134.252
145.469
152.017
154.351
155.149
155.363
155.462
225.267
215.063
167.55
166.127
166.077
166.287
166.338
166.047
164.115
156.342
145.233
136.108
139.083
147.787
152.742
154.445
154.984
155.08
154.908
197.763
198.844
166.162
166.192
166.315
166.467
166.377
165.791
163.96
159.963
155.468
150.419
148.216
150.784
153.576
154.648
154.887
154.833
153.514
155.156
176.145
166.084
166.203
166.387
166.561
166.468
165.607
164.031
161.792
159.578
157.335
153.542
150.847
153.106
154.563
154.814
154.976
155.431
102.758
160.453
166.122
166.131
166.252
166.145
166.638
165.284
163.872
162.578
162.009
161.572
158.456
148.486
151.424
154.082
154.614
154.992
155.69
30.6878
105.453
165.143
165.77
164.299
145.367
135.676
163.73
163.148
162.57
163.046
163.279
165.454
151.001
151.234
153.432
154.308
154.62
155.205
0.222038
24.3844
100.013
145.594
94.3155
65.6138
105.312
138.196
155.831
162.28
162.899
161.993
161.678
149.243
98.7058
130.403
154.672
154.44
175.719
0.667246
1.04964
8.08396
30.9257
38.8258
30.0081
39.9179
73.3941
128.781
160.77
161.877
160.301
158.87
45.7272
33.7836
101.55
137.085
159.805
300.428
0.526296
0.844337
0.985178
1.17774
1.28628
1.33271
2.11123
11.3311
45.3552
109.169
150.215
160.768
149.544
22.0258
26.0712
60.2627
138.717
250.556
482.255
0.405345
0.846849
0.938853
1.03102
1.11928
1.19944
1.25448
1.26409
1.35301
13.5405
53.5313
88.0185
74.162
22.8814
5.86681
8.03639
61.7221
263.189
533.244
0.498956
0.765286
0.861158
0.875252
0.917219
1.04749
1.1315
1.16128
1.18441
1.18855
1.32128
2.79837
2.17654
2.62606
2.67924
2.83967
3.40633
106.104
371.672
0.419154
0.59448
0.704787
0.758706
0.819449
0.919175
1.00184
1.0581
1.10659
1.17174
1.26465
1.44195
1.79817
2.21608
2.45332
2.65369
2.85619
2.64405
187.686
0.337059
0.462832
0.56379
0.643054
0.720493
0.804494
0.884383
0.956396
1.02864
1.11357
1.22363
1.38827
1.6551
1.953
2.18202
2.53052
2.9136
15.1064
92.4038
0.237171
0.344302
0.441634
0.526968
0.610503
0.692671
0.773013
0.852636
0.936262
1.03056
1.14201
1.27795
1.46452
1.66892
1.73878
2.20622
3.18652
2.6553
56.8323
0.128078
0.229643
0.325687
0.414895
0.499642
0.581359
0.661656
0.743157
0.829504
0.924666
1.03071
1.14345
1.26785
1.36507
1.20903
0.483321
-16.0378
11.1062
43.3357
0.0143178
0.116471
0.214192
0.305207
0.389759
0.46952
0.54715
0.625909
0.709104
0.799375
0.896961
0.994655
1.0906
1.16262
1.09478
2.12275
-28.0463
-11.4227
48.2471
-0.102536
0.00438015
0.106073
0.198602
0.281202
0.356178
0.42747
0.499068
0.57458
0.656139
0.744702
0.836508
0.935174
1.04085
0.940725
0.795802
-23.4001
-12.0742
93.378
-0.222
-0.106113
0.00241844
0.0965415
0.174386
0.240072
0.300109
0.359993
0.423404
0.492589
0.570086
0.659447
0.779671
1.00509
1.17932
-3.00806
-24.3515
24.7929
137.9
-0.344261
-0.213657
-0.0936568
0.00199876
0.0697978
0.118874
0.161218
0.20424
0.250951
0.30244
0.361277
0.435457
0.546562
0.800308
1.09162
-27.8832
-30.5819
58.3422
135.491
-0.470863
-0.316146
-0.175938
-0.0795678
-0.0330834
-0.0128629
0.00402403
0.0256612
0.0514285
0.0779125
0.102989
0.130746
0.14562
0.0749932
-3.7353
16.2529
41.8009
60.5651
81.7718
-0.606919
-0.412252
-0.233211
-0.139405
-0.140632
-0.168772
-0.183228
-0.18337
-0.179823
-0.185083
-0.213057
-0.269965
-0.344451
0.106668
8.48708
14.5357
11.5105
30.097
56.0877
-0.766444
-0.507326
-0.248432
-0.169637
-0.28286
-0.381656
-0.419171
-0.429878
-0.442094
-0.480024
-0.57553
-0.796408
-1.55749
-2.56122
-2.92649
-2.75553
-2.15551
-0.827502
24.4771
-0.981535
-0.644792
-0.219579
-0.199257
-0.585478
-0.720684
-0.724993
-0.714046
-0.724333
-0.784085
-0.934448
-1.27977
-2.18282
-3.30773
-3.25206
-3.05069
-2.40327
-2.41097
4.85532
-1.3168
-0.980294
-0.771653
-1.32641
-1.39221
-1.29785
-1.09935
-1.01685
-1.00219
-1.06329
-1.22732
-1.57038
-2.31363
-3.37215
-3.40258
-3.10471
-2.55743
-2.28843
-3.7615
-1.84153
-2.07689
-2.21806
-3.27271
-3.28339
-2.01492
-1.45851
-1.28722
-1.2434
-1.29008
-1.42503
-1.66784
-2.04976
-2.59116
-2.74759
-2.56432
-2.31054
-2.67703
-3.0984
-2.28504
-2.97647
-2.32808
-2.9561
-3.0507
-2.10802
-1.59605
-1.46052
-1.42637
-1.46119
-1.55329
-1.69611
-1.86654
-2.02135
-2.07459
-1.9958
-2.00355
-1.6199
-10.2433
-2.457
-2.63976
-2.24467
-2.79895
-2.22854
-1.56947
-1.49339
-1.54672
-1.56476
-1.59547
-1.64518
-1.70666
-1.75464
-1.76992
-1.76196
-1.74089
-1.82629
-1.78426
-1.00024
-2.58675
-2.7623
-3.15078
-3.37859
-1.37113
-1.40932
-1.51418
-1.6688
-1.70988
-1.72483
-1.73255
-1.73434
-1.72544
-1.69435
-1.6049
-1.5036
-1.36568
-1.72444
-1.78604
-2.72927
-2.79253
-2.95491
-2.94875
-1.79664
-1.47509
-1.81603
-1.9167
-1.91022
-1.87781
-1.83713
-1.78888
-1.7448
-1.69989
-1.51775
-1.29161
-0.837928
-0.580265
0.421417
-2.8786
-2.8561
-2.81665
-2.66178
-2.3051
-2.07019
-2.23188
-2.17566
-2.15877
-2.06737
-1.96586
-1.85628
-1.74397
-1.62966
-1.43309
-1.21179
-0.936618
-0.589042
-3.54907
-3.06447
-3.0022
-2.89618
-2.78019
-2.8823
-2.84714
-2.79032
-2.51267
-2.38701
-2.30307
-2.12841
-1.93359
-1.73799
-1.54133
-1.37751
-1.21072
-0.999861
-0.22692
7.76814
-3.29443
-3.2395
-3.15394
-3.38899
-4.24317
-4.11255
-3.58071
-3.2292
-2.90259
-2.59471
-2.36704
-2.0358
-1.75345
-1.48398
-1.32004
-1.26679
-1.4392
-2.14396
-1.8722
-3.55587
-3.53375
-3.56476
-4.09866
-4.70087
-4.81005
-4.36691
-3.88655
-3.52682
-2.99912
-2.70753
-2.19537
-1.81859
-1.47894
-1.28102
-1.17179
-1.25474
-1.26269
-1.24511
-3.83051
-3.80948
-3.87688
-4.2365
-4.9106
-4.86916
-4.72163
-4.44336
-4.0431
-3.51381
-3.15482
-2.45936
-1.98866
-1.57821
-1.27994
-1.08022
-1.12627
-1.05765
-1.20788
-4.12534
-4.10017
-4.1091
-4.75231
-5.16835
-4.88141
-4.99452
-4.89752
-4.60127
-4.00596
-3.57746
-2.87525
-2.35538
-1.91205
-1.50186
-1.1136
-0.99587
-1.66867
-0.265821
-4.44603
-4.49044
-4.6628
-4.93798
-5.21604
-5.47575
-5.70499
-5.59588
-5.22112
-4.6204
-4.09453
-3.50497
-3.04816
-2.66643
-2.30171
-1.67954
-2.0793
-3.21304
-1.75665
-4.7505
-4.84926
-5.06875
-5.53565
-5.78415
-6.25804
-6.55593
-6.48588
-6.03255
-5.44082
-4.85942
-4.40441
-4.21621
-4.00219
-4.07582
-3.14036
-3.39875
-3.85327
-3.95338
-5.02896
-5.1633
-5.33916
-5.81149
-6.20615
-6.66475
-6.98481
-7.0214
-6.65435
-6.05177
-5.63227
-5.45127
-5.92822
-6.13947
-6.39893
-5.11512
-3.76834
-4.32859
-4.52245
-5.28934
-5.43942
-5.70341
-6.0143
-6.38891
-6.80938
-7.15511
-7.21692
-6.90147
-6.4732
-6.19494
-6.35537
-5.8992
-7.82662
-8.90359
-16.6059
-4.902
-5.06708
-5.26638
-5.54503
-5.68394
-6.06042
-6.1526
-6.31356
-6.5724
-6.90165
-6.98744
-6.89799
-6.58928
-6.46216
-6.90199
-8.43103
-7.20007
-7.07989
-6.1193
-5.87888
-6.04452
-5.79074
-5.77851
-5.85829
-6.11131
-6.19894
-6.23883
-6.21479
-6.31221
-6.43439
-7.04746
-6.44229
-6.2421
-7.05467
-10.5085
-7.12053
-7.89177
-6.07586
-5.89348
-5.80756
-4.9118
626.355
631.097
639.087
641.841
641.594
643.18
648.018
655.69
665.75
678.107
692.865
710.142
729.987
752.32
777.061
803.954
830.729
849.169
851.99
866.083
854.505
844.162
901.641
565.895
570.638
578.588
581.586
581.691
583.599
588.651
596.427
606.508
618.846
633.58
650.839
670.632
692.842
717.191
743.083
768.74
789.258
796.527
804.361
798.298
747.937
827.493
503.596
508.108
515.997
519.703
520.615
523.202
528.687
536.651
546.754
559.039
573.721
590.973
610.789
632.965
657.063
682.186
706.341
725.999
737.54
752.286
751.189
660.848
745.873
439.664
443.622
451.613
456.795
458.837
462.255
468.238
476.394
486.484
498.669
513.269
530.52
550.406
572.637
596.632
621.355
644.958
664.756
679.083
693.131
689.994
626.632
692.416
374.444
377.132
385.728
393.622
396.824
400.967
407.373
415.66
425.676
437.702
452.186
469.452
489.477
511.87
535.948
560.605
584.138
604.464
620.241
632.38
631.207
605.915
667.741
308.642
308.054
317.454
330.678
334.775
339.364
346.069
354.415
364.287
376.089
390.419
407.725
427.978
450.674
475.044
499.961
523.823
544.888
561.945
574.614
579.58
582.712
641.887
243.905
236.555
247.32
267.926
272.565
277.287
284.234
292.602
302.267
313.767
327.896
345.28
365.886
389.041
413.926
439.42
463.951
485.977
504.327
518.33
527.467
541.353
591.869
184.731
166.673
178.185
204.828
209.626
214.499
221.749
230.16
239.573
250.679
264.531
282.024
303.123
326.936
352.58
378.97
404.478
427.694
447.458
462.952
473.931
485.859
509.422
170.783
170.861
171.069
170.845
170.46
170.292
170.586
171.587
171.175
178.332
167.865
155.159
156.041
160.657
164.673
163.801
182.965
482.775
643.423
170.712
170.765
171.038
170.793
170.353
170.137
170.371
171.597
170.55
158.082
151.454
150.22
151.138
154.418
156.728
157.323
157.355
229.675
590.662
170.627
170.581
171.027
170.747
170.166
169.808
169.828
171
160.147
155.132
151.129
149.557
151.143
154.226
156.458
157.224
156.966
168.557
494.29
170.534
170.133
170.894
170.692
169.863
169.323
168.985
168.757
161.095
155.007
150.589
148.978
151.048
153.982
156.083
156.967
156.961
158.126
346.357
170.469
169.818
164.571
170.623
169.34
168.715
168.042
166.56
160.915
155.371
149.086
146.967
150.192
153.594
155.704
156.668
156.901
157.356
178.275
170.479
170.612
141.651
167.81
168.261
168.022
167.206
165.112
160.023
153.697
145.436
143.02
148.426
152.928
155.285
156.32
156.717
156.985
169.947
170.583
168.223
135.357
169.034
165.617
167.297
166.584
164.468
158.749
149.749
139.854
137.468
146.468
151.977
154.835
155.955
156.412
156.551
165.674
170.608
155.883
144.01
164.754
165.161
166.693
166.204
164.119
156.893
144.963
132.09
132.43
144.286
150.949
154.373
155.609
156.093
156.231
161.567
125.587
90.991
93.0487
121.861
126.888
133.222
141.267
149.702
158.51
168.774
182.001
199.686
222
246.716
273.533
301.522
328.743
353.83
375.612
393.058
404.737
405.552
326.466
47.0961
10.016
1.8237
10.3654
11.5601
14.4629
18.1202
22.7478
27.5794
31.9943
40.0542
57.538
83.2071
111.781
141.41
173.189
204.308
233.428
259.551
281.122
295.978
300.967
291.519
1.27593
1.27637
1.24394
1.28241
1.32247
1.34679
1.32505
1.16681
1.1477
1.23532
1.30291
1.38593
1.68012
5.92024
18.9179
45.269
84.0657
115.02
147.607
175.17
196.797
212.054
219.595
1.18247
1.18212
1.1549
1.15717
1.1671
1.17099
1.14416
1.06608
1.0413
1.08836
1.15216
1.20158
1.19739
1.21109
1.28112
1.25176
3.41203
13.3441
41.8522
75.1473
101.743
126.949
149.238
1.02815
1.02351
1.01264
1.01096
1.01052
1.00535
0.987486
0.961532
0.953601
0.971301
1.01295
1.04677
1.06788
1.08894
1.11346
1.13149
1.17087
1.10543
1.04934
5.16489
20.8935
40.4782
67.4512
0.871812
0.867962
0.863121
0.860672
0.85873
0.854612
0.846778
0.839011
0.840039
0.85507
0.879288
0.904102
0.926024
0.946753
0.966907
0.985915
1.00822
0.99793
0.980979
1.0127
1.0312
1.13182
5.8731
0.714114
0.712154
0.710222
0.70904
0.708228
0.706964
0.705371
0.705568
0.71106
0.723973
0.74222
0.762631
0.783045
0.803351
0.82314
0.842189
0.858968
0.867218
0.874491
0.886124
0.890032
0.824594
0.930064
0.553774
0.555247
0.55588
0.556589
0.557691
0.559168
0.5615
0.565895
0.573902
0.58634
0.602453
0.620867
0.640322
0.660267
0.680244
0.699757
0.717819
0.732854
0.74612
0.756117
0.746794
0.72142
0.715075
0.391095
0.397584
0.400806
0.403414
0.406426
0.410164
0.415148
0.422116
0.431818
0.444612
0.460201
0.477922
0.497045
0.517031
0.537399
0.557629
0.577023
0.59453
0.608087
0.608423
0.566036
0.515765
0.469826
0.231351
0.240955
0.245582
0.249646
0.254184
0.25967
0.26655
0.275301
0.286333
0.299827
0.315656
0.333467
0.352815
0.373252
0.394324
0.415491
0.435993
0.454417
0.467073
0.461044
0.409665
0.354844
0.251367
0.0800842
0.0860612
0.0904501
0.0951995
0.100816
0.107609
0.115901
0.126007
0.138178
0.152526
0.168988
0.18737
0.207379
0.228667
0.250833
0.273347
0.295421
0.315609
0.330612
0.331966
0.304381
0.273867
0.167314
-0.0721845
-0.0692844
-0.0653089
-0.0602126
-0.0538609
-0.0460909
-0.0367018
-0.0254905
-0.0122886
0.00298005
0.0202937
0.0395478
0.060549
0.0830448
0.106713
0.131107
0.155558
0.178943
0.199126
0.21249
0.211778
0.210267
0.214942
-0.227872
-0.226045
-0.22228
-0.216952
-0.21006
-0.201533
-0.191257
-0.179098
-0.164941
-0.14872
-0.13043
-0.110115
-0.0878838
-0.0638959
-0.038371
-0.0116104
0.015946
0.0436221
0.0703626
0.0947513
0.115424
0.136739
0.16984
-0.386037
-0.384615
-0.380877
-0.375315
-0.36798
-0.358837
-0.347814
-0.33482
-0.31977
-0.302597
-0.283268
-0.261779
-0.23817
-0.212503
-0.184875
-0.155427
-0.124343
-0.0918698
-0.0582906
-0.0236986
0.0127919
0.0545168
0.108909
-0.54661
-0.545198
-0.541339
-0.535516
-0.527783
-0.518108
-0.506437
-0.492698
-0.476814
-0.458715
-0.43834
-0.415641
-0.390591
-0.363163
-0.333338
-0.301096
-0.266398
-0.229164
-0.189192
-0.145981
-0.098222
-0.0433351
0.0226713
-0.709486
-0.707873
-0.703806
-0.697702
-0.689594
-0.679447
-0.667205
-0.652796
-0.636146
-0.617174
-0.595792
-0.571909
-0.54544
-0.516283
-0.484309
-0.44937
-0.411258
-0.369673
-0.32417
-0.274033
-0.218192
-0.154863
-0.0823781
-0.874625
-0.872672
-0.868357
-0.861974
-0.853518
-0.842951
-0.830206
-0.815205
-0.797866
-0.778095
-0.755783
-0.730802
-0.703014
-0.672254
-0.638312
-0.600936
-0.559798
-0.514472
-0.464396
-0.408832
-0.346867
-0.277506
-0.200051
-1.04198
-1.0396
-1.03505
-1.02841
-1.01965
-1.00871
-0.99553
-0.980019
-0.96208
-0.94161
-0.918482
-0.892536
-0.863598
-0.831447
-0.795814
-0.756375
-0.712722
-0.664344
-0.610614
-0.550785
-0.484045
-0.409687
-0.327403
-1.21148
-1.2087
-1.20394
-1.19708
-1.18804
-1.17679
-1.16325
-1.14732
-1.12889
-1.10784
-1.08405
-1.05732
-1.02744
-0.99418
-0.957212
-0.916163
-0.870575
-0.819878
-0.763384
-0.700285
-0.62973
-0.550951
-0.463524
-1.38312
-1.37996
-1.37504
-1.368
-1.35876
-1.34726
-1.33343
-1.31718
-1.29838
-1.2769
-1.25261
-1.2253
-1.19476
-1.1607
-1.1228
-1.08065
-1.03377
-0.981526
-0.923179
-0.857819
-0.784394
-0.701786
-0.609006
-1.55681
-1.55342
-1.54839
-1.54121
-1.53182
-1.52015
-1.50613
-1.48966
-1.47062
-1.44888
-1.42428
-1.39662
-1.36568
-1.33117
-1.29277
-1.25007
-1.20256
-1.14961
-1.09042
-1.02396
-0.948894
-0.863524
-0.765836
-1.73246
-1.72907
-1.72397
-1.71671
-1.70723
-1.69547
-1.68136
-1.6648
-1.64566
-1.62381
-1.5991
-1.57133
-1.54028
-1.50568
-1.46722
-1.42451
-1.37707
-1.3243
-1.26539
-1.19924
-1.12427
-1.03815
-0.937456
-1.91019
-1.90696
-1.90182
-1.89453
-1.88503
-1.87327
-1.85917
-1.84263
-1.82353
-1.80175
-1.77712
-1.74947
-1.7186
-1.68425
-1.64615
-1.60397
-1.55728
-1.50557
-1.44813
-1.38395
-1.31141
-1.22785
-1.12864
-2.09013
-2.08706
-2.08192
-2.07465
-2.06521
-2.05353
-2.03954
-2.02314
-2.00422
-1.98266
-1.95832
-1.93102
-1.90059
-1.86681
-1.82946
-1.78827
-1.74294
-1.69309
-1.63825
-1.57772
-1.51032
-1.43386
-1.34389
-2.27235
-2.26937
-2.26425
-2.25706
-2.24773
-2.23622
-2.22244
-2.20631
-2.18771
-2.16653
-2.14265
-2.11591
-2.08616
-2.05323
-2.01694
-1.97713
-1.93361
-1.88624
-1.83485
-1.77932
-1.71941
-1.65462
-1.58339
-2.45683
-2.45385
-2.44879
-2.44172
-2.43258
-2.42132
-2.40785
-2.39209
-2.37394
-2.3533
-2.33005
-2.30405
-2.27519
-2.24332
-2.20834
-2.17017
-2.12876
-2.08416
-2.03661
-1.98661
-1.93517
-1.88437
-1.83883
-2.64349
-2.64046
-2.63548
-2.62859
-2.6197
-2.60876
-2.5957
-2.58042
-2.56285
-2.54288
-2.52041
-2.49533
-2.46752
-2.43689
-2.40339
-2.367
-2.32779
-2.28598
-2.24208
-2.1971
-2.15301
-2.11381
-2.08802
-2.83226
-2.8291
-2.82424
-2.81758
-2.80901
-2.79848
-2.78591
-2.77123
-2.75435
-2.73518
-2.71362
-2.68959
-2.66299
-2.63375
-2.60183
-2.56728
-2.53022
-2.49096
-2.45012
-2.40891
-2.36956
-2.33631
-2.31726
-3.02294
-3.01965
-3.01498
-3.0086
-3.00043
-2.99039
-2.97841
-2.96442
-2.94834
-2.93008
-2.90958
-2.88673
-2.86147
-2.83372
-2.80348
-2.77078
-2.73577
-2.69875
-2.66031
-2.62151
-2.58425
-2.55184
-2.52991
-3.21522
-3.21196
-3.20755
-3.20154
-3.19384
-3.18437
-3.17307
-3.15987
-3.1447
-3.12748
-3.10814
-3.08661
-3.0628
-3.03667
-3.00818
-2.97738
-2.94438
-2.9094
-2.87288
-2.83559
-2.7988
-2.7646
-2.73619
-3.40882
-3.40588
-3.40184
-3.39628
-3.38912
-3.38031
-3.36978
-3.35747
-3.34331
-3.32724
-3.30919
-3.28909
-3.26687
-3.24247
-3.21587
-3.18706
-3.15612
-3.12317
-3.08849
-3.05249
-3.01587
-2.9796
-2.94505
-3.60364
-3.60129
-3.59773
-3.59271
-3.58618
-3.5781
-3.56842
-3.55709
-3.54404
-3.52922
-3.51258
-3.49404
-3.47355
-3.45103
-3.42647
-3.39982
-3.37112
-3.34041
-3.30782
-3.27353
-3.2378
-3.20091
-3.16311
-3.79978
-3.79816
-3.79515
-3.79073
-3.78489
-3.77762
-3.76886
-3.75858
-3.74674
-3.73328
-3.71816
-3.70131
-3.68269
-3.66222
-3.63988
-3.61562
-3.58943
-3.56132
-3.53136
-3.4996
-3.46609
-3.43084
-3.39376
-3.99736
-3.99646
-3.99403
-3.99024
-3.98514
-3.97872
-3.97095
-3.9618
-3.95124
-3.93924
-3.92576
-3.91073
-3.89411
-3.87587
-3.85595
-3.83433
-3.81099
-3.78595
-3.75925
-3.73096
-3.70114
-3.66984
-3.63711
-4.19653
-4.1962
-4.19429
-4.19114
-4.1868
-4.18127
-4.17454
-4.16658
-4.15739
-4.14694
-4.13518
-4.12209
-4.10763
-4.09177
-4.07449
-4.05576
-4.03561
-4.01407
-3.99126
-3.96732
-3.94247
-3.91701
-3.89136
-4.39727
-4.39727
-4.39582
-4.39328
-4.3897
-4.38509
-4.37944
-4.37273
-4.36497
-4.35614
-4.34622
-4.33517
-4.323
-4.30968
-4.29522
-4.27962
-4.26293
-4.24528
-4.22684
-4.2079
-4.18889
-4.17055
-4.15399
-4.59939
-4.59953
-4.59849
-4.59654
-4.59373
-4.59005
-4.5855
-4.58009
-4.57381
-4.56667
-4.55865
-4.54975
-4.53998
-4.52934
-4.51785
-4.50556
-4.49257
-4.47906
-4.46529
-4.45168
-4.43888
-4.42805
-4.42119
-4.80259
-4.80281
-4.80213
-4.80075
-4.79869
-4.79595
-4.79254
-4.78845
-4.7837
-4.7783
-4.77226
-4.76558
-4.7583
-4.75044
-4.74205
-4.73321
-4.72406
-4.71482
-4.70583
-4.69758
-4.69084
-4.68695
-4.68832
-5.00656
-5.00683
-5.00649
-5.00567
-5.00436
-5.00256
-5.00029
-4.99755
-4.99436
-4.99075
-4.98672
-4.98233
-4.97761
-4.9726
-4.9674
-4.9621
-4.95688
-4.95196
-4.94773
-4.94466
-4.9435
-4.94548
-4.95276
-5.21112
-5.21146
-5.21145
-5.21119
-5.21063
-5.20978
-5.20866
-5.20727
-5.20566
-5.20386
-5.2019
-5.19983
-5.19771
-5.19562
-5.19366
-5.19195
-5.19068
-5.19009
-5.1905
-5.19236
-5.19623
-5.20308
-5.2145
-5.41598
-5.41638
-5.41673
-5.41704
-5.41723
-5.41733
-5.41734
-5.41732
-5.41729
-5.41732
-5.41743
-5.41771
-5.41823
-5.41908
-5.42038
-5.42229
-5.42499
-5.42869
-5.43367
-5.44023
-5.44872
-5.45962
-5.47386
-5.62018
-5.62078
-5.62156
-5.62243
-5.62335
-5.62436
-5.62549
-5.62679
-5.62832
-5.63012
-5.63227
-5.63484
-5.63793
-5.64166
-5.64616
-5.6516
-5.65817
-5.66605
-5.67545
-5.68652
-5.69928
-5.71354
-5.72882
196.941
187.816
172.628
168.064
265.554
252.336
237.223
223.679
220.402
221.531
223.605
225.149
162.193
172.401
182.404
191.75
87.4162
105.888
124.361
141.888
19.6632
32.2608
57.3922
80.8974
0.93597
0.941486
1.12582
12.2272
0.727288
0.696916
0.56585
0.328328
0.45799
0.462203
0.501621
0.584654
0.212919
0.228815
0.295137
0.397457
0.107812
0.112428
0.171031
0.271251
0.228866
0.26585
0.340426
0.417579
0.208073
0.247801
0.297525
0.358172
0.152955
0.19346
0.239956
0.291745
0.0699054
0.110286
0.153545
0.198758
-0.0335402
0.00674482
0.0486572
0.0916563
-0.149267
-0.107998
-0.065507
-0.0222413
-0.27388
-0.230544
-0.186066
-0.140782
-0.406419
-0.360024
-0.31222
-0.263369
-0.54755
-0.497114
-0.444624
-0.390451
-0.699611
-0.64432
-0.585739
-0.524133
-0.867089
-0.806854
-0.741231
-0.670028
-1.05711
-0.993985
-0.922556
-0.841314
-1.27837
-1.21928
-1.14971
-1.06525
-1.5349
-1.49365
-1.44599
-1.38879
-1.81787
-1.80704
-1.80701
-1.82886
-2.08715
-2.1
-2.13362
-2.2018
-2.31986
-2.33256
-2.35895
-2.40334
-2.52633
-2.52987
-2.54098
-2.56176
-2.72452
-2.71877
-2.71724
-2.72145
-2.92612
-2.91215
-2.89928
-2.88769
-3.14004
-3.12144
-3.10229
-3.08224
-3.3705
-3.3516
-3.3321
-3.31192
-3.61679
-3.60058
-3.58434
-3.56851
-3.87601
-3.864
-3.85199
-3.84001
-4.14555
-4.13976
-4.13461
-4.12953
-4.42064
-4.42267
-4.42762
-4.43623
-4.69385
-4.70158
-4.71359
-4.73143
-4.96158
-4.97174
-4.98609
-5.00659
-5.22493
-5.23566
-5.24965
-5.26859
-5.48496
-5.49558
-5.50893
-5.52651
-5.73828
-5.74603
-5.75477
-5.76615
144.785
146.319
158.109
165.909
165.792
166.314
166.071
164.066
155.06
139.628
126.16
127.338
141.961
149.779
153.811
155.219
155.737
155.752
162.078
212.157
200.443
167.784
165.765
165.93
166.22
166.289
165.23
156.682
141.475
127.843
127.657
140.72
149.403
153.511
154.865
155.336
155.364
157.207
221.829
193.694
166.11
166.021
166.202
166.329
166.264
165.556
161.023
150.675
139.511
135.44
143.563
150.841
153.841
154.791
155.09
155.007
160.14
202.942
166.786
166.176
166.215
166.423
166.45
166.186
165.099
162.242
157.574
153.236
148.521
149.17
152.372
154.299
154.81
154.942
154.955
161.932
170.783
166.093
166.17
166.268
166.529
166.519
166.165
164.899
162.974
160.624
158.616
155.691
151.551
151.765
154.095
154.732
154.916
155.237
160.181
130.107
165.26
166.144
166.145
166.343
166.391
166.007
164.621
163.134
162.231
161.849
161.406
148.817
149.258
153.13
154.488
154.738
154.81
157.309
65.4646
143.981
166.057
165.782
137.472
141.741
145.717
163.786
162.628
162.794
163.248
163.628
152.894
150.696
152.44
154.211
154.445
154.559
205.291
5.30538
60.9662
127.625
136.117
61.8698
82.1158
125.248
150.972
162.039
162.539
163.3
162.08
145.922
117.984
117.353
149.56
154.118
154.057
261.211
0.880385
1.60658
18.5009
38.9401
33.0916
32.1833
53.9262
98.992
151.648
161.948
161.128
160.046
107.69
14.2378
66.0511
130.774
146.85
209.094
392.146
0.722241
0.891932
1.09856
1.24522
1.3017
1.44689
4.32523
24.5571
75.8608
133.815
161.192
159.813
67.0213
17.0188
40.2937
92.3242
197.047
346.019
579.884
0.667052
0.917875
0.979491
1.07637
1.16062
1.23382
1.28184
1.18144
3.71188
28.59
81.6218
87.5041
47.2168
13.1925
5.71733
24.2158
140.891
404.312
606.379
0.662221
0.827878
0.873596
0.884066
0.980493
1.09893
1.15121
1.14199
1.10595
1.21194
1.62697
2.7767
2.61031
2.59564
2.76526
2.88059
10.0548
260.759
426.301
0.511223
0.659124
0.736926
0.783785
0.867993
0.964502
1.03231
1.07533
1.1198
1.20857
1.32903
1.58587
2.04322
2.35028
2.5553
2.74239
2.68515
116.936
231.207
0.40206
0.516932
0.605544
0.680955
0.762207
0.845519
0.921138
0.991266
1.06798
1.16371
1.29594
1.50731
1.81131
2.07113
2.3362
2.73489
3.22056
52.8639
119.134
0.291569
0.394479
0.485111
0.568957
0.651764
0.733082
0.812714
0.893504
0.98162
1.08378
1.20545
1.36509
1.56765
1.74274
1.77043
2.75804
4.11156
28.682
70.2325
0.179298
0.278554
0.371005
0.457722
0.540806
0.621545
0.702053
0.785465
0.875764
0.976503
1.08592
1.20536
1.32472
1.34865
0.877239
-11.6459
-10.7803
25.9688
62.6012
0.0657097
0.166091
0.260569
0.348214
0.430093
0.508408
0.586183
0.66676
0.753238
0.847531
0.946091
1.04336
1.1336
1.14882
1.12552
-5.0557
-30.4218
4.55271
81.7472
-0.0487552
0.0561849
0.153613
0.241059
0.319414
0.39202
0.463048
0.536191
0.614495
0.699626
0.790414
0.884508
0.988876
1.05006
0.919622
-1.81105
-31.4518
31.5068
119.133
-0.163679
-0.0504135
0.0515566
0.137356
0.208342
0.270412
0.329799
0.3911
0.457153
0.53007
0.612951
0.712805
0.873914
1.12548
1.1261
-17.529
-12.0159
84.5961
145.681
-0.278586
-0.151366
-0.042225
0.0390277
0.0958564
0.140296
0.182382
0.227056
0.276014
0.330601
0.395752
0.48405
0.633059
1.05384
-0.0420103
-45.5172
4.70156
111.942
139.317
-0.393544
-0.242221
-0.121033
-0.0511695
-0.0214755
-0.00481202
0.0141732
0.0382271
0.0647852
0.0906304
0.116232
0.141439
0.134843
-0.13525
2.8366
31.781
50.7771
78.1986
102.042
-0.511489
-0.316291
-0.172348
-0.132082
-0.155181
-0.178268
-0.184503
-0.181294
-0.180528
-0.195223
-0.238979
-0.327961
-0.00207475
0.242737
12.4276
16.2437
13.3482
64.3708
71.8767
-0.645752
-0.36759
-0.174821
-0.216385
-0.34101
-0.405983
-0.42591
-0.43429
-0.456233
-0.517715
-0.665448
-1.04954
-2.42072
-2.70521
-2.92522
-2.62266
-1.26252
12.7206
42.6755
-0.841961
-0.404176
-0.115236
-0.4072
-0.681947
-0.728461
-0.718785
-0.714726
-0.746139
-0.843929
-1.0698
-1.603
-3.13531
-3.19769
-3.24079
-2.77261
-1.97197
-1.35087
24.5705
-1.25223
-0.796518
-1.10568
-1.38966
-1.41681
-1.17416
-1.0501
-1.00063
-1.02231
-1.12923
-1.36786
-1.87291
-3.00158
-3.40373
-3.37231
-2.86102
-2.34835
-1.83474
-1.18317
-2.07945
-1.9701
-2.34806
-4.02537
-2.49777
-1.65709
-1.35249
-1.25238
-1.2563
-1.34566
-1.5319
-1.84448
-2.33417
-2.72202
-2.71008
-2.41836
-2.42779
-2.4206
-4.85371
-2.52375
-2.68223
-2.45728
-3.22395
-2.65527
-1.76265
-1.51212
-1.43299
-1.43639
-1.5003
-1.61932
-1.78146
-1.94993
-2.06543
-2.04993
-1.96265
-1.98241
1.30934
-5.04397
-2.5633
-2.46198
-2.5047
-2.58648
-1.84293
-1.47317
-1.52963
-1.55507
-1.57794
-1.61798
-1.67567
-1.73452
-1.76528
-1.76926
-1.7528
-1.73807
-1.94892
-1.54137
1.73148
-2.64337
-2.90422
-3.18434
-2.74164
-1.41251
-1.416
-1.61146
-1.69561
-1.71884
-1.72919
-1.73471
-1.73094
-1.71418
-1.65321
-1.55429
-1.45115
-1.20201
-2.42799
-0.250702
-2.75233
-2.83822
-3.02869
-2.50567
-1.41372
-1.61508
-1.86602
-1.92238
-1.89495
-1.85856
-1.81369
-1.76441
-1.73312
-1.62488
-1.40055
-1.11589
-0.623556
-0.135091
2.9643
-2.86688
-2.84102
-2.76316
-2.52793
-2.09793
-2.19622
-2.16243
-2.18045
-2.11585
-2.01775
-1.91167
-1.80005
-1.69026
-1.54431
-1.32159
-1.09369
-0.724614
-0.617862
0.250407
-3.03622
-2.95817
-2.81687
-2.83568
-2.86302
-2.82012
-2.73144
-2.45614
-2.35211
-2.22494
-2.02994
-1.83698
-1.63764
-1.45421
-1.30305
-1.13796
-0.719093
5.7654
5.81002
-3.2677
-3.20981
-3.09691
-3.93662
-4.27068
-3.84235
-3.36215
-3.10499
-2.69389
-2.51891
-2.19249
-1.89351
-1.61354
-1.38052
-1.28976
-1.26203
-1.32356
-2.04605
3.30996
-3.5393
-3.53837
-3.71172
-4.50153
-4.8204
-4.6199
-4.11903
-3.69866
-3.2318
-2.84906
-2.44422
-1.99968
-1.64122
-1.35478
-1.23263
-1.16154
-1.26671
-1.22137
0.603764
-3.8165
-3.81938
-4.01038
-4.68677
-4.90602
-4.8158
-4.59096
-4.25119
-3.78487
-3.36064
-2.79645
-2.21292
-1.77153
-1.41918
-1.14544
-1.08543
-1.09163
-1.06458
-0.664909
-4.11509
-4.04602
-4.38584
-5.29304
-4.94489
-4.93812
-4.98196
-4.76104
-4.41661
-3.76855
-3.22231
-2.61036
-2.12407
-1.70206
-1.28847
-1.04955
-0.983529
-2.35764
8.8954
-4.46845
-4.57261
-4.9556
-4.86539
-5.48664
-5.48949
-5.71632
-5.42533
-5.02678
-4.27936
-3.77508
-3.27361
-2.85385
-2.46307
-2.51734
-1.14338
-2.71711
-3.18081
5.99401
-4.79025
-4.95312
-5.09771
-5.628
-6.45166
-6.42072
-6.56878
-6.30432
-5.72066
-5.117
-4.58354
-4.29933
-4.05198
-3.50933
-3.33689
-3.17053
-3.62393
-3.82107
-2.70996
-5.0773
-5.29848
-5.39103
-6.0068
-6.42026
-6.92765
-7.02367
-6.89769
-6.3124
-5.9174
-5.49086
-5.54733
-6.47153
-7.03682
-5.98213
-3.65722
-4.09556
-4.43925
-2.93086
-5.3353
-5.60212
-5.82756
-6.17875
-6.61516
-6.99755
-7.2291
-7.10194
-6.63131
-6.34234
-6.19321
-6.49003
-7.17571
-8.3954
-13.9961
-6.25212
-4.88156
-5.10111
-5.14539
-5.58081
-5.89314
-6.11536
-6.21846
-6.43925
-6.739
-6.98243
-6.96506
-6.74888
-6.49015
-6.59925
-7.31888
-6.7222
-7.14055
-6.52816
-5.99354
-5.57764
-5.78404
-6.55444
-5.81159
-5.98704
-6.17197
-6.22787
-6.23684
-6.2544
-6.34465
-6.85138
-6.87346
-6.28399
-6.42669
-7.43906
-5.67299
-6.2737
-5.69146
-5.94656
-5.76352
-5.77841
-10.8546
627.228
597.704
605.57
611.248
611.881
612.273
615.574
621.959
630.878
642.08
655.611
671.609
690.135
711.146
734.53
760.153
787.419
812.026
826.448
822.472
828.609
811.583
836.41
567.184
536.285
543.965
549.854
551.045
552.01
555.749
562.377
571.378
582.567
596.057
612.029
630.569
651.588
674.84
699.812
725.232
748.24
764.28
766.204
792.143
720.002
728.487
505.084
472.978
480.251
486.815
489.077
490.943
495.324
502.286
511.379
522.522
535.932
551.865
570.43
591.492
614.686
639.309
663.979
686.132
702.654
713.652
734.209
663.725
662.628
441.592
408.017
414.598
422.792
426.605
429.445
434.469
441.744
450.883
461.926
475.21
491.092
509.717
530.898
554.152
578.656
603.006
625.075
642.65
655.724
667.176
629.698
634.857
377.374
341.469
346.689
358.422
364.181
367.737
373.247
380.745
389.863
400.74
413.844
429.665
448.402
469.803
493.274
517.919
542.352
564.736
583.348
597.614
606.826
595.221
618.696
313.729
273.284
275.317
293.071
301.987
305.758
311.582
319.238
328.272
338.913
351.777
367.528
386.447
408.197
432.06
457.117
481.989
505.015
524.716
540.272
550.864
555.202
587.649
253.133
205.52
201.97
226.794
239.759
243.252
249.315
257.151
266.064
276.393
288.926
304.586
323.785
346.06
370.499
396.246
421.888
445.846
466.771
483.739
496.095
505.594
532.798
198.727
144.711
134.764
162.598
176.077
179.982
186.443
194.521
203.236
213.141
225.212
240.747
260.362
283.299
308.505
335.291
362.034
387.193
409.513
428.025
441.823
451.263
462.164
170.79
170.756
170.954
170.991
170.607
170.283
170.301
170.934
171.884
170.499
156.055
151.537
150.534
152.708
155.873
157.76
161.946
197.937
672.778
170.727
170.645
170.87
170.974
170.516
170.088
169.999
170.542
171.253
155.248
152.725
150.377
149.906
152.619
155.723
157.041
157.498
159.462
330.373
170.658
170.466
170.674
170.978
170.383
169.76
169.472
169.557
168.274
157.397
152.484
149.753
149.965
152.636
155.386
156.816
157.112
157.01
176.646
170.59
170.275
169.663
170.877
170.167
169.272
168.787
168.155
165.326
158.129
152.545
148.41
149.169
152.336
155.025
156.481
156.941
157.028
161.03
170.544
170.276
153.492
168.172
169.82
168.563
168.052
166.907
163.631
157.627
151.374
145.25
146.895
151.531
154.608
156.115
156.678
157.218
160.095
170.553
170.409
127.365
160.632
169.04
167.608
167.368
166.02
162.679
155.914
147.688
140.257
143.568
150.215
154.081
155.719
156.358
156.779
157.762
170.582
170.541
128.974
158.141
162.274
166.757
166.818
165.511
162.702
152.537
142.125
133.155
139.87
148.813
153.462
155.325
156.034
156.294
156.213
170.608
167.25
137.521
159.884
164.019
166.293
166.469
165.297
162.073
148.15
135.903
127.653
136.937
147.183
152.781
154.94
155.724
155.905
155.184
139.566
62.6346
16.8416
35.9316
53.6867
58.8355
66.9498
77.2973
85.5276
94.316
105.532
121.211
141.009
164.884
192.787
222.472
252.06
280.218
305.604
327.436
343.709
351.024
335.164
52.0281
1.55407
1.50642
1.33504
1.40104
1.46972
1.56028
1.49922
2.19831
2.85646
4.38497
7.96118
15.6435
30.6344
56.6985
93.1289
126.334
159.084
188.878
216.185
237.368
251.848
257.227
1.32759
1.26598
1.23327
1.2231
1.23508
1.25203
1.23696
1.12684
1.06932
1.1102
1.19073
1.25453
1.3167
1.31595
1.34765
2.55174
15.4245
41.8087
76.3571
109.34
137.341
159.97
177.763
1.18991
1.10524
1.0955
1.08532
1.08605
1.08553
1.06873
1.03157
1.00331
1.00552
1.05574
1.10374
1.13771
1.15269
1.16991
1.16489
1.22668
1.24033
3.47535
19.0409
43.213
69.8605
95.2622
1.0314
0.94845
0.943037
0.937347
0.935328
0.932508
0.923993
0.90881
0.898719
0.905658
0.930071
0.96183
0.987218
1.00798
1.02661
1.04225
1.06362
1.05525
1.028
1.05308
1.13282
4.87594
23.6085
0.874518
0.791955
0.788719
0.785878
0.784253
0.782276
0.778645
0.774342
0.773914
0.782649
0.800316
0.82234
0.843972
0.864808
0.88486
0.904041
0.922261
0.931456
0.926578
0.938737
0.927057
0.923689
0.917806
0.716361
0.634453
0.633651
0.633011
0.632956
0.633095
0.633344
0.634654
0.639114
0.648827
0.66378
0.682113
0.701745
0.721754
0.741768
0.761396
0.779897
0.795101
0.805055
0.816801
0.825746
0.816693
0.816251
0.55523
0.475298
0.477664
0.479288
0.48106
0.48341
0.486543
0.491203
0.498452
0.509184
0.523424
0.540387
0.559059
0.57868
0.598767
0.618836
0.638276
0.65614
0.671522
0.683005
0.675892
0.638902
0.605232
0.391851
0.316136
0.321456
0.324894
0.328443
0.33264
0.33791
0.344802
0.353909
0.365664
0.380092
0.396828
0.415329
0.435053
0.455532
0.476273
0.496678
0.515841
0.531935
0.539366
0.510959
0.455176
0.390626
0.232303
0.160312
0.165911
0.170233
0.174977
0.180589
0.187451
0.195955
0.206468
0.219229
0.234262
0.251383
0.270272
0.290544
0.311795
0.333545
0.355157
0.375588
0.392604
0.400134
0.373889
0.336705
0.250246
0.0802786
0.00605759
0.0105257
0.0150432
0.0204985
0.0271337
0.0351952
0.0449424
0.0566125
0.0703599
0.0862073
0.104059
0.123723
0.144924
0.167335
0.190536
0.213926
0.236539
0.256541
0.269924
0.264614
0.255526
0.224025
-0.072983
-0.14914
-0.145703
-0.141177
-0.13526
-0.127872
-0.11888
-0.108124
-0.0954426
-0.0807304
-0.0639594
-0.0451665
-0.0244643
-0.00203427
0.0218908
0.0469891
0.0728016
0.0986255
0.123282
0.144804
0.159317
0.169085
0.179909
-0.228748
-0.306389
-0.303444
-0.298845
-0.292566
-0.284591
-0.274847
-0.263235
-0.249646
-0.233996
-0.216243
-0.196389
-0.174477
-0.150602
-0.124896
-0.0975477
-0.0688194
-0.0390821
-0.00888056
0.0210967
0.0503939
0.0805208
0.117482
-0.3869
-0.465826
-0.463008
-0.45825
-0.451639
-0.443167
-0.432788
-0.420432
-0.406016
-0.389464
-0.370723
-0.349749
-0.326537
-0.3011
-0.273459
-0.243665
-0.211785
-0.177884
-0.142017
-0.104088
-0.0634781
-0.0181589
0.0361199
-0.547415
-0.627459
-0.624557
-0.619579
-0.612639
-0.603724
-0.592791
-0.579775
-0.564604
-0.547205
-0.5275
-0.505415
-0.480889
-0.453864
-0.424265
-0.392013
-0.357005
-0.319076
-0.277967
-0.2332
-0.183945
-0.128408
-0.0642037
-0.71023
-0.79127
-0.788175
-0.782947
-0.775685
-0.766367
-0.754943
-0.741344
-0.725495
-0.707313
-0.686706
-0.663566
-0.637785
-0.609244
-0.577782
-0.543217
-0.505319
-0.463761
-0.418113
-0.367764
-0.31184
-0.249191
-0.178511
-0.875289
-0.95725
-0.953913
-0.948437
-0.940875
-0.931194
-0.91934
-0.905232
-0.888784
-0.869904
-0.848486
-0.824395
-0.79748
-0.767571
-0.734448
-0.697844
-0.657434
-0.612798
-0.563402
-0.508583
-0.447535
-0.379404
-0.303521
-1.04256
-1.12541
-1.12181
-1.11611
-1.10828
-1.09829
-1.08606
-1.07152
-1.05457
-1.0351
-1.01299
-0.988087
-0.960214
-0.929158
-0.89465
-0.856372
-0.813933
-0.766843
-0.714505
-0.656204
-0.591129
-0.518506
-0.437786
-1.21199
-1.29573
-1.29189
-1.286
-1.27796
-1.2677
-1.25517
-1.24029
-1.22293
-1.20299
-1.18034
-1.15481
-1.12619
-1.09426
-1.05871
-1.01918
-0.97526
-0.926397
-0.871941
-0.811104
-0.742982
-0.666634
-0.581242
-1.38355
-1.46821
-1.46418
-1.45815
-1.44993
-1.43948
-1.42673
-1.41159
-1.39395
-1.37368
-1.35065
-1.32469
-1.29557
-1.26306
-1.22684
-1.18655
-1.14173
-1.09182
-1.03613
-0.973779
-0.903691
-0.824573
-0.734986
-1.55723
-1.64284
-1.63869
-1.63256
-1.62423
-1.61365
-1.60077
-1.58548
-1.56768
-1.54723
-1.524
-1.49781
-1.46845
-1.43568
-1.39918
-1.35861
-1.31351
-1.26333
-1.20736
-1.14467
-1.074
-0.993621
-0.901182
-1.73298
-1.81962
-1.81544
-1.80925
-1.80086
-1.79024
-1.77731
-1.76198
-1.74414
-1.72367
-1.70042
-1.67423
-1.64489
-1.61218
-1.57579
-1.53542
-1.49066
-1.44099
-1.38577
-1.32408
-1.2546
-1.17529
-1.0829
-1.91081
-1.99856
-1.99443
-1.98822
-1.97984
-1.96924
-1.95636
-1.9411
-1.92336
-1.90302
-1.87994
-1.85396
-1.82489
-1.79253
-1.75663
-1.71691
-1.67306
-1.62465
-1.57117
-1.51189
-1.44569
-1.37066
-1.28328
-2.09079
-2.1797
-2.17564
-2.16946
-2.16115
-2.15066
-2.13792
-2.12284
-2.10533
-2.08526
-2.06252
-2.03695
-2.00839
-1.97666
-1.94157
-1.90289
-1.86042
-1.81389
-1.763
-1.7074
-1.6465
-1.57926
-1.50345
-2.27299
-2.36307
-2.35905
-2.35294
-2.34476
-2.33445
-2.32194
-2.30715
-2.28999
-2.27035
-2.2481
-2.22314
-2.1953
-2.16444
-2.13041
-2.09309
-2.05235
-2.0081
-1.96035
-1.90919
-1.8549
-1.79803
-1.73949
-2.45743
-2.54861
-2.54462
-2.53863
-2.53063
-2.52057
-2.50839
-2.49399
-2.4773
-2.45822
-2.43663
-2.41243
-2.38549
-2.35569
-2.32293
-2.28716
-2.24835
-2.20657
-2.16207
-2.11542
-2.06772
-2.02119
-1.98058
-2.64406
-2.73624
-2.73229
-2.72645
-2.7187
-2.70897
-2.69719
-2.6833
-2.66719
-2.64879
-2.62799
-2.6047
-2.57882
-2.55024
-2.51891
-2.4848
-2.44799
-2.40862
-2.36713
-2.32434
-2.28183
-2.24267
-2.213
-2.83277
-2.92585
-2.92197
-2.91633
-2.90889
-2.89956
-2.88828
-2.87497
-2.85956
-2.84196
-2.82208
-2.79985
-2.77516
-2.74793
-2.71813
-2.68576
-2.65092
-2.61379
-2.57485
-2.53495
-2.49566
-2.45985
-2.43272
-3.02337
-3.11728
-3.11351
-3.10815
-3.10108
-3.09224
-3.08154
-3.06892
-3.05431
-3.03762
-3.01879
-2.99773
-2.97436
-2.94861
-2.92044
-2.88987
-2.85696
-2.82192
-2.78512
-2.74726
-2.70956
-2.67412
-2.64439
-3.21559
-3.31032
-3.30679
-3.30178
-3.29518
-3.2869
-3.27686
-3.26502
-3.25131
-3.23566
-3.21798
-3.19822
-3.17629
-3.15214
-3.12572
-3.09703
-3.06611
-3.03309
-2.99824
-2.96201
-2.92516
-2.8889
-2.85508
-3.40918
-3.50483
-3.50167
-3.49712
-3.49106
-3.48342
-3.47414
-3.46317
-3.45045
-3.43592
-3.41953
-3.40119
-3.38084
-3.35842
-3.33388
-3.3072
-3.27839
-3.24751
-3.21471
-3.18021
-3.14437
-3.10772
-3.07091
-3.60398
-3.70071
-3.69806
-3.69406
-3.68861
-3.68168
-3.67324
-3.66322
-3.65159
-3.63829
-3.62327
-3.60648
-3.58785
-3.56731
-3.54482
-3.52034
-3.49386
-3.46537
-3.43495
-3.40269
-3.3687
-3.33311
-3.29598
-3.80004
-3.898
-3.89592
-3.89252
-3.88774
-3.88158
-3.87402
-3.86503
-3.85457
-3.8426
-3.82908
-3.81395
-3.79716
-3.77866
-3.75839
-3.73633
-3.71245
-3.68673
-3.65919
-3.62991
-3.59891
-3.56622
-3.53182
-3.99753
-4.09675
-4.0952
-4.09241
-4.08832
-4.08297
-4.07636
-4.06845
-4.05923
-4.04868
-4.03675
-4.0234
-4.00859
-3.99228
-3.97443
-3.95502
-3.93403
-3.91146
-3.88736
-3.86183
-3.83497
-3.80691
-3.77786
-4.19658
-4.29693
-4.29584
-4.29361
-4.29022
-4.28571
-4.28007
-4.27331
-4.2654
-4.25633
-4.24609
-4.23463
-4.22192
-4.20796
-4.19271
-4.17616
-4.15834
-4.13928
-4.1191
-4.09798
-4.07617
-4.05408
-4.03234
-4.39719
-4.49844
-4.49772
-4.49602
-4.49331
-4.48963
-4.48501
-4.47943
-4.47288
-4.46537
-4.45689
-4.44741
-4.43693
-4.42544
-4.41294
-4.39945
-4.38503
-4.36977
-4.35387
-4.3376
-4.32141
-4.30601
-4.29266
-4.5992
-4.70109
-4.70067
-4.69946
-4.69742
-4.69459
-4.691
-4.68663
-4.68149
-4.6756
-4.66894
-4.66152
-4.65335
-4.64445
-4.63484
-4.62456
-4.61371
-4.60244
-4.59101
-4.57979
-4.56935
-4.56065
-4.55543
-4.80231
-4.90464
-4.90449
-4.90375
-4.90237
-4.90039
-4.89783
-4.8947
-4.891
-4.88676
-4.88199
-4.87669
-4.87091
-4.86468
-4.85805
-4.85109
-4.84393
-4.83676
-4.82987
-4.82368
-4.8188
-4.81624
-4.81774
-5.00618
-5.1088
-5.10893
-5.10866
-5.10793
-5.1068
-5.10529
-5.1034
-5.10117
-5.09861
-5.09575
-5.09263
-5.08929
-5.08579
-5.08221
-5.07864
-5.07524
-5.0722
-5.06982
-5.06852
-5.06883
-5.07162
-5.07831
-5.21057
-5.31349
-5.31395
-5.31415
-5.31408
-5.3138
-5.31333
-5.3127
-5.31193
-5.31108
-5.31017
-5.30925
-5.3084
-5.30768
-5.30719
-5.30706
-5.30745
-5.30856
-5.31066
-5.31409
-5.31925
-5.32675
-5.33752
-5.41505
-5.51792
-5.51876
-5.51941
-5.51999
-5.52054
-5.5211
-5.5217
-5.52239
-5.52322
-5.52423
-5.5255
-5.5271
-5.52913
-5.53171
-5.53497
-5.5391
-5.54428
-5.55073
-5.55869
-5.56837
-5.57993
-5.59357
-5.61882
-5.72345
-5.72466
-5.72577
-5.72699
-5.72838
-5.72998
-5.73184
-5.73401
-5.73655
-5.73953
-5.74303
-5.74716
-5.75202
-5.75777
-5.76455
-5.77256
-5.782
-5.79304
-5.80584
-5.82041
-5.83645
-5.85301
264.798
207.572
154.153
166.502
248.682
239.622
232.769
229.199
189.988
196.015
201.917
207.527
120.222
134.183
148.292
162.018
43.1938
60.4644
79.3217
101.848
1.32777
1.55456
12.5822
31.6521
0.831104
0.851461
0.835817
0.797525
0.595896
0.595172
0.578727
0.559339
0.334493
0.327689
0.357638
0.433132
0.140473
0.12586
0.17337
0.260944
0.16936
0.163078
0.191243
0.261691
0.21146
0.244728
0.309019
0.387573
0.166411
0.202701
0.247099
0.299769
0.0960955
0.134452
0.177082
0.223433
0.000890797
0.0398797
0.081205
0.124324
-0.109866
-0.0700261
-0.028665
0.0138437
-0.23114
-0.189634
-0.146852
-0.103106
-0.360978
-0.316956
-0.27156
-0.225088
-0.499251
-0.451886
-0.402715
-0.352038
-0.647365
-0.595934
-0.541827
-0.485283
-0.808416
-0.752642
-0.692702
-0.628549
-0.987554
-0.928457
-0.86301
-0.790389
-1.19162
-1.13319
-1.06623
-0.98823
-1.42619
-1.37742
-1.32127
-1.25307
-1.68779
-1.6615
-1.6349
-1.60896
-1.95877
-1.95667
-1.96872
-2.00481
-2.20543
-2.21377
-2.23719
-2.28314
-2.42393
-2.42811
-2.44112
-2.46509
-2.62792
-2.62451
-2.62613
-2.63469
-2.82999
-2.81892
-2.80987
-2.80377
-3.03948
-3.02276
-3.00592
-2.98914
-3.26244
-3.24364
-3.224
-3.20354
-3.50053
-3.48301
-3.46502
-3.44687
-3.75202
-3.73782
-3.72351
-3.70941
-4.01437
-4.00506
-3.99591
-3.98674
-4.28439
-4.28174
-4.28071
-4.28142
-4.55633
-4.56009
-4.56721
-4.57874
-4.82504
-4.83258
-4.84385
-4.86024
-5.08945
-5.09851
-5.11081
-5.12767
-5.3511
-5.36074
-5.37289
-5.38861
-5.60767
-5.61656
-5.62721
-5.64096
-5.86609
-5.87191
-5.87636
-5.87933
163.934
175.875
173.34
167.371
165.193
166.018
166.262
165.77
160.589
146.773
130.983
124.188
134.272
145.355
152.057
154.446
155.293
155.505
155.566
227.511
217.568
177.55
166.095
165.941
166.187
166.309
166.203
163.813
152.617
138.485
130.383
135.725
146.288
152.277
154.361
155.052
155.23
155.377
213.316
208.664
166.605
166.182
166.213
166.38
166.356
165.9
164.061
158.634
151.718
144.003
143.863
149.464
153.234
154.555
154.929
154.925
153.555
177.923
186.436
166.142
166.21
166.373
166.536
166.409
165.705
164.002
160.96
157.669
154.521
151.482
151.377
153.594
154.669
154.855
154.888
154.724
130.424
171.704
166.123
166.178
166.346
166.518
166.623
165.465
163.979
162.316
161.027
159.636
155.137
149.275
152.074
154.344
154.739
155.028
155.697
70.8711
137.359
166.241
166.067
166.087
165.039
165.842
164.811
163.689
162.653
162.665
162.818
163.719
149.76
151.337
153.873
154.455
154.694
154.173
7.1402
67.5901
147.189
161.807
128.517
81.264
81.3668
148.466
162.22
162.288
163.127
163.086
165.901
151.456
147.186
152.993
154.397
154.647
151.467
0.642861
5.59721
41.4616
88.1074
69.5029
49.5996
65.3908
107.571
150.959
162.349
162.308
160.571
158.227
118.275
24.5944
107.123
149.005
155.222
232.392
0.603946
0.906024
1.02225
4.35054
10.4816
13.13
20.4299
40.19
89.5736
144.841
161.569
160.277
158.871
15.6432
27.8265
83.527
151.791
212.779
382.406
0.447908
0.847433
0.941849
1.07797
1.22332
1.26621
1.3785
1.46751
12.1844
55.1691
123.489
141.288
118.669
39.6626
25.1048
36.8115
108.299
286.859
542.23
0.448004
0.825756
0.912146
0.946229
1.00089
1.12374
1.20062
1.2049
1.17475
1.3687
10.3641
24.8817
19.9896
4.36843
2.88863
3.03801
14.2849
196.381
468.525
0.48158
0.678312
0.784796
0.815496
0.862883
0.980037
1.06481
1.11067
1.15183
1.23091
1.27483
1.45414
1.85186
2.37157
2.57619
2.77028
2.99712
28.9125
270.892
0.379374
0.524753
0.630647
0.701584
0.772386
0.861207
0.941892
1.00716
1.06905
1.14575
1.25142
1.4255
1.73864
2.08635
2.32578
2.57193
2.84535
6.25519
128.639
0.288657
0.403008
0.501153
0.58361
0.665903
0.748421
0.828387
0.905052
0.984307
1.07509
1.18691
1.33649
1.56129
1.81354
1.99113
2.48872
3.01472
10.4447
70.2303
0.18343
0.286702
0.382924
0.470672
0.554995
0.637032
0.717587
0.798767
0.884625
0.98024
1.08961
1.21323
1.36548
1.51463
1.40626
1.41961
2.61883
8.40197
49.5356
0.0716391
0.172917
0.269518
0.35972
0.444555
0.525565
0.604921
0.685605
0.771
0.864282
0.966256
1.07025
1.17589
1.25238
1.23781
1.57636
-28.709
-4.03724
40.6216
-0.0437681
0.0602819
0.159684
0.251453
0.335295
0.413105
0.488098
0.563839
0.643712
0.730044
0.823176
0.916954
1.01078
1.08734
0.910014
0.570391
-27.0359
-17.6375
67.3921
-0.161947
-0.0511351
0.0535476
0.146865
0.227544
0.298575
0.36494
0.431314
0.501318
0.577219
0.660772
0.751625
0.861001
1.02478
1.11478
1.16224
-19.8569
3.84146
118.495
-0.282732
-0.160398
-0.0468598
0.0480607
0.121796
0.180337
0.232439
0.28454
0.340189
0.40134
0.470935
0.555745
0.680043
0.944227
1.01446
-25.8985
-32.2919
43.1638
146.481
-0.406823
-0.265655
-0.137098
-0.0408771
0.0182989
0.0548916
0.0854973
0.118261
0.154933
0.194893
0.23917
0.294962
0.379725
0.470903
1.41498
0.83118
13.4709
75.7721
105.358
-0.537133
-0.364965
-0.20866
-0.112835
-0.0853351
-0.0863797
-0.0848454
-0.0745495
-0.0600887
-0.0488475
-0.0479501
-0.0580934
-0.101778
-0.0783366
-7.35186
10.116
26.429
48.6212
68.5958
-0.682289
-0.458895
-0.247169
-0.158137
-0.203444
-0.264834
-0.293715
-0.301654
-0.307475
-0.329587
-0.390561
-0.520124
-0.910897
-0.873116
-2.34406
-2.53839
-0.987705
7.89141
41.2759
-0.864136
-0.563094
-0.232305
-0.173246
-0.397797
-0.529183
-0.562356
-0.567809
-0.58193
-0.632934
-0.759516
-1.05732
-1.919
-2.73499
-3.11107
-2.93769
-2.12065
-1.13009
16.5046
-1.13832
-0.77083
-0.336654
-0.481167
-0.91493
-0.971671
-0.906146
-0.865479
-0.865792
-0.928946
-1.09245
-1.45507
-2.33916
-3.59837
-3.50419
-3.14086
-2.54794
-2.33434
-4.02636
-1.56127
-1.32732
-1.53081
-2.37846
-2.181
-1.68529
-1.29126
-1.16056
-1.12928
-1.18407
-1.33715
-1.63385
-2.17897
-3.00355
-3.12137
-2.90253
-2.47308
-2.41305
1.3952
-2.10597
-2.64768
-2.3463
-3.4187
-3.3692
-2.18134
-1.56677
-1.38835
-1.34237
-1.38184
-1.49569
-1.68668
-1.94928
-2.25344
-2.36125
-2.22784
-2.12718
-2.41538
-15.0382
-2.39415
-2.84756
-2.17461
-2.86286
-2.5926
-1.82536
-1.55689
-1.50873
-1.49851
-1.5311
-1.60173
-1.70101
-1.80057
-1.86825
-1.88862
-1.85908
-1.96772
-1.8179
-1.08256
-2.51562
-2.67699
-2.7694
-3.00175
-2.01196
-1.41286
-1.46031
-1.59369
-1.63269
-1.65867
-1.68769
-1.71703
-1.73026
-1.71479
-1.67061
-1.62319
-1.62646
-1.74381
-1.78044
-2.65975
-2.79745
-3.12219
-2.96643
-1.33818
-1.3636
-1.63679
-1.78165
-1.80175
-1.79723
-1.78199
-1.7589
-1.73444
-1.69714
-1.55823
-1.38545
-0.964891
-1.33426
0.551578
-2.8006
-2.81548
-2.8454
-2.71786
-2.01842
-1.7766
-1.94511
-2.03727
-2.03221
-1.96777
-1.89832
-1.82173
-1.74748
-1.67697
-1.47045
-1.23342
-0.941102
-0.579558
-0.00893519
-2.96606
-2.91757
-2.83482
-2.69857
-2.5594
-2.42955
-2.53076
-2.31339
-2.28227
-2.17965
-2.0414
-1.8931
-1.73943
-1.58151
-1.40692
-1.20665
-0.888254
-0.400489
-0.22007
-3.17422
-3.10996
-2.99987
-2.96784
-3.4663
-3.42997
-3.13986
-2.9012
-2.57416
-2.4398
-2.23413
-1.97996
-1.74179
-1.50757
-1.34499
-1.2429
-1.3967
-4.01244
0.573048
-3.42272
-3.385
-3.34839
-3.7769
-4.6021
-4.58848
-4.01839
-3.55952
-3.23333
-2.78826
-2.52182
-2.1057
-1.77716
-1.47361
-1.30032
-1.24565
-1.3483
-1.48968
-1.47024
-3.69173
-3.67475
-3.7578
-4.246
-4.74725
-4.82414
-4.59264
-4.19167
-3.79413
-3.24296
-2.92421
-2.31092
-1.8856
-1.50881
-1.27165
-1.10948
-1.18782
-1.12483
-1.18082
-3.97407
-3.94686
-3.97507
-4.626
-5.07507
-4.88678
-4.82543
-4.66314
-4.31547
-3.76506
-3.37458
-2.64591
-2.13977
-1.70698
-1.35217
-1.09488
-1.00252
-0.996746
-0.899617
-4.28455
-4.28691
-4.31084
-4.6681
-5.43147
-4.96175
-5.25627
-5.19823
-4.89402
-4.2663
-3.80282
-3.15782
-2.65328
-2.19978
-1.78328
-1.42812
-1.99098
-0.112224
3.29105
-4.60251
-4.68825
-4.90047
-5.22856
-5.10794
-5.91464
-6.16015
-6.06921
-5.60737
-5.04204
-4.45026
-3.92582
-3.58157
-3.25201
-3.13185
-2.75429
-3.24021
-3.70663
-3.63568
-4.89217
-5.00386
-5.18278
-5.76088
-6.12066
-5.76494
-6.80986
-6.79412
-6.39776
-5.76618
-5.26583
-4.91809
-5.02706
-5.55881
-4.81106
-3.59051
-3.52903
-4.06668
-4.18519
-5.16086
-5.29961
-5.50156
-5.95395
-6.34079
-6.82435
-7.11904
-7.17017
-6.81879
-6.29718
-5.94884
-5.95022
-6.00161
-7.13393
-8.26104
-12.9918
-4.23449
-4.6701
-4.9102
-5.41711
-5.55938
-5.90153
-6.09785
-6.36689
-6.71169
-7.07646
-7.15173
-6.915
-6.56714
-6.37344
-6.67394
-7.19554
-7.45748
-7.92422
-8.17868
-5.49473
-5.52122
-5.59589
-5.66714
-5.78621
-6.1345
-6.17047
-6.27075
-6.4006
-6.64968
-6.74356
-6.88869
-6.56954
-6.438
-7.07016
-7.53542
-7.06279
-6.92371
-6.02099
-5.90465
-6.21797
-5.81907
-5.8817
-5.89532
-6.10062
-6.25781
-6.22812
-6.0618
-5.92219
-6.08744
-7.23293
-6.23722
-6.05199
-6.83685
-11.5861
-7.49878
-8.39664
-6.2239
-5.9541
-5.4926
-5.78545
596.363
601.134
609.113
611.945
611.815
613.508
618.418
626.127
636.195
648.546
663.295
680.559
700.337
722.548
747.075
773.679
800.686
820.154
825.149
833.376
823.479
800.14
867.283
534.965
539.626
547.539
550.817
551.274
553.488
558.738
566.602
576.696
589.012
603.724
620.979
640.779
662.958
687.161
712.603
737.289
757.395
766.714
778.038
775.972
698.737
785.126
471.816
476.102
484.004
488.331
489.781
492.781
498.517
506.581
516.684
528.926
543.571
560.821
580.666
602.856
626.883
651.766
675.581
695.208
708.45
723.867
722.261
638.392
714.674
407.184
410.653
418.864
425.196
427.839
431.646
437.857
446.088
456.149
468.263
482.81
500.065
520.012
542.307
566.319
590.967
614.48
634.517
649.615
662.313
659.232
615.22
678.087
341.544
342.962
352.006
362.117
365.807
370.212
376.781
385.105
395.057
406.98
421.392
438.674
458.801
481.326
505.523
530.27
553.922
574.59
591.015
603.242
605.118
596.072
656.95
275.975
272.471
282.743
299.274
303.707
308.397
315.224
323.582
333.358
345.022
359.26
376.599
397.008
419.913
444.513
469.679
493.836
515.352
533.045
546.337
553.755
564.399
620.539
213.224
200.948
211.995
236.479
241.243
245.994
253.079
261.467
271.011
282.323
296.319
313.753
334.594
358.05
383.284
409.185
434.168
456.757
475.796
490.543
500.819
514.816
555.528
159.578
135.353
145.963
172.946
177.7
182.939
190.374
198.777
207.993
218.823
232.478
250.062
271.491
295.638
321.781
348.783
374.889
398.777
419.305
435.559
446.937
455.355
452.39
170.749
170.82
171.049
170.817
170.416
170.236
170.515
171.593
171.141
166.897
152.225
150.83
151.125
154.479
157.099
159.408
164.694
406.879
623.533
170.671
170.69
171.035
170.771
170.271
169.993
170.142
171.381
167.357
155.742
151.312
149.716
151.006
154.291
156.604
157.401
157.072
185.905
546.401
170.581
170.416
170.978
170.72
170.033
169.583
169.434
170.008
159.944
154.858
150.918
149.409
151.169
154.112
156.273
157.096
156.951
161.212
431.344
170.493
169.746
170.113
170.685
169.64
169.032
168.511
167.571
161.208
155.392
150.03
148.228
150.736
153.813
155.897
156.823
156.94
157.231
237.571
170.462
170.23
152.53
170.155
168.92
168.376
167.601
165.74
160.491
154.825
147.56
145.169
149.388
153.303
155.5
156.499
156.83
157.328
171.412
170.535
169.949
135.282
170.856
167.117
167.659
166.865
164.68
159.547
151.951
142.961
140.478
147.459
152.476
155.061
156.137
156.572
156.708
169.975
170.615
163.313
139.284
165.652
164.847
166.962
166.363
164.308
157.869
147.356
135.921
134.79
145.425
151.465
154.608
155.779
156.25
156.433
163.344
169.469
148.581
148.412
164.581
165.575
166.51
166.106
164.061
156.059
142.566
129.124
130.111
143.277
150.438
154.132
155.445
155.945
156.006
162.422
88.8724
39.617
17.3477
50.601
55.6586
62.5252
72.331
81.3434
89.8145
99.4186
112.819
130.539
152.49
178.601
207.436
237.44
266.386
293.295
317.078
336.392
348.866
347.591
310.39
8.2259
1.34554
1.38908
1.36648
1.4308
1.52165
1.53801
1.75421
2.50706
3.42836
5.82113
11.1083
23.0542
41.964
74.0137
109.994
143.117
173.987
203.288
227.513
245.556
256.031
254.774
1.24464
1.25804
1.19923
1.226
1.244
1.25284
1.20114
1.08831
1.07696
1.15486
1.2206
1.29042
1.32293
1.32384
1.52985
6.27291
29.0377
56.7155
94.1893
123.965
149.184
169.517
185.076
1.10366
1.10109
1.08377
1.08487
1.08725
1.07948
1.0523
1.01331
0.998809
1.02564
1.08113
1.12294
1.14735
1.15978
1.16675
1.20712
1.30495
1.48406
8.40351
31.8051
56.295
82.0414
109.588
0.9501
0.945627
0.9385
0.936068
0.934346
0.929204
0.916834
0.902181
0.89957
0.915936
0.946261
0.975405
0.997833
1.01774
1.03358
1.05713
1.08852
0.980762
1.05039
1.19212
2.01062
11.2503
33.2287
0.793222
0.79017
0.786927
0.784971
0.783417
0.780687
0.776362
0.773292
0.77692
0.790665
0.811149
0.833324
0.854454
0.874969
0.894466
0.913616
0.931215
0.921052
0.931688
0.959202
0.897278
0.916941
0.962184
0.634326
0.63385
0.633176
0.632913
0.633022
0.633178
0.633755
0.636341
0.643237
0.655761
0.672657
0.69186
0.711718
0.731791
0.751651
0.770886
0.788193
0.799932
0.810777
0.824131
0.820795
0.810064
0.827396
0.472548
0.476421
0.478402
0.48004
0.482168
0.484843
0.48862
0.494435
0.503355
0.515906
0.531626
0.549569
0.568781
0.588696
0.608835
0.628686
0.647477
0.664149
0.678047
0.68396
0.658697
0.620032
0.59677
0.310351
0.319019
0.323193
0.326608
0.330437
0.335109
0.341116
0.349044
0.359443
0.372561
0.388203
0.405894
0.425068
0.445228
0.465903
0.486564
0.506495
0.524461
0.537329
0.532965
0.481161
0.426458
0.354052
0.154797
0.163424
0.168058
0.17252
0.177651
0.18384
0.191472
0.200942
0.212561
0.226468
0.242579
0.260629
0.280259
0.301075
0.322642
0.344419
0.365616
0.384745
0.398112
0.394286
0.352087
0.305533
0.182961
0.00454904
0.00853303
0.0126873
0.0176374
0.0236543
0.0309694
0.0398423
0.0505251
0.0632215
0.0780248
0.0948923
0.11368
0.13415
0.156001
0.178869
0.202256
0.225415
0.247032
0.264374
0.271768
0.258939
0.244547
0.188255
-0.149718
-0.147459
-0.143612
-0.138395
-0.131757
-0.123586
-0.113733
-0.102033
-0.0883433
-0.0726011
-0.054811
-0.0350435
-0.0134525
0.00975974
0.0343179
0.059842
0.0857715
0.111201
0.13458
0.1535
0.164063
0.174088
0.193577
-0.306645
-0.305087
-0.301357
-0.295915
-0.288793
-0.279946
-0.269282
-0.256692
-0.242082
-0.225384
-0.206577
-0.185686
-0.162777
-0.137967
-0.111414
-0.0833353
-0.0540464
-0.0239984
0.00617699
0.035826
0.0651203
0.0975251
0.14257
-0.466031
-0.464649
-0.460865
-0.455175
-0.447638
-0.43822
-0.426862
-0.413487
-0.398011
-0.38037
-0.360517
-0.338422
-0.314096
-0.287552
-0.258826
-0.227982
-0.195082
-0.160195
-0.123329
-0.0842144
-0.0416016
0.00747345
0.0687171
-0.627762
-0.626271
-0.622316
-0.616353
-0.60843
-0.598513
-0.586548
-0.572464
-0.556188
-0.537646
-0.516759
-0.493461
-0.467694
-0.43939
-0.408477
-0.374862
-0.338418
-0.298942
-0.256084
-0.20918
-0.157091
-0.0975664
-0.0279779
-0.791774
-0.790006
-0.785817
-0.779572
-0.771285
-0.760922
-0.748421
-0.733706
-0.716701
-0.697319
-0.67546
-0.651013
-0.623868
-0.593889
-0.5609
-0.524703
-0.48502
-0.44148
-0.393574
-0.340563
-0.281441
-0.214923
-0.139883
-0.958028
-0.955871
-0.951434
-0.944918
-0.936302
-0.925543
-0.912573
-0.897306
-0.879655
-0.85952
-0.836784
-0.8113
-0.782913
-0.751426
-0.716599
-0.678138
-0.635674
-0.588735
-0.536717
-0.478891
-0.414406
-0.342455
-0.262613
-1.12646
-1.12388
-1.11922
-1.11246
-1.10356
-1.09246
-1.07909
-1.06335
-1.04515
-1.02438
-1.0009
-0.974534
-0.9451
-0.912354
-0.876005
-0.835701
-0.791004
-0.741371
-0.68615
-0.624564
-0.555805
-0.479174
-0.394363
-1.29704
-1.29406
-1.28921
-1.28225
-1.27311
-1.26173
-1.24803
-1.23192
-1.21329
-1.19201
-1.16794
-1.1409
-1.11066
-1.07695
-1.03947
-0.997803
-0.951484
-0.899915
-0.842374
-0.778013
-0.705893
-0.625107
-0.535003
-1.46971
-1.46642
-1.46143
-1.45432
-1.44499
-1.4334
-1.41947
-1.40309
-1.38415
-1.36252
-1.33805
-1.31054
-1.27976
-1.24543
-1.20723
-1.16474
-1.11745
-1.06475
-1.00585
-0.939777
-0.86535
-0.781179
-0.685822
-1.64439
-1.64097
-1.6359
-1.62867
-1.61923
-1.6075
-1.59343
-1.5769
-1.55779
-1.53597
-1.51129
-1.48354
-1.45251
-1.41792
-1.37943
-1.33666
-1.2891
-1.23612
-1.17693
-1.11043
-1.03516
-0.949082
-0.849522
-1.82106
-1.81774
-1.81262
-1.80533
-1.79584
-1.78407
-1.76995
-1.75338
-1.73424
-1.7124
-1.68771
-1.65997
-1.62897
-1.59446
-1.55613
-1.51362
-1.46648
-1.41412
-1.3558
-1.29042
-1.21634
-1.131
-1.03028
-1.99988
-1.99674
-1.99159
-1.9843
-1.97482
-1.96309
-1.94903
-1.93255
-1.91353
-1.89183
-1.86732
-1.83982
-1.80914
-1.77504
-1.73727
-1.69553
-1.64945
-1.59858
-1.54231
-1.47975
-1.40945
-1.32883
-1.23307
-2.18095
-2.17794
-2.17281
-2.16557
-2.15618
-2.14457
-2.13067
-2.11439
-2.09562
-2.07423
-2.05009
-2.02305
-1.99294
-1.95955
-1.92269
-1.88215
-1.83768
-1.78901
-1.73582
-1.67766
-1.61377
-1.54265
-1.46093
-2.36431
-2.36134
-2.35625
-2.34911
-2.33987
-2.32847
-2.31484
-2.29888
-2.28049
-2.25956
-2.23597
-2.20958
-2.18025
-2.14783
-2.11217
-2.07315
-2.03067
-1.98466
-1.93518
-1.88241
-1.82674
-1.7689
-1.70994
-2.54989
-2.54689
-2.54187
-2.53488
-2.52586
-2.51475
-2.50147
-2.48594
-2.46807
-2.44774
-2.42486
-2.39931
-2.37095
-2.33968
-2.30542
-2.26813
-2.22782
-2.18464
-2.13897
-2.0916
-2.0441
-1.99969
-1.96544
-2.73762
-2.73453
-2.72961
-2.72282
-2.71409
-2.70334
-2.69052
-2.67552
-2.65828
-2.63869
-2.61667
-2.59209
-2.56487
-2.53492
-2.5022
-2.46673
-2.4286
-2.3881
-2.34582
-2.30291
-2.26155
-2.22607
-2.20525
-2.92738
-2.92415
-2.91937
-2.91284
-2.90446
-2.89417
-2.88188
-2.86753
-2.85104
-2.83231
-2.81127
-2.78781
-2.76186
-2.73336
-2.70227
-2.66864
-2.63262
-2.59451
-2.55495
-2.51509
-2.47707
-2.44473
-2.42503
-3.1189
-3.1156
-3.11104
-3.10484
-3.09689
-3.08712
-3.07547
-3.06187
-3.04623
-3.02848
-3.00854
-2.98634
-2.96178
-2.93483
-2.90545
-2.8737
-2.83969
-2.80371
-2.76626
-2.72829
-2.69138
-2.65824
-2.63324
-3.31187
-3.30873
-3.30449
-3.29869
-3.29125
-3.2821
-3.27117
-3.25841
-3.24373
-3.22707
-3.20837
-3.18753
-3.1645
-3.13922
-3.11166
-3.08184
-3.04985
-3.01587
-2.98026
-2.9436
-2.90686
-2.87153
-2.83982
-3.50608
-3.5034
-3.49959
-3.49429
-3.48744
-3.47898
-3.46887
-3.45703
-3.44342
-3.42796
-3.4106
-3.39127
-3.36989
-3.34642
-3.32081
-3.29306
-3.26321
-3.23134
-3.19765
-3.16243
-3.12611
-3.08928
-3.05263
-3.70154
-3.69954
-3.69625
-3.69152
-3.68534
-3.67765
-3.66843
-3.65761
-3.64515
-3.631
-3.61511
-3.5974
-3.57782
-3.55631
-3.53283
-3.50735
-3.47986
-3.4504
-3.41904
-3.38591
-3.3511
-3.31473
-3.27678
-3.89838
-3.89713
-3.89441
-3.8903
-3.88483
-3.87798
-3.86971
-3.85999
-3.84877
-3.83603
-3.82172
-3.80576
-3.78813
-3.76875
-3.74759
-3.72462
-3.69982
-3.67318
-3.64477
-3.61462
-3.58278
-3.54924
-3.51394
-4.09674
-4.09616
-4.09399
-4.09052
-4.0858
-4.07982
-4.07257
-4.06401
-4.05412
-4.04289
-4.03025
-4.01618
-4.00063
-3.98355
-3.96493
-3.94472
-3.92294
-3.8996
-3.87477
-3.84856
-3.82108
-3.7925
-3.76301
-4.29672
-4.29657
-4.2949
-4.29206
-4.2881
-4.28303
-4.27683
-4.2695
-4.26101
-4.25136
-4.24051
-4.22843
-4.2151
-4.20049
-4.1846
-4.16741
-4.14896
-4.12932
-4.10865
-4.08714
-4.06513
-4.04312
-4.02182
-4.49818
-4.49826
-4.49702
-4.49478
-4.49159
-4.48744
-4.48234
-4.47627
-4.46925
-4.46126
-4.45228
-4.44229
-4.43131
-4.41931
-4.40632
-4.39235
-4.37749
-4.36189
-4.34576
-4.32946
-4.31355
-4.29897
-4.28733
-4.70087
-4.70106
-4.7002
-4.69854
-4.6961
-4.69289
-4.68891
-4.68416
-4.67864
-4.67237
-4.66533
-4.65753
-4.64899
-4.63973
-4.62977
-4.6192
-4.60811
-4.59672
-4.58534
-4.57442
-4.5647
-4.55746
-4.555
-4.9045
-4.90475
-4.90423
-4.90314
-4.90145
-4.89918
-4.89634
-4.89292
-4.88895
-4.88444
-4.8794
-4.87386
-4.86785
-4.86141
-4.8546
-4.84753
-4.84033
-4.83326
-4.82665
-4.82103
-4.81715
-4.81633
-4.82093
-5.10877
-5.10907
-5.10889
-5.10835
-5.10742
-5.10609
-5.10439
-5.10233
-5.09993
-5.09721
-5.09422
-5.09098
-5.08756
-5.08401
-5.08042
-5.07691
-5.07366
-5.07091
-5.06901
-5.06843
-5.06985
-5.07436
-5.08387
-5.31358
-5.31395
-5.31411
-5.31414
-5.31396
-5.31359
-5.31303
-5.31233
-5.31151
-5.31063
-5.30971
-5.30881
-5.30802
-5.3074
-5.30707
-5.30718
-5.3079
-5.30947
-5.31218
-5.31642
-5.32266
-5.33165
-5.34469
-5.51811
-5.51856
-5.51911
-5.5197
-5.52026
-5.52082
-5.52139
-5.52203
-5.52278
-5.5237
-5.52483
-5.52625
-5.52806
-5.53035
-5.53325
-5.53692
-5.54154
-5.54733
-5.55451
-5.5633
-5.5739
-5.58647
-5.60136
-5.72342
-5.72419
-5.72521
-5.72636
-5.72766
-5.72915
-5.73088
-5.73288
-5.73523
-5.73798
-5.74121
-5.74501
-5.74949
-5.75477
-5.76102
-5.76839
-5.77709
-5.78731
-5.79922
-5.81291
-5.82828
-5.84476
-5.86089
238.918
171.723
158.866
167.234
244.017
235.295
230.591
228.559
193.024
198.983
204.795
210.124
127.125
141.262
155.268
168.591
51.8008
68.9827
90.6299
112.729
1.37802
3.57945
23.2158
46.0119
0.846362
0.84888
0.830908
0.78418
0.596063
0.590314
0.566014
0.55131
0.327183
0.337428
0.390049
0.495152
0.124477
0.142347
0.214675
0.31646
0.162319
0.172563
0.219174
0.318634
0.225805
0.275302
0.34655
0.421912
0.183626
0.223857
0.27233
0.328572
0.114734
0.155245
0.199872
0.247524
0.0200709
0.0602769
0.102588
0.14628
-0.0901554
-0.0495153
-0.00752503
0.0353745
-0.210564
-0.168385
-0.125075
-0.0809927
-0.339154
-0.294412
-0.248436
-0.201568
-0.475807
-0.427511
-0.37754
-0.326269
-0.621991
-0.569205
-0.513837
-0.456234
-0.781038
-0.723201
-0.661145
-0.594971
-0.958744
-0.896582
-0.827639
-0.751218
-1.16333
-1.10092
-1.02879
-0.944216
-1.40255
-1.35045
-1.28886
-1.21356
-1.67499
-1.64813
-1.62188
-1.59831
-1.95638
-1.96045
-1.98306
-2.04033
-2.20807
-2.22318
-2.25665
-2.31743
-2.42505
-2.43334
-2.45159
-2.48159
-2.62567
-2.62457
-2.62943
-2.64233
-2.82425
-2.81407
-2.80642
-2.80204
-3.03115
-3.01432
-2.99755
-2.98066
-3.25315
-3.2339
-3.2139
-3.19285
-3.49185
-3.47405
-3.45596
-3.43783
-3.74495
-3.73066
-3.71641
-3.70258
-4.00968
-4.00047
-3.99134
-3.98188
-4.28287
-4.28101
-4.28084
-4.28228
-4.55785
-4.56318
-4.57236
-4.58671
-4.8284
-4.83769
-4.85133
-4.87111
-5.09362
-5.10419
-5.11856
-5.13857
-5.35564
-5.36646
-5.38017
-5.39822
-5.61194
-5.6216
-5.63357
-5.64974
-5.86915
-5.87433
-5.87802
-5.88041
168.535
176.244
169.486
165.539
165.801
166.213
166.198
164.211
154.618
139.289
125.043
126.259
141.013
149.415
153.57
155.003
155.512
155.536
159.422
223.813
202.098
166.742
165.884
166.073
166.271
166.296
165.573
159.566
145.409
133.31
130.824
141.456
149.937
153.618
154.803
155.201
155.197
156.339
213.714
179.045
166.244
166.144
166.325
166.389
166.222
165.274
161.908
154.975
147.784
142.535
146.482
151.752
154.098
154.801
154.997
154.818
161.648
188.29
166.177
166.192
166.26
166.493
166.498
166.171
165.001
162.633
159.231
156.226
152.761
150.959
152.476
154.334
154.795
154.933
155.107
161.553
151.753
166.16
166.149
166.228
166.502
166.468
166.194
164.748
163.136
161.612
160.475
158.437
150.978
150.183
153.599
154.621
154.856
155.119
158.414
103.226
161.679
166.209
165.989
165.115
166.345
165.037
164.351
162.99
162.606
162.76
163.09
150.685
149.877
152.818
154.392
154.558
154.585
180.209
28.1439
108.371
152.766
160.555
76.9612
81.6868
116.136
156.671
162.039
162.726
163.481
163.348
152.645
149.023
150.796
154.414
154.386
154.799
225.969
0.724888
17.2957
69.6411
85.9778
53.0637
55.4131
83.5282
134.425
159.777
162.358
161.758
160.644
125.046
36.8617
65.0346
136.009
154.21
156.974
317.185
0.770891
1.048
1.33377
7.92858
12.099
15.0949
28.7018
60.6189
121.212
159.365
160.854
160.01
84.0295
9.59415
53.1844
116.666
196.383
269.575
486.635
0.684585
0.911352
0.968315
1.17135
1.24559
1.30702
1.50997
2.77969
28.0977
89.669
147.901
143.328
69.5563
27.5143
27.4413
60.588
184.532
411.807
626.701
0.677319
0.887977
0.928028
0.959601
1.06166
1.17008
1.21522
1.09226
1.17004
3.08503
19.0874
25.0982
12.2553
2.82671
2.92248
3.71034
67.9166
346.978
530.533
0.587385
0.744628
0.806159
0.829676
0.919985
1.02928
1.09056
1.10566
1.16859
1.21323
1.32535
1.60082
2.22915
2.47702
2.66347
2.84125
3.04447
176.102
319.895
0.455019
0.583501
0.668988
0.734602
0.816068
0.903681
0.976042
1.03583
1.10101
1.19197
1.32408
1.55875
1.92822
2.21451
2.44735
2.69916
2.50434
79.8655
165.77
0.347166
0.454996
0.545521
0.624974
0.70719
0.788927
0.866932
0.943671
1.0275
1.12751
1.25482
1.43889
1.69072
1.91378
2.14627
2.82894
3.516
33.2209
88.6598
0.235659
0.335909
0.427475
0.51316
0.59626
0.677407
0.757896
0.840782
0.930898
1.03319
1.14876
1.28668
1.44294
1.54427
1.09646
1.95543
5.33595
33.5115
62.2401
0.122616
0.221991
0.315387
0.402719
0.485423
0.565277
0.644896
0.727493
0.816498
0.914451
1.01809
1.12377
1.22245
1.24081
1.29407
-11.2747
-25.7422
7.77256
69.1511
0.00856352
0.110808
0.206603
0.294291
0.374771
0.450727
0.525657
0.603088
0.685971
0.775963
0.870301
0.964043
1.05528
1.05801
0.772827
-1.04954
-34.3109
14.0718
99.5989
-0.106192
0.00236527
0.101818
0.188678
0.263968
0.332026
0.397882
0.465698
0.538421
0.617963
0.705275
0.802263
0.934545
1.09635
1.05142
-2.03932
-21.863
57.5961
133.94
-0.221163
-0.101811
0.0033138
0.0873617
0.152394
0.206716
0.258211
0.311788
0.369952
0.434754
0.510815
0.609689
0.781021
1.14687
-0.699273
-41.8189
-4.29877
104.368
147.3
-0.335986
-0.19842
-0.0841121
-0.00726424
0.0382156
0.0702315
0.101404
0.136135
0.174524
0.216238
0.265088
0.331855
0.41252
0.926967
3.29313
-2.34278
42.3527
98.4573
122.002
-0.451709
-0.281864
-0.151221
-0.0925772
-0.0849285
-0.0867424
-0.0806214
-0.0673955
-0.0535912
-0.0466744
-0.0519147
-0.0810451
-0.0410248
-0.160887
-1.25631
20.816
34.3902
71.2582
84.1794
-0.574903
-0.344651
-0.181487
-0.171845
-0.237518
-0.283096
-0.2991
-0.303699
-0.315268
-0.353383
-0.445974
-0.667828
-0.905415
-1.83086
-2.61505
-2.16949
0.157231
28.7651
56.5849
-0.730716
-0.384663
-0.144006
-0.284148
-0.480599
-0.552558
-0.565893
-0.571997
-0.600961
-0.683187
-0.877637
-1.35508
-2.63331
-2.87916
-3.15026
-2.58334
-1.62865
14.4773
33.2021
-1.00118
-0.510383
-0.279033
-0.738248
-0.984599
-0.936641
-0.882137
-0.859139
-0.887907
-0.994187
-1.23584
-1.79242
-3.21835
-3.51476
-3.39702
-2.87297
-2.23095
-2.35458
9.71951
-1.64224
-1.33538
-1.74179
-2.66356
-1.97755
-1.43007
-1.212
-1.13361
-1.14589
-1.24634
-1.46376
-1.87174
-2.64873
-3.11886
-3.09373
-2.69826
-2.45731
-2.76293
-4.78852
-2.38666
-2.29373
-2.52307
-3.82548
-2.74385
-1.77997
-1.45551
-1.35253
-1.3528
-1.42935
-1.58179
-1.8132
-2.10813
-2.34075
-2.32099
-2.14098
-2.21782
-2.70289
-6.50241
-2.57315
-2.49826
-2.32745
-2.8719
-2.19119
-1.62896
-1.52907
-1.49758
-1.50993
-1.5619
-1.64905
-1.75362
-1.83877
-1.88593
-1.8791
-1.85432
-2.10837
-1.75846
3.71694
-2.58453
-2.69723
-2.83196
-2.56346
-1.61823
-1.37699
-1.54622
-1.61716
-1.64581
-1.67254
-1.70326
-1.7267
-1.72608
-1.6947
-1.6467
-1.61103
-1.63906
-2.00124
-0.165542
-2.70462
-2.9523
-3.08937
-2.86896
-1.06579
-1.57224
-1.73111
-1.79787
-1.80118
-1.79065
-1.77149
-1.74537
-1.72256
-1.63874
-1.47116
-1.23916
-0.705789
-1.52978
2.56784
-2.80432
-2.82649
-2.83286
-2.46162
-1.75033
-1.91054
-2.02587
-2.05155
-2.00079
-1.93397
-1.86059
-1.78305
-1.71942
-1.59235
-1.34679
-1.0988
-0.702881
-0.406502
0.447236
-2.94361
-2.88307
-2.76907
-2.64042
-2.47029
-2.47341
-2.41083
-2.30031
-2.23774
-2.11317
-1.96758
-1.81723
-1.66107
-1.49768
-1.31673
-1.09722
-0.611609
-1.11281
3.86088
-3.14481
-3.06722
-2.91244
-3.23696
-3.46858
-3.28613
-2.99172
-2.72248
-2.48856
-2.35973
-2.10269
-1.86144
-1.62101
-1.41254
-1.29412
-1.24255
-1.11613
-1.42796
4.08286
-3.40106
-3.3738
-3.35976
-4.30447
-4.7158
-4.31661
-3.76216
-3.43292
-2.93878
-2.67646
-2.30462
-1.93753
-1.61879
-1.36099
-1.27346
-1.21985
-1.38763
-1.50337
1.94435
-3.67794
-3.69198
-3.9308
-4.57552
-4.83655
-4.76058
-4.39489
-3.97763
-3.51471
-3.09504
-2.60931
-2.08821
-1.68827
-1.36994
-1.17014
-1.11704
-1.1756
-1.09601
-0.404631
-3.95915
-3.93111
-4.15684
-5.07131
-4.94182
-4.85759
-4.7646
-4.50544
-4.0866
-3.57958
-3.00094
-2.38405
-1.90879
-1.52616
-1.19587
-1.04538
-0.969628
-1.06569
0.990722
-4.28936
-4.25835
-4.56068
-5.07032
-5.02935
-5.08218
-5.28809
-5.05962
-4.72863
-3.96951
-3.47283
-2.90274
-2.42698
-1.97165
-1.61085
-1.37974
-1.49429
-0.0471527
17.5453
-4.63741
-4.78244
-5.16379
-5.26567
-5.74359
-6.24199
-6.18543
-5.86231
-5.3575
-4.67526
-4.15363
-3.74407
-3.4184
-3.3511
-2.58328
-2.83998
-3.52641
-3.61602
-1.65414
-4.93574
-5.117
-5.24017
-5.84843
-6.04175
-6.59848
-6.81967
-6.6536
-6.05144
-5.56045
-5.03972
-4.92918
-4.72648
-4.07089
-4.0675
-3.30567
-3.80214
-4.12003
-2.82932
-5.20915
-5.47778
-5.61294
-6.14052
-6.61197
-7.00312
-7.17843
-7.04712
-6.50328
-6.17279
-5.88994
-5.98996
-7.22735
-8.09754
-10.7056
-5.26601
-4.50764
-4.74887
-3.0331
-5.45762
-5.74918
-5.99663
-6.21061
-6.54265
-6.89468
-7.15821
-7.06442
-6.70943
-6.4519
-6.42533
-7.1257
-6.63623
-7.86214
-7.96691
-5.11396
-5.24888
-5.43081
-5.22408
-5.70244
-5.97796
-6.16302
-6.21861
-6.33352
-6.52469
-6.71001
-6.85073
-6.77625
-6.45674
-6.63985
-7.27311
-6.47623
-6.54052
-6.13002
-5.94813
-5.74191
-6.1826
-3.90992
-5.88642
-5.96247
-6.21656
-6.25822
-6.16913
-5.97394
-5.95886
-6.86839
-7.00854
-6.0937
-6.14525
-7.29628
-6.22823
-6.26838
-6.33532
-6.02919
-5.9073
-6.17158
-19.1276
)
;

boundaryField
{
    leftWall
    {
        type            calculated;
        value           nonuniform List<scalar> 
100
(
627.228
567.184
505.084
441.592
377.374
313.729
253.133
198.727
139.566
52.0281
1.32759
1.18991
1.0314
0.874518
0.716361
0.55523
0.391851
0.232303
0.0802786
-0.072983
-0.228748
-0.3869
-0.547415
-0.71023
-0.875289
-1.04256
-1.21199
-1.38355
-1.55723
-1.73298
-1.91081
-2.09079
-2.27299
-2.45743
-2.64406
-2.83277
-3.02337
-3.21559
-3.40918
-3.60398
-3.80004
-3.99753
-4.19658
-4.39719
-4.5992
-4.80231
-5.00618
-5.21057
-5.41505
-5.61882
597.553
536.333
473.481
409.513
345.36
282.836
224.954
174.657
97.2219
17.9671
1.26804
1.10927
0.953031
0.795737
0.636216
0.473598
0.310979
0.156056
0.00397922
-0.150569
-0.307524
-0.466867
-0.628539
-0.792483
-0.95865
-1.127
-1.29751
-1.47013
-1.64485
-1.82163
-2.00052
-2.18161
-2.36494
-2.55048
-2.73816
-2.92785
-3.1193
-3.31223
-3.50643
-3.70185
-3.8986
-4.09686
-4.2967
-4.49804
-4.70064
-4.90417
-5.10832
-5.31287
-5.51697
-5.72134
)
;
    }
    rightWall
    {
        type            calculated;
        value           nonuniform List<scalar> 
100
(
623.533
546.401
431.344
237.571
171.412
169.975
163.344
162.422
159.422
156.339
161.648
161.553
158.414
180.209
225.969
317.185
486.635
626.701
530.533
319.895
165.77
88.6598
62.2401
69.1511
99.5989
133.94
147.3
122.002
84.1794
56.5849
33.2021
9.71951
-4.78852
-6.50241
3.71694
-0.165542
2.56784
0.447236
3.86088
4.08286
1.94435
-0.404631
0.990722
17.5453
-1.65414
-2.82932
-3.0331
-5.22408
-3.90992
-19.1276
643.423
590.662
494.29
346.357
178.275
169.947
165.674
161.567
162.078
157.207
160.14
161.932
160.181
157.309
205.291
261.211
392.146
579.884
606.379
426.301
231.207
119.134
70.2325
62.6012
81.7472
119.133
145.681
139.317
102.042
71.8767
42.6755
24.5705
-1.18317
-4.85371
-5.04397
1.73148
-0.250702
2.9643
0.250407
5.81002
3.30996
0.603764
-0.664909
8.8954
5.99401
-2.70996
-2.93086
-5.14539
-6.55444
-10.8546
)
;
    }
    lowerWall
    {
        type            calculated;
        value           nonuniform List<scalar> 
124
(
641.07
645.812
653.802
656.556
656.308
657.895
662.733
670.405
680.464
692.822
707.58
724.856
744.702
767.034
791.775
818.669
845.444
863.772
864.884
880.631
868.651
858.866
916.346
867.283
785.126
714.674
678.087
656.95
620.539
555.528
452.39
228.239
219.115
189.079
184.518
170.79
170.727
170.658
170.59
170.544
170.553
170.582
170.608
170.797
170.875
171.084
170.859
170.475
170.307
170.601
171.601
171.19
179.525
170.997
157.771
158.666
163.29
167.767
168.719
187.882
487.691
647.94
641.942
642.454
650.264
655.908
656.434
656.71
659.92
666.251
675.149
686.351
699.892
715.898
734.459
755.562
779.108
805.002
832.426
856.202
867.67
866.777
874.212
865.275
893.557
209.615
237.597
194.774
188.538
170.804
170.81
171.001
171.025
170.658
170.348
170.379
171.016
171.711
172.712
177.488
160.874
157.344
160.56
164.938
168.093
179.639
246.394
736.747
901.641
827.493
745.873
692.416
667.741
641.887
591.869
509.422
170.759
170.693
170.623
170.561
170.542
170.568
170.58
170.007
)
;
    }
    atmosphere
    {
        type            calculated;
        value           nonuniform List<scalar> 
92
(
-5.77652
-5.77712
-5.77824
-5.77955
-5.78106
-5.78282
-5.78488
-5.78729
-5.7901
-5.79338
-5.79723
-5.80172
-5.80699
-5.81317
-5.82042
-5.82892
-5.83888
-5.85049
-5.86393
-5.87927
-5.89635
-5.91444
-5.93159
-5.93951
-5.94341
-5.94416
-5.94075
-5.9208
-5.93012
-6.2919
-6.29182
-6.15993
-5.83773
-5.72954
-7.12782
-7.48837
-5.72944
-5.72984
-6.86571
-5.76396
-6.26657
-6.3863
-5.99268
-5.95447
-5.87635
-277.437
-5.77311
-5.77637
-5.77764
-5.77887
-5.78027
-5.78191
-5.78381
-5.78604
-5.78864
-5.79168
-5.79523
-5.79939
-5.80425
-5.80996
-5.81665
-5.8245
-5.83371
-5.84447
-5.85697
-5.87136
-5.88762
-5.90535
-5.92332
-5.9367
-5.94179
-5.94425
-5.94301
-5.93476
-5.88852
-6.13301
-6.31341
-6.23562
-6.01967
-5.79704
-5.78821
-7.95714
-5.72944
-5.72944
-5.73016
-47.4974
-6.14081
-10.5295
-6.12206
-6.0022
-5.80681
-5.92812
)
;
    }
    defaultFaces
    {
        type            empty;
    }
}


// ************************************************************************* //
