/*--------------------------------*- C++ -*----------------------------------*\
| =========                 |                                                 |
| \\      /  F ield         | OpenFOAM: The Open Source CFD Toolbox           |
|  \\    /   O peration     | Version:  v1912                                 |
|   \\  /    A nd           | Website:  www.openfoam.com                      |
|    \\/     M anipulation  |                                                 |
\*---------------------------------------------------------------------------*/
FoamFile
{
    version     2.0;
    format      ascii;
    class       volScalarField;
    location    "0.5";
    object      p_rgh;
}
// * * * * * * * * * * * * * * * * * * * * * * * * * * * * * * * * * * * * * //

dimensions      [1 -1 -2 0 0 0 0];


internalField   nonuniform List<scalar> 
9072
(
641.697
642.454
650.264
655.908
656.434
656.71
659.92
666.251
675.149
686.351
699.892
715.898
734.459
755.562
779.108
805.002
832.426
856.202
867.67
866.777
874.212
865.275
893.557
639.335
640.81
648.611
654.36
655.211
655.836
659.319
665.807
674.763
685.961
699.477
715.463
733.999
755.021
778.348
803.582
829.699
853.717
869.465
865.741
882.044
834.619
848.822
635.343
637.289
644.796
650.937
652.597
653.984
658.032
664.822
673.871
685.044
698.499
714.453
733.002
754.035
777.246
802.018
827.006
849.417
865.562
873.129
899.285
799.036
799.065
630.233
631.977
638.95
646.167
649.155
651.519
656.234
663.361
672.485
683.586
696.939
712.848
731.437
752.548
775.754
800.286
824.742
846.798
863.844
876.255
891.462
812.74
831.746
624.939
625.111
631.143
640.786
645.514
648.763
654.055
661.453
670.591
681.56
694.76
710.613
729.287
750.563
773.905
798.446
822.79
844.973
863.066
876.719
886.269
862.426
876.04
621.273
616.536
620.467
635.17
642.065
645.802
651.488
659.069
668.151
678.919
691.911
707.698
726.515
748.073
771.717
796.534
821.144
843.812
862.956
877.854
887.597
885.593
915.306
622.251
606.956
606.386
627.776
638.811
642.466
648.404
656.139
665.114
675.608
688.32
704.032
723.08
745.066
769.191
794.557
819.774
843.231
863.525
879.77
891.27
899.149
930.637
630.813
600.226
593.854
621.103
634.903
638.407
644.629
652.586
661.43
671.581
683.916
699.523
718.893
741.499
766.302
792.509
818.652
843.182
864.786
882.506
895.623
905.485
925.296
170.803
170.81
171.001
171.025
170.658
170.348
170.379
171.016
171.711
172.712
177.488
160.874
157.344
160.56
164.938
168.093
179.639
246.394
736.747
170.796
170.781
170.989
171.053
170.638
170.275
170.254
170.872
172.006
161.154
153.733
150.836
150.325
152.819
155.912
157.121
157.61
165.344
538.561
170.785
170.699
170.942
171.108
170.589
170.074
169.894
170.278
170.41
159.015
152.532
150.215
150.134
152.813
155.728
157.075
157.385
157.851
229.728
170.782
170.548
170.663
171.136
170.48
169.73
169.334
169.053
166.91
158.302
152.77
149.434
149.904
152.729
155.398
156.843
157.223
157.056
168.866
170.821
170.504
319.041
185.017
170.259
169.201
168.669
167.743
164.66
158.28
152.467
147.371
148.489
152.262
155.079
156.553
157.071
157.444
160.928
170.907
170.616
436.951
463.439
170.218
168.411
168.008
166.723
163.331
157.247
150.147
143.258
145.614
151.217
154.668
156.228
156.83
157.371
160.426
170.978
170.785
485.195
526.377
174.103
167.509
167.439
166.095
163.295
154.884
145.431
137.762
142.563
149.889
154.147
155.888
156.563
156.89
161.579
183.685
218.694
560.967
584.816
168.856
166.913
167.043
165.785
163.333
152.061
139.561
131.075
139.352
148.466
153.554
155.558
156.303
156.514
169.819
661.988
607.774
586.161
612.601
626.955
631.999
639.216
647.702
656.156
665.547
677.079
692.399
712.469
736.433
762.031
789.68
817.48
843.816
867.348
887.133
901.904
909.859
897.418
361.089
451.418
8.25694
104.28
199.689
242.857
310.537
383.843
446.592
500.97
557.589
630.785
693.749
724.589
753.662
784.79
816.09
846.714
874.202
898.439
916.902
927.317
925.161
2.08319
2.02942
2.05381
2.02547
2.05535
2.08688
2.10328
2.00166
1.88919
1.94309
2.02622
2.09699
2.22385
51.7488
239.357
703.993
816.653
852.981
883.79
914.71
939.344
957.81
969.402
2.04962
2.06398
2.05527
2.03579
2.03911
2.04943
2.04061
1.98395
1.92279
2.0953
2.16402
2.10965
2.15792
2.13501
2.16112
2.16779
17.3214
161.508
695.414
936.143
966.56
992.513
1016.08
2.01858
2.0298
2.02319
2.01511
2.01377
2.01189
2.00139
1.97648
1.9577
1.96237
1.99511
2.03448
2.06172
2.08069
2.1046
2.16326
2.14411
2.13176
2.20983
38.7274
345.123
1005.88
1056.36
1.98648
1.99839
1.9941
1.98999
1.98794
1.98525
1.97926
1.97049
1.96602
1.97416
1.99488
2.02025
2.04675
2.06727
2.08508
2.10526
2.12054
2.14456
2.13447
2.07585
2.13443
2.17383
64.0695
1.95215
1.96674
1.96465
1.96292
1.962
1.96102
1.95947
1.95838
1.96077
1.97
1.98594
2.00572
2.0262
2.04658
2.06668
2.08631
2.10423
2.11918
2.12644
2.13054
2.1414
2.13168
2.10854
1.91472
1.93358
1.93428
1.93475
1.93563
1.93689
1.93869
1.94187
1.94789
1.95811
1.97255
1.99001
2.00903
2.02879
2.04883
2.06866
2.08758
2.10433
2.1181
2.13051
2.13426
2.14784
2.10148
1.8773
1.89921
1.90323
1.90585
1.90857
1.9119
1.91618
1.92205
1.93031
1.94155
1.95582
1.97256
1.99107
2.01068
2.03092
2.05129
2.07121
2.08982
2.10579
2.11522
2.09605
2.07902
2.02104
1.84757
1.86662
1.87255
1.87651
1.88074
1.8857
1.89182
1.89958
1.90943
1.92169
1.93638
1.95326
1.97189
1.99184
2.01266
2.03385
2.05481
2.07452
2.09085
2.09748
2.06666
2.01693
1.93443
1.82069
1.83726
1.84237
1.84685
1.85199
1.85816
1.86566
1.87482
1.88594
1.89919
1.91461
1.93207
1.9513
1.972
1.99378
2.0162
2.03862
2.06
2.07826
2.08824
2.07174
2.066
2.06803
1.79133
1.808
1.81188
1.8164
1.8221
1.82914
1.8377
1.84797
1.86016
1.87439
1.89069
1.90899
1.92915
1.95093
1.97406
1.99816
2.02269
2.04679
2.06895
2.08623
2.09154
2.09174
2.90961
1.75958
1.77701
1.78014
1.78469
1.7908
1.79849
1.80788
1.81908
1.83223
1.84741
1.86467
1.88398
1.90527
1.9284
1.95319
1.97938
2.0066
2.03432
2.06169
2.08745
2.10991
2.13009
2.15437
1.72543
1.74387
1.74671
1.75138
1.75783
1.76606
1.77613
1.78813
1.80214
1.81825
1.83649
1.8569
1.87946
1.90411
1.93077
1.95933
1.98962
2.02143
2.05449
2.08856
2.12387
2.16236
2.20912
1.68895
1.70852
1.71136
1.71623
1.723
1.7317
1.74237
1.75506
1.76986
1.78685
1.80608
1.82761
1.85148
1.87772
1.90634
1.93737
1.97083
2.00678
2.04535
2.08685
2.13209
2.183
2.24288
1.6502
1.67099
1.67398
1.67908
1.68619
1.69531
1.7065
1.71981
1.73533
1.75313
1.7733
1.79592
1.82108
1.84888
1.87943
1.91287
1.94936
1.98916
2.03264
2.08034
2.13318
2.19253
2.26023
1.60923
1.63129
1.63451
1.63986
1.64728
1.65678
1.66843
1.68229
1.69845
1.71699
1.73802
1.76165
1.78802
1.81726
1.84959
1.88521
1.92442
1.96759
2.01521
2.06793
2.12657
2.19212
2.26547
1.56607
1.58942
1.59289
1.59848
1.60618
1.61602
1.62807
1.64241
1.65912
1.67831
1.70009
1.72461
1.75202
1.78254
1.81639
1.85388
1.89537
1.94132
1.99228
2.04896
2.11215
2.18263
2.26095
1.52077
1.54537
1.5491
1.5549
1.56284
1.57297
1.58536
1.60008
1.61725
1.63698
1.65938
1.68461
1.71289
1.74442
1.77949
1.81845
1.8617
1.90977
1.96327
2.02296
2.08968
2.16427
2.24735
1.47334
1.49917
1.50311
1.50908
1.51721
1.52757
1.54022
1.55525
1.57277
1.59289
1.61575
1.64152
1.67042
1.70268
1.73862
1.77858
1.82303
1.87251
1.9277
1.98943
2.05868
2.13656
2.22415
1.42381
1.4508
1.4549
1.46099
1.46927
1.47979
1.49262
1.50785
1.52559
1.54597
1.56912
1.59522
1.62449
1.65717
1.69358
1.73408
1.77911
1.82925
1.88521
1.94789
2.01846
2.09845
2.18971
1.37222
1.40029
1.40446
1.41064
1.419
1.42961
1.44253
1.45785
1.47569
1.49617
1.51943
1.54564
1.57502
1.60781
1.6443
1.68483
1.72983
1.77985
1.83558
1.89794
1.96827
2.04846
2.14136
1.31852
1.34763
1.35178
1.358
1.36638
1.377
1.38993
1.40523
1.42304
1.44346
1.46665
1.49276
1.52199
1.55457
1.59075
1.63085
1.67523
1.72435
1.77883
1.83948
1.90759
1.98521
2.07584
1.26262
1.29278
1.29688
1.30309
1.31144
1.32199
1.33481
1.35
1.36764
1.38786
1.41079
1.43659
1.46543
1.49751
1.53304
1.57228
1.6155
1.66303
1.71531
1.77288
1.83666
1.90821
1.99066
1.20449
1.23572
1.23976
1.24592
1.25417
1.26458
1.27721
1.29216
1.30951
1.32938
1.3519
1.37719
1.40541
1.43673
1.47132
1.50935
1.55099
1.59642
1.64578
1.69922
1.7569
1.81915
1.88685
1.14415
1.17646
1.18046
1.18652
1.19462
1.20481
1.21717
1.23177
1.24871
1.26809
1.29002
1.31463
1.34204
1.37239
1.4058
1.44237
1.48216
1.52518
1.5713
1.62016
1.67106
1.72254
1.77159
1.08166
1.11506
1.11902
1.12495
1.13283
1.14273
1.15472
1.16888
1.18529
1.20406
1.22526
1.24903
1.27546
1.30466
1.33672
1.37167
1.40948
1.45004
1.49299
1.53759
1.58247
1.62481
1.65883
1.01717
1.05161
1.05553
1.06128
1.06888
1.07842
1.08996
1.10358
1.11935
1.13737
1.15772
1.18049
1.2058
1.23372
1.2643
1.29754
1.33337
1.37158
1.41174
1.45296
1.49362
1.53064
1.55814
0.950917
0.986266
0.990101
0.995613
1.00288
1.01197
1.02297
1.03595
1.05097
1.06813
1.0875
1.10916
1.13321
1.15971
1.18871
1.22019
1.25406
1.29013
1.32796
1.36676
1.40509
1.44046
1.4685
0.883182
0.919202
0.922866
0.928064
0.934908
0.943485
0.953861
0.966102
0.980276
0.996459
1.01473
1.03515
1.05782
1.08278
1.11009
1.13974
1.17166
1.2057
1.24152
1.27854
1.31578
1.3516
1.38337
0.814177
0.850607
0.853972
0.858759
0.865102
0.873076
0.882741
0.894155
0.907381
0.922487
0.939537
0.958603
0.979757
1.00306
1.02856
1.05627
1.08615
1.11812
1.15198
1.18739
1.2238
1.26039
1.29597
0.743954
0.780604
0.783524
0.787805
0.793567
0.800862
0.809734
0.820235
0.83242
0.846346
0.862067
0.879647
0.899157
0.920655
0.944192
0.969797
0.997474
1.0272
1.05887
1.09233
1.12737
1.16372
1.20107
0.672395
0.709224
0.711588
0.71529
0.720408
0.726959
0.734969
0.74448
0.755538
0.768184
0.782466
0.798441
0.81617
0.83571
0.857112
0.88041
0.90563
0.932782
0.961827
0.992696
1.02534
1.05971
1.09585
0.599332
0.636405
0.638205
0.641302
0.645735
0.651494
0.658586
0.667041
0.676889
0.688163
0.700902
0.715154
0.730969
0.748394
0.767473
0.788238
0.810714
0.834909
0.86079
0.888291
0.917351
0.947918
0.979933
0.524684
0.562119
0.563423
0.565932
0.56967
0.574604
0.580732
0.588073
0.596644
0.606462
0.61756
0.629979
0.643751
0.658906
0.675476
0.693481
0.712923
0.733777
0.755967
0.779364
0.803794
0.828998
0.854602
0.448534
0.486447
0.487341
0.489302
0.49235
0.496444
0.501575
0.507755
0.514989
0.523282
0.532655
0.543138
0.554744
0.567487
0.581379
0.596417
0.612567
0.629753
0.647827
0.66656
0.685606
0.704398
0.722007
0.37113
0.409535
0.410097
0.411549
0.413922
0.417171
0.421283
0.426263
0.43211
0.438817
0.446394
0.454853
0.46419
0.474398
0.485469
0.497368
0.510023
0.523302
0.536986
0.550738
0.564049
0.576052
0.585212
0.292789
0.33159
0.331875
0.332846
0.334556
0.336958
0.340036
0.343788
0.348207
0.35328
0.359001
0.365364
0.372348
0.379924
0.388058
0.396688
0.405702
0.41493
0.424095
0.432789
0.440408
0.445948
0.447602
0.213838
0.25291
0.252927
0.25343
0.254484
0.256038
0.258074
0.260584
0.263551
0.266954
0.270774
0.274987
0.279552
0.284422
0.289538
0.294806
0.300091
0.305196
0.309822
0.313547
0.315776
0.31557
0.311302
0.134481
0.173659
0.173369
0.173406
0.173805
0.174509
0.1755
0.176761
0.178263
0.179972
0.181858
0.18388
0.18598
0.188093
0.190135
0.191989
0.193501
0.194468
0.194605
0.193533
0.190759
0.185553
0.176703
0.0555809
0.0941251
0.0934812
0.0930537
0.092799
0.0926573
0.0926052
0.0926147
0.0926457
0.0926517
0.0925893
0.0924027
0.0920162
0.091345
0.0902854
0.0886994
0.086421
0.0832516
0.0789445
0.0732126
0.0657373
0.0561232
0.0437383
-0.0235995
0.0150619
0.0140247
0.0131502
0.0122621
0.0113033
0.010237
0.00902487
0.00761837
0.00596205
0.003997
0.00165084
-0.00116766
-0.00456297
-0.00865985
-0.0136106
-0.0195899
-0.0267896
-0.0354091
-0.0456275
-0.0575486
-0.0711027
-0.0859368
680.485
708.468
477.551
436.033
904.669
884.817
873.087
856.8
972.739
973.37
975.11
977.052
1034.87
1045.06
1055.19
1064.92
1081.66
1099.58
1118.08
1136.22
381.084
1082.1
1171.97
1197.1
2.20284
2.1562
2.28278
177.886
2.10027
2.10304
2.07034
1.85929
1.96455
2.2171
2.38026
2.61648
1.85147
1.84323
1.88564
1.97047
1.88105
1.90679
2.14187
2.82064
3.41611
3.44337
3.50409
3.03814
2.19622
2.23123
2.38477
2.5029
2.26458
2.30217
2.34563
2.39508
2.30582
2.3446
2.38649
2.43089
2.32713
2.36646
2.40761
2.45015
2.33593
2.37648
2.41838
2.46134
2.33544
2.3781
2.42205
2.46698
2.32666
2.37226
2.41939
2.46777
2.30894
2.35826
2.40976
2.46315
2.28006
2.33368
2.39063
2.45078
2.23593
2.29363
2.35651
2.42493
2.17042
2.22996
2.29704
2.3732
2.07666
2.13173
2.19558
2.27196
1.95249
1.99188
2.03622
2.08804
1.80587
1.82063
1.82675
1.81912
1.67125
1.66567
1.64368
1.59543
1.56493
1.55766
1.5386
1.50348
1.48079
1.48033
1.47327
1.45758
1.40425
1.41159
1.41543
1.41431
1.32467
1.33896
1.35246
1.36469
1.23413
1.25237
1.27127
1.29078
1.12875
1.14725
1.16648
1.1863
1.00883
1.02487
1.04116
1.05727
0.876792
0.888772
0.900796
0.912767
0.735253
0.741407
0.746838
0.751792
0.588643
0.587841
0.58443
0.577748
0.443121
0.437112
0.427411
0.412765
0.301841
0.293336
0.281278
0.264208
0.164213
0.154802
0.142572
0.1264
0.0295406
0.0199591
0.00811376
-0.00718675
-0.0994195
-0.106944
-0.115059
-0.124805
454.384
636.241
649.75
584.262
165.097
166.596
166.819
166.055
163.295
148.128
132.523
125.651
136.478
146.557
152.826
155.182
156.013
156.169
183.118
843.214
837.372
811.575
172.369
166.369
166.709
166.901
167.041
165.614
150.514
134.409
127.006
135.57
146.097
152.644
154.978
155.776
155.991
198.421
977.824
967.62
403.473
166.883
166.862
167.039
167.09
166.8
165.227
160.029
148.645
139.092
140.198
148.54
153.494
155.197
155.736
155.833
186.388
1075.51
1076.6
167.075
167.07
167.199
167.349
167.255
166.669
164.839
160.852
156.442
151.933
149.099
151.662
154.454
155.525
155.765
155.711
158.009
1158.1
1071.08
167.087
167.206
167.39
167.564
167.471
166.61
165.034
162.795
160.581
158.338
154.545
151.858
154.137
155.566
155.817
155.979
156.434
1230.9
1273.07
167.251
167.259
167.381
174.975
167.767
166.412
165
163.706
163.138
162.702
160.578
157.517
152.554
155.211
155.742
156.12
166.126
1281.41
1358.79
649.15
167.023
264.48
914.571
1091.81
243.219
164.403
163.824
164.342
164.628
280.073
152.261
152.491
154.685
155.566
155.873
1115.67
1.60938
1263.6
1477.52
1345.38
1446.03
1444.05
1483.75
1516.63
634.119
163.665
164.372
167.98
286.567
199.295
1316.63
952.159
156.207
155.845
1485.52
2.24098
2.55736
348.586
1271.67
1542.34
1533.63
1543.54
1577.02
1632.41
257.658
163.416
163.356
350.018
1548.06
1537.35
1605.12
1493.96
469.587
1798.35
2.95401
2.54541
2.61634
2.8089
3.16506
2.97804
45.284
545.729
1674.04
1736.72
753.385
162.802
963.006
1650.39
1654.78
1689.02
1767.47
1817.88
2110.24
3.02078
2.79459
2.69576
3.92345
4.01171
2.95402
3.00859
3.01829
3.10742
698.892
1753.28
1804.35
1810.57
1478.09
188.225
284.32
1808.53
2016.32
2286.35
3.26597
2.95035
2.75801
2.91538
3.09293
2.92683
3.01081
3.04058
3.06371
3.06786
3.25933
88.1345
38.7219
4.52774
4.55886
4.71942
5.37977
1953.01
2248.8
2.47604
2.59924
2.70929
2.76321
2.82396
2.9237
3.00634
3.06261
3.11109
3.17624
3.26915
3.44688
3.80342
4.22059
4.45783
4.6582
4.86082
1549.2
2108.4
2.46676
2.59253
2.69349
2.77276
2.8502
2.93419
3.01408
3.08609
3.15833
3.24326
3.35332
3.51796
3.78479
4.0827
4.31171
4.66037
5.2659
1906.22
2214.24
2.49206
2.59919
2.69653
2.78186
2.8654
2.94756
3.02791
3.10753
3.19115
3.28545
3.3969
3.53284
3.71941
3.92381
3.99371
4.63592
8.48411
992.828
2303.43
2.50817
2.60973
2.70577
2.79498
2.87973
2.96145
3.04174
3.12324
3.20959
3.30475
3.4108
3.52354
3.64794
3.74516
3.59045
309.888
1240.99
602.342
2408.51
2.5196
2.62175
2.71947
2.81049
2.89504
2.9748
3.05243
3.13119
3.21439
3.30466
3.40224
3.49994
3.59588
3.6679
3.60429
565.209
2457.47
1131.17
2537.57
2.52794
2.63486
2.73655
2.82908
2.91168
2.98666
3.05795
3.12955
3.20506
3.28662
3.37518
3.46699
3.56565
3.67133
3.70169
3.89977
2586.33
2597.64
2702.67
2.53367
2.64956
2.75809
2.85221
2.93006
2.99574
3.05578
3.11567
3.17908
3.24826
3.32576
3.41512
3.53534
3.76077
3.93604
610.159
2709.59
2758.73
2857
2.53661
2.66721
2.78721
2.88287
2.95067
2.99974
3.04209
3.08511
3.13182
3.18331
3.24214
3.31633
3.42743
3.68351
8.42226
2827.37
2827.56
2916.41
2060.78
2.5352
2.68992
2.83013
2.9265
2.97298
2.9932
3.01009
3.03172
3.05749
3.08398
3.10905
3.13681
3.15199
3.24989
1137.39
1449.44
1885.68
1885.59
1841.8
2.52433
2.719
2.89804
2.99184
2.99062
2.96248
2.94802
2.94788
2.95143
2.94617
2.91819
2.86128
2.78763
3.69501
1045.02
1564.4
1523.34
903.389
550.783
2.49
2.74912
3.00801
3.08681
2.97358
2.87479
2.83727
2.82657
2.81435
2.77642
2.68091
2.46004
1.70181
25.4818
0.332921
0.5041
1.12496
153.741
2367.39
2.4001
2.73685
3.16449
3.18479
2.79622
2.66096
2.65665
2.66759
2.65731
2.59755
2.44719
2.10187
1.23156
25.3091
0.132782
0.338731
5.35612
11.6604
1573.72
2.19004
2.53069
31.286
37.5698
2.1411
2.2091
2.40748
2.48998
2.50464
2.44354
2.27951
1.93646
1.19321
0.146363
6.015
0.404359
6.33062
3.08597
936.168
1.7905
41.7586
33.4372
40.5353
19.9696
1.61874
2.17353
2.34481
2.38863
2.34195
2.207
1.96419
1.58227
1.04097
0.884666
1.06773
5.54189
2.89565
1646.96
1.47219
37.786
5.05768
1.1582
0.942209
1.65088
2.16118
2.29671
2.33086
2.29604
2.20393
2.06112
1.89092
1.73591
1.68266
1.76144
3.70403
9.12373
1695.95
1.42542
1.24266
47.188
64.2337
1.7074
2.31298
2.38903
2.3357
2.31766
2.28695
2.23725
2.17604
2.12791
2.11253
2.12048
2.14155
4.38875
4.28217
349.7
1.42086
1.24532
20.0179
65.8156
67.5536
15.5853
2.49356
2.33881
2.29773
2.28278
2.27529
2.27352
2.2822
4.10962
2.88228
2.51192
6.78861
13.3941
114.893
1.40354
1.34028
1.17791
5.13062
2.5469
14.1052
15.5136
2.21666
2.22259
2.255
2.29568
2.34426
2.38802
4.29156
4.47378
2.91526
6.46662
23.8974
8.47584
1.3794
1.40191
1.44136
1.59623
2.05116
2.27581
23.2863
4.41885
2.0994
2.19064
2.29215
2.40173
2.51403
2.63268
3.59419
3.30282
5.76
5.1467
473.005
1.31874
1.381
1.48703
1.60671
1.50551
1.5378
1.59475
19.0491
2.00561
2.08017
2.25479
2.44961
2.64521
2.84189
3.00576
4.46446
8.30831
40.1002
1024.76
1.21396
1.2689
1.35445
18.358
16.5898
0.41275
0.929465
1.28147
12.9747
2.38163
2.14143
2.4726
2.75495
3.02441
3.18837
3.47918
8.17733
31.7539
31.1561
1.07772
1.09985
3.08354
18.2522
-0.0486571
-0.173703
0.267654
0.748016
6.46786
12.2444
1.92703
2.43823
2.815
3.15512
3.37355
7.80478
3.86961
3.7431
4.08725
0.928276
0.949437
0.882573
7.73035
3.97824
-0.100134
0.664466
0.316469
0.720024
12.435
1.61063
2.29944
2.77118
3.1811
4.09899
7.8049
7.78759
4.08772
3.93499
0.758633
0.783801
2.27367
94.8203
20.435
0.0869667
0.587794
1.53674
0.306402
12.2435
1.30806
2.00895
2.53247
3.01819
5.30778
5.33174
5.44947
132.577
192.15
0.563136
0.518732
27.1356
14.0376
146.046
87.2175
-0.517928
1.00332
-0.0818342
11.7715
0.91502
1.50503
1.96336
2.34903
32.7715
171.782
173.024
70.4581
3.37435
0.383868
0.285104
0.0657884
32.9159
60.9475
150.083
0.293744
-1.34596
0.594809
3.27447
0.380227
0.730165
0.918626
1.24656
154.195
2.00458
1.73672
1.2822
1.18281
0.230596
0.0967547
-0.0757766
40.5711
4.28773
9.64731
-1.72479
-1.76135
-1.34525
-0.752013
-0.372411
-0.191525
-0.627706
200.988
0.418645
42.3417
1.56306
0.932151
0.838396
0.0954107
0.209367
1.04858
-0.607542
-0.61312
-1.3916
-1.76988
-1.83169
-1.47038
-1.05707
-0.809601
-0.970105
10.8506
52.8819
3.774
240.843
30.7247
0.327806
3.63043
-0.034935
-0.17368
-0.542325
-0.627123
-0.184254
-0.730459
-1.39122
-1.47701
-1.36998
-0.964927
-0.951703
-1.39059
53.5715
-0.0430204
-0.918884
28.0756
-0.368934
-0.533482
-0.263221
-0.143362
-0.220988
-0.433082
-0.563745
-0.60369
-0.579089
-0.671273
-0.798749
0.77927
-0.619904
-0.606552
-1.418
132.452
-1.07464
33.4922
-0.440715
-0.25834
-0.172408
3.26763
641.07
645.812
653.802
656.556
656.308
657.895
662.733
670.405
680.464
692.822
707.58
724.856
744.702
767.034
791.775
818.669
845.444
863.772
864.884
880.631
868.651
858.866
916.346
639.469
644.211
652.162
655.159
655.264
657.172
662.224
670
680.082
692.42
707.153
724.412
744.205
766.415
790.765
816.656
842.314
862.831
868.977
877.928
871.625
810.716
901.016
636.028
640.541
648.429
652.135
653.047
655.634
661.119
669.083
679.186
691.471
706.153
723.405
743.222
765.397
789.495
814.619
838.773
858.431
869.972
884.718
882.121
772.22
877.861
630.954
634.913
642.904
648.086
650.128
653.545
659.529
667.685
677.775
689.96
704.56
721.811
741.697
763.927
787.923
812.646
836.249
856.047
870.373
884.422
881.284
787.502
883.632
624.594
627.281
635.878
643.772
646.973
651.116
657.523
665.81
675.825
687.852
702.336
719.602
739.627
762.02
786.098
810.755
834.288
854.613
870.39
882.529
881.356
852.49
917.843
617.65
617.063
626.463
639.686
643.783
648.373
655.077
663.423
673.295
685.098
699.428
716.734
736.987
759.683
784.053
808.97
832.832
853.896
870.954
883.623
888.588
891.721
950.892
611.772
604.422
615.187
635.793
640.432
645.154
652.101
660.469
670.134
681.634
695.763
713.147
733.753
756.908
781.793
807.287
831.819
853.844
872.194
886.197
895.334
909.22
959.734
611.457
593.398
604.911
631.554
636.352
641.225
648.474
656.886
666.298
677.404
691.256
708.75
729.849
753.662
779.305
805.696
831.204
854.42
874.183
889.677
900.657
912.585
936.148
170.797
170.875
171.084
170.859
170.475
170.307
170.601
171.601
171.19
179.525
170.997
157.771
158.666
163.29
167.767
168.719
187.882
487.691
647.94
170.785
170.839
171.112
170.867
170.427
170.21
170.444
171.671
171.41
160.525
151.53
150.296
151.214
154.495
156.805
157.398
157.456
236.256
615.186
170.759
170.713
171.16
170.88
170.299
169.94
169.96
171.134
162.352
155.266
151.267
149.708
151.293
154.376
156.607
157.358
157.1
168.768
538.43
170.725
170.398
171.251
170.884
170.054
169.515
169.176
168.951
161.724
155.276
150.781
149.169
151.24
154.173
156.274
157.158
157.153
158.321
409.81
170.719
170.068
341.897
170.927
169.59
168.965
168.292
166.81
161.177
155.622
149.336
147.217
150.442
153.844
155.954
156.918
157.151
157.606
184.235
170.788
255.488
450.056
218.268
168.573
168.331
167.515
165.421
160.333
154.007
145.745
143.331
148.735
153.237
155.594
156.629
157.026
157.3
171.182
170.951
304.254
502.871
422.252
165.997
167.665
166.951
164.836
159.601
150.118
140.309
138.382
147.005
152.345
155.203
156.323
156.78
156.919
321.167
171.038
537.443
570.496
385.02
165.593
167.12
166.631
164.546
158.951
145.421
133.151
133.491
145.136
151.376
154.8
156.036
156.52
156.658
471.564
627.755
593.152
592.956
624.018
629.055
635.39
643.435
651.87
660.678
670.942
684.169
701.855
724.169
748.885
775.701
803.69
830.911
855.999
877.78
895.226
906.905
907.72
828.635
634.464
187.655
22.2151
186.567
215.361
275.676
348.285
415.396
475.151
527.213
592.829
666.541
710.479
739.144
768.773
800.553
831.672
860.791
886.914
908.485
923.341
928.33
918.882
2.02849
2.02892
1.9965
2.03496
2.07503
2.09934
2.07761
1.91937
1.90029
1.98999
2.0599
2.14324
10.5464
122.387
426.015
797.827
836.623
867.577
900.164
927.728
949.354
964.611
972.152
2.06022
2.05987
2.03265
2.03492
2.04485
2.04874
2.02191
1.94383
1.94334
2.13135
2.07677
2.14735
2.14344
2.14007
2.16845
2.13347
66.8855
337.494
919.604
952.899
979.494
1004.7
1026.99
2.0311
2.02646
2.01559
2.01391
2.01347
2.0083
1.99043
1.96448
1.95655
1.97425
2.0159
2.04972
2.07085
2.09233
2.12375
2.17341
2.17409
2.10847
4.52765
139.652
665.547
1043.43
1070.4
1.99996
1.99611
1.99127
1.98882
1.98687
1.98276
1.97492
1.96716
1.96818
1.9835
2.00769
2.03254
2.05747
2.07496
2.09515
2.11431
2.13645
2.12627
2.10927
2.141
2.15958
16.7997
195.732
1.96745
1.96549
1.96356
1.96238
1.96157
1.9603
1.95871
1.95891
1.9644
1.97731
1.99556
2.01598
2.03639
2.0567
2.07655
2.09555
2.11231
2.12223
2.1295
2.13963
2.14458
2.07912
2.18368
1.9323
1.93377
1.93441
1.93511
1.93622
1.93769
1.94003
1.94442
1.95243
1.96487
1.98099
1.9994
2.01885
2.03879
2.0588
2.0783
2.09635
2.11138
2.12465
2.13464
2.14628
2.12561
2.09391
1.89482
1.90131
1.90453
1.90714
1.91015
1.91389
1.91887
1.92584
1.93554
1.94833
1.96392
1.98164
2.00077
2.02075
2.04112
2.06135
2.08074
2.09825
2.11181
2.11215
2.06976
2.07628
1.97358
1.86027
1.86987
1.8745
1.87856
1.8831
1.88859
1.89547
1.90422
1.91525
1.92874
1.94457
1.96238
1.98173
2.00217
2.02324
2.04441
2.06491
2.08333
2.09599
2.09012
2.03862
1.98381
1.88035
1.8342
1.84017
1.84456
1.84931
1.85493
1.86172
1.87001
1.88012
1.89229
1.90664
1.9231
1.94148
1.96149
1.98278
2.00494
2.02746
2.04953
2.06972
2.08472
2.08608
2.0585
2.20131
1.92162
1.80712
1.81002
1.814
1.81909
1.82545
1.83322
1.8426
1.85382
1.86702
1.88229
1.8996
1.91885
1.93986
1.96235
1.98602
2.01041
2.03486
2.05825
2.07843
2.0918
2.09109
2.11217
3.39234
1.77663
1.77846
1.78222
1.78755
1.79444
1.80297
1.81324
1.8254
1.83956
1.85578
1.87407
1.89439
1.91662
1.94061
1.96613
1.99289
2.02045
2.04812
2.07486
2.09925
2.11993
2.14124
2.17434
1.74366
1.74508
1.74882
1.75438
1.76172
1.77086
1.78188
1.79488
1.80993
1.8271
1.84643
1.86792
1.89153
1.91719
1.94482
1.97427
2.00535
2.03783
2.07141
2.106
2.14249
2.18421
2.23861
1.70828
1.70969
1.71355
1.71938
1.72711
1.73678
1.74846
1.76219
1.77808
1.79618
1.81655
1.83925
1.8643
1.89173
1.92155
1.9538
1.98849
2.02573
2.0657
2.10891
2.15667
2.21156
2.27756
1.6706
1.67221
1.67628
1.68239
1.69049
1.70064
1.71288
1.72729
1.74394
1.76291
1.7843
1.80818
1.83465
1.8638
1.89578
1.93072
1.96883
2.01041
2.05592
2.10605
2.1619
2.22522
2.29771
1.63066
1.63261
1.63693
1.64331
1.65176
1.66233
1.67508
1.69008
1.70742
1.72719
1.7495
1.77448
1.80227
1.83303
1.86697
1.90435
1.94548
1.99081
2.04089
2.09645
2.15842
2.22778
2.30523
1.5885
1.59087
1.59542
1.60207
1.61083
1.62177
1.63495
1.65046
1.6684
1.68887
1.712
1.73794
1.76688
1.79903
1.83466
1.8741
1.91776
1.96613
2.01986
2.07969
2.14643
2.22079
2.30307
1.54419
1.54698
1.55173
1.5586
1.56763
1.57888
1.59242
1.60835
1.62679
1.64783
1.67163
1.69836
1.72823
1.76149
1.79846
1.83951
1.8851
1.93579
1.99229
2.05539
2.12594
2.20472
2.29215
1.49775
1.50091
1.50583
1.51287
1.52211
1.53361
1.54743
1.56369
1.58249
1.60397
1.62826
1.65557
1.68611
1.72017
1.75807
1.80021
1.8471
1.89934
1.95769
2.02305
2.09647
2.17908
2.27186
1.44926
1.45264
1.45768
1.46485
1.47425
1.48591
1.49993
1.5164
1.53544
1.55718
1.58179
1.60945
1.64039
1.67489
1.71329
1.75599
1.8035
1.85645
1.91564
1.9821
2.05717
2.14254
2.24023
1.39878
1.40217
1.40728
1.41454
1.42402
1.43577
1.44989
1.46645
1.48559
1.50744
1.53215
1.55992
1.59097
1.62557
1.66403
1.70674
1.75418
1.80695
1.86586
1.93201
2.00698
2.0931
2.19379
1.34626
1.34948
1.35462
1.36191
1.37141
1.38317
1.39727
1.41382
1.43291
1.4547
1.47933
1.50697
1.53785
1.57219
1.61029
1.65248
1.69916
1.75088
1.80831
1.8725
1.94503
2.02859
2.12781
1.29151
1.29458
1.29972
1.30699
1.31643
1.32811
1.3421
1.3585
1.37742
1.39898
1.42332
1.45062
1.48105
1.51483
1.55218
1.59337
1.6387
1.68855
1.74339
1.80392
1.87132
1.94778
2.03775
1.23448
1.23747
1.24258
1.24978
1.2591
1.27061
1.28439
1.30053
1.31912
1.3403
1.36418
1.39092
1.42067
1.45361
1.4899
1.52971
1.57322
1.6206
1.67198
1.72751
1.78742
1.85221
1.92344
1.1752
1.17818
1.18324
1.19031
1.19945
1.21071
1.22418
1.23994
1.25809
1.27873
1.30198
1.32797
1.35684
1.38871
1.42369
1.46186
1.50327
1.54787
1.59542
1.64542
1.69686
1.74766
1.7932
1.11373
1.11677
1.12174
1.12864
1.13752
1.14846
1.16153
1.1768
1.19438
1.21435
1.23682
1.2619
1.28971
1.32034
1.35384
1.39022
1.42944
1.47125
1.51515
1.56013
1.60421
1.64342
1.66921
1.05016
1.05332
1.05818
1.06484
1.07341
1.08394
1.09651
1.11119
1.12807
1.14725
1.1688
1.19283
1.21943
1.24867
1.28059
1.31514
1.3522
1.39146
1.4323
1.47351
1.51286
1.54611
1.56516
0.984673
0.987961
0.99264
0.999018
1.00719
1.01723
1.02921
1.0432
1.05928
1.07753
1.09804
1.12088
1.14615
1.17389
1.20414
1.23683
1.27184
1.30886
1.34731
1.38611
1.42337
1.45578
1.47771
0.917587
0.920847
0.925257
0.931273
0.938976
0.948443
0.959744
0.972943
0.988112
1.00533
1.02467
1.0462
1.07001
1.09614
1.12463
1.15543
1.18843
1.22341
1.25993
1.29722
1.33401
1.36821
1.39662
0.849184
0.852131
0.856165
0.861729
0.868882
0.877694
0.888226
0.900538
0.914695
0.930766
0.948814
0.968915
0.991136
1.01553
1.04214
1.07094
1.10189
1.13483
1.16952
1.20551
1.24214
1.27841
1.31295
0.779558
0.781911
0.78547
0.790496
0.797021
0.805098
0.814777
0.826114
0.839163
0.853979
0.87062
0.889157
0.909653
0.932167
0.956735
0.983376
1.01208
1.0428
1.07538
1.10967
1.1454
1.18229
1.22009
0.708619
0.710241
0.713247
0.717669
0.723504
0.73078
0.739534
0.749813
0.761661
0.775119
0.790238
0.807082
0.82571
0.846176
0.868521
0.892776
0.918965
0.947072
0.977037
1.0088
1.04231
1.07756
1.11464
0.636234
0.637129
0.639565
0.64335
0.64845
0.654873
0.662641
0.671789
0.682347
0.694348
0.707836
0.722863
0.739478
0.757724
0.777643
0.799261
0.822597
0.847642
0.874343
0.90263
0.93245
0.963753
0.996482
0.562253
0.562587
0.5645
0.567648
0.571989
0.577517
0.584249
0.592205
0.601396
0.611849
0.623602
0.636694
0.651154
0.667013
0.684298
0.703023
0.723178
0.744712
0.767524
0.791465
0.81632
0.841779
0.867426
0.486703
0.486707
0.488157
0.490693
0.494268
0.498878
0.504533
0.511241
0.519003
0.527831
0.537756
0.5488
0.560972
0.574289
0.588756
0.604356
0.621038
0.638692
0.65713
0.676073
0.695083
0.713424
0.72998
0.409778
0.409633
0.410675
0.412623
0.415439
0.419118
0.423663
0.429078
0.435356
0.442496
0.450513
0.459413
0.469186
0.479827
0.491318
0.503608
0.516597
0.530112
0.54388
0.557492
0.570289
0.581119
0.587977
0.33177
0.331548
0.332232
0.333611
0.335673
0.338412
0.341827
0.345914
0.350662
0.356059
0.362103
0.368781
0.376064
0.383924
0.392317
0.401156
0.410305
0.419544
0.428533
0.436783
0.443525
0.447417
0.446047
0.252995
0.252723
0.253072
0.253892
0.255199
0.256995
0.25927
0.262011
0.265198
0.268812
0.272833
0.277228
0.281952
0.286955
0.292161
0.297458
0.302682
0.307593
0.311831
0.314897
0.316057
0.314079
0.306802
0.173632
0.173295
0.173308
0.173566
0.174119
0.174969
0.176097
0.177483
0.179093
0.180894
0.182855
0.184924
0.187039
0.18913
0.191095
0.192799
0.194069
0.194662
0.194248
0.192397
0.188521
0.181677
0.170257
0.0939651
0.0935689
0.0932226
0.0929107
0.0927143
0.0926202
0.0926037
0.0926305
0.0926544
0.0926319
0.0925154
0.0922393
0.0917218
0.0908715
0.089569
0.087659
0.0849625
0.081258
0.0762758
0.0697144
0.0612287
0.0503296
0.0360895
0.0149601
0.0143617
0.0135803
0.0127123
0.011794
0.0107853
0.00965196
0.00834946
0.00682477
0.00502194
0.00287633
0.000306503
-0.00278634
-0.00651535
-0.0110173
-0.0164591
-0.0230241
-0.0309093
-0.0403096
-0.0513743
-0.0641358
-0.0783952
-0.0936732
699.109
689.985
436.574
432.059
892.917
879.694
864.586
851.042
972.959
974.088
976.163
977.706
1039.95
1050.15
1060.16
1069.5
1090.36
1108.84
1127.31
1144.84
686.856
1160.41
1185.54
1209.04
2.18959
3.12669
39.923
761.14
2.10612
2.10486
1.95216
1.71585
1.96511
2.15874
2.57714
2.66822
1.84195
1.85786
1.92422
2.44731
1.86207
2.11417
2.30325
2.88724
3.42859
3.46808
3.37487
3.18556
2.21257
2.2523
2.50426
2.4659
2.28265
2.32316
2.36965
2.42144
2.3248
2.36518
2.40844
2.45365
2.34655
2.38683
2.42874
2.47174
2.35602
2.39728
2.43978
2.48304
2.3566
2.39993
2.44441
2.4897
2.34925
2.39565
2.44345
2.4923
2.33332
2.38375
2.43624
2.49042
2.30645
2.36174
2.42032
2.48193
2.26416
2.3244
2.39002
2.46122
2.19934
2.26246
2.33389
2.41513
2.10327
2.16236
2.23193
2.31639
1.97193
2.01319
2.06084
2.11804
1.81416
1.82499
1.82502
1.80317
1.67007
1.65722
1.6236
1.55543
1.56256
1.54986
1.52347
1.47908
1.48129
1.47775
1.46663
1.44586
1.40829
1.41404
1.41557
1.41136
1.33188
1.34585
1.35873
1.37032
1.24316
1.26176
1.28092
1.30096
1.13789
1.1568
1.1763
1.19648
1.0168
1.03301
1.04926
1.06508
0.882774
0.894786
0.9068
0.918773
0.738427
0.744209
0.749359
0.754444
0.58853
0.586499
0.581544
0.572942
0.440517
0.432783
0.420769
0.402932
0.297981
0.28782
0.273468
0.252968
0.159826
0.149094
0.135106
0.116165
0.0249907
0.0143704
0.0010154
-0.0165649
-0.103141
-0.110885
-0.119623
-0.131002
519.051
648.487
660.14
225.567
166.294
166.816
166.573
166.065
157.598
140.25
126.929
128.161
142.465
150.281
154.313
155.722
156.24
156.254
527.551
839.52
827.807
549.999
166.417
166.558
166.848
166.917
168.064
159.912
142.242
128.607
129.623
141.387
150.03
154.139
155.492
155.963
155.991
614.831
974.386
946.251
166.928
166.788
166.957
167.081
167.016
166.314
163.808
154.228
142.387
138.413
144.323
151.593
154.593
155.544
155.843
155.76
726.47
1080.69
494.919
167.054
167.093
167.326
167.328
167.063
165.977
163.125
158.468
154.858
149.522
150.05
153.25
155.177
155.687
155.82
155.833
884.583
1173.73
234.833
167.173
167.271
167.532
167.522
167.168
165.902
163.977
161.627
159.619
156.694
152.561
152.818
155.1
155.735
155.919
156.24
964.372
1258.25
513.786
167.272
167.273
168.016
167.532
167.135
165.749
164.262
163.359
162.977
162.535
162.063
151.272
154.259
155.616
155.866
155.938
1204.02
1318.8
1388.66
167.311
167.036
910.617
1179.56
812.299
165.055
163.882
164.047
164.631
164.89
166.753
151.954
153.694
155.474
155.698
155.813
1424.7
393.834
1439.15
1486.99
1350.97
1440.27
1460.55
1503.69
1508.73
163.455
163.921
170.788
163.53
177.372
800.237
1259.57
422.669
155.499
434.482
1602.99
2.45536
32.7137
871.891
1465.63
1536.71
1535.81
1557.55
1602.62
1409.26
163.509
162.776
161.843
1342.44
1517.73
1569.62
1634.34
438.13
1514.61
1839.99
2.99476
2.52311
2.72972
3.3259
2.96624
9.86476
169.718
1380.31
1703.98
1526.14
188.34
169.826
1674.38
1645.62
1669.04
1721.08
1792.05
1948.76
2149.1
3.28145
2.67511
3.43776
3.96936
3.47388
2.98795
3.03595
2.93556
175.678
1364.59
1781.96
1817.03
1789.94
637.05
173.284
1089.45
1894.19
2157.42
2298.61
3.26282
2.78148
2.77489
3.14112
2.90944
2.97824
3.03052
3.0213
2.98526
3.09163
31.0029
82.7965
5.17299
4.47778
4.64475
4.7659
872.08
2138.86
2217.58
2.52925
2.66363
2.74143
2.78829
2.87252
2.969
3.03682
3.07984
3.1243
3.21307
3.33359
3.59124
4.04783
4.35478
4.55981
4.7469
50.3713
2114.72
2145.79
2.53176
2.64663
2.73524
2.81067
2.89191
2.97522
3.05083
3.12096
3.19767
3.29341
3.42564
3.63701
3.94101
4.20082
4.4659
4.87319
478.772
2173.56
2240.99
2.54646
2.64937
2.74
2.82385
2.90666
2.98798
3.06761
3.1484
3.23651
3.33868
3.46034
3.61998
3.82255
3.99764
4.06549
5.16857
10.0838
2275.28
2316.83
2.55939
2.65864
2.75109
2.83781
2.92089
3.00163
3.08214
3.16555
3.25585
3.35659
3.466
3.58545
3.70481
3.7288
3.2858
1545.81
1016.64
2301.87
2433.94
2.57099
2.67137
2.76585
2.8535
2.93538
3.01369
3.09147
3.17204
3.25852
3.35281
3.45137
3.54865
3.63888
3.65425
3.75943
2272.22
2292.75
2257.24
2502.17
2.58172
2.68666
2.78409
2.87154
2.94989
3.0225
3.09353
3.16667
3.24497
3.3301
3.42089
3.51499
3.61935
3.68726
3.67666
1265.51
2578.28
2639.01
2698.98
2.59199
2.70526
2.80723
2.89303
2.96402
3.02608
3.08547
3.14677
3.21283
3.28574
3.36862
3.46848
3.62959
3.88121
3.95697
2536.38
2721.92
2818.25
2733.17
2.60228
2.7295
2.83864
2.9199
2.97672
3.02116
3.06325
3.10792
3.15688
3.21147
3.27662
3.36492
3.51402
3.98767
1269.69
2812.61
2862.85
2838.38
1939.8
2.61252
2.76384
2.88503
2.95489
2.98459
3.00125
3.02024
3.04429
3.07085
3.09669
3.1223
3.14751
3.14884
164.681
1258.05
1886.8
1860.38
2047.9
2336.19
2.61976
2.81496
2.9589
2.99917
2.97607
2.95298
2.94675
2.94996
2.95072
2.93603
2.89227
2.80331
3.15204
349.002
1468.2
1516.65
1307.73
446.52
2343.53
2.61069
2.88885
3.08163
3.04006
2.91543
2.85046
2.83053
2.82215
2.80021
2.73873
2.591
2.20694
6.89049
0.554218
0.334215
0.638937
2.20164
1674.55
2387.53
2.53968
2.97762
3.27296
2.97622
2.69969
2.65318
2.66285
2.66691
2.6355
2.53771
2.31184
1.77864
13.0307
5.42305
0.184912
1.07817
5.06323
116.045
2454.79
2.25463
14.2038
41.1068
12.584
2.09197
2.33268
2.45673
2.50621
2.48452
2.3776
2.13897
1.63392
0.505697
0.160356
1.50281
0.725169
3.02632
5.84151
846.652
2.17413
43.0069
28.2982
38.4953
1.19832
1.97502
2.27954
2.37965
2.37573
2.28637
2.10013
1.78755
1.29786
0.910133
0.922942
2.58739
3.12891
1133.09
1645.19
1.23348
37.7649
6.75627
0.745843
1.30325
1.99459
2.2451
2.32423
2.32084
2.25692
2.13791
1.97613
1.80733
1.69182
1.70732
3.45414
4.84641
516.887
1701.7
1.31912
1.42044
64.5079
24.5221
2.04085
2.40925
2.35279
2.32735
2.30448
2.26444
2.2068
2.1486
2.11717
2.11319
2.12964
2.14438
5.69975
5.33558
409.503
1.36425
1.10339
65.2635
66.3179
25.0487
3.28626
2.39616
2.312
2.28878
2.27843
2.27322
2.27672
3.2872
4.15555
2.45509
4.552
5.73356
304.505
330.365
1.38049
1.29459
1.10412
16.1346
2.82242
25.8448
2.36281
2.21047
2.23786
2.27425
2.31942
2.36844
3.07961
4.36662
3.52222
5.72772
10.2823
93.5605
1814.78
1.39113
1.41699
1.49484
1.73009
2.41664
2.06356
24.0371
2.08009
2.14217
2.24025
2.34633
2.45796
2.56774
3.53298
3.24475
3.44647
9.88757
27.956
1869.68
1.34698
1.42503
1.56633
1.55339
1.52292
1.56491
1.85753
13.5981
2.0317
2.15826
2.35326
2.54622
2.74556
2.92912
4.29928
3.57042
6.54048
759.9
1935.07
1.2407
1.29859
4.5657
17.693
2.08435
0.669465
1.14736
9.28005
11.6985
1.99081
2.31591
2.61489
2.89485
3.12788
3.21864
8.35085
6.65424
2.82884
1987.63
1.09429
1.09522
17.8216
9.88191
-0.182447
0.0147577
0.51552
0.936544
12.7401
2.29951
2.1894
2.63391
2.99237
3.27882
4.47913
7.7694
3.74329
3.78454
1258.72
0.942288
0.939486
0.756436
8.79613
0.129355
0.559559
0.522817
0.51029
8.87654
7.55269
1.96238
2.54588
2.98943
3.35258
6.89133
7.83364
4.77475
4.07659
586.484
0.768878
2.28109
16.7976
94.2796
0.102581
0.0482546
1.43894
0.325952
5.88689
5.90823
1.6619
2.27628
2.76261
4.45992
5.2506
5.39375
5.83856
176.056
644.564
0.540721
7.4213
26.2189
58.2129
146.876
4.17014
-0.423764
1.14178
0.321073
4.38062
1.23435
1.7388
2.1581
2.60062
141.586
173.262
135.822
30.3226
615.705
0.344117
0.181255
38.3912
11.8671
149.729
102.912
-1.39757
0.362485
-0.131112
8.24965
0.551042
0.835246
1.08744
154.876
9.2342
1.96555
1.51153
1.3144
693.756
0.18226
-0.0248814
26.415
2.67826
13.6223
-1.66758
-1.76329
-1.63723
-1.0315
-0.361111
-0.231062
-0.285596
39.0235
48.0211
2.81997
11.055
1.16618
0.821447
816.095
0.0494523
1.18489
-0.42187
-0.42924
-0.815132
-1.61233
-1.84388
-1.71671
-1.13235
-0.956847
-0.808078
-1.09524
179.725
-0.862258
208.211
250.806
0.509752
0.284862
117.238
-0.0645096
-0.382761
-0.585738
-0.567805
-0.188875
-1.22857
-1.472
-1.45462
0.842578
-0.979681
-1.08873
-1.78642
229.483
-0.413495
2.64357
-0.483591
-0.0676759
-0.25763
239.65
-0.176449
-0.308818
-0.531079
-0.592726
-0.601693
-0.520342
-0.709015
-1.21514
0.924135
-0.648455
-0.791105
3.63332
14.9732
0.196148
39.2134
-0.311417
-0.128376
-0.142634
562.511
641.942
641.848
649.714
655.392
656.025
656.417
659.718
666.103
675.022
686.224
699.755
715.753
734.279
755.29
778.674
804.298
831.563
856.17
869.573
865.107
872.614
855.696
879.835
640.757
639.287
646.968
652.857
654.048
655.013
658.752
665.379
674.38
685.569
699.06
715.032
733.571
754.59
777.842
802.815
828.235
851.242
867.283
869.206
895.14
816.155
815.134
637.516
634.84
642.113
648.676
650.938
652.804
657.186
664.148
673.24
684.384
697.794
713.727
732.291
753.354
776.548
801.171
825.84
847.994
864.515
875.514
896.071
799.846
804.059
632.883
628.737
635.318
643.512
647.325
650.165
655.189
662.464
671.603
682.647
695.93
711.812
730.437
751.618
774.872
799.376
823.726
845.796
863.37
876.444
887.896
847.313
849.909
627.524
621.048
626.268
638.001
643.76
647.316
652.826
660.325
669.442
680.319
693.423
709.244
727.981
749.382
772.853
797.498
821.931
844.316
862.928
877.193
886.405
874.801
898.274
622.737
611.722
613.755
631.508
640.425
644.195
650.019
657.675
666.709
677.351
690.214
705.966
724.885
746.635
770.497
795.555
820.427
843.453
863.154
878.71
889.302
893.64
926.084
621.001
602.816
599.266
624.091
637.056
640.549
646.611
654.447
663.361
673.69
686.223
701.883
721.082
743.357
767.796
793.543
819.185
843.142
864.068
881.036
893.392
902.89
930.094
625.453
600.866
590.917
618.751
632.232
636.138
642.598
650.676
659.392
669.296
681.367
696.902
716.517
739.454
764.66
791.446
818.189
843.348
865.669
884.18
897.978
907.418
918.319
170.804
170.8
170.998
171.035
170.651
170.327
170.345
170.978
171.929
171.948
158.615
151.617
150.579
152.776
155.978
161.007
174.045
211.772
687.493
170.8
170.748
170.973
171.077
170.619
170.191
170.102
170.645
171.367
158.646
152.829
150.488
150.016
152.729
155.831
157.146
157.602
159.604
341.18
170.79
170.629
170.841
171.141
170.545
169.922
169.634
169.718
168.785
158.642
152.646
149.92
150.128
152.803
155.555
156.985
157.274
157.173
184.672
170.781
170.496
178.985
171.211
170.388
169.493
169.008
168.375
165.578
158.389
152.766
148.631
149.39
152.556
155.246
156.702
157.161
157.249
163.387
170.794
170.555
422.752
319.905
170.116
168.842
168.332
167.187
163.911
157.912
151.653
145.53
147.175
151.81
154.888
156.394
156.958
157.498
160.386
170.862
170.747
454.441
498.656
171.84
167.947
167.707
166.358
163.018
156.259
148.027
140.661
144.033
150.553
154.419
156.057
156.696
157.118
161.415
170.95
170.942
525.647
555.056
175.241
167.154
167.215
165.908
163.422
153.44
142.535
134.143
140.857
149.211
153.859
155.722
156.432
156.691
164.806
171.035
425.503
593.551
615.784
164.531
166.751
166.925
165.753
164.305
150.35
136.469
128.362
138.022
147.64
153.237
155.396
156.18
156.361
175.064
641.735
627.386
385.234
415.255
593.856
611.063
628.395
641.944
650.289
659.079
670.297
685.977
705.775
729.65
757.553
787.238
816.826
844.984
870.37
892.201
908.474
915.79
899.93
677.952
2.24404
2.49008
2.025
2.091
2.15968
2.25024
7.78373
26.3104
39.5027
74.5892
156.089
327.191
589.943
746.659
783.089
816.294
849.045
878.839
906.145
927.328
941.808
947.187
2.08015
2.08114
2.04843
2.03825
2.05024
2.06718
2.05211
1.942
1.88448
2.07629
2.0537
2.08686
2.15825
2.15791
2.23599
39.9728
385.213
856.963
891.512
924.495
952.496
975.124
992.918
2.06766
2.04559
2.03585
2.02567
2.0264
2.02588
2.00908
1.97192
1.94366
1.94609
1.99609
2.04508
2.09467
2.13544
2.16418
2.1614
2.16794
2.18392
81.2039
564.094
983.562
1010.21
1035.61
2.03434
2.014
2.00858
2.00289
2.00088
1.99806
1.98954
1.97436
1.96427
1.97121
1.99574
2.02738
2.05435
2.07404
2.09217
2.10782
2.12922
2.12086
2.09365
2.11872
6.54103
146.269
770.324
2.00266
1.9827
1.97946
1.97662
1.975
1.97302
1.96939
1.96508
1.96466
1.97342
1.99135
2.01309
2.03492
2.05675
2.07562
2.09506
2.11309
2.12297
2.11891
2.12965
2.11935
2.11473
2.10881
1.9697
1.95039
1.94958
1.94894
1.94889
1.94903
1.94928
1.95059
1.95505
1.96476
1.97972
1.99806
2.01768
2.03769
2.05774
2.07733
2.09583
2.11103
2.12237
2.13291
2.14195
2.13307
2.13247
1.93376
1.91642
1.91879
1.92041
1.92218
1.92453
1.92767
1.93233
1.93958
1.95031
1.96455
1.98151
2.00018
2.0198
2.03989
2.05998
2.0794
2.09726
2.11265
2.12413
2.11702
2.13542
2.06742
1.89557
1.88245
1.88777
1.89121
1.89476
1.89896
1.90423
1.91112
1.92023
1.93198
1.94641
1.96315
1.98165
2.00137
2.02185
2.04259
2.063
2.08216
2.09825
2.10569
2.07734
2.02153
1.95698
1.86122
1.85183
1.85742
1.86175
1.86649
1.8721
1.87896
1.88747
1.89798
1.91074
1.92578
1.9429
1.96179
1.98206
2.00331
2.02506
2.04667
2.0671
2.08412
2.09165
2.06557
2.03858
1.94184
1.83439
1.82277
1.82723
1.83175
1.83721
1.84384
1.8519
1.86165
1.87332
1.88707
1.90292
1.92077
1.94043
1.96163
1.98404
2.00724
2.03064
2.05325
2.07325
2.08663
2.08132
2.07224
2.82478
1.80632
1.79276
1.7962
1.80073
1.80664
1.81403
1.82302
1.83378
1.84646
1.86117
1.87794
1.89674
1.91744
1.93987
1.9638
1.98889
2.01471
2.04053
2.06519
2.08671
2.10122
2.11099
2.12181
1.77575
1.76071
1.76366
1.76825
1.77453
1.78251
1.79225
1.80386
1.81745
1.8331
1.85086
1.87071
1.89262
1.9165
1.9422
1.96955
1.99828
2.02802
2.05822
2.0882
2.11749
2.14762
2.18458
1.7428
1.72647
1.72929
1.73404
1.74066
1.74913
1.75951
1.77186
1.78628
1.80283
1.82157
1.84255
1.86576
1.89119
1.91884
1.94863
1.98051
2.01441
2.05028
2.08821
2.12882
2.17414
2.22841
1.70748
1.69003
1.69293
1.69791
1.70485
1.71377
1.7247
1.73771
1.75289
1.77028
1.78999
1.81208
1.8366
1.86363
1.89322
1.92548
1.96048
1.99841
2.03952
2.08429
2.13354
2.18908
2.25329
1.66986
1.65142
1.65451
1.65974
1.667
1.67632
1.68774
1.70134
1.71719
1.73537
1.75598
1.77912
1.8049
1.83344
1.8649
1.89947
1.93737
1.97892
2.02457
2.07492
2.13084
2.19349
2.26417
1.62999
1.61063
1.61397
1.61944
1.62701
1.63669
1.64854
1.66265
1.6791
1.69798
1.71939
1.74349
1.7704
1.80031
1.83343
1.87004
1.91045
1.95508
2.00448
2.0593
2.12035
2.18848
2.26436
1.58792
1.56767
1.57127
1.57697
1.58479
1.59479
1.60701
1.62155
1.63851
1.65798
1.68009
1.70499
1.73286
1.76392
1.79843
1.8367
1.87914
1.92623
1.97857
2.03687
2.10195
2.17457
2.25529
1.54368
1.52254
1.52638
1.53227
1.54031
1.55057
1.5631
1.57798
1.59534
1.61528
1.63793
1.66346
1.69208
1.72401
1.75956
1.79909
1.84301
1.89187
1.94633
2.00717
2.07529
2.15164
2.23703
1.49732
1.47526
1.47929
1.48532
1.49353
1.50398
1.51674
1.53187
1.54952
1.56978
1.59281
1.61878
1.64789
1.68041
1.71663
1.75692
1.80174
1.85164
1.90734
1.96969
2.03977
2.11889
2.20848
1.44883
1.42581
1.42996
1.4361
1.44443
1.455
1.46789
1.48318
1.50098
1.52143
1.54466
1.57084
1.6002
1.63298
1.66947
1.71005
1.75514
1.80532
1.86129
1.92398
1.99465
2.07504
2.16747
1.39827
1.37423
1.3784
1.3846
1.39298
1.40361
1.41654
1.43187
1.44971
1.47018
1.49342
1.51961
1.54895
1.58167
1.61805
1.65843
1.70319
1.75285
1.80808
1.86977
1.93925
2.01856
2.11095
1.34564
1.32048
1.32461
1.33082
1.3392
1.3498
1.36268
1.37794
1.39568
1.41602
1.4391
1.46508
1.49415
1.52651
1.56241
1.60213
1.64598
1.69439
1.74788
1.80715
1.87335
1.94838
2.03577
1.29085
1.26453
1.2686
1.27478
1.28309
1.29358
1.30632
1.3214
1.33891
1.35898
1.38172
1.40729
1.43585
1.46757
1.50267
1.54134
1.58381
1.63035
1.68124
1.73684
1.79774
1.86498
1.94079
1.23384
1.20636
1.21038
1.21649
1.22467
1.23499
1.24749
1.26228
1.27944
1.29909
1.32133
1.3463
1.37413
1.40499
1.43902
1.47635
1.51709
1.56133
1.60909
1.66024
1.71453
1.7714
1.82994
1.1746
1.14602
1.15
1.156
1.164
1.17406
1.18624
1.20063
1.21732
1.23641
1.258
1.2822
1.30914
1.33894
1.3717
1.40747
1.44628
1.48806
1.53255
1.5792
1.62691
1.67343
1.71405
1.11317
1.08358
1.08753
1.09337
1.10112
1.11085
1.12263
1.13653
1.15263
1.17104
1.19183
1.21512
1.241
1.26958
1.30092
1.33502
1.37184
1.4112
1.45269
1.49548
1.53799
1.57715
1.60682
1.04965
1.01917
1.02305
1.02869
1.03613
1.04546
1.05674
1.07005
1.08546
1.10306
1.12293
1.14517
1.16986
1.19709
1.22689
1.25925
1.2941
1.33122
1.37017
1.41007
1.44935
1.48517
1.5123
0.984245
0.952936
0.9567
0.962066
0.969128
0.977975
0.988674
1.00129
1.01591
1.03259
1.05142
1.07249
1.09586
1.1216
1.14977
1.18035
1.21325
1.24829
1.28509
1.32295
1.36065
1.3961
1.42582
0.917218
0.885086
0.888618
0.893624
0.900228
0.908513
0.918545
0.930384
0.944095
0.959753
0.977427
0.997189
1.01911
1.04326
1.06969
1.09838
1.1293
1.16232
1.19717
1.2334
1.27025
1.30651
1.34033
0.84883
0.815776
0.818937
0.823482
0.829544
0.837188
0.846466
0.857433
0.870151
0.884679
0.901078
0.919417
0.939765
0.962184
0.986723
1.0134
1.04221
1.07309
1.1059
1.1404
1.17623
1.21289
1.24969
0.779221
0.745087
0.747738
0.751738
0.757184
0.764114
0.772563
0.782578
0.79421
0.807509
0.822524
0.839315
0.857951
0.87849
0.900983
0.92546
0.951943
0.980427
1.01085
1.04311
1.07709
1.11269
1.14982
0.708352
0.672997
0.675074
0.678475
0.683254
0.689415
0.696971
0.705961
0.716425
0.728397
0.741919
0.757046
0.773835
0.792336
0.812601
0.834661
0.858545
0.884268
0.911802
0.941085
0.97208
1.00477
1.03917
0.636059
0.599443
0.600984
0.603783
0.607869
0.613218
0.619833
0.627738
0.636956
0.647512
0.65944
0.672789
0.687599
0.703908
0.721755
0.741167
0.762161
0.784732
0.808828
0.834361
0.861223
0.889275
0.918331
0.562203
0.524447
0.525537
0.527767
0.531159
0.535673
0.541305
0.548072
0.555983
0.565045
0.57529
0.586753
0.599457
0.613422
0.628673
0.645219
0.663043
0.6821
0.702276
0.723397
0.745206
0.767296
0.789044
0.486784
0.448133
0.448852
0.450555
0.453264
0.456935
0.461557
0.467142
0.47369
0.481197
0.489678
0.49916
0.509645
0.521132
0.53363
0.547118
0.561542
0.576799
0.592703
0.608969
0.625164
0.640561
0.653909
0.409968
0.370677
0.371095
0.372304
0.374345
0.377171
0.380766
0.385135
0.390272
0.396168
0.402823
0.410243
0.418413
0.427315
0.43693
0.447208
0.458057
0.469324
0.480757
0.491976
0.502416
0.511112
0.516334
0.332055
0.292322
0.292475
0.29321
0.294592
0.296571
0.299127
0.302259
0.305956
0.310197
0.314971
0.320267
0.326049
0.332278
0.338913
0.345872
0.353029
0.3602
0.367093
0.373283
0.378158
0.380725
0.37922
0.253377
0.213359
0.213228
0.213498
0.214224
0.215353
0.216866
0.218753
0.220989
0.223547
0.226405
0.229527
0.232864
0.236361
0.239947
0.243514
0.246916
0.249954
0.252331
0.253638
0.253323
0.250537
0.243845
0.174183
0.133861
0.1334
0.133203
0.133273
0.133553
0.13402
0.134653
0.13542
0.136274
0.137183
0.1381
0.138954
0.139672
0.140162
0.140292
0.139901
0.138792
0.136693
0.133266
0.128097
0.120603
0.109828
0.0948991
0.0546238
0.0537865
0.0531324
0.0525603
0.0520075
0.0514462
0.0508452
0.0501568
0.0493294
0.0483143
0.0470476
0.0454449
0.0434117
0.0408356
0.0375711
0.0334464
0.0282677
0.0218142
0.0138545
0.00417797
-0.00738471
-0.0210269
0.0163187
-0.0257082
-0.0269214
-0.0280269
-0.0292475
-0.0306365
-0.0322393
-0.0341005
-0.0362702
-0.038811
-0.041791
-0.045292
-0.049417
-0.0542812
-0.060024
-0.0668102
-0.0748227
-0.0842577
-0.0953037
-0.108103
-0.122669
-0.138706
-0.155264
829.563
772.338
718.541
726.732
938.643
929.582
922.729
919.16
1005.14
1011.17
1017.07
1022.68
1060.57
1074.53
1088.64
1102.37
1108.74
1126.01
1144.87
1167.4
5.0888
40.644
489.52
1222.39
2.14733
2.16768
2.1524
2.11799
2.03725
2.29413
2.55374
2.33295
1.90085
1.9025
1.93917
2.22356
1.83207
1.81751
1.86502
2.0879
2.24841
2.154
2.19812
2.31481
2.59816
3.0121
3.61371
3.68106
2.23351
2.2698
2.3142
2.36687
2.28839
2.32675
2.36938
2.41573
2.31838
2.35737
2.39869
2.44181
2.33282
2.37266
2.41402
2.45653
2.33674
2.37825
2.42103
2.46477
2.3321
2.37612
2.42152
2.46799
2.31902
2.36639
2.41556
2.46623
2.2961
2.34753
2.40164
2.45818
2.26024
2.31601
2.37595
2.44011
2.20629
2.26539
2.33084
2.40346
2.12742
2.18586
2.25281
2.33081
2.01805
2.06681
2.12297
2.19116
1.88164
1.90793
1.93453
1.96047
1.73586
1.73796
1.72591
1.68982
1.61439
1.60605
1.58263
1.53668
1.52109
1.51691
1.5039
1.47993
1.44229
1.44571
1.44408
1.43552
1.36541
1.37649
1.38554
1.39164
1.28113
1.29784
1.31469
1.33146
1.18336
1.20216
1.2218
1.24226
1.07047
1.08798
1.10598
1.12412
0.944173
0.958366
0.972684
0.986779
0.807008
0.816324
0.825469
0.83464
0.662183
0.664834
0.66586
0.665152
0.515437
0.51167
0.504559
0.493024
0.371921
0.364379
0.353106
0.336721
0.232709
0.223641
0.211349
0.194483
0.0962488
0.0866078
0.074457
0.0587401
-0.0351216
-0.0440144
-0.0546605
-0.0684097
-0.168344
-0.17417
-0.178623
-0.181586
728.7
740.64
738.106
338.955
165.759
166.583
166.826
166.9
163.497
147.473
131.672
124.875
135.693
145.92
152.622
155.01
155.858
156.07
192.301
917.471
907.528
790.79
166.82
166.661
166.877
166.999
166.921
167.09
156.139
139.54
132.213
136.774
146.978
152.967
155.051
155.742
155.92
200.302
1028.47
1023.82
202.856
166.997
167.058
167.197
167.171
166.716
164.886
160.092
154.536
147.233
144.732
150.28
154.049
155.371
155.745
155.74
168.469
1118.27
1099.08
167.085
167.15
167.313
167.479
167.35
166.645
164.942
161.902
158.611
155.472
152.426
152.32
154.535
155.609
155.795
155.828
155.665
1195.97
1084.59
167.188
167.244
167.422
167.593
167.698
166.531
165.044
163.382
162.092
160.702
156.203
151.648
153.251
155.41
155.805
156.094
156.773
1261.61
1328.1
167.431
167.258
167.282
166.456
237.944
166.001
164.879
163.844
163.855
164.077
238.088
150.959
152.529
155.064
155.647
155.885
589.286
522.971
1383.52
1440.44
309.897
847.719
1397.04
1397.22
1221.47
164.536
163.606
164.446
165.084
286.294
152.781
242.012
169.064
155.715
155.963
1309.28
2.11462
251.664
1464.64
1525.97
1510.5
1490.63
1506.42
1548.6
1521.66
163.83
163.77
168.893
264.653
1110.42
1465.49
1548.1
520.813
156.867
1665.26
2.92342
2.47451
2.59073
159.832
465.603
613.43
1008.42
1606.41
1655.68
1335.63
163.224
162.199
501.43
1581.31
1593.99
1649.69
1717.95
989.998
1947.39
2.97056
3.03798
2.63571
3.16816
3.37442
2.96807
3.07003
3.5444
612.661
1739.83
1767.52
1160.77
1697.61
1729.68
1468.67
1615.76
1799.64
1977.59
2232.78
2.66014
2.74889
2.93812
3.91583
3.99485
2.94059
3.01733
3.02161
2.99146
3.18588
525.602
1316.02
1120.89
149.317
4.72924
4.88427
672.68
2011.98
2284.19
3.19844
2.74785
2.7267
2.7574
2.80481
2.92197
3.00672
3.05258
3.09374
3.17282
3.2171
3.42078
3.82156
4.31391
4.51809
4.7122
4.94133
1695.51
2151.69
2.44648
2.59185
2.69775
2.76869
2.83949
2.92831
3.00899
3.07426
3.13615
3.21285
3.31852
3.4926
3.80576
4.15345
4.39288
4.63904
4.9149
1756.03
2175.3
2.48095
2.5953
2.69345
2.77591
2.85821
2.94072
3.02068
3.09735
3.1766
3.26739
3.3792
3.52878
3.75359
4.00583
4.18343
4.68171
5.35833
1573.81
2254.46
2.50092
2.60419
2.70041
2.78816
2.87248
2.95452
3.03508
3.11626
3.20211
3.29773
3.40709
3.53072
3.68297
3.83212
3.72601
22.4093
17.3852
764.568
2352.63
2.51432
2.6156
2.7122
2.80241
2.88724
2.96825
3.04761
3.12829
3.21368
3.30697
3.40894
3.51294
3.61857
3.69507
3.68341
657.442
2394.06
602.741
2467.94
2.52411
2.62816
2.72756
2.81933
2.90318
2.98099
3.05598
3.13172
3.21159
3.29792
3.39106
3.48483
3.57866
3.65522
3.48404
30.0493
2520.59
2435.33
2618.57
2.53113
2.64194
2.74662
2.83994
2.92062
2.99165
3.05802
3.12439
3.19439
3.27029
3.35385
3.4447
3.55408
3.71786
3.84961
25.6296
2651.98
2675.68
2789.64
2.53554
2.65787
2.77141
2.86633
2.94007
2.99861
3.05071
3.10281
3.15846
3.21961
3.28921
3.37402
3.49831
3.76253
3.90963
2164.37
2763.75
2839.2
2668.33
2.53664
2.67781
2.80637
2.90259
2.96176
2.99836
3.02896
3.06173
3.0984
3.13836
3.18264
3.23843
3.32322
3.43641
147.691
2493.88
2920.9
2940.11
2114.81
2.53152
2.70369
2.86
2.95582
2.98332
2.98228
2.98381
2.99411
3.00857
3.01981
3.02071
3.01056
2.96736
3.26437
1916.67
1934.14
1591.46
1771.92
567.065
2.51156
2.73495
2.94668
3.03571
2.9904
2.92901
2.90013
2.89219
2.88637
2.86426
2.80329
2.67372
2.28605
61.7684
0.852711
0.660509
89.4026
14.8107
1349.85
2.45491
2.75595
3.08679
3.14584
2.92125
2.78986
2.75669
2.75123
2.73711
2.68611
2.55953
2.26175
1.43482
25.6257
0.211018
0.387187
1.29393
186.273
2401.73
2.30591
2.6735
4.18188
6.05488
2.52996
2.47257
2.53809
2.57876
2.57844
2.51529
2.35178
1.98916
1.10509
5.28207
5.71206
0.310724
6.17952
2.94494
436.856
2.00816
10.3787
42.6183
40.8195
6.92699
1.88507
2.27817
2.40887
2.44015
2.38536
2.23228
1.93559
1.39046
0.566909
0.898266
0.666976
6.56613
3.05762
1623
1.58866
42.8094
4.93672
9.1446
11.3369
1.51395
2.12786
2.30627
2.35226
2.31279
2.19893
2.00798
1.74535
1.44121
1.33341
1.46682
3.43623
8.49316
1663.44
1.42567
6.6601
9.51071
38.1679
1.2471
1.99602
2.26293
2.3111
2.32131
2.28873
2.21809
2.11887
2.01973
1.95159
1.93123
1.96077
4.37852
4.17754
1375.21
1.4294
1.26803
64.6009
65.1117
21.3618
2.5432
2.48471
2.35133
2.31233
2.28635
2.25756
2.22824
2.21689
2.84008
2.27444
2.49432
5.8183
4.44213
113.426
1.41046
1.27276
0.948023
62.509
41.4397
29.2197
2.76832
2.28861
2.26846
2.27298
2.28825
2.31164
2.33578
4.20236
4.34236
2.69853
7.33548
25.4532
72.6804
1.39481
1.37993
1.35001
1.47755
2.177
2.47843
26.3756
2.16427
2.16322
2.22764
2.29709
2.37384
2.44793
3.44704
4.61163
3.07731
6.72347
5.08171
6.32
1.35454
1.40304
1.48579
1.62217
1.76198
1.89262
2.44844
19.2927
2.04015
2.14096
2.2792
2.42751
2.58117
2.73934
2.91475
4.38974
7.84918
5.55716
1664.58
1.27158
1.33584
1.44593
3.65574
4.4181
1.01817
1.30973
5.21434
13.1027
2.0066
2.21167
2.46584
2.70401
2.93823
3.10082
3.64719
8.10813
82.6863
9.95658
1.14827
1.186
1.2226
18.272
12.0394
-0.0136541
0.553647
1.0126
12.5307
4.31303
2.04938
2.46529
2.79383
3.09739
3.27068
7.92601
6.59114
3.45264
23.5803
1.00446
1.02156
0.938663
3.63021
-0.0172636
-0.126637
0.104522
0.505496
0.904718
12.4943
1.77495
2.38527
2.81059
3.18786
3.5998
4.50113
7.274
3.94871
3.89272
0.847309
0.874517
0.853848
67.2174
14.9539
-0.0156204
1.44165
1.20523
0.519827
12.3606
1.45152
2.17563
2.6849
3.11512
6.88677
5.90255
5.61514
4.22121
4.80048
0.662018
0.659656
23.1078
67.2298
65.1046
1.39605
-0.162789
1.3185
0.0842102
12.0785
1.14465
1.78917
2.29627
2.92827
3.56808
49.4934
230.685
309.716
267.587
0.469254
0.383517
22.3546
12.149
146.953
148.455
-0.831369
-0.0366299
0.308172
10.8871
0.725257
1.14629
1.49114
1.87407
153.027
120.413
1.83326
1.36622
1.44598
0.304788
0.1931
0.0146563
40.0697
5.98784
152.218
-1.60603
-1.59628
-0.190035
-0.488499
-0.0587979
0.279105
0.174035
123.147
2.44283
1.62549
1.6691
1.13139
1.0129
0.161296
0.0903047
0.996743
5.67221
-0.812276
-1.50168
-1.79641
-1.84755
-1.49372
-0.955557
-0.626305
-0.627739
-0.660019
200.149
-1.36232
241.31
8.45443
0.659975
2.80164
0.0302459
0.11855
-0.381701
-0.577888
-0.187504
-1.02748
-1.62864
-1.7039
-1.33359
-1.09151
-0.925485
-1.22516
31.0108
6.07875
-1.72084
247.682
20.7368
-0.0728942
2.48332
-0.0945753
-0.213428
-0.531002
-0.59791
-0.698199
-0.715072
-1.07665
-1.17053
-0.540893
-0.742067
-0.865016
-1.49558
137.203
-1.07006
-0.415024
-0.447646
-0.332108
-0.645418
2.89108
-0.183961
-0.197455
-0.391007
-0.559914
-0.53038
-0.361528
-0.184374
-0.330856
0.680736
-0.539087
-0.353849
-1.13799
35.6518
-1.39151
2.07534
-0.52616
-0.256362
0.205146
-0.0877113
640.507
645.278
653.257
656.089
655.959
657.652
662.562
670.271
680.339
692.69
707.439
724.703
744.481
766.692
791.219
817.823
844.83
864.295
864.153
877.516
866.092
844.02
911.396
637.968
642.629
650.542
653.82
654.277
656.491
661.741
669.604
679.698
692.015
706.726
723.981
743.782
765.961
790.164
815.606
840.292
860.397
869.717
881.033
878.778
785.36
888.056
633.678
637.963
645.866
650.192
651.642
654.642
660.378
668.442
678.546
690.788
705.433
722.683
742.527
764.718
788.745
813.628
837.442
857.069
870.312
885.728
883.496
774.513
876.269
627.904
631.373
639.584
645.916
648.559
652.367
658.577
666.808
676.87
688.983
703.53
720.786
740.732
763.027
787.039
811.688
835.2
855.237
870.335
883.033
879.952
816.308
898.76
621.123
622.541
631.585
641.696
645.386
649.791
656.36
664.684
674.636
686.559
700.971
718.254
738.38
760.905
785.102
809.849
833.501
854.169
870.594
882.821
884.697
875.651
936.527
614.413
610.908
621.181
637.712
642.145
646.835
653.661
662.019
671.796
683.46
697.697
715.036
735.446
758.351
782.951
808.117
832.273
853.79
871.483
884.775
892.193
902.837
958.973
610.521
598.244
609.291
633.776
638.54
643.29
650.376
658.764
668.308
679.62
693.616
711.05
731.89
755.347
780.58
806.482
831.465
854.054
873.093
887.839
898.116
912.112
952.825
615.733
591.508
602.114
629.101
633.855
639.094
646.529
654.932
664.148
674.978
688.633
706.217
727.647
751.793
777.936
804.938
831.044
854.932
875.461
891.714
903.092
911.51
908.545
170.793
170.864
171.094
170.861
170.46
170.28
170.559
171.638
171.212
170.283
152.63
150.875
151.17
154.525
157.982
167.208
178.378
421.34
638.247
170.774
170.793
171.138
170.874
170.374
170.096
170.245
171.485
168.789
156.122
151.418
149.832
151.115
154.402
156.711
157.505
157.183
186.175
580.734
170.742
170.586
171.152
170.882
170.195
169.745
169.596
170.171
162.061
155.02
151.082
149.574
151.334
154.281
156.442
157.26
157.113
161.398
485.258
170.714
170.023
183.703
170.915
169.861
169.253
168.732
167.793
161.473
155.662
150.251
148.449
150.957
154.034
156.118
157.044
157.161
157.452
300.852
170.742
195.031
431.327
172.631
169.2
168.656
167.881
166.019
160.774
155.105
147.839
145.449
149.668
153.582
155.779
156.779
157.11
157.608
171.963
170.874
278.458
473.312
336.94
167.463
167.997
167.203
165.019
159.892
152.29
143.3
141.045
147.797
152.814
155.4
156.475
156.91
157.059
178.295
171.012
419.364
536.321
449.509
165.254
167.359
166.761
164.705
159.758
147.756
136.544
135.778
146.392
151.863
155.005
156.177
156.647
156.83
451.538
199.95
602.861
604.374
304.334
166.052
166.966
166.562
164.519
158.31
143.146
130.207
130.965
143.771
150.895
154.589
155.902
156.401
156.462
494.195
653.638
576.169
306.954
563.088
601.411
620.251
636.048
646.104
654.577
664.183
677.584
695.304
717.256
743.367
772.202
802.205
831.151
858.061
881.844
901.157
913.632
912.356
875.155
158.186
2.03552
4.23982
2.05644
2.12076
2.21161
2.22797
18.5083
32.2946
52.4276
107.373
227.312
457.953
703.483
763.974
799.954
833.077
863.948
893.248
917.473
935.516
945.991
944.734
2.05979
2.07319
2.01439
2.04116
2.05916
2.068
2.0163
1.90347
1.94521
2.09504
2.0563
2.13174
2.16464
2.16599
9.72865
149.749
710.473
871.87
909.344
939.12
964.339
984.672
1000.23
2.04401
2.04144
2.02412
2.02522
2.0276
2.01982
1.99265
1.95366
1.93916
2.07299
2.02645
2.07446
2.12008
2.15446
2.16346
2.15152
2.24563
17.8087
237.567
945.962
996.644
1022.39
1049.94
2.01565
2.01117
2.00405
2.00162
1.99989
1.99475
1.98238
1.96773
1.96512
1.98151
2.01189
2.04146
2.06492
2.08331
2.09914
2.12277
2.15413
2.04641
2.11604
2.25776
44.6989
344.67
1086.9
1.98397
1.98091
1.97767
1.97571
1.97416
1.97143
1.9671
1.96403
1.96766
1.98159
2.00202
2.02407
2.04744
2.06574
2.08549
2.10464
2.12212
2.11338
2.12317
2.15009
2.09444
2.10795
2.15883
1.95026
1.94978
1.94911
1.94885
1.94895
1.94911
1.94969
1.95227
1.95917
1.97169
1.9886
2.00781
2.02765
2.04774
2.0676
2.08682
2.10413
2.11605
2.12784
2.14014
2.137
2.12638
2.14362
1.91367
1.91754
1.91953
1.92116
1.92329
1.92597
1.92974
1.93556
1.94448
1.95703
1.97275
1.99069
2.0099
2.02982
2.04997
2.06982
2.0886
2.10527
2.11917
2.12508
2.14698
2.11645
2.03815
1.87667
1.88534
1.88951
1.89293
1.89676
1.90143
1.90743
1.91536
1.92576
1.93888
1.95452
1.97221
1.99139
2.01155
2.03222
2.05288
2.07281
2.09078
2.10365
2.09938
2.04751
1.99281
1.92041
1.84631
1.85494
1.85957
1.86403
1.86916
1.87535
1.88299
1.89246
1.90407
1.91798
1.93409
1.95214
1.97177
1.99259
2.01416
2.03593
2.05713
2.07626
2.08963
2.08585
2.04362
2.01955
1.87455
1.82126
1.82524
1.8294
1.83435
1.84036
1.84768
1.85655
1.86723
1.87993
1.89473
1.9116
1.93039
1.95086
1.97271
1.99558
2.01896
2.04212
2.06374
2.08108
2.08848
2.07565
2.26304
2.42132
1.79219
1.79445
1.79829
1.80351
1.81015
1.81832
1.82817
1.83987
1.85356
1.8693
1.88709
1.90686
1.92845
1.95166
1.97622
2.00175
2.02768
2.05311
2.07648
2.0954
2.10597
2.11599
2.38791
1.76045
1.76201
1.76574
1.77118
1.77831
1.78715
1.79782
1.81041
1.82502
1.84172
1.86052
1.88141
1.90432
1.92913
1.95569
1.98376
2.01305
2.0431
2.07328
2.10293
2.13222
2.16462
2.20967
1.72626
1.72765
1.73143
1.73712
1.74466
1.75407
1.76543
1.77881
1.79428
1.81192
1.83178
1.85387
1.8782
1.90474
1.93347
1.96431
1.99721
2.0321
2.06897
2.10808
2.15069
2.19977
2.26101
1.68973
1.69122
1.69517
1.70114
1.70906
1.71898
1.73094
1.74503
1.7613
1.77984
1.80073
1.82403
1.8498
1.8781
1.90901
1.94263
1.97907
2.01855
2.06141
2.10831
2.1604
2.21992
2.28951
1.65091
1.65268
1.65687
1.66311
1.6714
1.68176
1.69426
1.70898
1.72598
1.74537
1.76723
1.79167
1.81882
1.8488
1.88178
1.91798
1.95766
2.0012
2.04911
2.10212
2.16124
2.22776
2.3028
1.60985
1.61201
1.61645
1.62296
1.63158
1.64234
1.65531
1.67057
1.68823
1.70836
1.7311
1.75658
1.78497
1.81645
1.85128
1.88974
1.93221
1.97915
2.03116
2.08899
2.15347
2.22543
2.30527
1.56661
1.5692
1.57385
1.58061
1.58952
1.60062
1.61399
1.62972
1.64792
1.6687
1.69218
1.71854
1.74798
1.78072
1.81707
1.85737
1.90207
1.9517
2.00693
2.06851
2.13727
2.2139
2.29871
1.52123
1.52421
1.52906
1.53602
1.54516
1.55654
1.57024
1.58635
1.60498
1.62626
1.65033
1.67737
1.70761
1.74132
1.7788
1.82047
1.86679
1.91836
1.9759
2.04026
2.11238
2.19316
2.28327
1.47375
1.47705
1.48203
1.48915
1.49847
1.51007
1.524
1.54038
1.55931
1.58094
1.60542
1.63293
1.66371
1.69803
1.73624
1.77873
1.82601
1.87872
1.93762
2.00369
2.07812
2.16229
2.25764
1.42427
1.42769
1.43276
1.43998
1.44943
1.46115
1.47523
1.49176
1.51087
1.53268
1.55737
1.58511
1.61614
1.65074
1.68922
1.732
1.77956
1.83253
1.89173
1.95822
2.0335
2.11957
2.21913
1.37279
1.37611
1.38123
1.38851
1.39801
1.40978
1.4239
1.44047
1.4596
1.48144
1.50614
1.53388
1.56487
1.59939
1.63772
1.68023
1.72737
1.77972
1.83805
1.90343
1.97751
2.06285
2.16356
1.31916
1.32231
1.32745
1.33474
1.34422
1.35595
1.37001
1.38649
1.40552
1.42721
1.45172
1.47922
1.5099
1.544
1.58177
1.62352
1.66959
1.72046
1.77673
1.83929
1.90959
1.99021
2.08597
1.26328
1.2663
1.27143
1.27867
1.28806
1.29967
1.31356
1.32984
1.34862
1.37
1.39414
1.42118
1.4513
1.48469
1.52155
1.56209
1.60656
1.65523
1.70842
1.76658
1.83047
1.90158
1.98331
1.20512
1.20809
1.21318
1.22032
1.22956
1.24096
1.2546
1.27056
1.28895
1.30987
1.33346
1.35985
1.38918
1.4216
1.45727
1.49628
1.53877
1.58477
1.63425
1.68702
1.74269
1.80053
1.85949
1.14474
1.14773
1.15276
1.15974
1.16876
1.17988
1.19316
1.20869
1.22656
1.24689
1.26977
1.29532
1.32368
1.35494
1.3892
1.42649
1.4668
1.50999
1.55566
1.60303
1.65053
1.69494
1.72918
1.0822
1.08529
1.09021
1.097
1.10573
1.11648
1.12931
1.1443
1.16154
1.18113
1.20316
1.22773
1.25495
1.2849
1.31762
1.35309
1.39122
1.43172
1.474
1.51691
1.55827
1.59375
1.61457
1.01764
1.02087
1.02565
1.03218
1.04055
1.05085
1.06314
1.07748
1.09398
1.11271
1.13375
1.1572
1.18315
1.21166
1.24275
1.27638
1.3124
1.35051
1.39007
1.42993
1.46795
1.50029
1.51999
0.951308
0.954613
0.959171
0.965377
0.973324
0.983089
0.99474
1.00835
1.02399
1.04173
1.06167
1.08388
1.10843
1.13538
1.16476
1.19652
1.23052
1.26651
1.30395
1.34193
1.37883
1.41197
1.43697
0.883539
0.886682
0.890918
0.896718
0.904157
0.913307
0.924235
0.937001
0.951676
0.968334
0.987042
1.00788
1.03091
1.05619
1.08375
1.11357
1.14556
1.17954
1.21515
1.25181
1.28855
1.32388
1.35559
0.814526
0.817205
0.821012
0.826317
0.833166
0.841619
0.851734
0.86357
0.877185
0.892641
0.91
0.929335
0.950713
0.974186
0.999794
1.02754
1.0574
1.08927
1.12295
1.15818
1.1945
1.23133
1.26797
0.74426
0.746256
0.749545
0.754276
0.760462
0.768146
0.777372
0.788189
0.800648
0.814799
0.830693
0.848398
0.867979
0.88949
0.912971
0.93845
0.965938
0.995401
1.02675
1.05989
1.0947
1.13107
1.16901
0.672618
0.673866
0.676584
0.68069
0.686162
0.693016
0.701284
0.711007
0.72222
0.734961
0.749278
0.765229
0.782868
0.802246
0.823404
0.846373
0.871177
0.897812
0.926228
0.956371
0.988213
1.02176
1.05706
0.599446
0.600033
0.602199
0.605666
0.610387
0.616366
0.623623
0.632181
0.642065
0.653302
0.665934
0.68001
0.695563
0.712637
0.731264
0.751466
0.773251
0.796593
0.821422
0.847634
0.87511
0.903693
0.933177
0.524663
0.524806
0.526481
0.529319
0.533277
0.538349
0.544546
0.551884
0.560368
0.570018
0.580868
0.592948
0.606281
0.620886
0.636784
0.653973
0.672423
0.692058
0.712731
0.734236
0.75625
0.778259
0.799556
0.448395
0.448307
0.449547
0.451786
0.454981
0.459127
0.464229
0.470296
0.477323
0.485314
0.494294
0.504277
0.515262
0.527256
0.540253
0.554218
0.569077
0.584685
0.600814
0.617112
0.633024
0.647596
0.659244
0.37089
0.370703
0.371562
0.373224
0.375661
0.378872
0.382853
0.387608
0.393125
0.3994
0.406438
0.414235
0.422774
0.432035
0.44199
0.45257
0.463651
0.47504
0.486422
0.497341
0.507066
0.514308
0.516769
0.292457
0.29221
0.292726
0.293824
0.295509
0.297777
0.300622
0.304038
0.308009
0.312518
0.317556
0.3231
0.32911
0.33555
0.342359
0.349435
0.356629
0.363705
0.370308
0.375935
0.379815
0.380632
0.376035
0.213388
0.213088
0.213269
0.21381
0.21474
0.216061
0.217765
0.219829
0.222229
0.224941
0.227936
0.231171
0.234596
0.23815
0.24174
0.245247
0.248496
0.251247
0.253149
0.253727
0.25231
0.247794
0.238284
0.13377
0.133398
0.133239
0.133211
0.133387
0.133765
0.134317
0.135022
0.135839
0.136724
0.137644
0.13854
0.139335
0.139953
0.140281
0.140173
0.139452
0.137886
0.135168
0.13093
0.124689
0.115701
0.102657
0.0544352
0.0539871
0.0534335
0.0528423
0.0522836
0.0517287
0.0511545
0.0505151
0.0497623
0.0488499
0.0477172
0.0462933
0.0444895
0.0421997
0.0392995
0.0356277
0.0310021
0.0252157
0.0180364
0.00924204
-0.00135739
-0.013929
-0.0288139
-0.0256786
-0.0264456
-0.0274652
-0.0286187
-0.029918
-0.0314085
-0.0331352
-0.0351431
-0.0374899
-0.0402417
-0.0434704
-0.0472697
-0.051749
-0.0570331
-0.0632753
-0.0706512
-0.0793509
-0.0895692
-0.101478
-0.115173
-0.130543
-0.147018
-0.163152
803.683
736.362
721.138
731.999
933.978
925.255
920.552
918.52
1008.18
1014.14
1019.95
1025.28
1067.47
1081.61
1095.62
1108.94
1117.35
1134.53
1156.18
1178.28
3.24761
149.237
1096.41
1236.75
2.16259
2.1651
2.14785
29.5723
2.03749
2.56011
2.5485
2.00212
1.89997
1.90411
1.97619
2.65157
1.81612
1.83399
1.90633
2.82403
2.16893
2.17374
2.22552
2.51457
2.5529
3.57896
3.64354
3.38116
2.25073
2.29096
2.33943
2.39567
2.30703
2.34754
2.39217
2.43982
2.33756
2.37777
2.42008
2.46377
2.35253
2.39317
2.43516
2.47806
2.35732
2.3995
2.44281
2.48689
2.35392
2.39866
2.44464
2.49151
2.34246
2.39076
2.44073
2.492
2.32147
2.37426
2.42963
2.48723
2.28762
2.34546
2.40751
2.47368
2.2351
2.29726
2.36621
2.44263
2.15571
2.21812
2.29026
2.37483
2.04168
2.09378
2.15538
2.23067
1.89444
1.9213
1.94755
1.97112
1.73825
1.73418
1.71156
1.65429
1.61175
1.59664
1.56317
1.50239
1.51996
1.51168
1.49343
1.46343
1.44454
1.44564
1.44079
1.42789
1.37116
1.38133
1.38899
1.39337
1.28945
1.30628
1.32306
1.33994
1.19265
1.2119
1.2319
1.25295
1.07914
1.09695
1.11503
1.13316
0.951239
0.965531
0.979783
0.993611
0.811696
0.820913
0.830043
0.839504
0.6637
0.665563
0.665733
0.664285
0.513917
0.508587
0.499408
0.485058
0.368558
0.359275
0.345629
0.325855
0.228536
0.217965
0.2036
0.183585
0.0917098
0.0808922
0.0671803
0.0491339
-0.0393984
-0.0490572
-0.0610236
-0.0771886
-0.171408
-0.176585
-0.18028
-0.182665
733.3
741.01
734.177
166.175
166.366
166.778
166.763
167.111
157.506
139.985
125.73
127.681
141.606
149.98
154.135
155.568
156.077
156.101
570.924
913.773
892.058
259.612
166.587
166.763
166.961
166.987
166.634
163.085
147.604
134.152
133.45
142.15
150.627
154.308
155.493
155.891
155.887
660.061
1028.87
800.578
167.063
166.963
167.165
167.204
167.037
166.09
162.826
157.199
151.019
144.787
147.302
152.567
154.914
155.616
155.812
155.633
816.999
1128.64
313.035
167.133
167.2
167.436
167.439
167.111
165.941
163.574
160.174
157.167
153.703
151.905
153.417
155.274
155.735
155.873
156.047
928.401
1217.3
215.404
167.215
167.294
167.598
167.543
167.261
165.813
164.201
162.678
161.54
159.502
152.135
152.303
154.666
155.686
155.921
156.189
1064.5
1293.97
932.336
167.4
167.18
184.286
167.553
177.81
165.542
164.181
163.796
163.972
164.282
175.634
151.244
154.009
155.583
155.748
155.776
1330.09
1329.52
1424.1
703.347
350.462
1374.06
1397.53
1431.99
497.865
163.381
164.043
165.957
164.678
161.404
166.99
203.993
155.899
155.702
156.14
1506.63
2.19866
823.075
1504.74
1526.44
1494.09
1496.45
1524.56
1575.46
437.68
163.805
167.882
162.273
690.177
1435.96
1506.01
1485.29
155.815
1197.37
1720.04
2.41771
2.61647
27.3794
335.871
552.496
724.908
1490.18
1626.84
1687.31
298.524
162.702
161.932
1520.32
1575.72
1619.35
1682.83
1274.88
1588.59
1994.7
3.2056
2.60757
2.66216
3.96179
2.95702
2.99868
3.20163
139.429
1463
1765.65
1445.76
1320.4
1758.83
1679.67
1451.07
1751.39
1875.63
2102.39
2261.9
2.64925
2.8194
3.19101
3.95541
3.31479
2.9868
3.03193
2.90897
2.98676
135.252
1048.83
1297.84
636.33
7.23772
4.75263
48.1844
1795.3
2162.64
2275.14
3.02843
2.68766
2.74806
2.77158
2.86193
2.97119
3.03246
3.04756
3.1105
3.15514
3.27274
3.57883
4.17555
4.41896
4.60538
4.78327
264.838
2115.76
2170.84
2.52212
2.6506
2.73609
2.80171
2.88317
2.97078
3.04314
3.10293
3.1681
3.25907
3.39118
3.62587
3.99532
4.28161
4.51445
4.76648
183.028
2138.25
2219.7
2.53946
2.64729
2.73782
2.81728
2.89949
2.98122
3.05923
3.13597
3.2198
3.3198
3.44711
3.63118
3.88302
4.10608
4.3386
5.03165
113.778
2217.43
2272.89
2.55315
2.6534
2.74496
2.83065
2.91375
2.9949
3.07539
3.15827
3.24839
3.35068
3.46625
3.60417
3.76043
3.86185
3.98977
91.472
27.0083
2342.46
2371.21
2.5653
2.66468
2.75807
2.8454
2.92811
3.00796
3.08758
3.17018
3.25918
3.35714
3.46077
3.56646
3.66513
3.68359
3.81174
2410.86
2011.21
2191.68
2441.42
2.57644
2.67869
2.77448
2.86217
2.94265
3.01861
3.09354
3.17097
3.25385
3.34384
3.43818
3.53192
3.62316
3.62634
3.35224
1500.99
2513.3
2382.26
2623.61
2.58688
2.69544
2.79489
2.88175
2.95704
3.0251
3.09096
3.15877
3.2315
3.31104
3.39835
3.49534
3.62762
3.79604
3.78715
1783.34
2649.97
2729.42
2694.05
2.59711
2.71646
2.82158
2.90563
2.97067
3.02499
3.07648
3.13006
3.18822
3.25302
3.32909
3.42796
3.59929
3.96621
343.241
2754.22
2791.74
2900.33
2148.44
2.60748
2.74505
2.85935
2.9362
2.98168
3.0137
3.04487
3.0796
3.11799
3.1597
3.20855
3.27532
3.35695
4.26653
1421.89
2809.08
2962.52
2453.94
2054.07
2.61695
2.78679
2.91744
2.97608
2.98373
2.98191
2.98803
3.00126
3.01507
3.02198
3.01674
2.98761
3.04039
378.9
1924.83
1946.21
1613.37
1269.8
2364.89
2.61894
2.8492
3.01236
3.022
2.95633
2.91075
2.89475
2.89015
2.87858
2.84046
2.74787
2.52607
4.73266
56.7261
0.581924
63.9904
5.40844
391.552
2357.57
2.58833
2.93438
3.17518
3.03493
2.83844
2.76648
2.75315
2.74705
2.71808
2.63585
2.4414
1.96398
15.3113
2.45824
0.171869
0.810652
1.96414
1643.08
2421.15
2.44306
2.94139
9.19202
2.95247
2.45967
2.5076
2.5621
2.5851
2.55633
2.45005
2.2084
1.65181
3.47064
4.88465
0.757575
0.8547
5.20187
2.92896
1562.3
1.92765
42.8664
41.9865
39.4968
1.60758
2.1394
2.35744
2.43582
2.42354
2.32309
2.10567
1.69769
0.92075
0.45096
0.61371
1.49673
3.01302
357.751
1123.1
1.30796
43.4559
4.73964
14.4858
1.28565
1.9147
2.23912
2.34209
2.34183
2.26528
2.11284
1.88143
1.5865
1.3539
1.37369
3.43298
3.4147
1477.02
1672
1.24668
1.4149
61.0393
1.01126
1.64499
2.19086
2.29075
2.32224
2.30989
2.25793
2.17077
2.06689
1.98108
1.93392
1.94074
2.5675
5.54762
4.2214
1708.14
1.36049
1.24779
65.2815
65.55
4.72444
2.56806
2.39879
2.32786
2.29921
2.27248
2.24207
2.21846
2.21897
2.62794
2.29983
2.33753
4.73602
192.555
115.676
1.36559
1.11791
12.4656
67.1324
27.2875
19.7312
2.33988
2.27235
2.26904
2.27957
2.29904
2.32488
4.15245
4.26196
2.87331
6.03887
9.14446
310.21
1642.89
1.39109
1.36892
1.36255
1.73379
2.54711
21.3286
9.69934
2.14424
2.19462
2.26144
2.3349
2.41238
2.47598
4.48993
3.57422
3.34876
10.4046
5.24542
1842.1
1.37699
1.43753
1.55153
1.68039
1.85146
1.8489
19.7248
3.16992
2.08298
2.20744
2.35302
2.50337
2.65953
2.82474
3.51423
3.53398
6.49706
471.111
1905.57
1.30099
1.37857
1.53366
6.96847
1.68357
1.16161
1.45633
13.593
2.48059
2.0861
2.34312
2.58436
2.82479
3.03328
3.54297
5.84251
7.82369
3.41344
1960.9
1.16994
1.19719
18.5528
17.7445
0.807922
0.255936
0.809796
1.14647
12.8321
1.89854
2.26638
2.63347
2.95221
3.21001
3.34201
8.56153
4.49022
3.43488
2012.84
1.01825
1.00423
5.51542
0.302463
-0.116559
-0.0634057
0.302279
0.719582
12.0376
4.89624
2.08692
2.60799
3.00845
3.36787
4.36117
4.70426
4.84168
3.97741
742.338
0.862234
0.890268
0.720862
87.5528
-0.0519364
0.04718
1.55089
0.356178
6.95905
7.03923
1.82066
2.43741
2.91523
3.55694
7.04307
5.83314
4.24755
7.19192
627.538
0.657208
7.15595
36.5055
95.7785
24.7511
-0.0191103
1.08071
1.12794
3.38107
4.79466
1.47409
2.04707
2.52252
3.33327
3.82247
61.0778
308.414
217.606
660.413
0.434359
0.289328
17.6782
12.1035
148.691
65.3617
-0.964429
0.768063
0.130949
8.44534
0.918348
1.32835
1.65838
64.9038
152.664
24.6345
1.54645
1.4573
588.994
0.261222
0.0801285
40.1509
10.5475
132.587
48.5201
-1.62076
-1.12308
-0.618853
6.01754
0.157458
0.268111
14.2721
150.781
1.34805
1.90891
1.39594
1.07805
804.954
0.113003
0.75807
3.35372
-0.511015
-1.28772
-1.68049
-1.85581
-1.72447
-1.16915
-0.849708
-0.567467
-0.666355
6.00401
-0.740739
98.2367
187.021
0.830995
0.574443
816.345
-0.00774827
0.0705767
-0.529534
-0.0317887
-0.363302
-1.44685
-1.71038
-1.61659
0.685927
-1.00391
-0.977447
-1.65528
227.002
-0.273387
40.0913
177.605
0.198491
0.0189422
2.87064
-0.129889
-0.384659
-0.583233
-0.646059
-0.582212
-0.939942
-1.13697
-1.27763
0.908585
-0.883769
-1.06679
0.954714
169.837
-0.48221
48.4433
-0.375587
-0.169369
-0.60947
563.067
-0.188678
-0.244354
-0.518821
-0.56048
-0.471391
-0.179558
-0.260621
0.22049
0.438927
-0.395566
-0.446716
-0.468083
-0.530492
-0.0360408
-0.637574
-0.331447
-0.209559
-0.47384
256.794
)
;

boundaryField
{
    leftWall
    {
        type            fixedFluxPressure;
        gradient        uniform 0;
        value           nonuniform List<scalar> 
100
(
641.942
640.757
637.516
632.883
627.524
622.737
621.001
625.453
641.735
677.952
2.08015
2.06766
2.03434
2.00266
1.9697
1.93376
1.89557
1.86122
1.83439
1.80632
1.77575
1.7428
1.70748
1.66986
1.62999
1.58792
1.54368
1.49732
1.44883
1.39827
1.34564
1.29085
1.23384
1.1746
1.11317
1.04965
0.984245
0.917218
0.84883
0.779221
0.708352
0.636059
0.562203
0.486784
0.409968
0.332055
0.253377
0.174183
0.0948991
0.0163187
641.697
639.335
635.343
630.233
624.939
621.273
622.251
630.813
661.988
361.089
2.08319
2.04962
2.01858
1.98648
1.95215
1.91472
1.8773
1.84757
1.82069
1.79133
1.75958
1.72543
1.68895
1.6502
1.60923
1.56607
1.52077
1.47334
1.42381
1.37222
1.31852
1.26262
1.20449
1.14415
1.08166
1.01717
0.950917
0.883182
0.814177
0.743954
0.672395
0.599332
0.524684
0.448534
0.37113
0.292789
0.213838
0.134481
0.0555809
-0.0235995
)
;
    }
    rightWall
    {
        type            fixedFluxPressure;
        gradient        uniform 0;
        value           nonuniform List<scalar> 
100
(
638.247
580.734
485.258
300.852
171.963
178.295
451.538
494.195
570.924
660.061
816.999
928.401
1064.5
1330.09
1506.63
1720.04
1994.7
2261.9
2275.14
2170.84
2219.7
2272.89
2371.21
2441.42
2623.61
2694.05
2148.44
2054.07
2364.89
2357.57
2421.15
1562.3
1123.1
1672
1708.14
115.676
1642.89
1842.1
1905.57
1960.9
2012.84
742.338
627.538
660.413
588.994
804.954
816.345
2.87064
563.067
256.794
647.94
615.186
538.43
409.81
184.235
171.182
321.167
471.564
527.551
614.831
726.47
884.583
964.372
1204.02
1424.7
1602.99
1839.99
2149.1
2298.61
2217.58
2145.79
2240.99
2316.83
2433.94
2502.17
2698.98
2733.17
1939.8
2336.19
2343.53
2387.53
2454.79
846.652
1645.19
1701.7
409.503
330.365
1814.78
1869.68
1935.07
1987.63
1258.72
586.484
644.564
615.705
693.756
816.095
117.238
239.65
562.511
)
;
    }
    lowerWall
    {
        type            fixedFluxPressure;
        gradient        uniform 0;
        value           nonuniform List<scalar> 
124
(
641.07
645.812
653.802
656.556
656.308
657.895
662.733
670.405
680.464
692.822
707.58
724.856
744.702
767.034
791.775
818.669
845.444
863.772
864.884
880.631
868.651
858.866
916.346
911.396
888.056
876.269
898.76
936.527
958.973
952.825
908.545
699.109
689.985
436.574
432.059
170.804
170.8
170.79
170.781
170.794
170.862
170.95
171.035
170.797
170.875
171.084
170.859
170.475
170.307
170.601
171.601
171.19
179.525
170.997
157.771
158.666
163.29
167.767
168.719
187.882
487.691
647.94
641.942
642.454
650.264
655.908
656.434
656.71
659.92
666.251
675.149
686.351
699.892
715.898
734.459
755.562
779.108
805.002
832.426
856.202
867.67
866.777
874.212
865.275
893.557
680.485
708.468
477.551
436.033
170.804
170.81
171.001
171.025
170.658
170.348
170.379
171.016
171.711
172.712
177.488
160.874
157.344
160.56
164.938
168.093
179.639
246.394
736.747
916.346
901.016
877.861
883.632
917.843
950.892
959.734
936.148
170.803
170.796
170.785
170.782
170.821
170.907
170.978
183.685
)
;
    }
    atmosphere
    {
        type            totalPressure;
        rho             rho;
        psi             none;
        gamma           1;
        p0              uniform 0;
        value           nonuniform List<scalar> 
92
(
-0.0474751
-0.0480762
-0.0491962
-0.0505056
-0.0520184
-0.0537812
-0.0558399
-0.0582456
-0.0610569
-0.0643433
-0.0681864
-0.0726848
-0.0779544
-0.084133
-0.0913818
-0.0998843
-0.109841
-0.121451
-0.134886
-0.150226
-0.167309
-0.185398
-0.202554
-0.210473
-0.21437
-0.215118
-0.211713
-0.191761
-0.201082
-0.562858
-0.562782
-0.430887
-0.108691
0
0
0
0
0
0
-0.0349228
0
-0.657257
-0.263638
-0.225427
-0.147312
0
-0.0440696
-0.0473275
-0.0485963
-0.0498287
-0.0512333
-0.0528655
-0.0547703
-0.0569957
-0.0595962
-0.0626356
-0.0661892
-0.0703466
-0.0752149
-0.0809201
-0.0876122
-0.0954637
-0.104667
-0.115426
-0.127932
-0.142319
-0.158577
-0.176311
-0.194284
-0.207657
-0.212751
-0.21521
-0.21397
-0.205725
-0.159476
-0.403973
-0.584372
-0.50658
-0.290632
-0.0680026
0
0
0
0
0
0
0
0
-0.393021
-0.273157
-0.0777669
-0.199081
)
;
    }
    defaultFaces
    {
        type            empty;
    }
}


// ************************************************************************* //
