/*--------------------------------*- C++ -*----------------------------------*\
| =========                 |                                                 |
| \\      /  F ield         | OpenFOAM: The Open Source CFD Toolbox           |
|  \\    /   O peration     | Version:  v1912                                 |
|   \\  /    A nd           | Website:  www.openfoam.com                      |
|    \\/     M anipulation  |                                                 |
\*---------------------------------------------------------------------------*/
FoamFile
{
    version     2.0;
    format      ascii;
    class       volScalarField;
    location    "0.35";
    object      p;
}
// * * * * * * * * * * * * * * * * * * * * * * * * * * * * * * * * * * * * * //

dimensions      [1 -1 -2 0 0 0 0];


internalField   nonuniform List<scalar> 
9072
(
1025.87
1059.2
1061.74
1055.94
1047.09
1039.3
1033.08
1028.1
1024.18
1021.53
1020.72
1022.55
1027.94
1037.88
1053.51
1075.63
1105.31
1141.94
1173.08
1170.29
1167.29
1125.53
1145.07
965.173
999.267
1001.74
995.982
987.364
979.791
973.678
968.7
964.734
962.026
961.152
962.909
968.214
978.004
993.16
1014.47
1042.14
1074.55
1103.95
1110.35
1124.86
1032.6
1011.46
903.067
937.913
940.244
934.609
926.532
919.442
913.543
908.561
904.487
901.642
900.625
902.233
907.363
916.922
931.709
952.221
978.123
1006.84
1031.37
1045.37
1061.48
953.42
897.657
839.656
875.214
877.369
871.994
864.72
858.292
852.663
847.654
843.413
840.359
839.125
840.501
845.364
854.587
868.888
888.553
912.899
939.252
962.098
975.916
981.032
910.267
876.905
775.076
811.313
813.299
808.361
802.073
796.379
791.012
785.933
781.47
778.145
776.623
777.682
782.185
790.977
804.709
823.53
846.585
871.302
893.149
907.357
909.958
880.585
898.867
709.559
746.434
748.25
743.937
738.714
733.717
728.551
723.35
718.615
714.965
713.082
713.739
717.784
726.048
739.153
757.176
779.217
802.898
824.359
839.559
845.684
845.416
894.471
643.408
680.574
682.455
678.907
674.708
670.291
665.232
659.853
654.806
650.778
648.463
648.622
652.099
659.735
672.156
689.436
710.72
733.853
755.477
772.167
782.538
793.323
838.943
576.959
614.076
616.104
613.384
610.068
606.06
601.004
595.396
589.999
585.539
582.711
582.263
585.044
591.934
603.604
620.186
640.933
663.926
686.162
704.604
718.095
730.449
751.177
279.869
279.858
279.787
279.698
279.596
279.489
279.383
279.284
279.193
279.11
279.037
278.971
278.914
278.865
278.824
278.791
278.765
278.748
278.738
279.814
279.801
279.73
279.64
279.538
279.43
279.324
279.224
279.133
279.05
278.977
278.911
278.854
278.805
278.763
278.73
278.704
278.686
278.677
279.759
279.745
279.674
279.584
279.48
279.37
279.263
279.163
279.071
278.989
278.915
278.85
278.792
278.742
278.7
278.666
278.64
278.622
278.612
279.702
279.689
279.621
279.531
279.423
279.309
279.2
279.099
279.008
278.926
278.852
278.786
278.728
278.678
278.636
278.601
278.574
278.556
278.546
279.637
279.629
279.571
279.479
279.366
279.247
279.136
279.035
278.943
278.861
278.787
278.721
278.663
278.612
278.569
278.533
278.506
278.487
278.476
279.546
279.552
279.525
279.432
279.309
279.184
279.069
278.968
278.877
278.795
278.721
278.655
278.596
278.544
278.5
278.463
278.435
278.415
278.404
279.417
279.457
279.49
279.389
279.251
279.118
279
278.899
278.809
278.727
278.653
278.587
278.527
278.474
278.428
278.391
278.361
278.341
278.329
279.219
279.42
279.455
279.348
279.191
279.047
278.928
278.828
278.739
278.658
278.584
278.517
278.457
278.402
278.355
278.315
278.285
278.263
278.251
454.069
528.195
530.349
528.761
526.359
522.62
517.42
511.461
505.576
500.494
496.893
495.498
497.181
502.908
513.462
529.147
549.425
572.689
596.196
616.983
633.014
641.559
614.126
312.644
385.178
387.025
386.437
384.555
380.601
374.844
368.094
361.113
354.585
349.162
345.468
344.418
347.426
355.778
369.637
389.363
414.453
441.575
466.797
486.46
492.945
464.764
177.176
238.982
242.77
241.917
239.149
234.331
227.932
220.415
212.29
204.232
196.913
190.841
186.388
185.501
186.76
192.56
214.791
243.341
276.157
307.843
335.671
350.251
344.093
73.269
99.3294
101.347
95.5572
89.9501
83.5685
76.9533
68.9697
59.927
50.8319
43.3057
36.2447
26.5828
22.7124
21.6719
22.9087
35.2593
71.1416
112.472
149.994
185.998
208.954
221.802
17.1472
6.35103
6.36489
5.42318
4.85791
4.47887
4.58713
4.69181
4.82306
5.0194
5.27104
5.47329
5.51561
5.45917
5.43172
5.31755
5.08676
5.1496
5.54825
7.18115
20.5714
73.0368
110.719
4.2511
4.28893
4.33657
4.37287
4.40348
4.40668
4.4564
4.53674
4.63905
4.77678
4.96617
5.03907
5.05758
5.04917
4.98909
4.9172
4.8016
4.76617
4.86551
4.994
5.18857
5.3157
8.61723
4.04364
4.14678
4.16285
4.18597
4.2138
4.2435
4.28964
4.35199
4.41582
4.46626
4.58503
4.63922
4.70194
4.72041
4.69616
4.64153
4.52224
4.48485
4.61815
4.79947
4.96565
5.13682
5.31138
3.83581
3.95402
3.97423
3.99626
4.02484
4.05944
4.10337
4.15552
4.2052
4.22307
4.31418
4.38626
4.43163
4.44619
4.42172
4.33484
4.19429
4.1831
4.35603
4.61123
4.82525
5.06694
5.25908
3.63963
3.75587
3.77591
3.79949
3.82822
3.86307
3.9047
3.95193
4.00048
4.04139
4.09388
4.15062
4.19185
4.21082
4.19763
4.13105
3.99533
3.95126
4.17547
4.43504
4.60608
4.86669
5.14133
3.44245
3.55403
3.57282
3.5955
3.62355
3.65735
3.69683
3.74101
3.78772
3.83441
3.88282
3.93204
3.97443
4.00475
4.01794
4.00604
3.95535
3.89337
4.0413
4.36956
4.61025
4.82244
5.0518
3.23711
3.34825
3.36365
3.38458
3.41139
3.44385
3.4816
3.52385
3.56941
3.61711
3.66661
3.71712
3.76606
3.81163
3.85309
3.89148
3.93182
3.98548
4.10296
4.35397
4.60811
4.80857
4.99394
3.02113
3.13475
3.14732
3.16655
3.19201
3.22323
3.25976
3.30099
3.34621
3.39484
3.44663
3.50149
3.5591
3.61976
3.68521
3.75954
3.85078
3.97257
4.14236
4.35469
4.55296
4.73033
4.89847
2.79475
2.91226
2.92324
2.94119
2.96553
2.99579
3.03157
3.07244
3.11801
3.16809
3.22283
3.2827
3.34845
3.42145
3.5043
3.60122
3.71831
3.86239
4.03605
4.22679
4.412
4.58416
4.75184
2.55908
2.68097
2.69128
2.70843
2.732
2.76164
2.79703
2.83791
2.88417
2.93591
2.99356
3.05794
3.13022
3.21213
3.30614
3.4155
3.5437
3.69303
3.86148
4.04032
4.21845
4.39183
4.56395
2.31516
2.44139
2.45153
2.46827
2.49137
2.5206
2.55578
2.59683
2.6438
2.69703
2.75711
2.82496
2.90187
2.98946
3.08976
3.20491
3.33665
3.48517
3.64782
3.81901
3.99278
4.16661
4.34261
2.06372
2.19404
2.2042
2.22071
2.24349
2.27241
2.30741
2.34855
2.39605
2.45036
2.51212
2.58226
2.66195
2.75257
2.85561
2.97242
3.10373
3.249
3.40597
3.571
3.74071
3.91368
4.0912
1.80521
1.93935
1.94952
1.96582
1.98826
2.01682
2.05154
2.0926
2.14031
2.19515
2.25778
2.32901
2.40986
2.50139
2.60465
2.72046
2.849
2.98963
3.14062
3.29958
3.4645
3.63465
3.81103
1.53977
1.67758
1.68767
1.70368
1.72569
1.75378
1.78808
1.82881
1.87634
1.93112
1.99375
2.06495
2.14552
2.23626
2.33786
2.45075
2.57492
2.70975
2.85403
3.00621
3.16506
3.33022
3.50257
1.26728
1.40873
1.41867
1.43434
1.45586
1.48338
1.51708
1.5572
1.6041
1.65819
1.71999
1.79007
1.86907
1.95755
2.05595
2.16447
2.28295
2.41091
2.5475
2.69173
2.84286
3.00073
3.16603
0.987524
1.13265
1.1424
1.1577
1.1787
1.20556
1.23846
1.27765
1.32344
1.37621
1.43635
1.50433
1.58061
1.66557
1.7595
1.8624
1.9741
2.09416
2.222
2.35694
2.49849
2.64652
2.80149
0.700551
0.849209
0.858749
0.873635
0.894021
0.920057
0.95192
0.98983
1.03405
1.08489
1.14265
1.20768
1.28029
1.36074
1.44913
1.54541
1.64931
1.7605
1.87848
2.00268
2.13262
2.26803
2.40907
0.406631
0.558595
0.567824
0.582179
0.601797
0.626807
0.657359
0.693635
0.735845
0.784218
0.838991
0.900387
0.968591
1.04371
1.12574
1.21449
1.3097
1.41101
1.51791
1.62976
1.74588
1.86571
1.98909
0.10613
0.261101
0.2699
0.283572
0.302234
0.32599
0.354959
0.389274
0.42908
0.474544
0.525818
0.583016
0.646199
0.715326
0.790255
0.870721
0.95637
1.04677
1.14125
1.23894
1.33884
1.43998
1.54198
-0.200573
-0.0428484
-0.0345925
-0.0217409
-0.00420642
0.0180839
0.0452198
0.0772815
0.114354
0.156533
0.203882
0.256412
0.314051
0.376614
0.44383
0.51531
0.590585
0.669032
0.749701
0.831317
0.912379
0.991485
1.06826
-0.513131
-0.352868
-0.345246
-0.33333
-0.317064
-0.29641
-0.271319
-0.241754
-0.207689
-0.169104
-0.126024
-0.0785453
-0.026875
0.028665
0.0876528
0.14957
0.213768
0.279306
0.344778
0.408309
0.467707
0.521129
0.56818
-0.831205
-0.66859
-0.661673
-0.650779
-0.63589
-0.617007
-0.59412
-0.567238
-0.536394
-0.501636
-0.463081
-0.420939
-0.37554
-0.327357
-0.276951
-0.225
-0.17242
-0.120607
-0.0716265
-0.0281693
0.00670793
0.0303946
0.041686
-1.15445
-0.98966
-0.983485
-0.973664
-0.960229
-0.943214
-0.922643
-0.898575
-0.871093
-0.840314
-0.806448
-0.769809
-0.730854
-0.690192
-0.648528
-0.606726
-0.566076
-0.52858
-0.497091
-0.475298
-0.467509
-0.478008
-0.510537
-1.48247
-1.31571
-1.31026
-1.30154
-1.2896
-1.27451
-1.25633
-1.23516
-1.21111
-1.18438
-1.15526
-1.12417
-1.09168
-1.05852
-1.02552
-0.993804
-0.965097
-0.942066
-0.928402
-0.928969
-0.949929
-0.998629
-1.08414
-1.81476
-1.64628
-1.64152
-1.6339
-1.62349
-1.61036
-1.5946
-1.57634
-1.55575
-1.53307
-1.50866
-1.48303
-1.45685
-1.43096
-1.40634
-1.38435
-1.36717
-1.35806
-1.36148
-1.38358
-1.43287
-1.52112
-1.66614
-2.15079
-1.98086
-1.97675
-1.97023
-1.96134
-1.95017
-1.93683
-1.92146
-1.90428
-1.88557
-1.86574
-1.84538
-1.82523
-1.8062
-1.78942
-1.77646
-1.76984
-1.7732
-1.79158
-1.83223
-1.90591
-2.02926
-2.23121
-2.49007
-2.31889
-2.31542
-2.30997
-2.30259
-2.29336
-2.28239
-2.26985
-2.25599
-2.24111
-2.22566
-2.21027
-2.19572
-2.183
-2.17331
-2.16835
-2.17074
-2.18424
-2.2141
-2.26804
-2.35793
-2.50344
-2.74137
-2.83205
-2.65984
-2.65697
-2.6526
-2.6467
-2.63937
-2.63072
-2.62093
-2.61026
-2.59903
-2.5877
-2.57691
-2.56747
-2.56037
-2.55684
-2.55856
-2.56801
-2.58877
-2.62581
-2.68643
-2.78166
-2.92961
-3.16424
-3.1761
-3.00313
-3.00089
-2.99759
-2.99316
-2.98768
-2.98128
-2.97414
-2.96651
-2.95872
-2.95122
-2.94464
-2.93977
-2.93757
-2.9392
-2.94615
-2.96058
-2.98563
-3.02563
-3.08658
-3.17692
-3.3096
-3.50639
-3.52159
-3.3482
-3.34663
-3.34442
-3.34143
-3.33775
-3.33353
-3.32893
-3.32419
-3.31962
-3.31567
-3.31291
-3.31208
-3.31406
-3.31986
-3.33065
-3.34817
-3.37494
-3.41439
-3.4709
-3.55
-3.65892
-3.80731
-3.86797
-3.69451
-3.6937
-3.69257
-3.691
-3.68908
-3.68697
-3.6848
-3.68281
-3.68128
-3.68061
-3.68131
-3.68406
-3.68958
-3.69867
-3.71215
-3.73125
-3.75779
-3.79425
-3.84359
-3.90903
-3.9939
-4.10166
-4.21487
-4.0416
-4.0416
-4.04159
-4.04141
-4.04122
-4.04114
-4.04133
-4.04196
-4.0433
-4.04569
-4.04958
-4.05552
-4.06408
-4.07577
-4.09111
-4.11078
-4.13588
-4.16799
-4.20898
-4.26036
-4.32327
-4.39928
-4.56195
-4.38912
-4.38997
-4.39106
-4.39226
-4.39376
-4.39567
-4.39813
-4.40129
-4.40538
-4.41068
-4.41755
-4.42643
-4.43767
-4.45155
-4.46827
-4.488
-4.51114
-4.5385
-4.5709
-4.60849
-4.65105
-4.69877
-4.909
-4.73675
-4.73848
-4.74065
-4.74322
-4.74639
-4.75025
-4.75493
-4.76057
-4.76734
-4.77545
-4.78519
-4.79686
-4.81063
-4.82656
-4.84455
-4.86434
-4.88571
-4.90873
-4.93324
-4.95821
-4.98196
-5.00209
-5.25488
-5.08385
-5.08644
-5.08969
-5.09361
-5.09842
-5.10422
-5.11109
-5.11915
-5.12854
-5.13943
-5.15199
-5.16641
-5.1827
-5.20074
-5.22018
-5.24042
-5.26078
-5.28066
-5.29906
-5.31391
-5.32196
-5.31749
-5.6021
-5.43068
-5.43421
-5.43851
-5.44379
-5.45025
-5.45797
-5.46704
-5.47755
-5.48961
-5.50332
-5.5188
-5.53609
-5.55512
-5.57561
-5.59704
-5.6186
-5.63929
-5.65804
-5.67315
-5.68181
-5.67953
-5.65914
-5.93943
-5.77692
-5.78142
-5.78675
-5.79339
-5.80149
-5.81113
-5.8224
-5.83537
-5.85014
-5.86674
-5.88522
-5.90555
-5.92757
-5.95093
-5.97502
-5.99893
-6.02156
-6.04146
-6.05649
-6.0635
-6.05779
-6.03201
-6.285
-6.11235
-6.11781
-6.12414
-6.13202
-6.14161
-6.153
-6.1663
-6.18157
-6.19887
-6.21823
-6.23962
-6.26294
-6.288
-6.31443
-6.34165
-6.3688
-6.39469
-6.41767
-6.43545
-6.44497
-6.44211
-6.42098
364.463
308.385
280.377
279.693
370.845
277.363
276.551
273.223
314.379
284.259
246.201
201.823
219.135
213.254
207.502
200.701
123.394
125.07
128.789
131.761
23.0895
33.3298
49.087
59.4902
5.42089
5.50689
5.65762
5.9038
5.40001
5.51116
5.57802
5.65137
5.32314
5.43245
5.53169
5.6228
5.23633
5.33897
5.43783
5.53271
5.15443
5.24491
5.33664
5.42963
5.04829
5.13371
5.22119
5.31185
4.90181
4.987
5.07459
5.16539
4.71807
4.80509
4.89456
4.98699
4.50079
4.58991
4.68149
4.77578
4.25177
4.34226
4.43521
4.53063
3.97147
4.06195
4.15484
4.24989
3.65996
3.74862
3.83944
3.93193
3.31717
3.40194
3.48825
3.57568
2.94283
3.0214
3.10083
3.18111
2.53676
2.60689
2.67763
2.74941
2.09941
2.15924
2.22004
2.28219
1.63157
1.67958
1.72902
1.77986
1.13363
1.16792
1.20367
1.24046
0.604439
0.621773
0.639941
0.658662
0.040982
0.0358329
0.0303059
0.0243942
-0.5602
-0.596762
-0.636395
-0.679478
-1.19906
-1.2808
-1.3727
-1.47651
-1.8634
-2.00853
-2.18231
-2.39342
-2.51518
-2.73247
-3.0087
-3.36899
-3.08514
-3.35823
-3.72557
-4.23904
-3.49477
-3.75229
-4.09999
-4.60105
-3.75993
-3.94
-4.16273
-4.45128
-3.97605
-4.08148
-4.19588
-4.32232
-4.21481
-4.28225
-4.35149
-4.42562
-4.47915
-4.53056
-4.59146
-4.6783
-4.74733
-4.77913
-4.82015
-4.87755
-5.01506
-5.02059
-5.02666
-5.03237
-5.29589
-5.27434
-5.24294
-5.20299
-5.61704
-5.58111
-5.53109
-5.46102
-5.98408
-5.94486
-5.89442
-5.8321
-6.3804
-6.34693
-6.30204
-6.24037
279.015
279.452
279.382
279.289
279.109
278.95
278.829
278.734
278.647
278.567
278.493
278.426
278.364
278.307
278.257
278.215
278.182
278.159
278.146
273.939
278.15
279.308
279.231
278.952
278.747
278.645
278.571
278.489
278.41
278.336
278.267
278.203
278.142
278.086
278.037
277.999
277.973
277.959
184.154
233.546
279.461
279.205
278.742
278.375
278.445
278.423
278.322
278.245
278.172
278.101
278.036
277.968
277.902
277.845
277.8
277.769
277.752
191.951
185.317
214.125
200.467
266.841
276.835
278.522
278.413
278.07
278.066
277.999
277.924
277.867
277.789
277.706
277.634
277.579
277.543
277.524
136.391
148.453
160.925
164.014
164.914
183.358
212.601
262.826
276.886
278.075
277.787
277.721
277.718
277.609
277.492
277.4
277.333
277.289
277.267
70.5668
90.9925
104.097
115.54
126.207
137.631
153.984
176.772
200.011
251.583
276.174
277.504
277.7
277.421
277.25
277.135
277.051
276.999
276.975
8.80874
18.6584
28.24
39.0616
57.4714
76.2905
93.0078
116.766
134.571
162.291
217.146
266.255
277.932
277.103
276.933
276.83
276.722
276.657
276.636
5.75611
6.00016
6.25323
6.54239
6.71746
7.99241
13.7545
27.1232
55.7908
96.4179
135.742
174.656
231.528
275.547
276.743
276.503
276.319
276.234
276.234
5.73529
5.95506
6.20441
6.46718
6.72746
6.98518
7.2745
7.51868
7.9165
11.2613
34.6648
90.4817
141.513
200.65
270.325
275.791
275.714
275.677
275.745
5.65705
5.88474
6.13223
6.39193
6.65683
6.92406
7.20816
7.51538
7.86976
8.22674
8.52907
9.75065
38.3431
107.275
160.864
252.766
274.839
274.643
275.161
5.556
5.78932
6.03848
6.30241
6.57971
6.86849
7.16849
7.48382
7.84041
8.221
8.61247
8.98079
9.34524
14.2744
80.0337
163.801
256.841
272.986
274.607
5.43716
5.6724
5.92649
6.19887
6.48971
6.79886
7.12694
7.47333
7.83951
8.22751
8.63337
9.05177
9.45921
9.8384
11.2876
79.3372
191.202
276.077
273.629
5.29146
5.53058
5.79151
6.07412
6.37908
6.70684
7.05855
7.43416
7.8301
8.24067
8.66433
9.10289
9.5562
9.99982
10.3995
12.7653
118.633
257.143
272.726
5.11532
5.35993
5.62845
5.92152
6.24057
6.58726
6.96316
7.36633
7.79086
8.23157
8.68637
9.15477
9.63659
10.1295
10.6073
11.0801
22.9686
211.413
277.036
4.9064
5.15637
5.43175
5.73467
6.06817
6.4356
6.8377
7.26919
7.72216
8.19282
8.68116
9.18689
9.70576
10.2289
10.7391
11.2478
11.8804
170.539
289.115
4.66235
4.91562
5.19584
5.50743
5.85592
6.246
6.67576
7.13537
7.61624
8.11735
8.63976
9.18339
9.74519
10.3144
10.8803
11.4213
11.6949
141.364
332.137
4.38061
4.63372
4.91531
5.23306
5.59587
6.00922
6.46726
6.95364
7.46001
7.98997
8.54553
9.12981
9.74266
10.3767
11.0241
11.6623
12.236
73.0708
340.269
4.05881
4.30688
4.58497
4.90458
5.27747
5.71272
6.19997
6.70974
7.2356
7.79106
8.37818
9.00592
9.67665
10.3892
11.1389
11.8981
12.6596
14.393
353.889
3.6958
3.93343
4.2015
4.51414
4.88882
5.34236
5.86185
6.38421
6.91572
7.49752
8.11265
8.78216
9.51649
10.3214
11.1985
12.1498
13.1712
13.2733
736.646
3.29211
3.51361
3.76376
4.0576
4.41884
4.88269
5.42719
5.90025
6.41942
7.05233
7.6763
8.39278
9.21391
10.1333
11.1538
12.3146
13.7018
15.9272
979.801
2.84933
3.04905
3.27348
3.53543
3.85214
4.28083
4.56803
4.80377
5.53984
6.29674
6.85242
7.68186
8.66526
9.74927
10.9158
12.2278
13.8869
15.1979
916.512
2.36891
2.54201
2.73575
2.95699
3.20141
3.48286
3.47869
3.68812
4.92984
5.67491
5.53131
6.46882
7.74865
9.07549
10.3952
11.7404
13.3827
16.3123
1054.29
1.85075
1.99396
2.15705
2.34355
2.54811
2.72216
2.99157
3.26281
2.87011
3.22575
3.81696
4.92664
6.53808
8.12895
9.62068
10.9525
12.2183
13.1624
1516.88
1.29229
1.40298
1.53883
1.70487
1.89247
2.04734
2.20487
2.03475
-1.2091
-1.73015
0.564128
3.54663
5.32555
7.08585
8.70915
10.0951
12.119
-72.3438
369.523
0.686768
0.759903
0.873242
1.04121
1.24993
1.4069
1.18555
-1.12691
-2.87794
-2.92894
-1.92807
2.13075
4.31871
6.09494
7.672
9.23065
-4.38389
-95.4328
-312.055
0.0197228
0.0422571
0.133655
0.337532
0.64849
0.99398
1.47163
-2.45622
-4.06567
-4.4575
-4.12288
-1.25064
3.13888
5.17733
6.51381
6.99121
14.6495
34.5719
-9.71166
-0.736278
-0.799375
-0.752463
-0.475452
-0.0220316
0.400307
0.655008
-3.20139
-4.88059
-5.13476
-4.79401
-1.77685
2.22829
4.49085
7.07801
9.01
43.8573
-14.2206
-12.3857
-1.6255
-1.886
-1.98236
-1.57509
-1.03975
-0.717712
-0.862801
-2.29779
-3.82455
-4.13034
-3.30092
-0.513271
2.48091
3.7561
8.4536
-8.1923
-8.8521
-17.8363
-32.3488
-2.72909
-3.54481
-3.86279
-2.93838
-1.99435
-1.11514
-0.852077
-0.703541
-1.92515
-2.6786
-2.55328
0.419516
4.31584
-13.9865
-18.7742
-18.2504
-15.3551
-24.6136
-45.326
-4.02835
-5.80678
-5.73722
-3.84508
-2.14457
-1.82384
-1.03538
0.290024
-0.559708
-1.87115
-5.13118
-0.945406
-1.64818
-20.6575
-23.3797
-22.0478
-21.2284
-23.2233
-28.434
-5.29507
-6.88892
-5.88865
-4.09416
-2.40209
-2.19333
-1.5363
-0.263624
-0.215279
-0.959427
-4.01269
-13.092
-22.1236
-24.2501
-25.9435
-27.3725
-27.6374
-25.9388
-5.56523
-5.58402
-8.63627
-5.18108
-2.976
-3.19077
-2.73775
-1.97324
-1.3727
-0.756249
-0.42011
-12.6693
-17.2162
-20.7133
-24.1104
-27.7169
-31.239
-32.8985
-30.1605
-0.28696
-4.83154
-5.24162
-4.06612
-3.70391
-4.00748
-3.84341
-2.44137
-1.41069
-0.43915
-8.3143
-14.8589
-16.5458
-19.3419
-22.8869
-27.5106
-33.0045
-35.7462
-30.262
-8.76197
-4.43723
-4.60211
-4.9266
-4.84618
-5.11956
-5.22085
-4.82965
-2.45751
-5.85537
-13.5247
-13.0469
-15.0848
-17.4884
-20.6135
-25.0759
-30.4126
-31.6878
-25.5615
-18.2168
-4.43982
-4.23682
-5.66434
-6.18156
-6.22178
-6.4647
-5.05803
-18.9325
-7.69786
-9.82738
-11.7215
-13.46
-15.3887
-17.6713
-20.5529
-23.0581
-22.107
-20.5175
-21.0776
-4.80906
-4.64437
-7.47873
-7.71953
-6.68701
-7.50916
-7.53145
-13.4864
-8.71282
-9.3582
-10.626
-12.002
-13.3664
-14.6895
-15.799
-15.8371
-14.3244
-15.1537
-17.2431
-5.05712
-5.30214
-5.46682
-5.36124
-5.95895
-7.33687
-8.90123
-9.97038
-8.2491
-8.89691
-9.80581
-10.7477
-11.5874
-12.1845
-12.2808
-11.4688
-10.3168
-11.2154
-12.652
-5.1105
-5.16995
-4.89752
-5.15463
-5.58504
-6.54536
-7.78663
-8.30906
-8.15993
-8.49303
-9.05712
-9.63945
-10.0976
-10.2858
-10.0262
-9.21674
-8.47332
-8.96727
-9.74522
-5.10955
-5.06861
-4.89157
-5.4542
-5.71017
-6.24143
-6.92481
-7.36799
-7.61205
-7.93005
-8.30196
-8.64854
-8.87465
-8.87937
-8.57153
-7.9659
-7.48425
-7.7072
-8.11567
-5.30415
-4.89212
-3.71263
-5.82251
-6.06599
-6.25831
-6.57678
-6.86316
-7.09674
-7.33247
-7.56947
-7.7656
-7.86362
-7.80607
-7.55431
-7.14346
-6.818
-6.89679
-7.13578
-5.71821
-5.50909
-4.97636
-6.6679
-6.54204
-6.30532
-6.33536
-6.45546
-6.5946
-6.73865
-6.87334
-6.9729
-7.00587
-6.94498
-6.77663
-6.52588
-6.31537
-6.32834
-6.47059
-6.11777
-5.49375
-6.55657
-251.902
-6.76774
-6.17812
-6.03838
-6.0496
-6.0992
-6.15622
-6.20865
-6.24413
-6.2494
-6.2149
-6.13766
-6.02686
-5.92247
-5.91171
-5.98782
1056.53
1061.47
1059.68
1051.52
1042.99
1036.01
1030.45
1026
1022.67
1020.85
1021.25
1024.74
1032.27
1044.93
1063.69
1089.47
1123.04
1159.98
1176.1
1169.08
1156.41
1097.87
1193.83
996.541
1001.49
999.669
991.664
983.381
976.573
971.063
966.584
963.193
961.313
961.646
965.059
972.492
984.863
1003.01
1027.54
1058.02
1090.53
1110.84
1113.06
1116.23
974.76
1100.98
935.125
940.056
938.162
930.54
922.819
916.365
910.946
906.398
902.879
900.859
901.047
904.3
911.535
923.622
941.241
964.581
992.447
1020.23
1039.44
1052.32
1051.87
878.963
1002.31
872.341
877.255
875.315
868.306
861.384
855.397
850.079
845.417
841.702
839.468
839.433
842.44
849.38
861.071
878.06
900.246
926.105
951.542
970.222
979.879
965.938
860.168
965.022
808.324
813.255
811.343
805.158
799.163
793.668
788.422
783.595
779.627
777.112
776.777
779.449
785.997
797.2
813.505
834.64
858.98
882.912
901.434
910.501
902.63
867.976
969.948
743.17
748.248
746.486
741.278
736.219
731.16
725.928
720.887
716.613
713.756
713.042
715.284
721.342
731.973
747.577
767.803
791.068
814.179
832.945
843.935
845.963
857.417
949.487
677.273
682.404
680.972
676.791
672.571
667.836
662.544
657.245
652.622
649.361
648.182
649.891
655.349
665.326
680.216
699.679
722.245
745.087
764.608
778.118
786.873
809.299
878.737
610.749
615.94
614.962
611.757
608.197
603.645
598.222
592.624
587.609
583.877
582.139
583.193
587.925
597.146
611.304
630.128
652.318
675.347
696.005
711.914
723.973
740.044
765.219
279.883
279.825
279.744
279.648
279.543
279.436
279.333
279.237
279.151
279.072
279.003
278.942
278.889
278.844
278.806
278.777
278.755
278.742
278.735
279.827
279.768
279.687
279.59
279.484
279.376
279.273
279.177
279.09
279.012
278.943
278.882
278.828
278.783
278.745
278.716
278.694
278.68
278.674
279.771
279.713
279.632
279.533
279.425
279.316
279.212
279.116
279.029
278.951
278.881
278.82
278.766
278.72
278.683
278.652
278.63
278.616
278.61
279.716
279.658
279.579
279.478
279.366
279.254
279.149
279.053
278.966
278.888
278.818
278.756
278.702
278.656
278.617
278.587
278.564
278.55
278.543
279.654
279.605
279.529
279.424
279.306
279.19
279.084
278.988
278.901
278.823
278.753
278.691
278.637
278.589
278.55
278.519
278.495
278.481
278.474
279.578
279.549
279.486
279.372
279.245
279.125
279.017
278.921
278.835
278.757
278.687
278.624
278.569
278.521
278.48
278.448
278.424
278.409
278.401
279.483
279.499
279.453
279.321
279.183
279.057
278.948
278.852
278.767
278.689
278.619
278.556
278.5
278.45
278.409
278.375
278.35
278.334
278.326
279.41
279.505
279.423
279.269
279.117
278.984
278.876
278.782
278.697
278.62
278.55
278.486
278.429
278.378
278.334
278.299
278.273
278.256
278.248
524.922
530.029
529.716
527.673
524.693
520.169
514.481
508.461
502.893
498.465
495.869
495.894
499.482
507.548
520.675
538.783
560.834
584.608
607.085
625.683
638.674
638.155
557.46
382.707
386.74
386.839
385.725
382.844
377.899
371.542
364.589
357.75
351.698
347.054
344.535
345.325
350.875
362.097
378.681
401.411
428.022
454.631
477.614
492.059
486
432.264
238.548
241.608
242.59
240.793
236.972
231.299
224.285
216.389
208.207
200.445
193.694
188.39
185.502
186.016
188.061
203.167
228.08
259.698
292.217
322.738
345.167
350.621
332.533
108.039
99.2238
98.6931
92.7762
86.7153
80.4452
73.1258
64.5515
55.2453
46.9106
39.7681
32.923
23.9873
21.9574
22.1007
26.4491
51.118
92.7392
130.51
169.791
198.554
217.214
222.344
18.8517
5.49754
6.04927
5.08189
4.53692
4.53234
4.63822
4.75207
4.91025
5.14681
5.38159
5.54061
5.46933
5.45108
5.39498
5.20781
5.05529
5.26371
6.0982
11.1039
43.3361
96.01
120.098
4.37057
4.31476
4.35054
4.39332
4.40253
4.42604
4.49382
4.58528
4.6907
4.87814
5.01352
5.05338
5.05758
5.02428
4.95377
4.86733
4.76675
4.80636
4.93005
5.08777
5.20039
5.86504
16.4946
4.14312
4.15095
4.17186
4.2002
4.22742
4.26412
4.31928
4.38646
4.43098
4.53909
4.60768
4.67384
4.71742
4.71249
4.674
4.58575
4.4801
4.53672
4.71027
4.88134
5.05158
5.21867
5.39387
3.93996
3.96167
3.98392
4.00995
4.04116
4.08016
4.12875
4.18217
4.21759
4.26291
4.35492
4.41196
4.44347
4.43909
4.38706
4.26748
4.15891
4.25029
4.48304
4.72493
4.9404
5.1779
5.32746
3.73899
3.76487
3.78718
3.81314
3.84482
3.88305
3.92782
3.97647
4.0222
4.06468
4.12313
4.17378
4.20461
4.2091
4.17309
4.06883
3.94086
4.0416
4.30732
4.5357
4.70574
5.02998
5.23796
3.54448
3.56331
3.58351
3.60882
3.63972
3.67642
3.71845
3.76421
3.8112
3.85805
3.90783
3.95453
3.99135
4.01389
4.01581
3.98694
3.91654
3.92567
4.20708
4.50409
4.70848
4.94178
5.15689
3.3437
3.35536
3.37336
3.39727
3.42692
3.4621
3.50223
3.5463
3.59304
3.64162
3.6919
3.74194
3.78933
3.83287
3.87248
3.91095
3.95614
4.02683
4.21862
4.48702
4.71308
4.90201
5.08524
3.13241
3.14016
3.15612
3.17854
3.20693
3.24086
3.27983
3.32315
3.37012
3.42034
3.47369
3.52996
3.58898
3.6517
3.72088
3.80234
3.90678
4.05046
4.24843
4.45654
4.64385
4.81453
4.98342
2.91057
2.91682
2.93138
2.95259
2.97995
3.01302
3.0514
3.09465
3.14248
3.19485
3.25208
3.31478
3.38391
3.46142
3.55066
3.65681
3.78662
3.94579
4.13097
4.32151
4.49925
4.66791
4.83707
2.67923
2.68523
2.69902
2.71944
2.74608
2.77863
2.81679
2.86037
2.90933
2.96396
3.02485
3.093
3.16984
3.25744
3.35868
3.47704
3.61571
3.77525
3.95038
4.12992
4.30562
4.47757
4.65176
2.43938
2.44561
2.45908
2.47904
2.50524
2.53746
2.57557
2.61956
2.66961
2.72617
2.78999
2.86219
2.94421
3.03789
3.14535
3.26864
3.4089
3.56502
3.73276
3.90584
4.07965
4.25409
4.43278
2.19176
2.19832
2.21166
2.23133
2.25719
2.28915
2.3272
2.37148
2.42232
2.48026
2.54608
2.62083
2.7058
2.80244
2.91223
3.03626
3.17472
3.32623
3.48772
3.65542
3.82676
4.0017
4.18267
1.93688
1.94367
1.9569
1.97628
2.00177
2.0334
2.07126
2.1156
2.1668
2.22545
2.29226
2.36817
2.45422
2.5515
2.66096
2.78315
2.91789
3.06397
3.21925
3.38139
3.5489
3.72193
3.90235
1.675
1.68189
1.69492
1.71393
1.73897
1.77014
1.80762
1.8517
1.90278
1.96141
2.02823
2.10401
2.18957
2.28567
2.39289
2.51145
2.64107
2.7808
2.92922
3.08485
3.24682
3.4154
3.59212
1.40613
1.413
1.42578
1.44436
1.46886
1.49944
1.53632
1.57978
1.63021
1.68809
1.75395
1.82842
1.9121
2.00549
2.10895
2.22248
2.34579
2.47819
2.61872
2.76646
2.92093
3.08237
3.25205
1.13005
1.13685
1.14935
1.16748
1.19139
1.22124
1.25725
1.2997
1.34893
1.40533
1.46933
1.54141
1.62198
1.71141
1.80983
1.91717
2.03312
2.15715
2.28862
2.42692
2.57169
2.72309
2.88204
0.84664
0.853319
0.865511
0.883132
0.906322
0.935247
0.970104
1.01113
1.05862
1.11288
1.17424
1.24302
1.31952
1.40394
1.4963
1.59642
1.70402
1.81867
1.93984
2.06696
2.19964
2.33782
2.48206
0.556093
0.562569
0.574349
0.591324
0.613619
0.64138
0.674768
0.713983
0.759246
0.81079
0.868847
0.933628
1.00528
1.08387
1.16929
1.26131
1.35962
1.4638
1.57326
1.68733
1.80535
1.92695
2.05243
0.258715
0.264883
0.276116
0.292273
0.313468
0.339816
0.37144
0.40848
0.451095
0.499448
0.553669
0.61386
0.680025
0.75208
0.829816
0.912921
1.00101
1.09355
1.18976
1.28868
1.38929
1.49087
1.59372
-0.0450851
-0.0393096
-0.0287512
-0.0135626
0.00633836
0.0310399
0.0606306
0.0951866
0.1348
0.179558
0.229501
0.284602
0.344731
0.409664
0.479063
0.552506
0.629464
0.709161
0.790482
0.872019
0.952233
1.03014
1.10637
-0.354928
-0.349614
-0.339833
-0.325741
-0.307289
-0.284422
-0.257097
-0.225286
-0.188963
-0.148121
-0.102825
-0.0532169
0.000436009
0.0577582
0.118279
0.181433
0.246447
0.312157
0.376923
0.43866
0.495232
0.545429
0.589995
-0.67045
-0.665652
-0.656727
-0.643833
-0.626948
-0.606065
-0.581176
-0.55231
-0.5195
-0.482822
-0.442442
-0.39862
-0.351765
-0.302394
-0.25112
-0.198717
-0.146303
-0.0956058
-0.0490201
-0.0094715
0.0200675
0.0376557
0.0431036
-0.9913
-0.987046
-0.979028
-0.967396
-0.952167
-0.933369
-0.911041
-0.885254
-0.856104
-0.823751
-0.788452
-0.750587
-0.710696
-0.669436
-0.627578
-0.586151
-0.546774
-0.511874
-0.484721
-0.469376
-0.470215
-0.491222
-0.535545
-1.31711
-1.3134
-1.3063
-1.29597
-1.28245
-1.2658
-1.24611
-1.22348
-1.19807
-1.1701
-1.13993
-1.10806
-1.07513
-1.04194
-1.00942
-0.978929
-0.952667
-0.933788
-0.926553
-0.936469
-0.970288
-1.03599
-1.14345
-1.64744
-1.64426
-1.63806
-1.62904
-1.61726
-1.6028
-1.58577
-1.56633
-1.54465
-1.52105
-1.49596
-1.46996
-1.44382
-1.41843
-1.3949
-1.37498
-1.36136
-1.35787
-1.36973
-1.40419
-1.47119
-1.58493
-1.76739
-1.98177
-1.9791
-1.97379
-1.96608
-1.95604
-1.94376
-1.92939
-1.91308
-1.89509
-1.87576
-1.85558
-1.83522
-1.81551
-1.79745
-1.78233
-1.77216
-1.77
-1.78012
-1.80855
-1.86409
-1.95997
-2.11775
-2.37583
-2.31958
-2.31738
-2.31295
-2.30653
-2.2982
-2.28808
-2.2763
-2.26307
-2.24866
-2.23342
-2.21791
-2.20283
-2.18907
-2.17769
-2.1701
-2.16842
-2.17582
-2.19671
-2.23744
-2.30753
-2.42201
-2.60748
-2.91515
-2.66032
-2.65858
-2.65501
-2.64985
-2.64321
-2.6352
-2.62595
-2.61569
-2.60469
-2.59334
-2.58219
-2.57196
-2.56356
-2.55807
-2.55691
-2.56213
-2.57671
-2.60486
-2.65259
-2.72882
-2.84746
-3.03305
-3.33301
-3.00344
-3.00217
-2.99944
-2.99553
-2.99054
-2.98458
-2.97779
-2.97037
-2.96261
-2.9549
-2.94777
-2.94193
-2.93827
-2.93782
-2.94189
-2.95226
-2.97154
-3.00343
-3.05303
-3.12741
-3.23688
-3.39821
-3.63981
-3.34838
-3.3476
-3.3457
-3.34303
-3.33967
-3.3357
-3.33126
-3.32656
-3.32186
-3.31754
-3.3141
-3.3122
-3.31266
-3.31642
-3.32454
-3.33843
-3.36021
-3.39284
-3.4402
-3.50722
-3.60019
-3.72751
-3.89971
-3.69461
-3.69434
-3.6933
-3.69185
-3.69007
-3.68804
-3.68588
-3.68377
-3.68196
-3.68081
-3.68075
-3.68238
-3.68642
-3.69363
-3.7048
-3.7209
-3.74345
-3.77461
-3.81711
-3.87411
-3.94882
-4.04473
-4.16459
-4.04164
-4.04192
-4.04175
-4.04152
-4.04131
-4.04116
-4.04119
-4.04157
-4.04252
-4.04434
-4.04741
-4.05226
-4.05944
-4.0695
-4.08295
-4.10035
-4.12256
-4.15094
-4.18727
-4.2333
-4.29033
-4.35949
-4.44303
-4.38914
-4.38996
-4.39065
-4.39164
-4.39297
-4.39466
-4.39682
-4.39961
-4.4032
-4.40786
-4.41389
-4.42171
-4.43173
-4.44427
-4.45954
-4.47774
-4.4991
-4.52423
-4.55404
-4.58905
-4.62917
-4.67422
-4.72529
-4.73684
-4.73812
-4.73966
-4.74187
-4.74472
-4.74823
-4.75248
-4.75762
-4.7638
-4.77121
-4.7801
-4.79077
-4.80348
-4.81833
-4.83531
-4.85424
-4.87483
-4.89701
-4.92084
-4.94575
-4.97037
-4.99265
-5.01015
-5.08405
-5.08572
-5.08811
-5.09154
-5.0959
-5.10119
-5.10751
-5.11496
-5.12367
-5.13379
-5.14549
-5.15897
-5.17433
-5.19152
-5.21032
-5.23025
-5.25062
-5.27082
-5.29014
-5.3071
-5.31907
-5.32174
-5.308
-5.43105
-5.43303
-5.43632
-5.441
-5.44686
-5.45395
-5.46233
-5.47211
-5.48338
-5.49625
-5.51084
-5.52722
-5.5454
-5.56521
-5.58625
-5.60787
-5.62911
-5.649
-5.6662
-5.67851
-5.68244
-5.6722
-5.6389
-5.77743
-5.77964
-5.78395
-5.7899
-5.79725
-5.80611
-5.81655
-5.82867
-5.84253
-5.8582
-5.87574
-5.89516
-5.91637
-5.93912
-5.96293
-5.98706
-6.01049
-6.03196
-6.04976
-6.06124
-6.06262
-6.04798
-6.00848
-6.11202
-6.11525
-6.12079
-6.12788
-6.1366
-6.14707
-6.15941
-6.17368
-6.18997
-6.2083
-6.22867
-6.25105
-6.27528
-6.30108
-6.32799
-6.3553
-6.38199
-6.40667
-6.42738
-6.44148
-6.44537
-6.43426
-6.40111
330.119
283.516
280.433
278.606
322.401
265.925
279.596
271.368
299.638
267.163
224.94
194.776
216.155
210.474
204.199
196.87
123.934
126.925
130.336
133.174
27.4417
41.2176
55.0667
63.3133
5.45396
5.56971
5.74751
6.48283
5.46304
5.54616
5.61397
5.68846
5.37894
5.48267
5.57858
5.6656
5.28771
5.38896
5.48565
5.57926
5.19958
5.29061
5.38299
5.4765
5.09085
5.17707
5.26614
5.35823
4.94415
5.03043
5.11957
5.21198
4.76129
4.84949
4.94036
5.03438
4.54504
4.63539
4.72826
4.824
4.2967
4.38845
4.48259
4.57924
4.0164
4.10813
4.20208
4.2981
3.70401
3.79381
3.88547
3.97866
3.35935
3.44495
3.5318
3.61979
2.98202
3.06104
3.1408
3.22173
2.57179
2.64218
2.71332
2.7859
2.12929
2.1895
2.2509
2.31387
1.65549
1.70412
1.75426
1.80574
1.15067
1.18565
1.22192
1.25924
0.613035
0.630809
0.649168
0.668488
0.0384515
0.033198
0.0272657
0.0218847
-0.57818
-0.616028
-0.657694
-0.701301
-1.2389
-1.32516
-1.42339
-1.53177
-1.93301
-2.09106
-2.28322
-2.51598
-2.61766
-2.86172
-3.17595
-3.59073
-3.21192
-3.52756
-3.95898
-4.5729
-3.61424
-3.9123
-4.32461
-4.94263
-3.84517
-4.04519
-4.29737
-4.61306
-4.02751
-4.13738
-4.25824
-4.38461
-4.24815
-4.31657
-4.38846
-4.45084
-4.50392
-4.55918
-4.63073
-4.73178
-4.76258
-4.79765
-4.84667
-4.93447
-5.01792
-5.02363
-5.02885
-5.06072
-5.28612
-5.26038
-5.22442
-5.18315
-5.60048
-5.55811
-5.50139
-5.42006
-5.96584
-5.92092
-5.86513
-5.8019
-6.3649
-6.32613
-6.27374
-6.19921
279.451
279.626
279.36
279.198
279.026
278.884
278.78
278.689
278.606
278.529
278.459
278.394
278.335
278.281
278.235
278.197
278.169
278.151
278.143
278.323
279.335
279.125
279.054
278.851
278.678
278.609
278.531
278.449
278.372
278.301
278.235
278.172
278.113
278.06
278.017
277.985
277.964
277.954
191.372
279.061
277.732
278.955
278.676
278.196
278.45
278.377
278.283
278.209
278.136
278.068
278.002
277.934
277.872
277.82
277.783
277.759
277.747
185.977
187.609
201.836
261.36
267.554
275.659
278.634
278.257
278.123
278.048
277.958
277.897
277.83
277.747
277.668
277.604
277.559
277.531
277.517
142.092
154.918
167.396
165.569
159.514
192.712
256.624
276.491
277.784
277.952
277.745
277.73
277.669
277.549
277.443
277.363
277.308
277.276
277.257
82.1973
97.7392
110.513
120.611
130.733
147.253
162.755
188.039
210.477
273.62
276.704
277.645
277.545
277.332
277.188
277.089
277.021
276.984
276.962
13.6074
23.4121
33.1061
47.548
66.8799
84.7595
104.427
125.724
146.937
178.977
246.872
277.081
277.564
277.032
276.885
276.771
276.683
276.644
276.619
5.87367
6.11793
6.3924
6.67455
6.87075
10.2506
19.3675
38.9589
77.3014
115.246
154.954
208.743
261.528
276.577
276.613
276.405
276.26
276.232
276.213
5.83891
6.0778
6.33438
6.59962
6.85211
7.12844
7.4108
7.7128
8.35585
19.3179
58.7875
118.806
163.395
239.058
276.024
275.736
275.66
275.716
275.728
5.76839
6.00636
6.26103
6.52413
6.7898
7.06328
7.35633
7.69232
8.04364
8.39638
8.81866
16.8863
70.297
137.637
209.393
273.218
274.575
274.959
275.16
5.67098
5.91183
6.16873
6.43949
6.72273
7.01702
7.32306
7.65662
8.03085
8.41736
8.79807
9.15897
9.96248
38.7893
123.377
211.657
271.786
274.158
274.593
5.55248
5.79706
6.06042
6.34199
6.64197
6.9605
7.29791
7.65381
8.03067
8.42849
8.8411
9.25985
9.65333
10.088
27.9249
137.009
250.77
272.746
274.353
5.40832
5.65828
5.93009
6.22377
6.54004
6.87963
7.24353
7.62997
8.03379
8.45072
8.88163
9.3288
9.78491
10.1906
10.7256
46.3586
185.801
278.304
275.099
5.23472
5.49108
5.77186
6.07769
6.41032
6.77156
7.16168
7.57632
8.00938
8.45724
8.91894
9.39403
9.88205
10.372
10.8417
11.2433
119.986
272.798
278.829
5.02835
5.29064
5.57964
5.89736
6.24749
6.63251
7.05031
7.49336
7.9553
8.43476
8.93197
9.44518
9.96732
10.4908
10.9761
11.4332
45.6764
272.244
287.755
4.78582
5.05192
5.34745
5.67668
6.04567
6.45642
6.90255
7.37335
7.86416
8.37585
8.909
9.46249
10.03
10.5985
11.1386
11.6255
12.0556
288.733
330.945
4.50387
4.77066
5.06915
5.40834
5.79624
6.23359
6.70785
7.20417
7.72182
8.26443
8.83391
9.43302
10.0575
10.6975
11.3411
12.0194
12.9842
270.385
355.262
4.17951
4.44143
4.73881
5.08346
5.48733
5.9515
6.45352
6.96956
7.50946
8.08026
8.68654
9.33602
10.0277
10.7601
11.5274
12.3038
12.9834
233.17
393.487
3.81133
4.06276
4.35132
4.69247
5.10538
5.59556
6.1257
6.64413
7.20199
7.79993
8.43955
9.14086
9.90985
10.752
11.666
12.6268
13.6386
138.069
1024.3
3.39981
3.63419
3.9041
4.22783
4.63528
5.15272
5.67817
6.13486
6.73859
7.35805
8.02066
8.79074
9.66164
10.63
11.7094
12.9594
14.7343
29.8728
1360.19
2.94653
3.15739
3.3988
3.68608
4.03979
4.4797
4.63612
5.0979
5.9821
6.55004
7.23923
8.15881
9.1971
10.3208
11.5467
12.9925
14.6614
17.5647
1448.28
2.45318
2.63569
2.84273
3.07944
3.32249
3.53937
3.45402
4.07831
5.57939
5.52405
5.90601
7.09472
8.41199
9.73693
11.0616
12.4495
13.2501
434.588
1605.13
1.92015
2.07253
2.24772
2.44462
2.63956
2.86638
3.14225
3.21934
3.07624
3.23997
4.27716
5.72241
7.34105
8.89331
10.3082
11.6116
11.9542
666.314
2120.62
1.34501
1.46711
1.61839
1.79731
1.98085
2.09704
2.4308
0.551025
-1.96291
-1.04738
2.45667
4.413
6.22263
7.92356
9.43266
10.7428
13.6439
184.079
878.271
0.719575
0.810235
0.950216
1.14429
1.34402
1.39422
0.778204
-2.41557
-2.95801
-2.66343
0.0723713
3.38285
5.22858
6.91653
8.47098
9.81086
28.0473
-294.968
65.6764
0.0251902
0.0763976
0.219386
0.484812
0.813958
1.27314
0.154428
-3.52003
-4.37931
-4.34211
-3.67448
1.45563
4.23947
5.96064
6.57884
-22.9989
-6.80553
-4.06575
5.54127
-0.77536
-0.797694
-0.646746
-0.259277
0.232992
1.16271
-1.2767
-4.28871
-5.08692
-5.04405
-3.81415
0.476997
3.46138
5.58997
5.74873
15.663
-7.23586
-17.5148
-8.09591
-1.75348
-1.98618
-1.83232
-1.29608
-0.830062
-1.04298
-1.60961
-3.26068
-4.1231
-3.92911
-2.07988
1.15715
3.31253
0.819168
0.430008
-11.5823
-5.31862
-31.766
-26.6479
-3.09701
-3.87864
-3.4813
-2.41886
-1.584
-0.943181
-0.555474
-1.2507
-2.37432
-2.80235
-1.43745
2.40115
22.0441
-19.2656
-19.7566
-16.1977
-14.5041
-40.3083
-39.9766
-4.91
-6.16092
-4.85832
-2.87674
-1.81826
-1.56524
0.0529895
0.0363406
-1.17397
-3.01174
-5.05131
24.9426
-19.4479
-23.0448
-22.8821
-21.1576
-20.8174
-28.8586
-26.0904
-6.25013
-6.50863
-5.85948
-2.83213
-2.39437
-2.03367
-0.682916
-0.0886077
-0.342247
-1.63134
-22.8806
-19.4178
-23.5661
-25.0118
-26.7819
-27.6163
-27.4783
-17.5057
-3.36519
-6.41316
-12.3096
-3.53032
-3.25206
-2.95401
-2.27773
-1.91394
-0.896422
-1.0331
-13.3233
-14.7804
-18.9208
-22.4309
-25.8694
-29.5665
-32.507
-32.3465
-15.0937
0.175943
-5.12859
-5.26072
-3.59325
-3.86543
-4.08786
-3.41416
-2.03284
-0.913379
0.548688
-14.6091
-15.5322
-17.8418
-21.0116
-25.0342
-30.2682
-35.1589
-34.4572
-16.7672
-8.83228
-4.39894
-4.68766
-4.91626
-4.91285
-5.39243
-5.01931
-3.92408
-3.18585
-9.60291
-12.2485
-14.0631
-16.2188
-18.9292
-22.642
-27.812
-32.046
-29.1063
-21.6991
-17.1934
-4.3542
-5.1611
-6.03554
-6.10161
-6.50071
-6.12187
-20.3824
-7.84691
-10.1207
-10.8818
-12.5678
-14.3955
-16.466
-19.043
-22.0208
-23.159
-20.6834
-21.5315
-19.5506
-4.9184
-4.45726
-9.03079
-6.77825
-7.07281
-7.33745
-6.13058
-8.37095
-8.77406
-9.95585
-11.312
-12.6876
-14.0358
-15.3025
-16.0336
-15.1639
-14.1057
-16.6123
-16.8079
-5.07122
-5.20031
-5.21148
-5.61406
-6.60482
-7.8937
-10.1666
-8.38299
-8.52825
-9.33737
-10.2817
-11.188
-11.9278
-12.3206
-12.0021
-10.8035
-10.4055
-12.1558
-12.7409
-4.95668
-5.12318
-4.84849
-5.28172
-5.99811
-7.16361
-8.27242
-8.16289
-8.27607
-8.76144
-9.35532
-9.89265
-10.2357
-10.2241
-9.67979
-8.75098
-8.55023
-9.46423
-9.872
-4.96215
-4.9423
-4.96666
-5.6326
-5.95129
-6.58462
-7.19772
-7.48578
-7.7602
-8.11335
-8.48428
-8.78291
-8.91095
-8.76852
-8.29338
-7.66194
-7.50775
-7.95392
-8.19789
-5.11671
-4.96163
-7.2266
-6.35778
-6.14682
-6.41248
-6.7302
-6.98205
-7.21285
-7.45296
-7.67605
-7.83061
-7.85745
-7.70524
-7.36015
-6.94455
-6.80518
-7.02739
-7.18444
-5.70457
-5.35431
1.10468
-6.74031
-6.33407
-6.30036
-6.39116
-6.52391
-6.66668
-6.80848
-6.92952
-6.99953
-6.98857
-6.87403
-6.65712
-6.40258
-6.28973
-6.40427
-6.5043
-5.87871
-5.59945
-134.651
-17.2538
-6.30378
-6.0791
-6.03573
-6.07249
-6.12758
-6.18375
-6.22937
-6.25127
-6.23751
-6.18138
-6.08519
-5.96891
-5.90104
-5.94837
-6.01234
1055.64
1029.42
1031.93
1026.15
1017.38
1009.65
1003.47
998.493
994.558
991.891
991.059
992.861
998.218
1008.09
1023.3
1044.87
1073.62
1109.25
1141.74
1139.07
1141.88
1083.22
1086.73
995.703
968.764
971.174
965.463
957.08
949.72
943.704
938.725
934.713
931.945
931.01
932.703
937.932
947.62
962.611
983.524
1010.27
1040.51
1066.73
1079.26
1096.4
986.802
941.734
934.291
906.724
908.969
903.443
895.739
888.964
883.197
878.206
874.056
871.114
869.999
871.501
876.508
885.912
900.469
920.562
945.658
973.1
996.673
1010.59
1021.22
930.29
878.356
871.517
843.401
845.47
840.29
833.492
827.429
821.936
816.898
812.553
809.371
808.001
809.229
813.924
822.943
836.968
856.207
879.872
905.323
927.592
941.52
944.058
894.378
886.544
807.504
779.028
780.884
776.235
770.477
765.142
759.886
754.752
750.159
746.678
744.985
745.854
750.141
758.681
772.106
790.521
813.035
837.168
858.747
873.382
877.445
865.18
903.453
742.415
713.6
715.429
711.489
706.791
702.102
697.003
691.719
686.833
683
680.911
681.332
685.107
693.07
705.84
723.485
745.119
768.47
789.95
805.844
814.173
821.127
872.127
676.543
647.392
649.352
646.205
642.464
638.275
633.233
627.745
622.527
618.29
615.729
615.6
618.747
626.027
638.084
655.011
676.001
699.017
720.897
738.447
750.544
762.911
797.958
610.197
580.636
582.696
580.44
577.523
573.648
568.549
562.809
557.228
552.535
549.42
548.622
550.999
557.458
568.71
584.946
605.486
628.542
651.226
670.573
685.166
696.406
700.088
279.897
279.829
279.758
279.669
279.567
279.459
279.354
279.254
279.163
279.081
279.007
278.942
278.884
278.835
278.794
278.76
278.735
278.717
278.708
279.841
279.773
279.702
279.612
279.509
279.4
279.293
279.194
279.102
279.02
278.946
278.881
278.823
278.774
278.732
278.698
278.673
278.655
278.645
279.786
279.718
279.647
279.557
279.451
279.34
279.232
279.131
279.04
278.958
278.884
278.818
278.76
278.711
278.668
278.634
278.608
278.59
278.579
279.731
279.66
279.596
279.505
279.394
279.279
279.168
279.067
278.976
278.894
278.82
278.754
278.696
278.645
278.602
278.567
278.541
278.522
278.511
279.671
279.593
279.548
279.455
279.337
279.216
279.103
279.001
278.91
278.828
278.754
278.688
278.63
278.578
278.534
278.499
278.471
278.451
278.441
279.595
279.503
279.505
279.41
279.28
279.151
279.035
278.934
278.843
278.761
278.687
278.621
278.562
278.509
278.464
278.427
278.398
278.378
278.367
279.487
279.429
279.478
279.369
279.222
279.083
278.964
278.863
278.774
278.693
278.619
278.552
278.492
278.438
278.392
278.353
278.323
278.302
278.291
279.321
279.461
279.42
279.325
279.16
279.01
278.89
278.791
278.703
278.623
278.549
278.482
278.421
278.366
278.317
278.277
278.245
278.223
278.211
524.98
456.713
458.904
457.927
455.905
452.152
446.728
440.417
434.046
428.324
423.914
421.512
422.021
426.554
436.025
450.862
471.031
495.065
520.086
542.887
560.473
566.425
529.734
383.223
312.893
314.673
314.223
312.173
307.842
301.694
294.467
286.809
279.365
272.789
267.611
264.573
265.33
271.85
286.67
306.145
332.385
361.785
389.362
411.525
420.981
404.249
243.132
166.353
172.931
170.017
165.821
160.323
153.756
145.914
137.092
128.208
120.376
113.759
108.159
109.161
116.869
129.792
139.593
166.339
197.433
226.703
258.046
279.251
283.194
119.107
38.3844
32.789
29.5844
25.8249
22.1531
19.0371
15.6988
12.5807
9.94135
7.92107
6.60158
5.81715
5.54928
5.60514
5.95385
5.80662
8.03577
15.7315
52.7085
114.848
147.189
165.107
40.6702
4.22121
4.40838
4.46777
4.50667
4.46414
4.52627
4.61916
4.73832
4.91056
5.14008
5.28683
5.31787
5.27453
5.18907
5.11696
5.00472
4.91869
5.06071
5.1218
5.73516
12.9287
45.0671
4.34158
4.24147
4.25325
4.27915
4.30698
4.32863
4.37588
4.44658
4.52931
4.62487
4.76501
4.80539
4.85595
4.86458
4.83403
4.77323
4.6775
4.63485
4.74538
4.90368
5.0494
5.1952
5.26679
4.14942
4.05312
4.06984
4.09189
4.12015
4.15332
4.19836
4.25453
4.30731
4.32551
4.43975
4.50928
4.56352
4.57894
4.55533
4.49224
4.36109
4.33144
4.4843
4.70148
4.89592
5.10504
5.30611
3.93836
3.85496
3.87576
3.89881
3.92756
3.96256
4.00535
4.0547
4.10397
4.13653
4.20108
4.26624
4.30814
4.32393
4.30252
4.21391
4.06846
4.05313
4.25257
4.51582
4.71662
4.96383
5.19056
3.73696
3.65528
3.67503
3.69837
3.72685
3.76126
3.80178
3.84732
3.89491
3.93982
3.98871
4.03982
4.08124
4.10519
4.10421
4.06377
3.96302
3.89266
4.09868
4.39221
4.58499
4.837
5.09968
3.54173
3.45189
3.46908
3.49091
3.51838
3.55151
3.59007
3.63316
3.67919
3.72654
3.77532
3.82458
3.86971
3.90742
3.93503
3.95014
3.95014
3.93664
4.04393
4.35267
4.61627
4.81877
5.02234
3.34105
3.2426
3.25643
3.27647
3.30259
3.3344
3.37148
3.41313
3.45841
3.50651
3.55702
3.60952
3.66275
3.7161
3.77031
3.82843
3.89808
3.99504
4.14911
4.36909
4.58959
4.77884
4.95298
3.13047
3.02463
3.03627
3.05479
3.07965
3.11035
3.14645
3.18744
3.23276
3.28207
3.3353
3.39267
3.45451
3.52176
3.59675
3.6839
3.79051
3.92677
4.10104
4.30208
4.4923
4.66487
4.83119
2.90918
2.79769
2.80824
2.82573
2.84965
2.87956
2.91511
2.95595
3.00184
3.05276
3.10899
3.17122
3.24047
3.31835
3.40748
3.51165
3.6356
3.78349
3.95479
4.13879
4.31986
4.4925
4.66236
2.67801
2.56218
2.57236
2.58927
2.61259
2.642
2.67727
2.71823
2.76486
2.81738
2.87633
2.94259
3.01742
3.10255
3.20022
3.31312
3.44375
3.59311
3.75864
3.93334
4.10916
4.28276
4.45719
2.4381
2.31866
2.32879
2.34541
2.36835
2.39742
2.43251
2.47362
2.5209
2.57473
2.63575
2.70489
2.78341
2.87281
2.97485
3.09124
3.22312
3.37023
3.53004
3.69807
3.86985
4.04348
4.22055
2.19035
2.06759
2.07777
2.09418
2.1168
2.14555
2.18042
2.22155
2.26921
2.32385
2.38615
2.45698
2.53744
2.62875
2.73217
2.84875
2.97891
3.12201
3.27605
3.4381
3.60555
3.77736
3.95467
1.93534
1.80935
1.81949
1.83565
1.85789
1.88623
1.92076
1.96169
2.00936
2.06424
2.12698
2.19834
2.27921
2.37054
2.47319
2.58774
2.71427
2.85214
2.99988
3.15558
3.31765
3.48558
3.66032
1.67336
1.54405
1.55407
1.56991
1.59168
1.6195
1.65352
1.69399
1.74125
1.79577
1.85809
1.92886
2.0088
2.09858
2.19876
2.30963
2.4311
2.56263
2.7032
2.85156
3.00677
3.16859
3.33781
1.40442
1.2716
1.28146
1.29694
1.31821
1.34541
1.37874
1.41844
1.46484
1.51835
1.57942
1.64857
1.72634
1.8132
1.90951
2.01536
2.13057
2.25472
2.38707
2.52683
2.67341
2.82669
2.98726
1.12831
0.991839
1.0015
1.0166
1.03731
1.06378
1.09619
1.13479
1.17985
1.23173
1.29077
1.35736
1.43191
1.51473
1.60601
1.70571
1.81363
1.92938
2.05243
2.1822
2.31821
2.46029
2.60875
0.844918
0.704782
0.714182
0.728821
0.748845
0.774396
0.805638
0.842773
0.886043
0.935709
0.992045
1.05534
1.12583
1.2037
1.28901
1.38163
1.48129
1.58767
1.70027
1.81851
1.94182
2.06982
2.20249
0.55444
0.410681
0.41971
0.433742
0.452905
0.477315
0.50711
0.542444
0.583496
0.630466
0.683548
0.74291
0.808673
0.880874
0.959434
1.04414
1.13467
1.23066
1.33153
1.43653
1.54484
1.65573
1.76889
0.257179
0.10991
0.118449
0.131727
0.149844
0.172891
0.200974
0.234197
0.272672
0.316537
0.365896
0.420814
0.481285
0.547194
0.618339
0.694391
0.774951
0.859502
0.94725
1.03715
1.12797
1.21853
1.30842
-0.0464675
-0.197122
-0.189174
-0.176777
-0.15986
-0.13837
-0.112234
-0.0813921
-0.0457932
-0.00537854
0.0398745
0.0899221
0.144622
0.203723
0.26688
0.333642
0.403459
0.475562
0.548804
0.621631
0.692221
0.758965
0.821522
-0.356141
-0.510038
-0.502762
-0.491348
-0.475758
-0.455976
-0.43197
-0.403727
-0.371251
-0.334555
-0.29371
-0.248872
-0.200308
-0.148415
-0.0936834
-0.0367129
0.0217315
0.0805009
0.137875
0.191602
0.239088
0.278182
0.308235
-0.671498
-0.828479
-0.821932
-0.811569
-0.797398
-0.779442
-0.757701
-0.732211
-0.703036
-0.670255
-0.634029
-0.594627
-0.552438
-0.508005
-0.461963
-0.415078
-0.368441
-0.323734
-0.283406
-0.25063
-0.229009
-0.221845
-0.231343
-0.992203
-1.15209
-1.14628
-1.13701
-1.12432
-1.10826
-1.08888
-1.06625
-1.04048
-1.01172
-0.98023
-0.946367
-0.910651
-0.873754
-0.836446
-0.799712
-0.765056
-0.734811
-0.712254
-0.701633
-0.708104
-0.737298
-0.795217
-1.31789
-1.48046
-1.47536
-1.46719
-1.45601
-1.4419
-1.42493
-1.40522
-1.3829
-1.3582
-1.33144
-1.3031
-1.2738
-1.24431
-1.21555
-1.18876
-1.1659
-1.14996
-1.14501
-1.15657
-1.19193
-1.26052
-1.37536
-1.64812
-1.81311
-1.80868
-1.8016
-1.79195
-1.77981
-1.76526
-1.74845
-1.72958
-1.70889
-1.68679
-1.66383
-1.64071
-1.61832
-1.59769
-1.58033
-1.56859
-1.56595
-1.57721
-1.60911
-1.67135
-1.77818
-1.95292
-1.98234
-2.14948
-2.14569
-2.13971
-2.13157
-2.12138
-2.10923
-2.09529
-2.07978
-2.063
-2.04539
-2.02756
-2.01027
-1.99448
-1.98134
-1.97253
-1.97065
-1.97941
-2.00403
-2.05211
-2.13514
-2.27176
-2.49577
-2.32006
-2.48904
-2.48586
-2.48096
-2.47432
-2.46604
-2.45624
-2.44509
-2.43284
-2.41981
-2.40646
-2.39341
-2.38149
-2.37167
-2.36518
-2.36373
-2.36992
-2.38742
-2.42142
-2.47955
-2.57353
-2.72284
-2.96441
-2.66076
-2.83123
-2.82867
-2.82483
-2.81967
-2.81327
-2.80575
-2.7973
-2.78817
-2.77869
-2.76931
-2.76067
-2.75359
-2.74903
-2.74821
-2.75272
-2.76492
-2.78818
-2.82719
-2.88869
-2.98256
-3.12461
-3.3433
-3.00386
-3.17548
-3.17356
-3.17081
-3.1671
-3.16253
-3.15722
-3.15137
-3.1452
-3.13905
-3.13336
-3.12874
-3.12595
-3.12593
-3.12976
-3.13879
-3.15499
-3.18118
-3.22128
-3.28047
-3.36571
-3.48693
-3.65929
-3.3487
-3.52123
-3.52003
-3.51836
-3.51608
-3.51329
-3.51013
-3.50676
-3.50341
-3.50038
-3.4981
-3.49711
-3.49812
-3.50195
-3.50949
-3.52175
-3.54022
-3.56708
-3.60527
-3.65842
-3.73081
-3.82747
-3.95418
-3.6947
-3.86798
-3.86757
-3.867
-3.86613
-3.86507
-3.86399
-3.86301
-3.86234
-3.86226
-3.86314
-3.86547
-3.86985
-3.87695
-3.88741
-3.9019
-3.92138
-3.94731
-3.9817
-4.02694
-4.08535
-4.15899
-4.25011
-4.04137
-4.21534
-4.21576
-4.2163
-4.21682
-4.21747
-4.2184
-4.21972
-4.22163
-4.22436
-4.22822
-4.23362
-4.24106
-4.25098
-4.26381
-4.27988
-4.29961
-4.32375
-4.35349
-4.39015
-4.43457
-4.48713
-4.54884
-4.3884
-4.56292
-4.56421
-4.56584
-4.56773
-4.57006
-4.57295
-4.57653
-4.58093
-4.58636
-4.59307
-4.60139
-4.61167
-4.62418
-4.63909
-4.65643
-4.67616
-4.69836
-4.72344
-4.75174
-4.78279
-4.81569
-4.84955
-4.73552
-4.91051
-4.91266
-4.91537
-4.91862
-4.92262
-4.92745
-4.93323
-4.94009
-4.94818
-4.95768
-4.96884
-4.98189
-4.99692
-5.01388
-5.03256
-5.05251
-5.07325
-5.09451
-5.11568
-5.13519
-5.15056
-5.1576
-5.08209
-5.25691
-5.25995
-5.26372
-5.26831
-5.27395
-5.2807
-5.28865
-5.29792
-5.30863
-5.3209
-5.33489
-5.35071
-5.36832
-5.38751
-5.40784
-5.42859
-5.4489
-5.46791
-5.48425
-5.49545
-5.49753
-5.48379
-5.42827
-5.6051
-5.60912
-5.61395
-5.61992
-5.62722
-5.63593
-5.64612
-5.65789
-5.67133
-5.68652
-5.70352
-5.72235
-5.74289
-5.76481
-5.78753
-5.81017
-5.83169
-5.85078
-5.8655
-5.87281
-5.86798
-5.84356
-5.77318
-5.94392
-5.9489
-5.95472
-5.96198
-5.97081
-5.98131
-5.99357
-6.00766
-6.02365
-6.04158
-6.06145
-6.0832
-6.10664
-6.13141
-6.15689
-6.18221
-6.20619
-6.22728
-6.24323
-6.25087
-6.24572
-6.22095
-6.10669
-6.29396
-6.29987
-6.3068
-6.31544
-6.32596
-6.3385
-6.35313
-6.36993
-6.38896
-6.41022
-6.43366
-6.45919
-6.48657
-6.51546
-6.54531
-6.57528
-6.60419
-6.63034
-6.65149
-6.66475
-6.66657
-6.65254
395.336
295.945
279.865
279.346
349.944
301.018
268.773
199.21
267.117
250.707
234.518
221.511
169.491
169.152
168.517
166.919
75.3934
82.7367
90.7154
96.7402
5.84855
8.07495
14.1231
21.6006
5.43399
5.53882
5.61361
5.65114
5.35499
5.48001
5.55997
5.64432
5.28243
5.3876
5.48896
5.5821
5.195
5.29113
5.38696
5.48174
5.10635
5.19347
5.2823
5.37381
4.98007
5.06492
5.15207
5.24252
4.81429
4.90029
4.98872
5.08024
4.61347
4.70158
4.79213
4.88554
4.38019
4.47014
4.56255
4.65755
4.11552
4.20622
4.29934
4.39483
3.81961
3.90943
4.00157
4.09565
3.49249
3.57948
3.66836
3.75863
3.13397
3.21593
3.29907
3.38314
2.74377
2.81837
2.89363
2.9698
2.32196
2.38713
2.45305
2.52018
1.86925
1.92336
1.9787
2.03547
1.38639
1.42784
1.4708
1.51503
0.873084
0.89943
0.926979
0.955355
0.327228
0.334193
0.34148
0.34898
-0.254758
-0.274218
-0.295103
-0.31748
-0.875222
-0.932276
-0.995092
-1.06457
-1.52974
-1.64099
-1.76971
-1.91965
-2.19434
-2.37558
-2.5999
-2.88394
-2.81617
-3.06644
-3.39347
-3.83172
-3.31206
-3.58847
-3.9658
-4.51145
-3.64
-3.86226
-4.15197
-4.55469
-3.86806
-4.0073
-4.16964
-4.3651
-4.09105
-4.17285
-4.25634
-4.3409
-4.34532
-4.40402
-4.46846
-4.55077
-4.61353
-4.65629
-4.70987
-4.78815
-4.88076
-4.89991
-4.92444
-4.95498
-5.15238
-5.14385
-5.13069
-5.11372
-5.44971
-5.41864
-5.37374
-5.3128
-5.79707
-5.75899
-5.70931
-5.64387
-6.17476
-6.13652
-6.0856
-6.01834
-6.62254
-6.59801
-6.56613
-6.52585
279.142
279.249
279.369
279.254
279.034
278.857
278.741
278.653
278.569
278.489
278.416
278.347
278.284
278.226
278.173
278.128
278.093
278.068
278.055
239.256
266.811
279.391
279.455
278.855
278.608
278.55
278.492
278.407
278.328
278.255
278.185
278.12
278.056
277.995
277.943
277.902
277.874
277.858
197.968
183.875
260.834
276.411
278.306
278.318
278.298
278.319
278.221
278.159
278.087
278.015
277.951
277.879
277.806
277.742
277.692
277.659
277.641
166.768
174.12
180.361
168.657
204.514
230.97
276.616
277.777
278.115
277.956
277.9
277.829
277.787
277.699
277.601
277.52
277.46
277.42
277.399
104.492
119.545
133.276
143.954
152.604
165.172
179.756
218.064
256.568
276.451
277.73
277.602
277.679
277.519
277.375
277.272
277.197
277.149
277.126
32.1449
54.9296
70.8693
83.8097
95.9889
109.829
124.592
145.524
161.268
201.757
251.734
277.714
277.714
277.31
277.107
276.986
276.893
276.836
276.812
5.68542
6.01602
7.24103
11.1074
17.7806
28.7461
48.6416
78.5853
103.151
133.611
172.874
221.501
274.836
276.441
276.782
276.675
276.533
276.459
276.444
5.75207
5.98015
6.24068
6.50981
6.74266
7.00283
7.33734
7.98914
16.3395
41.5544
91.7218
137.579
175.28
249.646
276.807
276.241
276.053
275.978
276.002
5.70171
5.92386
6.17105
6.43186
6.69149
6.95
7.24727
7.53407
7.88239
8.17534
9.61653
33.2867
95.6388
152.13
213.474
274.896
275.302
275.264
275.462
5.60811
5.83957
6.08732
6.34827
6.61973
6.89718
7.18346
7.49477
7.85214
8.22598
8.58908
8.92974
10.9209
50.8433
127.182
205.523
272.639
273.795
274.87
5.49954
5.73374
5.98508
6.25291
6.53679
6.83616
7.15087
7.48047
7.8374
8.22207
8.62219
9.02439
9.40562
9.83735
31.5375
126.867
225.492
273.215
274.257
5.36794
5.60485
5.86217
6.13956
6.43746
6.75599
7.09609
7.45772
7.83857
8.23528
8.64817
9.07594
9.51179
9.91844
10.3871
32.6619
155.031
264.117
273.242
5.20735
5.4491
5.71384
6.00171
6.3137
6.65076
7.01435
7.40365
7.814
8.23976
8.67814
9.13012
9.59663
10.0695
10.5066
10.8985
74.7312
233.927
273.179
5.01509
5.26253
5.53465
5.83277
6.15896
6.51575
6.90449
7.32177
7.76052
8.2161
8.68762
9.17443
9.67406
10.1819
10.68
11.1605
12.1721
193.231
282.077
4.78892
5.04092
5.31906
5.62649
5.96745
6.34603
6.76185
7.20749
7.67457
8.16049
8.66583
9.1904
9.72984
10.2732
10.8069
11.3223
11.3612
152.134
308.015
4.52634
4.77999
5.06143
5.37661
5.73248
6.13422
6.57806
7.05132
7.5454
8.06129
8.60053
9.164
9.7502
10.35
10.9538
11.5415
11.9517
117.473
343.478
4.22481
4.47608
4.75661
5.07574
5.44468
5.86932
6.34177
6.84049
7.35768
7.90075
8.47228
9.07814
9.71939
10.3911
11.0869
11.7764
12.4185
26.1809
330.134
3.88245
4.12601
4.40001
4.71737
5.0926
5.53742
6.04028
6.55893
7.09029
7.6582
8.2603
8.90923
9.61049
10.3674
11.1777
12.0261
12.8969
13.2574
530.147
3.49895
3.72924
3.98939
4.29429
4.66482
5.12699
5.66209
6.17762
6.70336
7.30236
7.92501
8.6153
9.388
10.246
11.1939
12.2544
13.4872
15.0998
870.124
3.0755
3.28679
3.52494
3.80433
4.14823
4.60211
5.11134
5.51586
6.03923
6.72856
7.33577
8.09237
8.97895
9.97215
11.0654
12.3093
13.7965
15.4711
1004.94
2.61378
2.8007
3.01012
3.2522
3.5333
3.90459
3.88362
3.89678
5.20314
5.90153
6.21912
7.13528
8.25592
9.45216
10.6937
12.0456
13.8559
15.4476
888.297
2.11462
2.27311
2.45126
2.6536
2.87113
3.05511
3.28602
3.50479
3.77383
5.04656
4.77921
5.71337
7.16355
8.62717
10.031
11.357
12.721
14.0921
1266.37
1.57684
1.70419
1.85308
2.02725
2.22
2.39578
2.63388
2.9773
1.25083
0.660537
2.29923
4.17973
5.9131
7.60725
9.1793
10.5424
12.1639
7.58454
1389.99
0.996091
1.08895
1.21299
1.37638
1.56678
1.72656
1.70456
0.237363
-2.44326
-2.53579
-0.650024
3.00753
4.80433
6.58157
8.20875
9.56582
10.4342
-137.558
-558.95
0.362258
0.412547
0.515626
0.696774
0.945795
1.15206
1.08813
-1.90029
-3.35744
-3.60203
-3.10689
0.512244
3.77067
5.6217
7.08649
8.94405
18.1623
51.2497
-84.0839
-0.344793
-0.357913
-0.283031
-0.0469243
0.3392
0.81937
1.66596
-2.95351
-4.67322
-5.04935
-4.77323
-2.107
2.56212
4.80246
6.06331
-25.8468
9.99505
-5.79726
-5.34864
-1.16052
-1.29966
-1.30521
-0.976809
-0.484049
-0.214102
-0.450327
-2.89687
-4.6272
-4.77959
-4.1185
-1.20493
2.23834
4.1171
7.88723
6.78966
2.67648
-14.4259
-20.9687
-2.1445
-2.60952
-2.82762
-2.2529
-1.58911
-0.956243
-0.818002
-1.45107
-2.81631
-3.30779
-2.63148
0.0622976
3.53193
0.733313
-10.9501
-16.0829
-12.6645
-22.5724
-42.5463
-3.36879
-4.69211
-4.96924
-3.46875
-2.16012
-1.4154
-0.893131
-0.0891824
-1.17131
-2.2832
-3.28029
0.619971
19.6527
-19.7088
-22.1177
-19.9441
-18.108
-23.4487
-39.0161
-4.68291
-6.5062
-5.93426
-4.69216
-1.91852
-2.07507
-1.36029
0.234351
-0.240319
-1.15591
-5.49417
2.7987
-20.8875
-23.7897
-24.4883
-24.7192
-24.5574
-24.3554
-16.3156
-5.66864
-7.76302
-6.44825
-2.92248
-2.86156
-2.37649
-1.71411
-0.910678
-0.422968
-0.943509
-11.9968
-14.6666
-21.7991
-24.2914
-27.0733
-29.5355
-30.3759
-27.6399
-0.102201
-5.23824
-5.90465
-3.97752
-3.33104
-3.52591
-3.23657
-2.1841
-1.5219
-0.666416
-14.8074
-15.7147
-16.9264
-20.0692
-23.6501
-27.8638
-32.4865
-34.9095
-31.0819
-4.17568
-4.54985
-4.70983
-4.53714
-4.21341
-4.5483
-4.50775
-3.5295
-1.3942
-1.89597
-11.521
-13.643
-15.8751
-18.4683
-21.8624
-26.5929
-32.421
-34.7636
-27.9816
-13.9041
-4.36106
-4.45538
-5.31444
-5.51819
-5.69235
-5.92139
-5.32198
-5.83414
-6.63223
-10.8288
-12.4324
-14.2643
-16.4461
-19.1907
-22.9873
-27.0785
-27.0899
-23.1627
-20.6918
-4.62608
-4.43924
-6.02658
-7.05792
-6.60908
-6.97399
-6.74082
-20.6622
-9.40349
-9.71676
-11.1229
-12.7023
-14.354
-16.1444
-18.074
-19.1393
-17.711
-17.7444
-19.6036
-4.95844
-5.01529
-7.23996
-6.84238
-6.38905
-7.57326
-8.50593
-9.37756
-8.14316
-9.08386
-10.1953
-11.3533
-12.4416
-13.3607
-13.8596
-13.3063
-11.9328
-12.9436
-14.7776
-5.10015
-5.22697
-5.18403
-5.12362
-5.66562
-6.92366
-8.42408
-9.02753
-8.34355
-8.72032
-9.43189
-10.1781
-10.8066
-11.1636
-11.0238
-10.16
-9.22892
-9.92174
-10.9902
-5.10037
-5.13956
-4.90096
-5.31433
-5.60438
-6.32269
-7.25655
-7.73768
-7.87993
-8.22115
-8.67884
-9.12989
-9.45585
-9.53147
-9.22597
-8.51359
-7.9186
-8.25709
-8.81765
-5.17189
-5.01087
-5.08558
-5.62457
-5.85753
-6.23399
-6.7216
-7.09563
-7.3537
-7.6323
-7.93146
-8.19442
-8.34646
-8.30985
-8.02377
-7.52013
-7.12518
-7.26395
-7.57044
-5.50742
-5.03252
-4.32936
-5.92401
-6.31699
-6.29151
-6.45567
-6.65463
-6.84383
-7.03419
-7.217
-7.35962
-7.41921
-7.35501
-7.14356
-6.81649
-6.5511
-6.59001
-6.77344
-5.89684
-5.69945
-12.0337
-6.73919
-6.98447
-6.29228
-6.20033
-6.25494
-6.34725
-6.44715
-6.5392
-6.60416
-6.6202
-6.57017
-6.44701
-6.2683
-6.11245
-6.11158
-6.21622
-6.46739
-6.62534
-15.6932
-725.914
-11.0388
-6.13779
-5.84945
-5.83582
-5.85379
-5.87517
-5.8944
-5.90732
-5.90975
-5.89883
-5.8741
-5.84012
-5.8148
-5.82642
-5.82757
1026.71
1031.67
1029.87
1021.76
1013.31
1006.39
1000.85
996.39
993.037
991.2
991.575
995.035
1002.53
1014.95
1033.23
1058.31
1090.75
1127.49
1145.47
1134.99
1131.7
1041.2
1152.64
966.01
970.953
969.095
961.252
953.216
946.565
941.097
936.589
933.143
931.202
931.472
934.817
942.163
954.408
972.307
996.228
1025.28
1054.79
1074.78
1085.49
1090.8
916.213
1046.76
903.896
908.818
906.893
899.549
892.205
885.975
880.608
876.009
872.4
870.282
870.368
873.509
880.609
892.51
909.824
932.581
959.384
985.884
1004.73
1016.15
1006.07
864.184
975.011
840.477
845.392
843.454
836.833
830.367
824.628
819.352
814.614
810.779
808.413
808.237
811.088
817.844
829.302
845.953
867.597
892.636
917.223
935.793
944.672
932.332
862.22
966.685
775.838
780.871
779.011
773.3
767.779
762.514
757.283
752.355
748.24
745.562
745.047
747.516
753.832
764.759
780.715
801.377
825.128
848.574
867.153
877.023
874.35
867.838
965.767
710.312
715.414
713.797
709.106
704.485
699.604
694.351
689.186
684.743
681.692
680.756
682.746
688.518
698.833
714.081
733.909
756.781
779.695
798.781
811.02
816.86
837.061
920.029
644.076
649.247
648.029
644.339
640.473
635.849
630.501
625.057
620.243
616.755
615.31
616.708
621.822
631.435
645.964
665.094
687.435
710.318
730.369
745.112
755.917
776.462
826.823
577.317
582.474
581.757
579.045
575.748
571.227
565.709
559.951
554.727
550.736
548.681
549.356
553.666
562.457
576.225
594.76
616.861
640.132
661.463
678.455
691.126
701.125
692.21
279.855
279.796
279.715
279.619
279.513
279.406
279.303
279.207
279.121
279.043
278.973
278.912
278.859
278.814
278.776
278.747
278.725
278.712
278.705
279.799
279.74
279.659
279.562
279.455
279.346
279.242
279.147
279.06
278.982
278.912
278.851
278.798
278.752
278.714
278.684
278.663
278.649
278.642
279.744
279.685
279.605
279.506
279.396
279.285
279.18
279.084
278.998
278.92
278.85
278.788
278.735
278.688
278.65
278.62
278.598
278.583
278.577
279.686
279.632
279.553
279.451
279.336
279.222
279.117
279.02
278.934
278.856
278.786
278.724
278.67
278.623
278.584
278.553
278.53
278.516
278.509
279.619
279.577
279.507
279.398
279.276
279.158
279.051
278.955
278.868
278.79
278.72
278.658
278.603
278.555
278.515
278.484
278.46
278.445
278.438
279.532
279.52
279.468
279.346
279.214
279.091
278.983
278.887
278.801
278.723
278.653
278.59
278.535
278.486
278.445
278.412
278.387
278.372
278.364
279.439
279.494
279.439
279.295
279.15
279.021
278.912
278.818
278.732
278.655
278.585
278.521
278.464
278.414
278.372
278.337
278.312
278.295
278.287
279.41
279.525
279.402
279.242
279.082
278.946
278.839
278.746
278.662
278.585
278.514
278.45
278.392
278.341
278.296
278.26
278.233
278.216
278.207
453.785
458.515
458.553
457.087
454.269
449.606
443.628
437.193
431.062
425.914
422.412
421.336
423.717
430.634
442.765
460.328
482.722
507.661
531.943
552.55
565.631
558.332
485.114
311.031
314.36
314.563
313.473
310.281
304.948
298.173
290.653
283.017
275.933
269.991
265.751
264.381
267.65
278.445
295.552
318.527
347.056
376.008
401.429
418.468
417.545
384.018
168.468
170.849
171.762
168.082
163.196
157.197
149.99
141.586
132.57
124.144
116.888
111.018
107.731
112.142
123.345
132.241
151.621
182.2
211.801
242.715
270.534
283.968
277.361
57.9435
28.8154
32.0121
27.431
23.8144
20.6587
17.3645
14.0917
11.1917
8.84799
7.1657
6.31652
5.5576
5.57194
5.67916
6.17628
6.11333
10.9883
26.0632
88.4303
132.957
157.863
169.244
4.76706
4.38538
4.43278
4.49911
4.47797
4.48801
4.57023
4.67436
4.81356
5.0302
5.22677
5.31875
5.29887
5.23543
5.14747
5.09063
4.93141
4.96548
5.13237
5.22945
7.08791
25.4134
64.6347
4.25527
4.2398
4.26244
4.29484
4.31626
4.34857
4.40897
4.48804
4.56
4.7054
4.78474
4.83611
4.8646
4.85407
4.80778
4.72634
4.63303
4.678
4.826
4.97624
5.11908
5.24131
5.44446
4.04117
4.05841
4.07902
4.10571
4.13565
4.17415
4.22546
4.28385
4.3159
4.39092
4.47418
4.54035
4.57665
4.57128
4.52951
4.42816
4.32303
4.38894
4.59366
4.80133
4.9972
5.21306
5.37524
3.83872
3.86378
3.88655
3.91249
3.94417
3.98296
4.02947
4.08015
4.12259
4.16202
4.23683
4.28982
4.32002
4.31862
4.26951
4.14343
4.02557
4.14072
4.38239
4.62198
4.83437
5.09213
5.27028
3.64163
3.66488
3.68613
3.71191
3.74328
3.78078
3.82406
3.87109
3.91793
3.96289
4.01461
4.06256
4.09573
4.10848
4.09025
4.02266
3.90681
3.95958
4.25482
4.50598
4.6793
4.98698
5.20181
3.44535
3.46015
3.47928
3.50394
3.53424
3.57015
3.61113
3.65592
3.70278
3.75065
3.80018
3.84792
3.88965
3.92265
3.94426
3.95241
3.94353
3.95042
4.19276
4.49464
4.71986
4.9213
5.12101
3.23942
3.24874
3.26566
3.2888
3.31781
3.35232
3.39179
3.43538
3.48215
3.53147
3.5831
3.63611
3.68939
3.74298
3.79855
3.86106
3.94161
4.06287
4.25478
4.48236
4.68787
4.8664
5.04003
3.02275
3.02953
3.0447
3.06647
3.0943
3.12775
3.16637
3.20959
3.25693
3.30818
3.36345
3.423
3.48735
3.55807
3.63843
3.73418
3.85426
4.00901
4.20088
4.39981
4.58018
4.748
4.91566
2.79602
2.80204
2.81615
2.83692
2.86388
2.89665
2.93489
2.97828
3.02666
3.08018
3.1393
3.20489
3.2782
3.3613
3.45741
3.57085
3.70641
3.86659
4.04632
4.23012
4.40701
4.57723
4.74884
2.56031
2.5664
2.58
2.60015
2.62655
2.65892
2.69704
2.74083
2.79036
2.84601
2.90847
2.97884
3.05857
3.14965
3.25459
3.3761
3.51614
3.6742
3.8454
4.02146
4.19619
4.36961
4.54628
2.31651
2.32291
2.3363
2.3561
2.38213
2.41422
2.45231
2.49647
2.54696
2.60429
2.66923
2.74289
2.82664
2.92214
3.03115
3.15522
3.29487
3.44879
3.61334
3.78369
3.95641
4.13138
4.31153
2.06521
2.0719
2.08519
2.10472
2.13041
2.16222
2.20019
2.24454
2.29562
2.354
2.42044
2.49594
2.58166
2.67887
2.78877
2.91214
3.04894
3.19784
3.35627
3.52127
3.69089
3.86518
4.04626
1.80681
1.81367
1.82681
1.84601
1.87129
1.90271
1.94041
1.98465
2.03586
2.09458
2.16152
2.23753
2.32351
2.42041
2.52895
2.64953
2.78186
2.92489
3.07686
3.23589
3.40086
3.57198
3.75097
1.54145
1.54834
1.56125
1.58005
1.60483
1.63572
1.67293
1.71674
1.76757
1.82592
1.89237
1.96764
2.05242
2.14735
2.25285
2.36906
2.49566
2.63186
2.77647
2.92835
3.08683
3.25218
3.42582
1.269
1.27584
1.28848
1.30684
1.33106
1.3613
1.39777
1.44078
1.49068
1.54791
1.61295
1.68634
1.76861
1.86016
1.96124
2.07182
2.19157
2.31992
2.45606
2.59929
2.74919
2.906
3.0708
0.989253
0.996003
1.00836
1.02625
1.04981
1.07923
1.1147
1.15649
1.20492
1.26033
1.32309
1.39362
1.47227
1.55931
1.65482
1.75867
1.87056
1.99003
2.11651
2.24944
2.38848
2.53368
2.68579
0.70224
0.708833
0.720833
0.738152
0.760921
0.789294
0.823456
0.863626
0.910059
0.963026
1.0228
1.08967
1.16383
1.24543
1.33442
1.4306
1.53367
1.64322
1.75872
1.87956
2.00525
2.13556
2.27092
0.40823
0.414564
0.426088
0.442675
0.464445
0.491531
0.524073
0.562242
0.606229
0.656233
0.712433
0.774985
0.843972
0.91937
1.00103
1.0887
1.18202
1.28052
1.38356
1.49032
1.6
1.71203
1.82668
0.107594
0.113575
0.124485
0.140175
0.160745
0.186297
0.216935
0.252768
0.293924
0.340525
0.392656
0.450362
0.513568
0.582131
0.655776
0.734135
0.816771
0.903034
0.992005
1.08253
1.17333
1.26355
1.35363
-0.199273
-0.193721
-0.183541
-0.168886
-0.149692
-0.125888
-0.0974039
-0.0641904
-0.0261911
0.0166435
0.0643057
0.116702
0.173642
0.234822
0.29984
0.36821
0.439285
0.512127
0.585382
0.657324
0.726138
0.790738
0.851884
-0.512001
-0.50694
-0.497578
-0.484075
-0.466394
-0.444503
-0.418378
-0.388018
-0.353428
-0.314643
-0.271779
-0.225033
-0.174748
-0.121369
-0.0654367
-0.00761657
0.0511686
0.109491
0.165355
0.216286
0.25977
0.294344
0.320472
-0.830231
-0.825703
-0.817228
-0.804958
-0.788893
-0.769042
-0.745421
-0.718081
-0.687088
-0.652558
-0.614705
-0.573849
-0.530464
-0.485142
-0.43857
-0.391641
-0.34571
-0.30284
-0.265852
-0.238197
-0.223445
-0.224355
-0.242268
-1.15361
-1.14963
-1.14207
-1.13109
-1.11671
-1.09898
-1.07796
-1.05375
-1.02646
-0.996299
-0.963566
-0.928702
-0.892305
-0.855096
-0.817932
-0.781999
-0.749198
-0.72233
-0.705145
-0.702381
-0.719487
-0.762167
-0.836312
-1.48174
-1.4783
-1.47165
-1.46197
-1.44932
-1.43377
-1.41541
-1.39437
-1.37083
-1.34505
-1.31744
-1.28852
-1.25902
-1.22978
-1.20181
-1.17668
-1.15684
-1.1458
-1.14831
-1.17074
-1.22136
-1.311
-1.45491
-1.81414
-1.81121
-1.80546
-1.7971
-1.78619
-1.77283
-1.75713
-1.73926
-1.71944
-1.69799
-1.67538
-1.65224
-1.62936
-1.60771
-1.58848
-1.57357
-1.56587
-1.56948
-1.59005
-1.63569
-1.71802
-1.85495
-2.07636
-2.15028
-2.14784
-2.14298
-2.13591
-2.12673
-2.11554
-2.10247
-2.08771
-2.07152
-2.05427
-2.03646
-2.01879
-2.00212
-1.98749
-1.97626
-1.97052
-1.97342
-1.98934
-2.02453
-2.08833
-2.19515
-2.36973
-2.6582
-2.48962
-2.48765
-2.48365
-2.47786
-2.47038
-2.46132
-2.45082
-2.43909
-2.4264
-2.41314
-2.39985
-2.38725
-2.37625
-2.36792
-2.36369
-2.36567
-2.37698
-2.40195
-2.44686
-2.5211
-2.63955
-2.82873
-3.14052
-2.83162
-2.83011
-2.82696
-2.82242
-2.81662
-2.80964
-2.80163
-2.7928
-2.78345
-2.77395
-2.76485
-2.75688
-2.75092
-2.74806
-2.74967
-2.75768
-2.77491
-2.80535
-2.85461
-2.93079
-3.0462
-3.22191
-3.49678
-3.17572
-3.17469
-3.17237
-3.16909
-3.16492
-3.15996
-3.15435
-3.1483
-3.1421
-3.13612
-3.13087
-3.12706
-3.12553
-3.12729
-3.13352
-3.14584
-3.16662
-3.19921
-3.24811
-3.31931
-3.42102
-3.56556
-3.77138
-3.52137
-3.52084
-3.51937
-3.5173
-3.51474
-3.51174
-3.50845
-3.50506
-3.50183
-3.49912
-3.4974
-3.49732
-3.49963
-3.5052
-3.51495
-3.53009
-3.55243
-3.58454
-3.62972
-3.69193
-3.77576
-3.88672
-4.0301
-3.86805
-3.86805
-3.86744
-3.8666
-3.86561
-3.86453
-3.86347
-3.86262
-3.8622
-3.86255
-3.86409
-3.86737
-3.87302
-3.88172
-3.8941
-3.91094
-3.93342
-3.9633
-4.00281
-4.05438
-4.12015
-4.20223
-4.30274
-4.21536
-4.21592
-4.21617
-4.21656
-4.21712
-4.21789
-4.219
-4.22059
-4.22287
-4.22612
-4.2307
-4.23706
-4.24568
-4.25702
-4.27142
-4.28925
-4.31106
-4.33783
-4.37089
-4.41136
-4.45983
-4.51673
-4.58408
-4.56297
-4.56402
-4.56514
-4.56674
-4.56883
-4.57143
-4.57465
-4.57861
-4.5835
-4.58954
-4.59701
-4.60626
-4.61764
-4.63133
-4.64746
-4.666
-4.68693
-4.71051
-4.7372
-4.76697
-4.79908
-4.83254
-4.86698
-4.91064
-4.91213
-4.9141
-4.91691
-4.92052
-4.92493
-4.93022
-4.93652
-4.94397
-4.95274
-4.96304
-4.97512
-4.98916
-5.00516
-5.02303
-5.04241
-5.06281
-5.08384
-5.10518
-5.12577
-5.14359
-5.15545
-5.1564
-5.25719
-5.25901
-5.26184
-5.26589
-5.27099
-5.27718
-5.28452
-5.29312
-5.30309
-5.31456
-5.32768
-5.34257
-5.3593
-5.37773
-5.39757
-5.41822
-5.43885
-5.45863
-5.47653
-5.49069
-5.49797
-5.49317
-5.46789
-5.60556
-5.60767
-5.61145
-5.61677
-5.6234
-5.63139
-5.64083
-5.6518
-5.6644
-5.6787
-5.69479
-5.71271
-5.73242
-5.75371
-5.77611
-5.79892
-5.82114
-5.84163
-5.85885
-5.87031
-5.87232
-5.8588
-5.82083
-5.94426
-5.94675
-5.95164
-5.95816
-5.96619
-5.97585
-5.98721
-6.00038
-6.01542
-6.03237
-6.05127
-6.0721
-6.09472
-6.11889
-6.14411
-6.16964
-6.19445
-6.21722
-6.23607
-6.24833
-6.25023
-6.23632
-6.1983
-6.29302
-6.29698
-6.30314
-6.31089
-6.32046
-6.33197
-6.34555
-6.36126
-6.37917
-6.39931
-6.42167
-6.44618
-6.47266
-6.50085
-6.5303
-6.56034
-6.58996
-6.61773
-6.64171
-6.65931
-6.66734
-6.66185
-6.6379
339.386
279.33
279.783
279.019
324.771
287.805
234.404
204.788
258.785
242.671
228.068
214.682
169.243
168.983
167.717
166.064
79.294
86.8017
93.9306
99.4976
6.53649
10.6029
18.1092
24.8973
5.48848
5.57809
5.64023
5.65439
5.42376
5.52064
5.60266
5.68458
5.33469
5.43942
5.53628
5.62721
5.24301
5.33916
5.43448
5.52879
5.1498
5.23755
5.32774
5.42039
5.02228
5.10811
5.19688
5.28889
4.85701
4.94416
5.03407
5.1272
4.65723
4.74654
4.83844
4.93337
4.42486
4.51604
4.60969
4.70604
4.16056
4.2525
4.34678
4.44336
3.86422
3.95524
4.04836
4.14327
3.53574
3.62373
3.71331
3.80418
3.1748
3.25739
3.34095
3.42559
2.78102
2.85592
2.93153
3.00843
2.35453
2.41997
2.4864
2.55435
1.89625
1.95086
2.00688
2.06438
1.407
1.44915
1.49275
1.53755
0.88615
0.9131
0.941032
0.969952
0.330687
0.337862
0.345105
0.353214
-0.264342
-0.28437
-0.306273
-0.328436
-0.903175
-0.962729
-1.02922
-1.1006
-1.58357
-1.70269
-1.84233
-2.00256
-2.28051
-2.48118
-2.73348
-3.05588
-2.93324
-3.21848
-3.59518
-4.10361
-3.43995
-3.76154
-4.2106
-4.88717
-3.74396
-3.99702
-4.33459
-4.81208
-3.93493
-4.08511
-4.26365
-4.45995
-4.13148
-4.21442
-4.29947
-4.36759
-4.37401
-4.43516
-4.50674
-4.59179
-4.63398
-4.68085
-4.74539
-4.84793
-4.89005
-4.91105
-4.93877
-5.00007
-5.14864
-5.13828
-5.12202
-5.1185
-5.43553
-5.39836
-5.34711
-5.27591
-5.77936
-5.73554
-5.68073
-5.61123
-6.15707
-6.11277
-6.05412
-5.97728
-6.61111
-6.58307
-6.54703
-6.50273
279.687
279.632
279.291
279.133
278.942
278.79
278.696
278.611
278.528
278.452
278.381
278.315
278.254
278.198
278.149
278.109
278.079
278.06
278.051
243.557
277.711
279.13
278.995
278.743
278.546
278.524
278.451
278.367
278.291
278.22
278.152
278.088
278.025
277.968
277.921
277.886
277.864
277.853
186.741
207.299
266.111
278.731
278.533
278.218
278.364
278.285
278.196
278.126
278.049
277.983
277.916
277.842
277.772
277.715
277.674
277.648
277.635
169.095
176.209
181.904
201.954
186.848
248.708
278.479
278.039
278.075
277.995
277.861
277.812
277.747
277.649
277.558
277.487
277.438
277.408
277.391
112.607
126.208
140.329
147.452
156.196
174.65
205.462
232.743
274.36
277.524
277.479
277.66
277.602
277.443
277.32
277.231
277.17
277.135
277.115
43.6716
63.8092
77.5815
89.8713
102.216
117.522
133.752
154.285
170.256
220.216
272.868
277.739
277.518
277.221
277.043
276.936
276.86
276.821
276.797
5.86206
6.31649
8.80035
13.9775
22.8588
37.0578
63.1137
90.4561
118.911
150.392
197.405
251.022
276.991
276.637
276.734
276.597
276.485
276.449
276.424
5.85806
6.10781
6.37615
6.63279
6.85559
7.19043
7.40801
10.4841
25.9484
64.583
115.702
157.974
210.25
271.501
276.527
276.141
275.995
275.989
275.982
5.80876
6.04525
6.3003
6.56331
6.81768
7.09532
7.39193
7.70554
8.02141
8.54975
16.392
60.9597
125.311
182.095
258.975
275.383
275.199
275.389
275.45
5.72209
5.96144
6.21637
6.4829
6.75797
7.03832
7.33419
7.66941
8.04192
8.40682
8.76517
9.2396
22.1775
90.9869
161.495
250.065
273.711
274.459
274.869
5.61465
5.8572
6.11701
6.39288
6.68455
6.99167
7.31345
7.65494
8.02678
8.42184
8.82153
9.21929
9.59451
12.1629
74.9238
173.831
264.777
274.042
274.389
5.48386
5.73093
5.99835
6.28593
6.59411
6.92327
7.27434
7.64599
8.03502
8.43945
8.86067
9.2939
9.73049
10.0957
11.4585
93.6167
215.045
271.32
274.552
5.32541
5.57853
5.85485
6.15464
6.479
6.82919
7.20601
7.60657
8.02521
8.45738
8.9023
9.36196
9.83377
10.2923
10.7415
19.3517
155.188
272.946
276.588
5.13583
5.39533
5.68038
5.9922
6.33337
6.70619
7.11
7.53887
7.9863
8.44987
8.92921
9.42292
9.92708
10.4357
10.9202
11.1032
87.6968
273.096
281.886
4.91182
5.17641
5.46893
5.79247
6.15189
6.5496
6.98158
7.43867
7.91512
8.4107
8.92586
9.45878
10.0021
10.5445
11.0496
11.4858
13.0762
280.084
303.911
4.64997
4.91651
5.21447
5.549
5.92756
6.35157
6.81184
7.2958
7.80045
8.32798
8.87917
9.45465
10.0493
10.6504
11.2381
11.8271
12.4462
286.259
349.691
4.34713
4.6121
4.91078
5.2535
5.65005
6.10083
6.58899
7.09628
7.62577
8.18268
8.77057
9.39468
10.0516
10.7355
11.4388
12.1596
12.7392
250.721
357.704
4.00091
4.25836
4.55243
4.89676
5.30611
5.78362
6.29967
6.82079
7.36989
7.95436
8.57832
9.25317
9.9818
10.7673
11.6045
12.4552
13.2007
200.95
689.171
3.6109
3.85466
4.1352
4.46969
4.8831
5.39257
5.92604
6.43029
6.99903
7.60831
8.25998
8.99119
9.80611
10.7088
11.7052
12.8145
14.3034
71.29
1221.98
3.17828
3.40165
3.65836
3.96636
4.35562
4.86054
5.33222
5.72569
6.40513
7.0214
7.69477
8.52109
9.46354
10.5049
11.662
13.0189
14.7898
19.7132
1474.68
2.7048
2.9019
3.12641
3.38919
3.69043
3.99943
3.74766
4.47981
5.71039
5.99721
6.63056
7.68154
8.84829
10.0664
11.349
12.8205
13.9012
149.408
1457.35
2.19168
2.35921
2.54959
2.7631
2.96597
3.19269
3.39184
3.57668
4.74925
4.74889
5.10604
6.42709
7.89976
9.34019
10.7041
12.0059
12.573
599.294
1875.06
1.63817
1.77542
1.93735
2.12227
2.31119
2.5196
2.95732
2.52147
0.63684
0.937222
3.3716
5.02988
6.77252
8.41608
9.88658
11.2607
11.9985
598.487
1903.12
1.03943
1.14618
1.29
1.47062
1.65449
1.70221
1.45449
-1.41878
-2.72379
-1.97234
1.61346
3.9126
5.70962
7.42385
8.95007
9.66728
42.381
-309.289
120.007
0.382733
0.455545
0.595477
0.817216
1.06252
1.2284
0.363758
-2.90965
-3.57595
-3.47043
-1.93895
2.55312
4.74824
6.40563
7.77091
11.0266
23.0523
-95.5726
25.4497
-0.358337
-0.336072
-0.188755
0.135123
0.560231
1.34017
-0.257854
-4.14448
-4.95683
-4.96855
-4.34975
0.687447
3.77275
5.67462
6.71581
-0.551609
-33.9855
-5.23812
-2.07169
-1.23548
-1.33498
-1.18323
-0.732907
-0.251272
-0.302372
-1.84005
-3.96212
-4.79417
-4.62165
-2.95227
0.70935
3.29111
5.70148
19.2448
-4.21936
-3.27644
-24.1476
-16.2067
-2.3595
-2.80948
-2.61105
-1.89613
-1.29839
-0.897175
-1.05478
-2.16066
-3.17562
-3.18045
-1.49579
1.82728
3.57547
-8.17352
-15.6515
-14.2965
-10.8651
-38.6725
-36.3852
-3.97693
-5.13893
-4.31767
-2.7164
-1.73076
-1.16068
-0.165599
-0.471293
-1.73992
-2.85635
-2.03294
2.58339
-0.351333
-20.1049
-21.4071
-18.3443
-17.3652
-36.2196
-36.0549
-5.70612
-6.5326
-5.25912
-3.62523
-2.05395
-1.98188
-0.222369
0.143805
-0.648025
-1.92281
-23.04
0.117994
-22.6278
-24.0946
-24.7224
-24.4821
-24.4313
-21.9217
-14.2626
-6.6409
-8.07615
-4.18357
-2.7391
-2.59562
-2.09609
-1.30582
-0.513165
-0.254778
-7.89677
-15.4024
-19.5231
-23.0804
-25.6361
-28.4305
-30.2531
-29.9771
-15.5612
1.57106
-5.7923
-5.72209
-3.41006
-3.44725
-3.47445
-2.57957
-2.13399
-0.995241
-1.01054
-15.2858
-16.09
-18.4026
-21.8148
-25.656
-30.2143
-34.2955
-34.1001
-15.0002
-4.03506
-4.53885
-4.78669
-4.25636
-4.35193
-4.75311
-4.32176
-2.2497
-1.05611
-5.04805
-13.0931
-14.7858
-17.083
-20.042
-24.0215
-29.5193
-34.535
-32.6383
-19.5149
-13.4874
-4.26464
-4.69021
-5.56916
-5.50662
-6.01382
-5.69777
-10.0991
-1.89589
-10.0768
-11.6156
-13.3041
-15.3072
-17.7186
-20.9398
-25.1822
-27.9388
-24.8786
-22.489
-19.287
-4.67913
-4.33995
-7.02916
-6.63912
-6.87379
-6.79415
-17.5258
-9.95474
-9.31358
-10.386
-11.9036
-13.5169
-15.2242
-17.1156
-18.8429
-18.7158
-17.0204
-19.2681
-18.6074
-5.0125
-5.24188
-8.20934
-6.24821
-6.97032
-7.6781
-9.36657
-8.52225
-8.63273
-9.62052
-10.7768
-11.9115
-12.9312
-13.6936
-13.7561
-12.5832
-11.94
-14.1695
-14.6997
-5.02786
-5.3097
-4.85089
-5.32478
-6.22894
-7.63387
-9.20994
-8.42065
-8.45087
-9.05919
-9.81089
-10.5158
-11.0307
-11.1743
-10.6799
-9.59256
-9.32689
-10.6111
-11.1244
-4.93738
-5.03266
-5.03858
-5.38995
-5.91916
-6.79104
-7.60041
-7.78747
-8.02809
-8.44236
-8.91272
-9.31608
-9.53323
-9.43364
-8.90766
-8.13718
-7.96778
-8.60672
-8.92219
-5.02387
-4.89381
-5.15579
-5.97405
-6.03821
-6.47766
-6.9335
-7.22682
-7.48759
-7.78231
-8.07196
-8.28924
-8.35629
-8.19995
-7.78838
-7.27406
-7.12764
-7.44244
-7.63442
-5.37441
-5.19451
-4.28163
-6.39153
-6.25027
-6.35973
-6.55647
-6.74953
-6.93884
-7.12819
-7.29596
-7.40251
-7.40472
-7.2678
-6.98804
-6.65758
-6.52927
-6.69056
-6.81433
-5.83971
-6.36112
-2.28432
-7.23928
-6.50229
-6.21795
-6.21927
-6.29912
-6.39721
-6.49522
-6.57649
-6.6195
-6.60426
-6.51742
-6.36178
-6.17885
-6.08831
-6.16615
-6.24134
-6.36036
-6.43034
-317.473
-86.6984
-6.74838
-5.87002
-5.83147
-5.84372
-5.86449
-5.88531
-5.90191
-5.91006
-5.90606
-5.88807
-5.85766
-5.82427
-5.81607
-5.83542
-5.81351
)
;

boundaryField
{
    leftWall
    {
        type            calculated;
        value           nonuniform List<scalar> 
100
(
1055.64
995.703
934.291
871.517
807.504
742.415
676.543
610.197
524.98
383.223
243.132
119.107
40.6702
4.34158
4.14942
3.93836
3.73696
3.54173
3.34105
3.13047
2.90918
2.67801
2.4381
2.19035
1.93534
1.67336
1.40442
1.12831
0.844918
0.55444
0.257179
-0.0464675
-0.356141
-0.671498
-0.992203
-1.31789
-1.64812
-1.98234
-2.32006
-2.66076
-3.00386
-3.3487
-3.6947
-4.04137
-4.3884
-4.73552
-5.08209
-5.42827
-5.77318
-6.10669
1025.87
965.173
903.067
839.656
775.076
709.559
643.408
576.959
454.069
312.644
177.176
73.269
17.1472
4.2511
4.04364
3.83581
3.63963
3.44245
3.23711
3.02113
2.79475
2.55908
2.31516
2.06372
1.80521
1.53977
1.26728
0.987524
0.700551
0.406631
0.10613
-0.200573
-0.513131
-0.831205
-1.15445
-1.48247
-1.81476
-2.15079
-2.49007
-2.83205
-3.1761
-3.52159
-3.86797
-4.21487
-4.56195
-4.909
-5.25488
-5.6021
-5.93943
-6.285
)
;
    }
    rightWall
    {
        type            calculated;
        value           nonuniform List<scalar> 
100
(
278.705
278.642
278.577
278.509
278.438
278.364
278.287
278.207
278.051
277.853
277.635
277.391
277.115
276.797
276.424
275.982
275.45
274.869
274.389
274.552
276.588
281.886
303.911
349.691
357.704
689.171
1221.98
1474.68
1457.35
1875.06
1903.12
120.007
25.4497
-2.07169
-16.2067
-36.3852
-36.0549
-14.2626
1.57106
-4.03506
-13.4874
-19.287
-18.6074
-14.6997
-11.1244
-8.92219
-7.63442
-6.81433
-6.24134
-5.81351
278.735
278.674
278.61
278.543
278.474
278.401
278.326
278.248
278.143
277.954
277.747
277.517
277.257
276.962
276.619
276.213
275.728
275.16
274.593
274.353
275.099
278.829
287.755
330.945
355.262
393.487
1024.3
1360.19
1448.28
1605.13
2120.62
878.271
65.6764
5.54127
-8.09591
-26.6479
-39.9766
-26.0904
-3.36519
0.175943
-8.83228
-17.1934
-19.5506
-16.8079
-12.7409
-9.872
-8.19789
-7.18444
-6.5043
-6.01234
)
;
    }
    lowerWall
    {
        type            calculated;
        value           nonuniform List<scalar> 
124
(
1071.25
1076.19
1074.4
1066.24
1057.7
1050.72
1045.17
1040.72
1037.38
1035.57
1035.97
1039.45
1046.98
1059.65
1078.4
1104.19
1137.76
1174.69
1190.78
1181.48
1170.11
1112.56
1208.52
1152.64
1046.76
975.011
966.685
965.767
920.029
826.823
692.21
335.432
285.654
280.478
278.714
279.897
279.841
279.786
279.731
279.671
279.595
279.487
279.321
279.898
279.84
279.759
279.663
279.558
279.45
279.348
279.252
279.165
279.087
279.018
278.957
278.904
278.858
278.821
278.792
278.77
278.757
278.75
1070.35
1073.91
1076.46
1070.66
1061.81
1054.01
1047.79
1042.81
1038.89
1036.25
1035.44
1037.26
1042.65
1052.59
1068.22
1090.35
1120.03
1156.65
1187.79
1183.41
1179.69
1140.22
1159.75
391.147
310.629
280.502
279.8
279.912
279.873
279.802
279.713
279.611
279.504
279.398
279.299
279.208
279.125
279.051
278.986
278.929
278.88
278.839
278.805
278.78
278.762
278.753
1193.83
1100.98
1002.31
965.022
969.948
949.487
878.737
765.219
279.869
279.814
279.759
279.702
279.637
279.546
279.417
279.219
)
;
    }
    atmosphere
    {
        type            calculated;
        value           nonuniform List<scalar> 
92
(
-6.39843
-6.40145
-6.40787
-6.41606
-6.42621
-6.43846
-6.45291
-6.46964
-6.48872
-6.51017
-6.53398
-6.56008
-6.58827
-6.61829
-6.64971
-6.68187
-6.71379
-6.74403
-6.77066
-6.79119
-6.80261
-6.80159
-6.7846
-6.76465
-6.74407
-6.71779
-6.68576
-6.57974
-6.7487
-1482.29
-989.952
-5.72904
-5.72904
-5.72904
-5.72904
-5.72904
-5.72904
-5.72904
-5.72904
-5.72904
-5.72904
-5.72904
-5.72904
-5.72904
-5.72904
-5.72904
-6.38483
-6.39831
-6.40444
-6.41173
-6.42088
-6.43207
-6.44541
-6.46099
-6.47889
-6.49915
-6.52179
-6.54676
-6.57393
-6.60308
-6.63387
-6.66576
-6.69795
-6.72923
-6.75794
-6.78186
-6.79824
-6.80387
-6.79534
-6.77314
-6.75499
-6.73175
-6.70206
-6.64014
-6.6853
-5.79226
-2161.11
-5.72904
-5.72904
-5.72904
-5.72904
-5.72904
-5.72904
-5.72904
-5.72904
-5.72904
-5.72904
-5.72904
-5.72904
-5.72904
-5.72904
-5.72904
)
;
    }
    defaultFaces
    {
        type            empty;
    }
}


// ************************************************************************* //
