/*--------------------------------*- C++ -*----------------------------------*\
| =========                 |                                                 |
| \\      /  F ield         | OpenFOAM: The Open Source CFD Toolbox           |
|  \\    /   O peration     | Version:  v1912                                 |
|   \\  /    A nd           | Website:  www.openfoam.com                      |
|    \\/     M anipulation  |                                                 |
\*---------------------------------------------------------------------------*/
FoamFile
{
    version     2.0;
    format      ascii;
    class       volScalarField;
    location    "0.35";
    object      p_rgh;
}
// * * * * * * * * * * * * * * * * * * * * * * * * * * * * * * * * * * * * * //

dimensions      [1 -1 -2 0 0 0 0];


internalField   nonuniform List<scalar> 
9072
(
1070.01
1073.91
1076.46
1070.66
1061.81
1054.01
1047.79
1042.81
1038.89
1036.25
1035.44
1037.26
1042.65
1052.59
1068.22
1090.35
1120.03
1156.65
1187.79
1183.41
1179.69
1140.22
1159.75
1068.18
1072.84
1075.31
1069.56
1060.94
1053.36
1047.25
1042.27
1038.31
1035.6
1034.72
1036.48
1041.79
1051.58
1066.73
1088.04
1115.71
1148.12
1177.52
1183.92
1198.01
1103.34
1074.65
1064.93
1070.34
1072.68
1067.04
1058.96
1051.87
1045.98
1040.99
1036.92
1034.07
1033.06
1034.67
1039.8
1049.35
1064.14
1084.65
1110.56
1139.27
1163.8
1177.81
1193.91
1063.63
1009.22
1060.38
1066.5
1068.66
1063.28
1056.01
1049.58
1043.95
1038.94
1034.7
1031.65
1030.42
1031.79
1036.65
1045.88
1060.18
1079.84
1104.19
1130.54
1153.39
1167.21
1172.32
1088.64
1063.51
1054.66
1061.46
1063.45
1058.51
1052.22
1046.53
1041.16
1036.08
1031.62
1028.29
1026.77
1027.83
1032.33
1041.13
1054.86
1073.68
1096.73
1121.45
1143.3
1157.51
1160.11
1130.73
1149.02
1048
1055.44
1057.26
1052.95
1047.72
1042.73
1037.56
1032.36
1027.62
1023.97
1022.09
1022.75
1026.79
1035.06
1048.16
1066.18
1088.23
1111.91
1133.37
1148.57
1154.69
1154.42
1203.48
1040.71
1048.44
1050.32
1046.77
1042.58
1038.16
1033.1
1027.72
1022.67
1018.64
1016.33
1016.49
1019.97
1027.6
1040.02
1057.3
1078.59
1101.72
1123.34
1140.03
1150.4
1161.19
1206.81
1033.11
1040.8
1042.83
1040.11
1036.79
1032.79
1027.73
1022.12
1016.73
1012.27
1009.44
1008.99
1011.77
1018.66
1030.33
1046.91
1067.66
1090.65
1112.89
1131.33
1144.82
1157.17
1177.9
279.913
279.873
279.802
279.713
279.611
279.504
279.398
279.299
279.208
279.125
279.051
278.986
278.929
278.88
278.839
278.805
278.78
278.762
278.753
279.917
279.875
279.803
279.714
279.611
279.503
279.397
279.298
279.206
279.124
279.05
278.985
278.928
278.878
278.837
278.803
278.778
278.76
278.75
279.921
279.878
279.807
279.717
279.612
279.502
279.395
279.295
279.204
279.121
279.048
278.982
278.925
278.875
278.833
278.799
278.773
278.755
278.745
279.923
279.881
279.813
279.722
279.614
279.501
279.391
279.291
279.199
279.117
279.043
278.978
278.92
278.869
278.827
278.792
278.766
278.747
278.737
279.917
279.879
279.821
279.73
279.616
279.498
279.386
279.285
279.193
279.111
279.037
278.972
278.913
278.862
278.819
278.783
278.756
278.737
278.727
279.884
279.861
279.834
279.741
279.618
279.493
279.378
279.277
279.186
279.104
279.03
278.964
278.905
278.853
278.809
278.772
278.744
278.724
278.713
279.814
279.825
279.858
279.757
279.619
279.485
279.368
279.267
279.176
279.095
279.021
278.955
278.895
278.842
278.796
278.758
278.729
278.709
278.697
279.676
279.964
279.888
279.774
279.618
279.474
279.354
279.254
279.165
279.084
279.011
278.944
278.883
278.829
278.782
278.742
278.711
278.69
278.678
1018.83
1030.36
1032.52
1030.93
1028.53
1024.79
1019.59
1013.63
1007.75
1002.66
999.061
997.667
999.349
1005.08
1015.63
1031.32
1051.59
1074.86
1098.36
1119.15
1135.18
1143.73
1116.29
1002.6
1012.54
1014.39
1013.8
1011.92
1007.96
1002.21
995.457
988.477
981.948
976.525
972.832
971.781
974.79
983.141
997
1016.73
1041.82
1068.94
1094.16
1113.82
1120.31
1092.13
992.33
991.539
995.327
994.475
991.706
986.888
980.49
972.972
964.847
956.789
949.471
943.399
938.945
938.058
939.317
945.117
967.349
995.899
1028.71
1060.4
1088.23
1102.81
1096.65
1013.62
976.949
978.983
973.2
967.586
960.641
948.426
924.018
883.143
824.419
750.339
666.449
575.874
498.388
467.616
510.048
637.828
832.593
990.223
1027.75
1063.75
1086.71
1099.55
415.88
70.3893
69.3634
33.1263
10.3653
5.48181
5.59007
5.69476
5.82601
6.02235
6.2741
6.4797
6.53352
6.48717
6.50046
6.32139
6.09156
6.17652
6.71408
56.8137
462.396
1075.98
1113.67
5.44184
5.41707
5.46472
5.50102
5.53163
5.53483
5.58455
5.66489
5.7672
5.90493
6.63444
6.82068
6.82836
6.71263
6.11728
6.04554
5.92992
5.89446
5.99381
6.12602
6.34914
6.84897
141.782
5.35957
5.40012
5.41619
5.43931
5.46714
5.49684
5.54298
5.60533
5.66916
6.4282
6.57634
5.89264
5.95532
5.97379
5.94955
5.9378
5.8074
5.73828
5.87156
6.05283
6.2191
6.39548
6.62284
5.27694
5.33254
5.35276
5.37478
5.40337
5.43797
5.4819
5.53405
5.58373
5.69708
5.73021
5.769
5.8102
5.8248
5.8003
6.32868
6.29296
5.65836
5.73459
5.98977
6.20379
7.88909
7.94569
5.20594
5.25959
5.27963
5.30321
5.33194
5.36679
5.40843
5.45566
5.5042
5.54511
5.5976
5.68231
5.69562
5.7163
5.70154
5.6349
5.87748
6.24331
5.74674
5.93878
6.7774
8.15272
7.18023
5.13396
5.18295
5.20174
5.22441
5.25247
5.28627
5.32575
5.36993
5.41665
5.46337
5.51174
5.56095
5.60371
5.63369
5.64686
5.63918
5.5862
6.09766
6.52353
6.18463
6.24122
6.46628
6.68475
5.05382
5.10236
5.11776
5.13869
5.1655
5.19796
5.23571
5.27796
5.32352
5.37125
5.42072
5.47123
5.52019
5.56609
5.60721
5.64571
5.68834
5.7396
6.3138
6.1884
6.36272
6.56464
6.7481
4.96304
5.01406
5.02663
5.04586
5.07132
5.10254
5.13907
5.1803
5.22552
5.27414
5.32593
5.38079
5.4384
5.49906
5.56452
5.63885
5.73009
5.85187
6.02166
6.24811
6.43227
6.60964
6.77778
4.86185
4.91676
4.92775
4.94569
4.97003
5.00029
5.03607
5.07694
5.12251
5.17259
5.22733
5.2872
5.35295
5.42595
5.5088
5.60573
5.72281
5.86689
6.04055
6.23129
6.4165
6.58867
6.75634
4.75138
4.81066
4.82097
4.83812
4.8617
4.89134
4.92672
4.96761
5.01387
5.06561
5.12326
5.18763
5.25992
5.34183
5.43584
5.54519
5.6734
5.82273
5.99118
6.17002
6.34815
6.52153
6.69365
4.63265
4.69628
4.70642
4.72316
4.74627
4.7755
4.81068
4.85172
4.8987
4.95193
5.012
5.07985
5.15676
5.24436
5.34465
5.45981
5.59154
5.74006
5.90271
6.0739
6.24767
6.4215
6.5975
4.50641
4.57413
4.58429
4.6008
4.62358
4.6525
4.68749
4.72863
4.77614
4.83045
4.89221
4.96235
5.04204
5.13265
5.2357
5.35251
5.48382
5.62909
5.78605
5.95109
6.12079
6.29377
6.47129
4.37309
4.44463
4.4548
4.4711
4.49354
4.5221
4.55683
4.59789
4.64559
4.70044
4.76306
4.8343
4.91514
5.00667
5.10994
5.22574
5.35428
5.49491
5.6459
5.80487
5.96979
6.13993
6.31631
4.23285
4.30806
4.31814
4.33416
4.35617
4.38426
4.41856
4.45929
4.50681
4.56159
4.62423
4.69543
4.776
4.86674
4.96834
5.08123
5.20539
5.34023
5.48451
5.63669
5.79553
5.9607
6.13305
4.08555
4.16441
4.17434
4.19001
4.21153
4.23906
4.27275
4.31288
4.35977
4.41386
4.47566
4.54575
4.62475
4.71323
4.81163
4.92014
5.03862
5.16658
5.30318
5.4474
5.59853
5.7564
5.92171
3.93099
4.01351
4.02327
4.03857
4.05957
4.08642
4.11932
4.15852
4.20431
4.25708
4.31722
4.3852
4.46148
4.54644
4.64037
4.74327
4.85496
4.97503
5.10287
5.23781
5.37936
5.52739
5.68236
3.76921
3.85527
3.86481
3.8797
3.90008
3.92612
3.95798
3.99589
4.04012
4.09095
4.14872
4.21374
4.28636
4.3668
4.4552
4.55147
4.65537
4.76656
4.88454
5.00874
5.13868
5.27409
5.41513
3.60048
3.68984
3.69907
3.71343
3.73305
3.75806
3.78861
3.82488
3.86709
3.91547
3.97024
4.03164
4.09984
4.17496
4.25699
4.34574
4.44095
4.54226
4.64916
4.76101
4.87713
4.99696
5.12033
3.42517
3.51755
3.52634
3.54002
3.55868
3.58243
3.6114
3.64572
3.68552
3.73099
3.78226
3.83946
3.90264
3.97177
4.0467
4.12716
4.21281
4.30321
4.3977
4.49539
4.59528
4.69642
4.79842
3.24366
3.33879
3.34705
3.3599
3.37743
3.39972
3.42686
3.45892
3.49599
3.53817
3.58552
3.63805
3.69569
3.75825
3.82547
3.89695
3.97222
4.05067
4.13134
4.21296
4.29402
4.37312
4.4499
3.0563
3.15397
3.16159
3.1735
3.18977
3.21042
3.23552
3.26508
3.29915
3.33773
3.38081
3.42829
3.47996
3.5355
3.59449
3.6564
3.7206
3.78614
3.85161
3.91514
3.97454
4.02796
4.07501
2.86342
2.96344
2.97036
2.98125
2.99614
3.01502
3.03791
3.06479
3.09564
3.13039
3.16895
3.21109
3.25649
3.30467
3.35508
3.40703
3.45961
3.51142
3.5604
3.60386
3.63874
3.66242
3.67372
2.66537
2.76756
2.77374
2.78356
2.797
2.81401
2.83458
2.85865
2.88613
2.91691
2.95078
2.98742
3.02637
3.06703
3.1087
3.1505
3.19115
3.22865
3.26013
3.28193
3.28972
3.27922
3.24669
2.46255
2.56671
2.57216
2.58088
2.59282
2.60791
2.62609
2.64726
2.67131
2.69804
2.72716
2.75825
2.79074
2.8239
2.8569
2.88862
2.91732
2.94035
2.95402
2.95345
2.93249
2.88379
2.79828
2.25545
2.36133
2.36609
2.37372
2.38413
2.39725
2.41302
2.43127
2.45186
2.47455
2.49896
2.52459
2.55076
2.57665
2.60127
2.62326
2.64044
2.64956
2.64614
2.62403
2.57475
2.4865
2.34147
2.04461
2.15195
2.15606
2.16258
2.17147
2.18264
2.19599
2.21135
2.22853
2.24724
2.26707
2.28743
2.30758
2.32661
2.34339
2.35635
2.36297
2.35961
2.34123
2.30058
2.22691
2.10355
1.9016
1.83053
1.93911
1.94259
1.94804
1.95542
1.96465
1.97562
1.98815
2.00201
2.01689
2.03234
2.04774
2.06228
2.075
2.0847
2.08966
2.08726
2.07376
2.04391
1.98997
1.90007
1.75456
1.51664
1.61375
1.72336
1.72623
1.7306
1.7365
1.74383
1.75249
1.76227
1.77294
1.78417
1.7955
1.8063
1.81573
1.82283
1.82636
1.82464
1.81519
1.79443
1.75739
1.69677
1.60154
1.45359
1.21896
1.39489
1.50526
1.50751
1.51081
1.51524
1.52072
1.52712
1.53426
1.54189
1.54968
1.55717
1.56376
1.56863
1.57083
1.5692
1.56225
1.54781
1.52276
1.48277
1.42182
1.33148
1.19879
1.00201
1.1746
1.2854
1.28696
1.28918
1.29216
1.29584
1.30007
1.30467
1.30941
1.31397
1.31792
1.32068
1.32151
1.31953
1.31373
1.30294
1.28542
1.25865
1.2192
1.1627
1.08359
0.974673
0.826278
0.953406
1.06428
1.06509
1.06621
1.06779
1.0697
1.07182
1.07398
1.07598
1.07751
1.07818
1.07748
1.07473
1.0692
1.06012
1.04664
1.02754
1.00099
0.964536
0.915193
0.849757
0.764888
0.657131
0.731701
0.84237
0.842367
0.842387
0.84256
0.842755
0.84283
0.842647
0.842016
0.840674
0.838285
0.834393
0.828451
0.819895
0.808198
0.79286
0.773194
0.748097
0.715979
0.674997
0.623612
0.560703
0.484696
0.509815
0.620052
0.619196
0.618112
0.616903
0.615407
0.613494
0.611039
0.607876
0.603786
0.598489
0.591614
0.58274
0.571501
0.557618
0.540899
0.521166
0.498025
0.470667
0.43827
0.400675
0.35812
0.310397
0.28796
0.397608
0.395886
0.393714
0.391142
0.387976
0.384109
0.379429
0.373794
0.367027
0.358913
0.349168
0.337499
0.323729
0.307806
0.289816
0.270021
0.248649
0.225633
0.201119
0.176151
0.152404
0.13227
0.0672803
0.175706
0.173114
0.169873
0.165951
0.161136
0.155341
0.148473
0.14041
0.131014
0.120132
0.107565
0.0931454
0.0768548
0.0588204
0.0393763
0.0191351
-0.00121855
-0.0211008
-0.0394996
-0.0543557
-0.0624066
-0.0579279
-0.154745
-0.0459282
-0.0494558
-0.0537548
-0.0590322
-0.0654946
-0.0732175
-0.082286
-0.0927994
-0.10486
-0.118571
-0.134045
-0.151341
-0.170369
-0.190858
-0.21229
-0.233843
-0.254542
-0.27329
-0.288396
-0.297059
-0.294779
-0.274389
-0.366887
-0.266969
-0.27147
-0.276806
-0.283446
-0.291542
-0.301182
-0.312448
-0.325426
-0.340188
-0.356789
-0.375269
-0.395603
-0.417624
-0.440982
-0.465067
-0.488985
-0.511612
-0.531513
-0.546545
-0.553553
-0.547841
-0.522061
-0.587256
-0.477202
-0.482663
-0.488998
-0.496881
-0.506463
-0.517858
-0.531153
-0.546426
-0.563731
-0.583088
-0.604474
-0.6278
-0.652859
-0.679291
-0.70651
-0.733659
-0.759546
-0.782523
-0.80031
-0.809822
-0.806969
-0.785838
792.598
344.398
282.374
281.4
998.208
880.626
570.38
333.598
1066.94
1036.81
998.716
953.982
1096.89
1091.01
1085.25
1078.45
1126.34
1128.02
1131.74
1134.71
693.978
984.351
1177.23
1187.64
6.91835
7.18276
7.31974
21.1122
8.05155
7.12361
6.96584
7.03193
6.87573
7.01727
7.04228
7.12698
6.86662
6.97011
7.07737
7.16169
6.90893
7.00039
7.09516
7.18376
6.9276
7.01302
7.1005
7.19116
6.90632
6.9915
7.07909
7.16989
6.84777
6.93479
7.02425
7.11668
6.75568
6.8448
6.93638
7.03068
6.63185
6.72235
6.8153
6.91072
6.47675
6.56723
6.66012
6.75517
6.29043
6.3791
6.46991
6.56241
6.07285
6.15761
6.24392
6.33136
5.8237
5.90227
5.9817
6.06198
5.54282
5.61295
5.6837
5.75547
5.23066
5.29049
5.35129
5.41344
4.88801
4.93602
4.98546
5.03631
4.51527
4.54956
4.58531
4.6221
4.11127
4.12861
4.14678
4.1655
3.67301
3.66786
3.66234
3.65642
3.19703
3.16046
3.12083
3.07775
2.68336
2.60162
2.50972
2.40591
2.14421
1.99909
1.8253
1.6142
1.61763
1.40034
1.12411
0.763827
1.17286
0.899778
0.532439
0.0189765
0.888431
0.630914
0.283212
-0.217839
0.748465
0.568398
0.345668
0.0571253
0.657539
0.552115
0.437716
0.311298
0.543976
0.476542
0.407294
0.333167
0.404822
0.353409
0.292512
0.20567
0.26184
0.230037
0.189013
0.131621
0.119298
0.113772
0.107701
0.101996
-0.036335
-0.0147789
0.016619
0.0565724
-0.232287
-0.196357
-0.146335
-0.076263
-0.474129
-0.434907
-0.384476
-0.322156
-0.745254
-0.711788
-0.6669
-0.605222
279.686
280.01
279.885
279.792
279.611
279.452
279.331
279.236
279.149
279.069
278.995
278.928
278.866
278.809
278.759
278.717
278.684
278.661
278.648
274.604
278.795
279.935
279.859
279.579
279.374
279.273
279.199
279.116
279.037
278.964
278.895
278.83
278.769
278.713
278.665
278.627
278.6
278.586
933.363
520.461
280.214
279.957
279.494
279.127
279.198
279.176
279.074
278.997
278.924
278.854
278.788
278.721
278.655
278.597
278.552
278.522
278.505
1069.7
1063.03
1090.82
1018.3
558.492
302.281
279.4
279.291
278.948
278.943
278.877
278.802
278.745
278.667
278.583
278.512
278.457
278.421
278.401
1139.34
1151.4
1163.87
1166.95
1167.8
1186.11
1185.29
732.593
277.896
279.083
278.79
278.724
278.721
278.612
278.495
278.403
278.336
278.292
278.27
1198.71
1219.14
1232.24
1243.68
1254.35
1265.77
1282.12
1304.88
1326.68
1045.82
277.32
278.632
278.828
278.549
278.378
278.263
278.179
278.127
278.103
147.888
525.915
880.682
1146.06
1310.81
1329.63
1346.34
1370.1
1387.89
1415.57
1470.04
885.45
279.186
278.356
278.187
278.084
277.975
277.911
277.889
7.14217
7.39972
7.69428
8.09389
8.50316
59.7412
285.881
874.718
1434.28
1474.87
1514.14
1552.85
1494.72
276.958
278.123
277.881
277.697
277.612
277.613
7.23904
7.45882
7.70823
7.97116
8.23179
8.49045
8.79089
9.07452
9.83286
173.687
1092.87
1593.61
1643.72
1701.56
802.441
277.309
277.219
277.18
277.249
7.28597
7.51366
7.76115
8.02085
8.28575
8.55298
8.83709
9.14443
9.49977
9.86603
10.2739
52.0356
1263.36
1732.57
1784.02
1408.79
276.638
276.274
276.79
7.31012
7.54343
7.79259
8.05652
8.33382
8.6226
8.9226
9.23793
9.59453
9.97515
10.3669
10.7407
11.3118
310.473
1824.5
1904.95
1376.96
274.825
276.361
7.31646
7.55171
7.80579
8.07818
8.36902
8.67816
9.00625
9.35264
9.71881
10.1068
10.5127
10.9311
11.3392
11.7516
59.5554
1940.9
2049.15
559.586
275.511
7.29597
7.53508
7.79601
8.07862
8.38358
8.71134
9.06305
9.43867
9.8346
10.2452
10.6688
11.1074
11.5607
12.0045
12.4177
310.042
2096.83
1830.51
274.815
7.24502
7.48963
7.75814
8.05122
8.37026
8.71695
9.09285
9.49603
9.92056
10.3613
10.8161
11.2845
11.7663
12.2592
12.7371
13.2265
1751.49
2293.2
287.657
7.16129
7.41126
7.68664
7.98956
8.32306
8.69049
9.09259
9.52408
9.97705
10.4477
10.936
11.4418
11.9607
12.4838
12.994
13.5028
443.393
2365.23
460.523
7.04243
7.29571
7.57593
7.88752
8.236
8.62609
9.05585
9.51545
9.99632
10.4974
11.0199
11.5635
12.1253
12.6945
13.2603
13.8014
14.0753
2437.86
643.272
6.88589
7.139
7.42059
7.73834
8.10116
8.5145
8.97255
9.45892
9.96529
10.4953
11.0508
11.6351
12.2479
12.8819
13.5294
14.1676
14.7413
2321.14
793.348
6.68929
6.93735
7.21545
7.53506
7.90795
8.3432
8.83045
9.34022
9.86608
10.4215
11.0087
11.6364
12.3071
13.0197
13.7694
14.5286
15.2901
1482.51
1893.24
6.45148
6.6891
6.95718
7.26981
7.64449
8.09803
8.61752
9.13988
9.6714
10.2532
10.8683
11.5378
12.2722
13.0771
13.9542
14.9055
15.9269
274.339
3014.17
6.17298
6.39448
6.64463
6.93847
7.29971
7.76356
8.30807
8.78112
9.30029
9.9332
10.5572
11.2736
12.0948
13.0142
14.0346
15.1955
16.5827
18.8082
3331.13
5.85539
6.05512
6.27955
6.54149
6.8582
7.28691
10.2247
10.3847
8.55345
9.30296
9.85849
10.6879
11.6713
12.7554
13.9219
15.2339
16.8929
18.204
2488.37
5.50016
5.67326
5.867
6.08824
6.33266
9.21789
9.54635
7.18603
10.4273
9.94646
8.66245
9.60008
10.8799
12.2068
13.5265
14.8716
16.514
471.625
2028.54
5.10719
5.2504
5.4135
5.60022
5.80455
7.60267
7.09035
6.90059
14.9
22.0353
7.26042
8.18467
9.7947
11.3854
12.8772
14.209
15.4748
1010.97
3228.81
4.67393
4.78462
4.92047
5.08659
5.27545
6.1674
6.2637
21.9532
18.7094
5.75275
12.5749
6.93718
8.71215
10.4684
12.0908
13.4767
15.5006
1632.89
2179.93
4.1936
4.26674
4.38008
4.54805
4.7774
4.92555
7.78683
19.0506
0.727754
0.639082
9.3934
10.7509
7.82671
9.6018
11.1788
12.7375
1227.86
953.678
768.872
3.65175
3.67429
3.76568
3.9702
4.28219
4.62765
5.35035
20.6989
-0.353759
-0.765489
-0.00493177
10.3918
6.7747
8.80937
10.1458
233.124
1525.07
252.092
7.43877
3.02095
2.95785
3.00476
3.28178
3.74498
4.15928
29.0565
9.48813
-1.06087
-1.31643
-0.941172
4.59216
6.03558
8.24806
10.8352
1549.13
990.704
-6.12444
-8.13299
2.25692
1.99642
1.90006
2.30733
2.87319
3.1674
28.485
3.35521
2.49002
0.842301
2.70774
3.53936
6.38531
7.76858
1457.46
808.339
1.06394
-13.4777
-28.4474
1.27853
0.463021
0.145295
1.06949
2.0359
2.94272
12.4383
5.05819
4.59539
3.83662
2.43834
4.79821
82.4149
1276.99
590.554
-11.4172
-10.9052
-15.3178
-41.26
0.104458
-1.64115
-1.58273
0.288043
1.98855
2.57087
17.4511
5.36267
5.89791
2.8461
-0.187495
459.285
1201.01
330.375
-18.1224
-17.7929
-17.0601
-14.265
-24.0759
-0.937908
8.95139
-1.62756
185.811
62.2802
2.09584
17.5243
5.36385
4.11728
3.51965
865.563
1108.96
66.7625
-19.7279
-21.6725
-23.1126
-23.3766
-17.111
3.33281
-1.00114
146.917
207.182
65.7051
1.20008
1.65004
11.8723
3.38781
3.6933
349.917
981.636
-8.19
-16.2701
-19.7265
-23.3337
-26.8558
-28.515
-23.6333
6.31255
0.048071
1.79273
11.8134
0.804526
0.501674
0.665335
9.5972
3.16554
4.13708
689.508
-5.49613
-12.0072
-14.8333
-18.3785
-23.0022
-28.4961
-31.2377
-24.1027
-4.25378
0.345329
16.2579
-0.289624
-0.212579
-0.485958
-0.571136
-0.0703609
148.936
819.738
111.951
-8.36627
-10.4511
-12.8548
-15.9799
-20.4423
-25.779
-27.0321
-20.7876
-13.5832
0.652722
3.75097
-0.902827
-1.42123
-1.46297
-1.67113
235.491
857.627
866.26
-4.74182
-6.96239
-8.70119
-10.63
-12.9125
-15.7941
-18.2992
-17.3032
-15.7225
-16.3188
0.0992059
1.06451
281.266
-2.37571
-1.80295
-2.62036
-2.6461
886.132
15.8879
-4.47134
-5.74207
-7.118
-8.48247
-9.8055
-10.9151
-10.953
-9.43848
-10.2655
-12.359
-0.00428266
2.00148
262.096
-0.317847
-0.949687
-2.32194
2.29459
-0.113179
-3.21322
-3.88771
-4.79664
-5.73857
-6.57824
-7.17529
-7.27165
-6.45965
-5.30737
-6.20575
-7.64277
0.0577966
0.00368483
0.255238
-0.0199735
-0.450674
-1.41037
-2.6478
-3.1352
-3.02521
-3.35866
-3.92275
-4.50509
-4.96326
-5.15145
-4.89184
-4.08237
-3.33894
-3.83288
-4.61085
0.150404
0.229984
0.370135
-0.194641
-0.450611
-0.981866
-1.66517
-2.10803
-2.35248
-2.67048
-3.0424
-3.38898
-3.61509
-3.61981
-3.31197
-2.70635
-2.22469
-2.44764
-2.85611
0.0832189
0.506581
385.95
-0.437756
-0.681239
-0.873559
-1.19203
-1.4784
-1.71198
-1.94771
-2.18471
-2.38084
-2.47887
-2.42132
-2.16956
-1.7587
-1.43324
-1.51203
-1.75103
-0.208261
0.0160963
164.325
128.089
-1.03209
-0.79537
-0.825405
-0.945511
-1.08464
-1.2287
-1.36339
-1.46295
-1.49592
-1.43503
-1.26668
-1.01593
-0.805423
-0.818395
-0.960637
-0.482626
0.141394
2018.53
1932.65
87.6696
-0.542977
-0.403239
-0.414455
-0.464051
-0.52107
-0.573508
-0.608981
-0.614258
-0.579758
-0.502517
-0.391713
-0.287329
-0.276563
-0.352681
1071.25
1076.19
1074.4
1066.24
1057.7
1050.72
1045.17
1040.72
1037.38
1035.57
1035.97
1039.45
1046.98
1059.65
1078.4
1104.19
1137.76
1174.69
1190.78
1181.48
1170.11
1112.56
1208.52
1070.11
1075.07
1073.24
1065.24
1056.95
1050.15
1044.64
1040.16
1036.77
1034.89
1035.22
1038.63
1046.07
1058.44
1076.58
1101.11
1131.59
1164.11
1184.41
1186.63
1189.37
1035.94
1174.46
1067.56
1072.49
1070.59
1062.97
1055.25
1048.8
1043.38
1038.83
1035.31
1033.29
1033.48
1036.73
1043.97
1056.05
1073.67
1097.01
1124.88
1152.66
1171.87
1184.75
1176.32
989.079
1134.6
1063.63
1068.55
1066.61
1059.6
1052.67
1046.69
1041.37
1036.71
1032.99
1030.76
1030.72
1033.73
1040.67
1052.36
1069.35
1091.54
1117.4
1142.83
1161.51
1171.17
1157.23
1020.76
1156.31
1058.47
1063.4
1061.49
1055.31
1049.31
1043.82
1038.57
1033.75
1029.78
1027.26
1026.93
1029.6
1036.15
1047.35
1063.65
1084.79
1109.13
1133.06
1151.58
1160.65
1152.78
1118.12
1220.1
1052.18
1057.26
1055.49
1050.29
1045.23
1040.17
1034.94
1029.9
1025.62
1022.76
1022.05
1024.29
1030.35
1040.98
1056.59
1076.81
1100.08
1123.19
1141.95
1152.94
1154.97
1166.43
1258.5
1045.14
1050.27
1048.84
1044.66
1040.44
1035.7
1030.41
1025.11
1020.49
1017.23
1016.05
1017.76
1023.22
1033.19
1048.08
1067.55
1090.11
1112.95
1132.48
1145.98
1154.74
1177.17
1246.6
1037.47
1042.67
1041.69
1038.48
1034.92
1030.37
1024.95
1019.35
1014.33
1010.6
1008.86
1009.92
1014.65
1023.87
1038.03
1056.85
1079.04
1102.07
1122.73
1138.64
1150.7
1166.77
1191.94
279.898
279.84
279.759
279.663
279.558
279.45
279.348
279.252
279.165
279.087
279.018
278.957
278.904
278.858
278.821
278.792
278.77
278.757
278.75
279.9
279.842
279.76
279.664
279.558
279.45
279.346
279.251
279.164
279.086
279.017
278.955
278.902
278.857
278.819
278.789
278.768
278.754
278.748
279.904
279.845
279.764
279.666
279.558
279.448
279.344
279.248
279.161
279.083
279.014
278.952
278.899
278.853
278.815
278.785
278.763
278.749
278.742
279.907
279.85
279.77
279.669
279.557
279.445
279.34
279.244
279.157
279.079
279.009
278.948
278.894
278.847
278.809
278.778
278.755
278.741
278.734
279.904
279.855
279.78
279.674
279.556
279.441
279.334
279.238
279.151
279.073
279.004
278.941
278.887
278.84
278.8
278.769
278.746
278.731
278.724
279.887
279.858
279.795
279.681
279.554
279.434
279.326
279.23
279.144
279.066
278.996
278.933
278.878
278.83
278.789
278.757
278.733
278.718
278.71
279.851
279.869
279.821
279.689
279.551
279.424
279.316
279.22
279.135
279.057
278.987
278.924
278.868
278.818
278.776
278.743
278.718
278.702
278.694
279.837
280.043
279.85
279.696
279.544
279.411
279.303
279.209
279.124
279.047
278.976
278.913
278.855
278.804
278.761
278.726
278.699
278.683
278.674
1027.09
1032.2
1031.88
1029.84
1026.86
1022.34
1016.65
1010.63
1005.06
1000.63
998.038
998.063
1001.65
1009.72
1022.84
1040.95
1063
1086.78
1109.25
1127.85
1140.84
1140.32
1059.63
1010.07
1014.1
1014.2
1013.09
1010.21
1005.26
998.905
991.952
985.113
979.061
974.417
971.898
972.688
978.239
989.461
1006.04
1028.77
1055.39
1081.99
1104.98
1119.42
1113.36
1059.63
991.106
994.165
995.147
993.35
989.529
983.857
976.843
968.946
960.764
953.002
946.251
940.947
938.059
938.574
940.619
955.725
980.637
1012.26
1044.77
1075.3
1097.72
1103.18
1085.09
985.79
976.818
976.339
970.415
964.306
955.723
938.075
905.806
855.946
789.018
709.133
623.865
532.095
476.389
479.596
563.004
730.233
950.034
1008.26
1047.54
1076.31
1094.97
1100.1
513.092
39.6426
57.0204
18.628
5.53986
5.53529
5.64117
5.75502
5.9132
6.14976
6.38531
6.55216
6.49287
6.5279
6.42009
6.21124
6.06529
6.33389
12.6363
199.066
800.171
1098.96
1123.05
5.49871
5.4429
5.47869
5.52147
5.53068
5.55419
5.62196
5.71343
5.81885
6.23243
6.79814
6.8326
6.80501
6.39878
6.08207
5.99566
5.89506
5.93465
6.05898
6.22839
6.45268
22.8326
438.179
5.39646
5.40429
5.4252
5.45354
5.48076
5.51746
5.57262
5.6398
5.68432
6.5297
6.19586
5.92722
5.9708
5.96587
5.93674
5.92625
5.73578
5.79014
5.96365
6.13472
6.30546
6.50169
6.77713
5.31848
5.3402
5.36244
5.38848
5.41969
5.45868
5.50727
5.5607
5.59612
5.92847
5.75365
5.79056
5.82204
5.81786
5.86542
6.36489
6.21469
5.62908
5.86158
6.10347
6.76344
8.09093
7.99077
5.24271
5.26859
5.2909
5.31687
5.34854
5.38677
5.43154
5.48019
5.52592
5.56841
5.66599
5.67804
5.70838
5.71516
5.67694
5.57268
6.23291
6.30601
5.81113
6.03943
7.99281
8.25399
6.84098
5.17339
5.19223
5.21242
5.23774
5.26864
5.30533
5.34736
5.39312
5.44016
5.487
5.53674
5.58355
5.62063
5.64281
5.6458
5.61938
5.54683
6.40821
6.68566
6.13315
6.34028
6.5717
6.7884
5.09781
5.10947
5.12747
5.15138
5.18103
5.21621
5.25634
5.30041
5.34716
5.39574
5.44601
5.49605
5.54379
5.58714
5.6266
5.66828
5.71141
5.78112
6.33821
6.24174
6.46827
6.65714
6.83948
5.01172
5.01947
5.03543
5.05784
5.08623
5.12017
5.15914
5.20245
5.24943
5.29965
5.353
5.40926
5.46828
5.53101
5.60019
5.68165
5.78608
5.92976
6.12774
6.33928
6.52316
6.69384
6.86272
4.91507
4.92132
4.93588
4.95709
4.98445
5.01752
5.0559
5.09916
5.14698
5.19936
5.25659
5.31928
5.38841
5.46592
5.55516
5.66131
5.79112
5.95029
6.13547
6.32601
6.50376
6.67241
6.84157
4.80892
4.81492
4.82872
4.84913
4.87578
4.90833
4.94649
4.99007
5.03903
5.09365
5.15454
5.2227
5.29953
5.38713
5.48837
5.60674
5.74541
5.90495
6.08007
6.25962
6.43532
6.60727
6.78146
4.69427
4.7005
4.71397
4.73393
4.76013
4.79235
4.83046
4.87445
4.9245
4.98106
5.04488
5.11708
5.1991
5.29278
5.40024
5.52354
5.66379
5.81992
5.98765
6.16073
6.33454
6.50899
6.68767
4.57185
4.57841
4.59175
4.61142
4.63728
4.66923
4.70729
4.75157
4.80241
4.86035
4.92617
5.00092
5.08589
5.18253
5.29231
5.41635
5.55481
5.70632
5.8678
6.03551
6.20685
6.38178
6.56276
4.44216
4.44896
4.46218
4.48156
4.50706
4.53869
4.57655
4.62088
4.67209
4.73073
4.79754
4.87345
4.9595
5.05678
5.16624
5.28844
5.42317
5.56925
5.72453
5.88667
6.05418
6.22721
6.40764
4.30548
4.31237
4.3254
4.34441
4.36945
4.40062
4.4381
4.48218
4.53326
4.59189
4.6587
4.73449
4.82005
4.91615
5.02336
5.14193
5.27154
5.41128
5.5597
5.71533
5.8773
6.04587
6.2226
4.1618
4.16868
4.18145
4.20003
4.22454
4.25512
4.29199
4.33545
4.38589
4.44376
4.50963
4.58409
4.66777
4.76117
4.86462
4.97816
5.10146
5.23386
5.37439
5.52214
5.6766
5.83805
6.00773
4.01092
4.01772
4.03022
4.04835
4.07225
4.10211
4.13811
4.18057
4.2298
4.2862
4.3502
4.42227
4.50285
4.59228
4.6907
4.79804
4.91399
5.03802
5.16949
5.30778
5.45255
5.60396
5.76291
3.8527
3.85938
3.87157
3.8892
3.91239
3.94131
3.97617
4.0172
4.06469
4.11895
4.1803
4.24908
4.32559
4.41
4.50236
4.60249
4.71009
4.82474
4.9459
5.07302
5.20571
5.34389
5.48812
3.68734
3.69382
3.7056
3.72257
3.74487
3.77263
3.80602
3.84523
3.8905
3.94204
4.0001
4.06488
4.13653
4.21512
4.30054
4.39256
4.49087
4.59505
4.70451
4.81857
4.9366
5.0582
5.18368
3.51516
3.52133
3.53256
3.54872
3.56991
3.59626
3.62788
3.66492
3.70754
3.75589
3.81011
3.8703
3.93647
4.00852
4.08626
4.16937
4.25746
4.34999
4.4462
4.54513
4.64574
4.74731
4.85016
3.33655
3.34233
3.35289
3.36808
3.38798
3.41268
3.44227
3.47683
3.51644
3.5612
3.61114
3.66624
3.72637
3.7913
3.8607
3.93415
4.0111
4.0908
4.17212
4.25366
4.33387
4.41178
4.48801
3.15191
3.15722
3.167
3.18109
3.19955
3.22241
3.24974
3.28155
3.31787
3.35871
3.40401
3.45362
3.50727
3.56459
3.62511
3.68827
3.75328
3.81899
3.88376
3.94549
4.00207
4.05226
4.09683
2.96158
2.96638
2.9753
2.9882
3.00508
3.02597
3.05085
3.07972
3.11253
3.14921
3.18959
3.23341
3.28027
3.32964
3.38091
3.43331
3.48573
3.53642
3.58301
3.62256
3.6521
3.66969
3.67513
2.76593
2.77018
2.7782
2.78983
2.80506
2.82386
2.84618
2.87197
2.90112
2.93347
2.96877
3.00664
3.04653
3.08779
3.12965
3.17107
3.21045
3.24535
3.2725
3.28785
3.28701
3.266
3.22168
2.56531
2.56902
2.57612
2.58645
2.59997
2.61662
2.63631
2.65894
2.68435
2.71232
2.74249
2.77436
2.80729
2.84048
2.873
2.90349
2.92975
2.94863
2.95587
2.94595
2.91213
2.84643
2.73897
2.36018
2.36336
2.36955
2.37858
2.39036
2.40481
2.42184
2.44129
2.46296
2.48657
2.51166
2.53765
2.5638
2.58919
2.61271
2.63263
2.64626
2.64975
2.63789
2.60342
2.53643
2.42269
2.24023
2.15104
2.15371
2.15902
2.16673
2.17677
2.18905
2.20343
2.21973
2.23772
2.25705
2.27723
2.29759
2.3173
2.33536
2.35048
2.36065
2.36281
2.35269
2.32426
2.26872
2.17284
2.01506
1.75698
1.93843
1.94062
1.94505
1.95148
1.95981
1.96993
1.9817
1.99493
2.00935
2.02458
2.04009
2.05517
2.06894
2.08032
2.08791
2.08958
2.08219
2.06129
2.02057
1.95048
1.83599
1.65053
1.34285
1.72288
1.72462
1.72819
1.73335
1.73999
1.748
1.75725
1.76751
1.77851
1.78986
1.80101
1.81124
1.81964
1.82513
1.82629
1.82108
1.80649
1.77834
1.73061
1.65438
1.53574
1.35015
1.05019
1.50495
1.50622
1.50896
1.51287
1.51785
1.52381
1.53061
1.53803
1.54579
1.5535
1.56063
1.56646
1.57013
1.57057
1.56651
1.55614
1.53685
1.50497
1.45536
1.38099
1.27152
1.11019
0.868591
1.28521
1.28599
1.28789
1.29056
1.29392
1.29789
1.30233
1.30703
1.31173
1.31605
1.31949
1.32139
1.32093
1.31717
1.30905
1.29516
1.27339
1.24076
1.19339
1.12637
1.0334
0.906084
0.73388
1.06418
1.06444
1.06548
1.06694
1.06871
1.07074
1.07291
1.07502
1.07682
1.07798
1.07804
1.0764
1.07236
1.06515
1.05399
1.03789
1.01534
0.984181
0.941681
0.884676
0.809965
0.714053
0.594193
0.84233
0.842049
0.842225
0.842449
0.842665
0.842815
0.842779
0.842401
0.841453
0.839637
0.836559
0.831713
0.824535
0.814468
0.80102
0.783622
0.761411
0.733035
0.696704
0.650673
0.593644
0.524483
0.440946
0.620023
0.619211
0.618521
0.617525
0.616201
0.614511
0.612343
0.609558
0.605963
0.601309
0.595275
0.587453
0.577436
0.564902
0.549623
0.531424
0.510063
0.484935
0.455125
0.420114
0.38
0.334951
0.283877
0.397525
0.396241
0.394698
0.39249
0.389642
0.386136
0.381878
0.376741
0.370564
0.363155
0.354266
0.343588
0.330883
0.316036
0.299055
0.280123
0.259532
0.237352
0.213519
0.188609
0.163995
0.141712
0.124213
0.175505
0.173841
0.171446
0.168017
0.163661
0.158365
0.152047
0.144598
0.135887
0.125771
0.114072
0.100592
0.0852304
0.0680408
0.0492414
0.0293089
0.00893406
-0.011263
-0.0305846
-0.0475381
-0.0595125
-0.0621793
-0.0484397
-0.0462975
-0.0482785
-0.0515688
-0.0562489
-0.062111
-0.0691939
-0.0775784
-0.0873568
-0.0986306
-0.111502
-0.126083
-0.142465
-0.16065
-0.180458
-0.201498
-0.223113
-0.244361
-0.264243
-0.281443
-0.293754
-0.297687
-0.287444
-0.254144
-0.267478
-0.269694
-0.274003
-0.279948
-0.287306
-0.296163
-0.306606
-0.318717
-0.33258
-0.348256
-0.365793
-0.385211
-0.406419
-0.429167
-0.452983
-0.477112
-0.500538
-0.522016
-0.539808
-0.551297
-0.552669
-0.538031
-0.498533
-0.476881
-0.480108
-0.485645
-0.492736
-0.501452
-0.511928
-0.524263
-0.538538
-0.554822
-0.573154
-0.593531
-0.615905
-0.640132
-0.665935
-0.692848
-0.720159
-0.746851
-0.771525
-0.792238
-0.806333
-0.810223
-0.799119
-0.765966
415.374
317.813
281.168
280.327
948.827
791.521
321.204
358.456
1052.19
1019.71
977.208
947.048
1093.91
1088.23
1081.95
1074.62
1126.88
1129.87
1133.28
1136.12
845.874
1113.85
1183.21
1191.46
7.11698
7.14658
8.77414
50.6349
8.06983
6.94911
6.99672
7.06985
6.93562
7.02995
7.08304
7.16943
6.91856
7.02026
7.11905
7.20819
6.95421
7.05056
7.13844
7.23062
6.97016
7.05638
7.14545
7.23754
6.94866
7.03493
7.12407
7.21648
6.89099
6.97919
7.07006
7.16408
6.79993
6.89028
6.98315
7.0789
6.67679
6.76854
6.86268
6.95933
6.52168
6.61341
6.70737
6.80339
6.33448
6.42429
6.51595
6.60913
6.11502
6.20062
6.28748
6.37546
5.86289
5.9419
6.02167
6.1026
5.57785
5.64824
5.71939
5.79196
5.26054
5.32075
5.38215
5.44512
4.91193
4.96056
5.0107
5.06218
4.53231
4.56729
4.60356
4.64088
4.11987
4.13764
4.156
4.17532
3.67048
3.66523
3.6593
3.65391
3.17905
3.1412
3.09953
3.05592
2.64352
2.55726
2.45903
2.35065
2.07461
1.91656
1.7244
1.49163
1.51515
1.27109
0.95686
0.542086
1.04609
0.730448
0.299032
-0.314892
0.768966
0.470898
0.058617
-0.559425
0.663228
0.463211
0.211035
-0.104655
0.606079
0.496211
0.375349
0.274385
0.510637
0.442218
0.370325
0.319794
0.380047
0.324792
0.253248
0.152226
0.246591
0.211514
0.1625
0.0800754
0.116443
0.110729
0.105518
0.0736758
-0.0265619
-0.000820815
0.035141
0.0764109
-0.215731
-0.173358
-0.116633
-0.0353086
-0.455894
-0.41097
-0.355178
-0.291948
-0.729757
-0.690986
-0.638595
-0.564066
280.006
280.129
279.862
279.7
279.528
279.387
279.282
279.192
279.108
279.031
278.961
278.896
278.837
278.784
278.737
278.7
278.672
278.654
278.645
335.977
279.962
279.752
279.682
279.478
279.306
279.236
279.158
279.076
279
278.929
278.862
278.799
278.74
278.688
278.644
278.612
278.592
278.582
938.503
666.59
278.485
279.707
279.429
278.949
279.203
279.129
279.035
278.961
278.888
278.821
278.755
278.687
278.624
278.573
278.535
278.512
278.499
1063.73
1065.33
979.161
759.399
604.542
276.551
279.512
279.135
279.001
278.925
278.836
278.775
278.708
278.624
278.545
278.482
278.437
278.409
278.394
1145.04
1157.87
1170.33
1168.49
1162.41
1194.77
944.855
339.367
278.793
278.956
278.748
278.733
278.672
278.552
278.445
278.366
278.311
278.279
278.26
1210.34
1225.88
1238.66
1248.75
1258.88
1275.4
1290.88
1315.99
1273.62
593.352
277.845
278.773
278.673
278.46
278.316
278.217
278.149
278.112
278.09
327.776
713.686
1027.31
1238.96
1320.22
1338.1
1357.76
1379.06
1400.24
1432.17
1391.59
278.376
278.817
278.286
278.139
278.025
277.936
277.897
277.872
7.26604
7.53076
7.87853
8.32113
17.46
140.408
557.497
1187.12
1455.78
1493.67
1533.34
1586.33
993.826
277.982
277.991
277.783
277.638
277.611
277.591
7.34266
7.58158
7.83827
8.10373
8.35634
8.63696
8.93807
9.37222
23.9697
533.527
1561.96
1621.3
1665.37
1603.61
277.56
277.246
277.164
277.22
277.232
7.39731
7.63527
7.88994
8.15305
8.41871
8.69221
8.98529
9.32155
9.67546
10.054
10.9535
421.678
1696.22
1761.55
1830.37
413.157
276.219
276.588
276.789
7.42509
7.66594
7.92284
8.1936
8.47684
8.77113
9.07717
9.41073
9.78497
10.1716
10.5537
10.9459
12.8322
1329.68
1866.73
1951.38
370.462
275.917
276.347
7.43179
7.67637
7.93972
8.2213
8.52128
8.83981
9.17722
9.53311
9.90997
10.3078
10.7204
11.1393
11.5363
12.3177
1152.64
1996.9
1837.62
274.828
276.233
7.41282
7.66278
7.93459
8.22827
8.54454
8.88413
9.24803
9.63447
10.0383
10.4552
10.8861
11.3333
11.7894
12.1964
12.9577
1772.65
2159.58
494.63
277.121
7.36441
7.62078
7.90156
8.20739
8.54001
8.90126
9.29137
9.70602
10.1391
10.5869
11.0486
11.5237
12.0118
12.5017
12.9725
142.386
2212.62
1296.38
281.403
7.28324
7.54553
7.83453
8.15225
8.50238
8.88741
9.3052
9.74825
10.2102
10.6897
11.1869
11.7001
12.2222
12.7457
13.231
13.6901
2084.63
1955.01
294.333
7.16591
7.43201
7.72754
8.05677
8.42576
8.83651
9.28263
9.75343
10.2442
10.7559
11.2891
11.8426
12.4101
12.9785
13.5187
14.0056
1333.19
2230.63
348.659
7.00916
7.27594
7.57444
7.91362
8.30152
8.73888
9.21314
9.70945
10.2271
10.7697
11.3392
11.9383
12.5628
13.2028
13.8464
14.5247
389.444
2488.42
380.941
6.80998
7.07191
7.36929
7.71394
8.11781
8.58198
9.084
9.60004
10.1399
10.7107
11.317
11.9665
12.6581
13.3906
14.1578
14.9342
15.6139
2541.2
825.168
6.56701
6.81843
7.10699
7.44814
7.86106
8.35123
8.88137
9.39981
9.95766
10.5556
11.1952
11.8965
12.6655
13.5077
14.4217
15.3824
16.3943
2235.85
2075.91
6.28068
6.51506
6.78497
7.1087
7.51615
8.03359
8.55904
9.01573
9.61946
10.2389
10.9015
11.6716
12.5425
13.5108
14.5902
15.8403
17.6152
1622.17
2466.07
5.9526
6.16345
6.40486
6.69214
7.04585
7.65594
10.4635
8.41952
8.98923
9.55612
10.2453
11.1649
12.2032
13.3269
14.5528
15.9986
17.6674
1173.97
3445.25
5.58443
5.76694
5.97398
6.21069
6.45374
9.60338
8.43409
7.94245
11.2127
8.69841
9.03726
10.226
11.5433
12.8683
14.1929
15.5808
16.3814
2022.89
2221.52
5.17659
5.32897
5.50426
5.70121
5.89601
9.14617
6.78478
6.85633
21.8658
15.462
7.54466
8.97919
10.5975
12.1498
13.5647
14.868
15.2107
2385.75
2761.65
4.72665
4.84875
5.0001
5.17896
5.36273
6.12048
14.5702
20.4695
9.778
18.2996
5.89109
7.79895
9.60967
11.3052
12.8143
14.1245
148.135
1997.32
1852.53
4.22641
4.31707
4.45705
4.65113
4.88423
4.90267
20.1167
5.02783
0.616404
0.91254
11.3714
7.01436
8.73553
10.4234
11.9778
32.9702
1471.27
316.282
358.473
3.65722
3.70843
3.85146
4.1189
4.44763
4.90681
26.7314
1.95699
-0.685203
-0.650155
7.98402
6.80745
7.87196
9.59267
10.2109
1471.12
1496.93
11.661
13.3457
2.98186
2.95953
3.11052
3.49795
4.00067
14.3234
26.9209
-0.433347
-1.26858
-1.22572
2.62967
4.52068
7.2188
9.34719
1106.99
1559
304.256
-12.2939
-4.31644
2.12894
1.89624
2.0501
2.58634
3.06843
8.22689
15.4531
2.97123
1.52554
1.64085
2.9466
5.16275
7.20264
859.574
1495.9
56.0639
0.313483
-27.7839
-22.7465
0.910628
0.129089
0.526609
1.58881
2.44322
3.07725
15.52
5.26983
4.14587
3.67809
3.05698
6.74528
1043.99
1299.68
16.1136
-11.1149
-8.2985
-36.1711
-35.8703
-0.567923
-1.92497
-0.725172
1.25636
4.36616
11.7444
17.0008
4.89999
4.33869
1.81715
-0.0454667
1202.37
1098.12
-12.4893
-18.3922
-16.9762
-16.5056
-20.0359
-21.6799
-1.78397
-2.24761
45.808
185.968
1.97496
3.42608
18.4193
4.23559
4.02294
30.7709
1086.5
652.387
-17.9412
-20.6973
-22.5207
-23.3562
-23.2102
-8.53828
1.58914
-0.218875
200.053
177.924
2.08026
1.43673
6.66863
5.67034
3.55278
3.4185
954.097
300.281
-14.0821
-18.0403
-21.4861
-25.1833
-28.1237
-27.9625
-5.83374
4.563
4.15018
7.20251
0.915185
0.643004
0.421001
4.74981
2.5784
3.66284
427.729
302.87
-10.6708
-13.3312
-16.5032
-20.5258
-25.7598
-30.6505
-29.9469
-8.02544
-4.32388
6.00226
-0.0504191
-0.276003
-0.279247
-0.758827
-0.374901
43.9755
367.34
772.764
-6.99902
-9.42667
-11.5852
-14.2956
-18.0084
-23.1784
-27.4121
-24.2557
-17.0536
-12.5598
0.886715
67.9073
-1.27454
-1.34281
-1.74077
-1.36162
850.722
869.198
113.193
-6.11002
-7.80897
-9.6367
-11.7072
-14.2842
-17.262
-18.3946
-15.8659
-16.772
-14.7918
1.57242
277.894
97.1447
-1.89416
-2.18606
-2.45211
777.15
650.067
-3.79144
-5.07179
-6.42802
-7.80367
-9.15179
-10.4185
-11.1497
-10.278
-9.21746
-11.728
-11.9239
-0.0232338
63.6924
106.62
-0.60455
-1.59524
-1.27307
-3.80257
-2.83404
-3.51793
-4.3282
-5.2725
-6.17881
-6.91864
-7.31145
-6.99294
-5.79425
-5.39584
-7.14663
-7.73175
0.309691
0.0296625
0.287856
-0.147351
-0.863726
-2.02842
-3.12061
-3.01986
-3.14169
-3.62707
-4.22096
-4.75828
-5.10138
-5.08974
-4.54543
-3.61661
-3.41583
-4.32987
-4.73763
0.297941
0.325003
0.292906
-0.373042
-0.691728
-1.32504
-1.93789
-2.2261
-2.50064
-2.85379
-3.22472
-3.52335
-3.65139
-3.50896
-3.03382
-2.40238
-2.24819
-2.69436
-2.93833
0.293388
0.427182
369.494
-0.97303
-0.762067
-1.02772
-1.34544
-1.59729
-1.82809
-2.0682
-2.29129
-2.44585
-2.4727
-2.32049
-1.97539
-1.5598
-1.42042
-1.64263
-1.79969
-0.194613
0.159791
2126.75
-1.23036
-0.824123
-0.790408
-0.88121
-1.01396
-1.15672
-1.29853
-1.41957
-1.48958
-1.47862
-1.36408
-1.14717
-0.892636
-0.779781
-0.894316
-0.994352
-0.243565
29.7583
2049.9
313.597
-0.66864
-0.443958
-0.400584
-0.437347
-0.49243
-0.548605
-0.594222
-0.616122
-0.602363
-0.546232
-0.450043
-0.333766
-0.2659
-0.313224
-0.377194
1070.35
1073.56
1076.08
1070.29
1061.52
1053.8
1047.62
1042.64
1038.7
1036.04
1035.2
1037
1042.36
1052.23
1067.44
1089.01
1117.77
1153.39
1185.88
1182.73
1182.21
1127.28
1129.04
1069.28
1071.77
1074.18
1068.47
1060.08
1052.72
1046.71
1041.73
1037.72
1034.95
1034.01
1035.71
1040.93
1050.62
1065.61
1086.53
1113.27
1143.51
1169.74
1182.26
1199.4
1084.27
1027.38
1066.72
1068.59
1070.83
1065.3
1057.6
1050.83
1045.06
1040.07
1035.92
1032.98
1031.86
1033.36
1038.37
1047.77
1062.33
1082.42
1107.52
1134.96
1158.53
1172.45
1183.09
1064.88
1032.8
1062.81
1064.12
1066.19
1061.01
1054.21
1048.15
1042.66
1037.62
1033.27
1030.09
1028.72
1029.95
1034.64
1043.66
1057.69
1076.93
1100.59
1126.04
1148.31
1162.24
1164.78
1115.09
1106.1
1057.65
1058.61
1060.46
1055.81
1050.06
1044.72
1039.46
1034.33
1029.74
1026.26
1024.56
1025.43
1029.72
1038.26
1051.69
1070.1
1092.61
1116.75
1138.33
1152.96
1157.02
1144.76
1183.03
1051.42
1052.04
1053.87
1049.93
1045.23
1040.54
1035.44
1030.16
1025.27
1021.44
1019.35
1019.77
1023.54
1031.51
1044.28
1061.92
1083.56
1106.91
1128.39
1144.28
1152.61
1159.57
1210.56
1044.41
1044.69
1046.65
1043.5
1039.76
1035.57
1030.53
1025.04
1019.82
1015.59
1013.03
1012.9
1016.04
1023.32
1035.38
1052.31
1073.3
1096.31
1118.19
1135.74
1147.84
1160.21
1195.25
1036.92
1036.79
1038.85
1036.6
1033.68
1029.8
1024.7
1018.96
1013.38
1008.69
1005.57
1004.78
1007.15
1013.61
1024.87
1041.1
1061.64
1084.7
1107.38
1126.73
1141.32
1152.56
1156.24
279.912
279.874
279.802
279.713
279.611
279.504
279.398
279.298
279.207
279.125
279.051
278.986
278.929
278.879
278.838
278.805
278.779
278.762
278.752
279.915
279.876
279.805
279.715
279.612
279.503
279.396
279.297
279.205
279.123
279.049
278.984
278.926
278.877
278.835
278.801
278.776
278.758
278.748
279.919
279.879
279.809
279.719
279.613
279.502
279.393
279.293
279.202
279.119
279.046
278.98
278.922
278.872
278.83
278.796
278.77
278.751
278.741
279.923
279.881
279.817
279.725
279.615
279.499
279.389
279.288
279.197
279.114
279.041
278.975
278.917
278.866
278.823
278.788
278.761
278.743
278.732
279.922
279.873
279.827
279.735
279.617
279.495
279.383
279.281
279.19
279.108
279.034
278.968
278.909
278.858
278.814
278.778
278.75
278.731
278.72
279.904
279.842
279.844
279.748
279.618
279.489
279.374
279.272
279.181
279.1
279.026
278.959
278.9
278.848
278.803
278.766
278.737
278.717
278.706
279.855
279.826
279.882
279.766
279.619
279.48
279.362
279.261
279.171
279.09
279.016
278.949
278.889
278.836
278.789
278.751
278.721
278.7
278.688
279.748
280.213
279.877
279.781
279.616
279.467
279.346
279.247
279.159
279.079
279.005
278.938
278.877
278.822
278.773
278.733
278.701
278.679
278.667
1027.15
1021.48
1023.67
1022.69
1020.67
1016.92
1011.49
1005.18
998.812
993.09
988.679
986.278
986.786
991.32
1000.79
1015.63
1035.8
1059.83
1084.85
1107.65
1125.24
1131.19
1094.5
1010.59
1002.85
1004.63
1004.18
1002.13
997.803
991.655
984.427
976.769
969.325
962.75
957.571
954.534
955.29
961.81
976.631
996.106
1022.34
1051.75
1079.32
1101.49
1110.94
1094.21
995.689
981.504
988.082
985.169
980.973
975.475
968.906
961.061
952.233
943.342
935.503
928.884
923.287
923.509
930.258
944.66
954.748
981.493
1012.59
1041.86
1073.2
1094.41
1098.35
996.859
713.723
731.715
677.084
620.205
550.163
451.044
344.652
243.978
156.098
84.4272
34.252
6.77608
6.49368
6.5471
6.89564
17.644
89.8951
307.327
755.924
1055.2
1087.54
1105.46
1031.64
5.28676
5.47392
5.53331
5.57222
5.52968
5.59182
5.68471
5.80387
5.97611
6.229
6.59006
6.67147
6.69758
6.5726
6.18273
6.0704
5.98472
6.13271
6.26267
8.52477
281.237
989.322
5.46973
5.43222
5.444
5.46989
5.49773
5.51938
5.56662
5.63733
5.72005
6.00268
6.65687
6.58129
6.12544
6.05537
6.02482
5.96414
5.86842
5.82574
5.9362
6.09456
6.24202
6.41682
6.74253
5.40276
5.36905
5.38578
5.40782
5.43608
5.46925
5.51429
5.57047
5.62324
6.33358
6.0852
5.82526
5.8795
5.89492
5.87131
6.3256
6.22244
5.64762
5.80027
6.01743
6.21188
6.42154
6.65184
5.31688
5.29608
5.31689
5.33993
5.36868
5.40369
5.44647
5.49582
5.5451
5.57766
5.66025
5.73419
5.74931
5.76616
5.74794
5.65517
6.26375
6.0919
5.69378
5.95696
6.83974
8.11456
8.33699
5.24068
5.2216
5.24135
5.26469
5.29317
5.32758
5.36809
5.41364
5.46123
5.50616
5.55503
5.60636
5.64774
5.67172
5.67054
5.63061
5.5297
6.28013
6.45762
5.95867
6.19768
7.66007
6.67346
5.17064
5.14341
5.16059
5.18242
5.20989
5.24303
5.28158
5.32467
5.37071
5.4181
5.46684
5.51609
5.56152
5.59925
5.62654
5.64608
5.64623
5.62822
6.62121
6.1714
6.30995
6.51159
6.71397
5.09516
5.05931
5.07314
5.09318
5.1193
5.15111
5.18819
5.22984
5.27512
5.32321
5.37373
5.42623
5.47946
5.53289
5.58702
5.64514
5.71479
5.81174
5.99912
6.31516
6.40633
6.59575
6.76974
5.00978
4.96654
4.97817
4.9967
5.02156
5.05226
5.08836
5.12934
5.17467
5.22397
5.2772
5.33458
5.39641
5.46366
5.53866
5.6258
5.73242
5.86867
6.04294
6.24399
6.43423
6.60678
6.77309
4.91368
4.86478
4.87534
4.89283
4.91675
4.94666
4.98221
5.02305
5.06894
5.11986
5.17609
5.23832
5.30757
5.38545
5.47458
5.57875
5.7027
5.85059
6.02189
6.20589
6.38695
6.55959
6.72946
4.80771
4.75448
4.76466
4.78157
4.80488
4.83429
4.86956
4.91052
4.95716
5.00968
5.06862
5.13488
5.20972
5.29484
5.39252
5.50541
5.63605
5.7854
5.95093
6.12563
6.30145
6.47505
6.64949
4.693
4.63615
4.64628
4.6629
4.68584
4.71491
4.75
4.79111
4.83839
4.89222
4.95324
5.02238
5.1009
5.1903
5.29234
5.40873
5.54061
5.68772
5.84753
6.01556
6.18734
6.36097
6.53804
4.57044
4.51028
4.52045
4.53687
4.55948
4.58823
4.62311
4.66424
4.71189
4.76654
4.82884
4.89967
4.98013
5.07143
5.17485
5.29143
5.42159
5.56469
5.71874
5.88079
6.04823
6.22005
6.39735
4.44062
4.37723
4.38737
4.40353
4.42577
4.45411
4.48864
4.52957
4.57724
4.63212
4.69486
4.76622
4.8471
4.93842
5.04107
5.15562
5.28215
5.42002
5.56776
5.72346
5.88553
6.05346
6.2282
4.30384
4.23713
4.24714
4.26299
4.28476
4.31258
4.3466
4.38706
4.43433
4.48885
4.55116
4.62194
4.70188
4.79166
4.89184
5.0027
5.12418
5.2557
5.39627
5.54464
5.69984
5.86166
6.03089
4.16009
4.08987
4.09973
4.11521
4.13648
4.16368
4.19701
4.23671
4.28311
4.33662
4.39769
4.46684
4.54461
4.63147
4.72778
4.83363
4.94885
5.07299
5.20534
5.3451
5.49168
5.64496
5.80553
4.00918
3.93531
3.94497
3.96007
3.98078
4.00724
4.03966
4.07825
4.12332
4.17519
4.23423
4.30083
4.37538
4.45819
4.54947
4.64918
4.7571
4.87285
4.9959
5.12566
5.26167
5.40375
5.55222
3.85098
3.77344
3.78284
3.79748
3.8175
3.84305
3.87429
3.91143
3.9547
4.00436
4.0607
4.12399
4.19448
4.27235
4.35766
4.45028
4.54995
4.65632
4.76892
4.88716
5.01048
5.13848
5.27115
3.68569
3.60453
3.61356
3.62759
3.64675
3.67116
3.70096
3.73629
3.77734
3.82431
3.87739
3.93676
4.00252
4.07472
4.15328
4.23799
4.32852
4.4245
4.52537
4.63037
4.73869
4.84958
4.96273
3.51362
3.42895
3.43749
3.45077
3.46889
3.49193
3.52002
3.55324
3.59171
3.63558
3.68494
3.73986
3.80033
3.86624
3.93738
4.01343
4.09399
4.17854
4.26629
4.35619
4.44701
4.53757
4.62747
3.33517
3.24712
3.25506
3.26746
3.28438
3.30587
3.332
3.36284
3.39844
3.43886
3.48411
3.53416
3.58886
3.64796
3.71112
3.77788
3.8477
3.9198
3.99304
4.06587
4.13646
4.2032
4.26576
3.15069
3.05939
3.06667
3.07808
3.09367
3.11346
3.13746
3.16571
3.19818
3.23488
3.27572
3.32056
3.36912
3.42102
3.47575
3.53272
3.59116
3.64993
3.70731
3.76103
3.80852
3.84761
3.87767
2.96053
2.86615
2.8727
2.88306
2.89723
2.91519
2.93693
2.96242
2.99159
3.02437
3.0606
3.1
3.14219
3.18662
3.23266
3.27955
3.32619
3.37089
3.41122
3.444
3.46562
3.47278
3.46328
2.76502
2.66774
2.67354
2.68282
2.69551
2.71156
2.73095
2.75357
2.77934
2.8081
2.83959
2.87346
2.90917
2.94607
2.98338
3.02011
3.05477
3.08501
3.10757
3.11819
3.11172
3.08253
3.02461
2.56453
2.46456
2.46966
2.47783
2.489
2.50311
2.52009
2.5398
2.56212
2.58682
2.61357
2.64192
2.67122
2.70071
2.72946
2.75626
2.77911
2.79506
2.80001
2.78845
2.75309
2.6845
2.56966
2.3595
2.25711
2.26154
2.26861
2.27826
2.2904
2.30495
2.32176
2.34064
2.36132
2.38342
2.40638
2.4295
2.4519
2.47252
2.48988
2.50162
2.50426
2.49301
2.4611
2.39887
2.29203
2.11729
2.15047
2.04593
2.04972
2.0557
2.06383
2.07403
2.08618
2.10012
2.11563
2.13241
2.15001
2.16785
2.18514
2.20093
2.21407
2.22287
2.22476
2.21599
2.19137
2.1433
2.06026
1.92365
1.69964
1.93795
1.83157
1.83474
1.83965
1.84628
1.85456
1.86436
1.87551
1.88776
1.90079
1.91415
1.92719
1.93912
1.94894
1.95543
1.95687
1.95068
1.93318
1.89918
1.84105
1.74707
1.59777
1.35619
1.72244
1.61457
1.61713
1.62097
1.62613
1.63253
1.64005
1.6485
1.65763
1.66711
1.67649
1.68513
1.69221
1.69677
1.69759
1.69308
1.68088
1.65762
1.61861
1.55711
1.46324
1.32119
1.1025
1.50454
1.39551
1.39743
1.40019
1.40389
1.40847
1.41377
1.41963
1.42579
1.43194
1.43763
1.44226
1.44505
1.44507
1.44123
1.4322
1.41601
1.38981
1.34971
1.29052
1.20528
1.08406
0.911706
1.28489
1.17496
1.17616
1.17783
1.18011
1.1829
1.18606
1.18943
1.19278
1.19581
1.19809
1.19908
1.19807
1.19424
1.1867
1.17444
1.15597
1.12911
1.09092
1.03777
0.965377
0.868719
0.742012
1.06408
0.953398
0.953811
0.954384
0.955254
0.956307
0.957393
0.958372
0.959043
0.959118
0.958237
0.955908
0.951525
0.94443
0.933969
0.919478
0.900003
0.874071
0.839679
0.794437
0.736032
0.662386
0.571265
0.842599
0.731234
0.730808
0.730274
0.729753
0.7291
0.728173
0.726846
0.72494
0.722211
0.718354
0.712948
0.705513
0.695586
0.682759
0.666692
0.646961
0.622824
0.593082
0.556415
0.512002
0.459439
0.397732
0.620766
0.508848
0.507558
0.505929
0.504037
0.501705
0.498812
0.49524
0.490837
0.485403
0.478692
0.470374
0.460093
0.447583
0.43268
0.415335
0.395601
0.373406
0.348324
0.320026
0.288971
0.256073
0.222217
0.398844
0.286453
0.284296
0.281588
0.278338
0.274343
0.269506
0.263726
0.256871
0.248781
0.239278
0.228116
0.215067
0.200041
0.183081
0.164398
0.144448
0.12371
0.102453
0.0812813
0.0617733
0.0464025
0.0393613
0.177469
0.0652499
0.062205
0.0584363
0.0538431
0.0482099
0.0414604
0.0335048
0.0242327
0.0135248
0.00125359
-0.0127366
-0.0285552
-0.0461607
-0.0653498
-0.0856857
-0.106432
-0.126744
-0.145757
-0.162093
-0.173293
-0.175376
-0.161631
-0.0435148
-0.15775
-0.161774
-0.1666
-0.172571
-0.17987
-0.188576
-0.198769
-0.210542
-0.223982
-0.239165
-0.256168
-0.275004
-0.295539
-0.317455
-0.340176
-0.362823
-0.384336
-0.40343
-0.418145
-0.425458
-0.42063
-0.396212
-0.263227
-0.371377
-0.37635
-0.382176
-0.389435
-0.398264
-0.408764
-0.42102
-0.435113
-0.451107
-0.469034
-0.488902
-0.51065
-0.534091
-0.55886
-0.584344
-0.609662
-0.633647
-0.654737
-0.670686
-0.678324
-0.673176
-0.648407
-0.471548
-0.596217
-0.602132
-0.60906
-0.617698
-0.628223
-0.640758
-0.65539
-0.672193
-0.691217
-0.712474
-0.735923
-0.761447
-0.788827
-0.817716
-0.847565
-0.877541
-0.906444
-0.932596
-0.953745
-0.96701
-0.968833
-0.954803
949
516.006
280.51
279.965
1039.9
990.915
953.096
711.189
1082.27
1065.86
1049.67
1036.64
1109.84
1109.5
1108.87
1107.27
1140.94
1148.28
1156.26
1162.29
27.0095
124.169
354.424
692.779
6.93476
7.10876
6.96294
7.01439
7.92175
7.01513
7.00669
7.08615
6.85039
6.95774
7.06741
7.14851
6.88788
6.98696
7.08683
7.17334
6.92306
7.01019
7.0991
7.19054
6.92197
7.00682
7.09398
7.18442
6.88139
6.96739
7.05582
7.14734
6.80576
6.89387
6.98443
7.07783
6.69768
6.78763
6.88004
6.97504
6.55821
6.6489
6.74203
6.83751
6.38749
6.47731
6.56945
6.66353
6.18557
6.27256
6.36143
6.45171
5.95225
6.0342
6.11734
6.20141
5.68723
5.76183
5.8371
5.91326
5.39061
5.45579
5.5217
5.58883
5.0631
5.11721
5.17254
5.22932
4.70543
4.74688
4.78984
4.83408
4.31732
4.34367
4.37122
4.39959
3.89666
3.90362
3.91091
3.91841
3.43987
3.42041
3.39952
3.37715
2.9446
2.88755
2.82473
2.75525
2.41527
2.30403
2.17531
2.02537
1.87587
1.69463
1.47032
1.18627
1.37923
1.12897
0.801944
0.36369
1.00854
0.732137
0.354802
-0.190835
0.805799
0.58354
0.293826
-0.108881
0.702931
0.563693
0.401358
0.205895
0.605144
0.523345
0.439846
0.355295
0.476055
0.417364
0.352922
0.270607
0.333043
0.290281
0.236698
0.158487
0.191007
0.171855
0.147327
0.116791
0.0445807
0.0531098
0.066275
0.0832398
-0.12755
-0.0964828
-0.0515809
0.00935987
-0.349722
-0.311637
-0.261958
-0.196522
-0.602211
-0.563971
-0.513054
-0.44579
-0.924798
-0.900267
-0.868391
-0.828107
279.737
279.84
279.933
279.818
279.598
279.421
279.305
279.218
279.133
279.054
278.98
278.912
278.849
278.79
278.738
278.693
278.657
278.633
278.619
594.801
267.604
280.081
280.145
279.545
279.298
279.24
279.182
279.097
279.018
278.945
278.875
278.81
278.746
278.685
278.633
278.592
278.563
278.548
1013.08
979.175
750.057
497.831
279.121
279.133
279.114
279.134
279.036
278.974
278.902
278.83
278.766
278.694
278.621
278.557
278.508
278.474
278.456
1107.12
1114.47
1120.68
1108.88
1115.53
998.612
583.669
278.718
279.059
278.897
278.841
278.769
278.727
278.639
278.542
278.46
278.4
278.36
278.34
1170.04
1185.09
1198.82
1209.5
1218.15
1230.71
1245.25
1278.69
856.158
277.528
278.807
278.668
278.745
278.585
278.441
278.337
278.262
278.215
278.191
1040.62
1245.67
1261.61
1274.55
1286.73
1300.57
1315.33
1336.26
1351.97
1392.1
1131.89
278.918
278.905
278.5
278.297
278.177
278.084
278.027
278.003
7.16088
8.12209
53.551
208.147
482.48
939.118
1300.36
1394.51
1419.05
1449.5
1488.69
1535.26
531.336
277.758
278.098
277.991
277.849
277.775
277.76
7.19357
7.42219
7.68378
7.95729
8.20045
8.49569
9.05197
37.4818
413.24
1308.48
1532.7
1578.18
1615.37
1359.7
278.276
277.683
277.495
277.42
277.444
7.26804
7.49018
7.73738
7.99819
8.25783
8.51638
8.81398
9.10306
9.4692
9.94332
70.5683
1059.75
1660.13
1715.57
1747.3
298.267
276.881
276.83
277.028
7.29963
7.53109
7.77883
8.03979
8.31125
8.58869
8.87498
9.18629
9.54372
9.91806
10.2867
10.7334
110.478
1581.5
1811.06
1886.66
444.93
275.498
276.561
7.31625
7.55045
7.80179
8.06962
8.3535
8.65286
8.96758
9.29718
9.6541
10.0388
10.4389
10.8415
11.234
12.2686
1136.56
1928.68
2023.43
285.529
276.074
7.30984
7.54675
7.80408
8.08147
8.37937
8.6979
9.038
9.39962
9.78048
10.1772
10.5901
11.0179
11.4537
11.8625
12.5494
1385.65
2072.8
1219.18
275.607
7.27445
7.5162
7.78094
8.06881
8.3808
8.71786
9.08145
9.47075
9.8811
10.3069
10.7452
11.1972
11.6637
12.1366
12.5747
13.242
2099.15
2198.88
275.606
7.20739
7.45482
7.72695
8.02506
8.35125
8.70804
9.09679
9.51407
9.95281
10.4084
10.8799
11.3667
11.8664
12.3742
12.8723
13.354
1115.37
2329.11
350.751
7.10641
7.35841
7.63655
7.94398
8.28494
8.66352
9.07934
9.52498
9.99206
10.478
10.9833
11.5079
12.0473
12.5907
13.1244
13.6398
21.4508
2401.19
586.877
6.96903
7.22267
7.50412
7.8193
8.17516
8.57691
9.02074
9.494
9.98809
10.504
11.0432
11.6067
12.1929
12.7926
13.3965
13.9841
14.3944
2438.48
668.312
6.79269
7.04396
7.32449
7.64362
8.01256
8.4372
8.90965
9.40837
9.92556
10.4686
11.0402
11.646
12.2873
12.9589
13.6547
14.3443
14.9864
2024.27
1167.29
6.57552
6.81908
7.09308
7.41045
7.78568
8.2305
8.73336
9.25201
9.78337
10.3513
10.9534
11.6023
12.3036
13.0605
13.8708
14.7192
15.59
744.857
2791.81
6.31722
6.54751
6.80766
7.11256
7.48309
7.94527
8.48036
8.99589
9.52163
10.1206
10.7433
11.4336
12.2063
13.0643
14.0122
15.0727
16.3055
51.0683
3183.82
6.01896
6.23026
6.46841
6.7478
7.0917
7.54557
8.25158
8.67607
8.98375
9.67202
10.2792
11.0358
11.9224
12.9156
14.0089
15.2528
16.74
18.4146
3305.38
5.68243
5.86936
6.07878
6.32086
6.60196
7.74511
9.83244
9.43723
8.27525
8.97032
9.28779
10.2039
11.3246
12.5209
13.7623
15.1143
16.9246
89.6747
2110.59
5.30846
5.46696
5.64511
5.84748
6.06498
9.16638
8.57052
7.07148
13.5634
17.9675
7.9865
8.90751
10.3574
11.821
13.2249
14.5509
15.9148
788.4
2383.18
4.89588
5.02323
5.17212
5.34652
5.53905
6.91755
6.73565
7.2009
20.6832
19.8264
9.43344
7.50387
9.23754
10.9269
12.4983
13.8614
15.483
1346.12
3168.5
4.44033
4.53319
4.65723
4.82062
5.06928
5.22327
8.8216
20.4084
8.65202
0.976846
11.4543
6.59367
8.24965
10.0263
11.653
13.0101
193.534
1480.12
1286.22
3.93169
3.98198
4.08506
4.26628
4.51686
4.72311
4.65919
7.28388
0.280731
0.0284087
5.13289
11.9698
7.34192
9.19114
10.6559
12.5135
1495.98
660.33
1.86851
3.34983
3.33671
3.4116
3.64799
4.03955
4.51567
21.7514
24.3388
-0.903817
-1.29463
-1.01765
8.46
6.3018
8.49709
9.75794
1311.01
1542.19
17.7897
1.44444
2.65931
2.52017
2.51461
2.84301
3.3444
3.60787
28.4243
2.598
1.06894
-0.897637
-0.0267597
3.26531
6.06573
7.9425
924.986
1539.31
90.8386
-9.11794
-17.126
1.80052
1.33552
1.1174
1.69212
2.39083
2.99236
22.1699
4.27409
3.60237
3.08497
3.59711
4.31883
7.53475
905.896
1394.05
35.5602
-6.96522
-16.5171
-38.5673
0.701426
-0.619747
-0.889697
0.60189
1.91046
3.1937
14.5485
5.04715
5.45073
3.88488
1.53834
5.25359
1140.45
1220.56
-1.48206
-15.1431
-13.9117
-14.146
-34.8664
-0.487491
-2.21264
-1.73483
18.8654
56.7331
2.23002
17.4611
5.78887
4.20505
3.40192
1.57623
1180.98
914.636
-17.026
-20.139
-20.5092
-20.3521
-15.7503
-8.43563
-1.14813
87.2645
130.629
192.072
10.0004
1.95155
17.338
4.28051
3.9648
3.60734
1035.48
414.155
-16.7594
-19.9529
-22.7521
-25.2146
-26.0544
-19.1875
8.9971
-0.477245
31.0296
187.218
1.1148
0.920299
1.21422
2.84022
2.99618
3.84632
663.857
282.198
-12.1317
-15.62
-19.2042
-23.418
-28.0407
-30.4636
-25.422
0.416247
0.364616
2.00136
0.0339808
0.357622
0.0227842
0.0635387
7.89254
3.24557
284.971
482.858
-8.73801
-11.3019
-13.8973
-17.2914
-22.0219
-27.8501
-30.192
-22.2074
-9.33307
0.679214
17.6517
-0.61503
-0.821686
-0.996145
-1.18067
26.8512
850.072
839.792
2.10283
-7.73121
-9.56811
-11.7499
-14.4945
-18.2911
-22.3822
-22.353
-18.4081
-15.9956
0.286057
1.19517
63.9297
-2.23642
-1.78764
-2.15124
144.322
867.919
383.49
-4.85782
-6.30152
-7.8809
-9.53262
-11.3231
-13.2526
-14.3178
-12.8736
-12.9121
-14.782
-0.00611893
2.27125
285.206
0.72814
-1.44233
-2.62485
5.47258
459.978
-2.96572
-4.13699
-5.24872
-6.40675
-7.495
-8.4141
-8.913
-8.35966
-6.98557
-7.99559
-9.83096
0.0314843
0.191485
18.8894
-0.0208085
-0.59385
-1.82868
-3.04524
-3.58372
-3.26833
-3.64855
-4.36012
-5.1063
-5.73482
-6.09185
-5.95208
-5.08819
-4.15708
-4.84983
-5.91846
0.102453
0.0704555
0.298319
-0.117369
-0.407418
-1.12572
-2.05907
-2.53671
-2.68292
-3.02418
-3.48188
-3.93293
-4.25889
-4.33451
-4.02901
-3.31663
-2.72163
-3.06013
-3.62069
0.151708
0.338829
103.805
-0.302415
-0.535372
-0.911834
-1.39944
-1.77344
-2.03154
-2.31014
-2.6093
-2.87226
-3.02431
-2.98769
-2.70162
-2.19798
-1.80302
-1.9418
-2.24829
-0.0598488
0.423989
261.33
-0.476663
-0.86964
-0.844159
-1.00832
-1.20727
-1.39647
-1.58683
-1.76965
-1.91227
-1.97185
-1.90766
-1.69621
-1.36914
-1.10375
-1.14266
-1.32608
-0.324291
0.0134713
419.124
1058.95
-1.41192
-0.71973
-0.627777
-0.682388
-0.774704
-0.874603
-0.966651
-1.03161
-1.04766
-0.997622
-0.87446
-0.695756
-0.539904
-0.53903
-0.643675
-0.769651
-0.927601
-9.99549
1423.39
-5.34102
-0.44005
-0.151705
-0.138073
-0.156047
-0.177427
-0.196653
-0.209581
-0.212007
-0.201085
-0.176362
-0.142376
-0.117056
-0.128683
-0.129833
1070.86
1075.81
1074.02
1065.9
1057.45
1050.53
1044.99
1040.53
1037.18
1035.34
1035.72
1039.18
1046.67
1059.09
1077.38
1102.45
1134.89
1171.64
1189.61
1177.54
1175.18
1084.07
1196.7
1069.01
1073.96
1072.1
1064.25
1056.22
1049.57
1044.1
1039.59
1036.15
1034.2
1034.47
1037.82
1045.17
1057.41
1075.31
1099.23
1128.28
1157.79
1177.78
1188.49
1188.61
1001.86
1149.65
1065.76
1070.68
1068.75
1061.41
1054.07
1047.84
1042.47
1037.87
1034.26
1032.14
1032.23
1035.37
1042.47
1054.37
1071.69
1094.44
1121.25
1147.75
1166.59
1178.01
1165.6
998.771
1136.72
1061.2
1066.11
1064.17
1057.55
1051.09
1045.35
1040.07
1035.33
1031.5
1029.13
1028.96
1031.81
1038.56
1050.02
1066.67
1088.32
1113.36
1137.94
1156.51
1165.39
1153.05
1077.38
1187.41
1055.42
1060.45
1058.59
1052.88
1047.36
1042.09
1036.86
1031.93
1027.82
1025.14
1024.63
1027.1
1033.41
1044.34
1060.29
1080.96
1104.71
1128.15
1146.73
1156.6
1153.93
1147.42
1245.35
1048.75
1053.85
1052.23
1047.54
1042.92
1038.04
1032.79
1027.62
1023.18
1020.13
1019.19
1021.18
1026.96
1037.27
1052.52
1072.35
1095.22
1118.13
1137.22
1149.46
1155.3
1175.5
1258.47
1041.37
1046.54
1045.33
1041.64
1037.77
1033.15
1027.8
1022.35
1017.54
1014.05
1012.61
1014
1019.12
1028.73
1043.26
1062.39
1084.73
1107.61
1127.67
1142.41
1153.21
1173.76
1224.12
1033.47
1038.63
1037.91
1035.2
1031.9
1027.38
1021.86
1016.11
1010.88
1006.89
1004.84
1005.51
1009.82
1018.61
1032.38
1050.92
1073.02
1096.29
1117.62
1134.61
1147.28
1157.28
1148.37
279.899
279.841
279.76
279.663
279.558
279.45
279.347
279.252
279.165
279.087
279.017
278.956
278.903
278.858
278.82
278.791
278.769
278.756
278.749
279.902
279.843
279.762
279.665
279.558
279.449
279.345
279.25
279.163
279.085
279.015
278.954
278.901
278.855
278.817
278.787
278.766
278.752
278.745
279.906
279.847
279.767
279.667
279.557
279.447
279.342
279.246
279.159
279.081
279.012
278.95
278.896
278.85
278.812
278.782
278.759
278.745
278.739
279.907
279.852
279.774
279.672
279.557
279.443
279.337
279.241
279.154
279.076
279.007
278.945
278.89
278.844
278.805
278.774
278.751
278.736
278.729
279.898
279.857
279.786
279.677
279.556
279.438
279.33
279.234
279.148
279.07
279
278.938
278.883
278.835
278.795
278.763
278.74
278.725
278.717
279.87
279.859
279.807
279.685
279.553
279.43
279.321
279.225
279.139
279.062
278.992
278.929
278.873
278.824
278.783
278.75
278.726
278.71
278.703
279.836
279.924
279.837
279.693
279.548
279.418
279.31
279.215
279.13
279.052
278.982
278.919
278.862
278.812
278.769
278.734
278.709
278.693
278.685
280.115
280.016
279.858
279.698
279.538
279.403
279.295
279.202
279.118
279.041
278.971
278.907
278.848
278.797
278.752
278.716
278.689
278.672
278.663
1018.55
1023.28
1023.32
1021.85
1019.03
1014.37
1008.39
1001.96
995.828
990.679
987.178
986.101
988.483
995.399
1007.53
1025.09
1047.49
1072.43
1096.71
1117.32
1130.4
1123.1
1049.88
1000.99
1004.32
1004.52
1003.43
1000.24
994.908
988.134
980.613
972.978
965.894
959.951
955.712
954.342
957.61
968.405
985.512
1008.49
1037.02
1065.97
1091.39
1108.43
1107.51
1073.98
983.623
985.999
986.914
983.234
978.348
972.348
965.139
956.731
947.707
939.274
932.013
926.143
922.72
925.803
937.24
947.396
966.776
997.354
1026.96
1057.87
1085.69
1099.12
1092.52
987.513
671.684
719.936
643.447
591.034
502.669
397.832
293.001
198.266
117.846
56.5466
16.0818
6.50791
6.51469
6.62096
8.73013
42.118
170.75
509.589
1011.4
1073.31
1098.21
1109.59
6.08748
5.45093
5.49832
5.56466
5.54352
5.55356
5.63578
5.73991
5.8791
6.09581
6.42537
6.68129
6.61964
6.65606
6.25238
6.15636
5.99702
6.03326
6.21753
6.52825
65.9578
631.671
1130.18
5.44602
5.43055
5.45319
5.48558
5.507
5.53931
5.59971
5.67878
5.75074
6.59726
6.67659
6.36127
6.05538
6.04485
5.99856
5.91729
5.82393
5.86882
6.01681
6.16753
6.31739
6.52889
7.4577
5.3571
5.37434
5.39496
5.42164
5.45159
5.49008
5.54139
5.59978
5.64128
6.48019
5.7903
5.85632
5.89262
5.88726
5.91606
6.42161
5.74384
5.70493
5.90963
6.11728
6.31325
6.53448
6.77161
5.27984
5.3049
5.32767
5.35361
5.38529
5.42408
5.47059
5.52128
5.56371
5.60314
5.72736
5.73107
5.76119
5.76197
5.71077
6.01409
6.22154
5.60108
5.82354
6.06312
7.98094
8.24071
8.15153
5.20795
5.2312
5.25244
5.27823
5.3096
5.3471
5.39038
5.43741
5.48427
5.52922
5.58092
5.62942
5.66228
5.67517
5.65714
5.58928
5.9221
6.34688
5.88235
6.07232
7.06301
7.07255
6.77056
5.13686
5.15167
5.17079
5.19545
5.22575
5.26167
5.30265
5.34743
5.39433
5.44221
5.4917
5.53944
5.58154
5.61426
5.63594
5.64851
5.63635
6.3852
6.68699
6.18749
6.41277
6.61324
6.81308
5.05613
5.06545
5.08237
5.10551
5.13452
5.16903
5.2085
5.25209
5.29885
5.34818
5.39981
5.45282
5.50612
5.55971
5.61526
5.67777
5.75832
5.87958
6.2571
6.30311
6.5046
6.68334
6.85674
4.96466
4.97143
4.9866
5.00837
5.0362
5.06966
5.10827
5.15149
5.19883
5.25009
5.30536
5.3649
5.42925
5.49997
5.58033
5.67609
5.79617
5.95092
6.14279
6.34184
6.52208
6.6899
6.85756
4.86312
4.86914
4.88325
4.90402
4.93098
4.96375
5.00199
5.04538
5.09376
5.14728
5.2064
5.27199
5.3453
5.4284
5.52451
5.63795
5.77351
5.93369
6.11342
6.29722
6.47411
6.64433
6.81594
4.75261
4.75869
4.77229
4.79244
4.81884
4.85121
4.88934
4.93312
4.98266
5.0383
5.10077
5.17113
5.25087
5.34195
5.44689
5.56839
5.70844
5.86649
6.03769
6.21376
6.38849
6.5619
6.73857
4.634
4.6404
4.65379
4.67359
4.69962
4.73171
4.7698
4.81396
4.86445
4.92178
4.98672
5.06038
5.14413
5.23963
5.34864
5.47271
5.61236
5.76628
5.93083
6.10118
6.2739
6.44887
6.62902
4.50789
4.51459
4.52788
4.5474
4.57309
4.6049
4.64288
4.68722
4.7383
4.79668
4.86312
4.93862
5.02434
5.12155
5.23145
5.35483
5.49162
5.64052
5.79895
5.96395
6.13357
6.30787
6.48895
4.37469
4.38155
4.39469
4.41389
4.43917
4.47059
4.50829
4.55253
4.60374
4.66246
4.7294
4.80541
4.89139
4.98829
5.09683
5.21741
5.34974
5.49277
5.64474
5.80377
5.96874
6.13986
6.31885
4.23453
4.24142
4.25433
4.27312
4.2979
4.3288
4.366
4.40982
4.46065
4.51899
4.58545
4.66072
4.7455
4.84042
4.94593
5.06214
5.18874
5.32493
5.46955
5.62142
5.7799
5.94526
6.1189
4.08727
4.09411
4.10675
4.12511
4.14933
4.17957
4.21604
4.25905
4.30895
4.36618
4.43122
4.50461
4.58688
4.67843
4.77951
4.89009
5.00984
5.13819
5.27433
5.41756
5.56746
5.72427
5.88907
3.93272
3.93947
3.95182
3.96971
3.99328
4.0227
4.05817
4.09996
4.14839
4.20379
4.26656
4.33709
4.41574
4.50277
4.59828
4.70213
4.81402
4.9335
5.05998
5.19291
5.33194
5.47715
5.62925
3.7709
3.77749
3.78949
3.80681
3.82958
3.85795
3.89211
3.93228
3.97872
4.03168
4.09146
4.15832
4.23249
4.31408
4.40307
4.49925
4.60232
4.71188
4.82738
4.94822
5.07391
5.20422
5.33958
3.60208
3.60841
3.61993
3.63652
3.65829
3.68538
3.71792
3.75609
3.80008
3.85008
3.90628
3.96883
4.03782
4.11322
4.19488
4.28255
4.37586
4.47437
4.57741
4.68417
4.79385
4.90587
5.02052
3.42664
3.43262
3.44353
3.45922
3.47979
3.50534
3.53598
3.57181
3.61297
3.65957
3.7117
3.7694
3.83261
3.90117
3.97482
4.05318
4.13581
4.22208
4.31105
4.40157
4.49238
4.58259
4.67267
3.24496
3.25052
3.2607
3.27535
3.29455
3.31835
3.34683
3.38005
3.41805
3.46088
3.50854
3.56094
3.61788
3.67906
3.74408
3.81245
3.88352
3.95636
4.02962
4.10156
4.17038
4.23498
4.29612
3.05743
3.06249
3.07185
3.08536
3.10304
3.12493
3.15105
3.18141
3.216
3.25479
3.29765
3.3444
3.39468
3.44806
3.504
3.56182
3.6206
3.67892
3.73479
3.78572
3.8292
3.86378
3.8899
2.8644
2.86892
2.8774
2.88967
2.90573
2.92559
2.94921
2.97655
3.00754
3.04207
3.07992
3.12078
3.16416
3.20949
3.25606
3.30299
3.34892
3.39179
3.42878
3.45643
3.47118
3.47027
3.45236
2.66621
2.67019
2.67775
2.68874
2.70312
2.72084
2.74186
2.76607
2.79336
2.82352
2.85626
2.89112
2.92752
2.96473
3.00189
3.03782
3.07062
3.09749
3.11468
3.11744
3.10034
3.05766
2.98351
2.46328
2.46672
2.47337
2.48304
2.4957
2.51125
2.52961
2.55065
2.57419
2.59997
2.62758
2.65649
2.686
2.71524
2.74321
2.76834
2.78818
2.79922
2.79671
2.77428
2.72366
2.63402
2.49011
2.25608
2.259
2.26475
2.27311
2.28402
2.29739
2.31309
2.33095
2.35078
2.37223
2.39483
2.41798
2.44085
2.46251
2.48173
2.49665
2.50435
2.50074
2.48016
2.43452
2.35219
2.21527
1.99385
2.04513
2.04756
2.05243
2.0595
2.06868
2.07987
2.09294
2.1077
2.12388
2.14114
2.15895
2.17662
2.19329
2.20792
2.21915
2.22489
2.22199
2.20607
2.17087
2.10708
2.00026
1.82568
1.53721
1.83099
1.83295
1.83695
1.84274
1.85022
1.85928
1.86978
1.88152
1.8942
1.90747
1.92076
1.93335
1.94436
1.95269
1.95692
1.95493
1.94363
1.91865
1.87374
1.7995
1.68106
1.49187
1.18009
1.61418
1.61568
1.61884
1.62337
1.62918
1.63616
1.64417
1.65299
1.66235
1.67185
1.68095
1.68892
1.69487
1.69774
1.69613
1.68812
1.67089
1.64045
1.59119
1.51501
1.3996
1.22388
0.949016
1.39527
1.3963
1.39862
1.40191
1.40608
1.41104
1.41664
1.42269
1.42889
1.43488
1.44012
1.44394
1.44547
1.4437
1.43747
1.42516
1.40438
1.37179
1.32289
1.25169
1.14997
1.00543
0.799617
1.17482
1.17535
1.17682
1.17889
1.18145
1.18444
1.18773
1.19113
1.19436
1.19707
1.19879
1.19887
1.19656
1.19099
1.18124
1.1661
1.14376
1.11164
1.06647
1.00426
0.920433
0.809473
0.666086
0.953333
0.953327
0.953937
0.954775
0.955768
0.956853
0.957908
0.958762
0.959176
0.958826
0.957289
0.954013
0.948359
0.939659
0.927276
0.910441
0.887955
0.858081
0.818569
0.767001
0.701227
0.619151
0.518643
0.731207
0.730655
0.730397
0.730009
0.729452
0.728678
0.727569
0.725979
0.723695
0.720447
0.715873
0.709515
0.700889
0.689554
0.675152
0.657317
0.635508
0.608744
0.575683
0.535205
0.486744
0.42984
0.362494
0.508798
0.507741
0.506623
0.505023
0.502935
0.500335
0.49712
0.493154
0.488263
0.482226
0.474756
0.465501
0.45413
0.440435
0.424309
0.405764
0.384831
0.361258
0.334568
0.3048
0.272686
0.239222
0.204783
0.286318
0.284832
0.282864
0.280046
0.276441
0.272034
0.26674
0.260442
0.25299
0.24422
0.233923
0.221836
0.207803
0.191796
0.173929
0.154546
0.134155
0.113125
0.0917825
0.0711946
0.0533705
0.0415135
0.0405604
0.0649687
0.0631427
0.060312
0.056265
0.0511609
0.0449802
0.0376401
0.0290392
0.0190656
0.0075954
-0.00551966
-0.0204144
-0.037141
-0.0555792
-0.0754134
-0.096065
-0.116695
-0.136477
-0.154379
-0.168537
-0.175819
-0.17101
-0.145734
-0.15821
-0.160319
-0.1641
-0.169422
-0.176049
-0.184041
-0.19348
-0.204452
-0.217048
-0.23135
-0.247435
-0.265359
-0.285074
-0.306355
-0.328761
-0.351573
-0.373792
-0.394283
-0.411494
-0.422961
-0.424965
-0.411454
-0.373482
-0.371711
-0.3742
-0.379096
-0.385616
-0.393648
-0.403301
-0.414668
-0.427833
-0.44287
-0.459829
-0.478727
-0.49955
-0.522178
-0.546342
-0.571563
-0.59709
-0.621908
-0.644678
-0.663528
-0.675786
-0.677685
-0.66377
-0.625754
-0.595283
-0.599242
-0.605395
-0.613151
-0.622715
-0.634232
-0.647806
-0.663515
-0.681424
-0.701566
-0.723928
-0.748435
-0.774921
-0.803109
-0.832563
-0.862599
-0.892214
-0.91999
-0.943964
-0.961573
-0.969599
-0.964105
-0.940161
731.624
302.079
280.423
279.618
1014.71
977.571
781.192
786.298
1073.94
1057.82
1043.21
1029.82
1109.59
1109.33
1108.07
1106.41
1144.84
1152.35
1159.48
1165.05
61.4934
218.992
519.777
854.621
7.13684
6.95548
6.99048
7.04244
7.60099
6.97152
7.04575
7.12602
6.90304
7.01753
7.10635
7.19357
6.93633
7.03796
7.13018
7.22031
6.96651
7.05442
7.14449
7.2371
6.96418
7.05001
7.13879
7.2308
6.92411
7.01126
7.10117
7.1943
6.84952
6.93883
7.03073
7.12566
6.74235
6.83353
6.92718
7.02353
6.60325
6.69518
6.78946
6.88605
6.4321
6.52312
6.61624
6.71115
6.22881
6.31681
6.40639
6.49725
5.99307
6.07566
6.15922
6.24386
5.72448
5.79939
5.875
5.95189
5.42318
5.48863
5.55505
5.62301
5.0901
5.14471
5.20072
5.25823
4.72604
4.76819
4.8118
4.85659
4.33039
4.35734
4.38527
4.41419
3.90012
3.90729
3.91454
3.92265
3.43029
3.41026
3.38835
3.36619
2.91665
2.85709
2.7906
2.71922
2.36145
2.24233
2.10269
1.94246
1.7897
1.58903
1.33673
1.01433
1.26217
0.976925
0.600233
0.0917992
0.880654
0.559062
0.110028
-0.566563
0.701837
0.448775
0.111235
-0.366271
0.636067
0.48589
0.307346
0.129288
0.564712
0.481768
0.396722
0.352982
0.447365
0.386225
0.314641
0.229618
0.312586
0.265716
0.201176
0.10131
0.181711
0.160714
0.132995
0.072301
0.0483189
0.0586815
0.0749446
0.0784686
-0.11337
-0.0762008
-0.0249567
0.0462474
-0.332007
-0.288193
-0.233382
-0.163878
-0.584525
-0.540221
-0.481578
-0.404732
-0.913373
-0.885326
-0.849286
-0.804988
280.281
280.197
279.856
279.698
279.506
279.355
279.26
279.175
279.093
279.017
278.946
278.88
278.819
278.763
278.714
278.674
278.644
278.625
278.615
568.421
345.078
279.82
279.685
279.433
279.236
279.214
279.141
279.057
278.981
278.91
278.842
278.778
278.715
278.658
278.611
278.576
278.554
278.543
1001.86
1019.83
394.209
279.546
279.348
279.047
279.179
279.1
279.011
278.941
278.864
278.798
278.731
278.657
278.587
278.53
278.489
278.463
278.45
1109.44
1116.56
1122.07
1140.68
1106.37
789.557
279.419
278.983
279.016
278.936
278.801
278.752
278.687
278.59
278.498
278.428
278.378
278.348
278.331
1178.15
1191.76
1205.88
1213
1221.74
1240.18
1270.67
1148.98
506.696
278.599
278.545
278.726
278.668
278.509
278.385
278.297
278.235
278.201
278.18
1197.9
1254.55
1268.32
1280.61
1292.96
1308.26
1324.49
1345.01
1360.86
1365.73
475.483
278.931
278.709
278.412
278.234
278.126
278.05
278.012
277.988
7.4811
19.5527
116.533
320.101
711.8
1119.94
1379.04
1406.37
1434.81
1466.26
1513.03
1280.2
278.307
277.954
278.049
277.913
277.801
277.765
277.74
7.2998
7.5504
7.82064
8.0844
8.32366
8.75071
9.50569
136.628
817.391
1505.58
1556.42
1598.52
1648.91
559.574
277.969
277.582
277.436
277.43
277.423
7.37509
7.61157
7.86663
8.12964
8.38403
8.66182
8.95914
9.28012
9.63819
10.6978
404.541
1625.7
1689.15
1744.93
1188.41
277.05
276.767
276.955
277.017
7.41361
7.65296
7.90788
8.17441
8.44948
8.72984
9.0257
9.36095
9.73357
10.1
10.482
11.5605
623.693
1776.52
1843.71
1489.21
275.576
276.151
276.561
7.43136
7.67391
7.93372
8.20959
8.50126
8.80838
9.13016
9.47165
9.84349
10.2386
10.6383
11.0378
11.4714
142.786
1878.21
1973.53
1040.56
275.895
276.206
7.42576
7.67284
7.94026
8.22784
8.53602
8.86517
9.21624
9.58789
9.97693
10.3813
10.8026
11.2358
11.6726
12.0577
90.0399
2013.46
2131.46
289.671
276.497
7.39251
7.64563
7.92195
8.22174
8.5461
8.89629
9.27311
9.67367
10.0923
10.5245
10.9694
11.4291
11.9009
12.3595
12.8226
1001.92
2188.32
852.077
278.743
7.32812
7.58762
7.87268
8.18449
8.52567
8.89848
9.3023
9.73117
10.1786
10.6422
11.1215
11.6152
12.1194
12.628
13.1126
13.3259
2220.95
1670.12
285.667
7.22931
7.4939
7.78642
8.10996
8.46938
8.86709
9.29907
9.75616
10.2326
10.7282
11.2434
11.7763
12.3196
12.862
13.3671
13.8034
1770.43
2155.41
315.492
7.09265
7.35919
7.65715
7.99168
8.37025
8.79426
9.25452
9.73849
10.2431
10.7707
11.3219
11.8973
12.492
13.0931
13.6808
14.2698
872.452
2289.53
372.199
6.91501
7.17998
7.47866
7.82138
8.21793
8.66871
9.15687
9.66416
10.1937
10.7506
11.3384
11.9626
12.6195
13.3034
14.0067
14.7275
15.3072
2512.94
410.092
6.69398
6.95144
7.24551
7.58984
7.99919
8.47669
8.99274
9.51387
10.063
10.6474
11.2714
11.9462
12.6749
13.4603
14.2976
15.1483
15.8938
2480.85
1567.2
6.42918
6.67293
6.95347
7.28796
7.70137
8.21085
8.74431
9.24856
9.8173
10.4266
11.0782
11.8095
12.6244
13.5271
14.5234
15.6327
17.1216
1933.36
2298.91
6.12175
6.34511
6.60183
6.90982
7.29908
7.80412
8.64978
8.74147
9.3486
9.96487
10.6383
11.4646
12.407
13.4483
14.6055
15.9624
17.7332
1111.9
3550.52
5.77345
5.97055
6.19507
6.45785
6.75909
9.9458
9.69576
7.6802
8.77968
9.0659
9.69922
10.7502
11.917
13.1351
14.4176
15.8892
16.9699
1568.8
2317.32
5.38553
5.55306
5.74344
5.95697
6.27552
9.36441
6.96099
7.14383
22.7302
8.33872
8.3019
9.62098
11.0936
12.5341
13.898
15.1998
15.7669
2249.47
2503.76
4.95721
5.09446
5.2566
5.44143
5.63025
8.28486
6.77926
16.7594
19.88
20.1033
6.7218
8.35067
10.097
11.7351
13.2056
14.5798
15.3175
2375.38
2607.01
4.48367
4.59042
4.73423
4.91486
5.22372
5.14881
21.5094
18.8684
0.848062
5.8448
12.1724
7.36092
9.15459
10.8681
12.3943
13.1115
964.656
1514.34
944.592
3.95217
4.02498
4.16491
4.38867
4.63358
4.79945
18.0089
0.788432
0.0557637
0.159012
9.53445
7.81865
8.31775
9.97507
11.3403
820.985
1486.26
-55.1387
50.5514
3.33629
3.35856
3.50612
3.83016
4.25755
5.03647
27.3708
2.19493
-1.20119
-1.21326
7.31505
4.87603
7.46739
9.36925
34.2309
1535.9
1025.65
3.85916
2.11091
2.58434
2.48484
2.6366
3.08692
3.57933
23.2541
22.0926
1.15875
-0.911778
-0.739252
1.56853
5.10681
7.11143
9.64338
1535.74
882.244
5.19481
-19.9346
-12.3682
1.58552
1.13555
1.33399
2.04889
2.68217
3.05284
15.5623
4.25803
3.24076
3.1283
3.18102
5.94411
11.7069
1364.18
696.385
-6.60516
-3.68252
-34.6541
-32.4209
0.10262
-1.06114
-0.245821
1.35407
2.34164
2.92729
10.4197
5.97657
4.88051
2.06894
2.64919
210.617
1232.69
471.745
-15.3056
-14.0329
-12.6155
-30.8084
-31.8054
-1.24716
-2.1083
-1.06294
85.2659
3.45068
6.55258
18.6002
4.4126
3.81449
2.78962
689.992
1194.78
184.485
-19.2395
-20.4866
-20.2766
-20.1997
-13.1545
-9.56392
-2.11143
78.6589
191.674
102.512
1.75661
4.25514
15.8884
3.87284
4.14377
803.967
1049.86
4.84001
-18.6419
-21.3127
-24.1096
-25.9321
-25.6537
-6.43346
6.10831
-0.378603
179.446
13.4159
0.998583
0.979006
7.1455
2.40967
3.51745
5.38165
906.435
-8.79635
-13.9209
-17.3688
-21.2102
-25.7685
-29.8497
-29.654
-5.608
0.410868
5.76701
-0.211068
0.314675
0.219103
-0.181847
0.516598
2.39065
3.58365
735.675
8.35327
-10.1841
-12.5118
-15.471
-19.4505
-24.9483
-29.964
-27.9893
-13.8985
-8.91638
1.56614
0.0093407
-0.86582
-0.810423
-1.31742
-0.998576
577.189
860.566
494.004
-6.81426
-8.60773
-10.611
-13.0224
-16.2436
-20.486
-23.242
-19.9465
-17.79
-14.5909
1.83856
259.114
-0.626291
-1.81772
-2.05135
-1.97153
870.563
878.134
-2.08507
-5.56375
-7.08226
-8.69555
-10.4029
-12.2942
-14.0215
-13.8896
-12.1879
-14.4463
-13.786
-0.0328736
280.949
204.392
-1.30137
-2.02348
-1.98322
155.287
49.9658
-3.67606
-4.67395
-5.83022
-6.96489
-7.98463
-8.74699
-8.80949
-7.63649
-6.99186
-9.22281
-9.75316
0.171207
-0.176736
2.52042
-0.252994
-1.15709
-2.35334
-3.98241
-3.28028
-3.37901
-3.98742
-4.73912
-5.44404
-5.95892
-6.10249
-5.60812
-4.52077
-4.25498
-5.53934
-6.05266
0.3716
0.173231
0.158639
-0.192984
-0.722201
-1.59398
-2.40126
-2.58949
-2.83112
-3.24539
-3.71576
-4.11912
-4.33626
-4.23668
-3.7107
-2.94022
-2.77081
-3.40976
-3.72523
0.313695
0.432364
5.93255
-0.65189
-0.71605
-1.1555
-1.61132
-1.90464
-2.16543
-2.46015
-2.7498
-2.96708
-3.03413
-2.87779
-2.46622
-1.9519
-1.80548
-2.12028
-2.31226
0.0940479
0.256947
1854.38
-0.944176
-0.802923
-0.912378
-1.10911
-1.30217
-1.49148
-1.68083
-1.84861
-1.95516
-1.95736
-1.82045
-1.54069
-1.21023
-1.08192
-1.24321
-1.36698
-0.26374
-0.784243
2168.01
-1.66673
-0.929742
-0.645399
-0.646722
-0.726575
-0.824659
-0.92267
-1.00394
-1.04695
-1.03172
-0.944872
-0.789232
-0.606301
-0.515762
-0.593603
-0.668789
-0.66262
-0.732601
1156.72
897.845
-1.05064
-0.172278
-0.133731
-0.145975
-0.166745
-0.187566
-0.204168
-0.212322
-0.208323
-0.190333
-0.159923
-0.126533
-0.11833
-0.13768
-0.115764
)
;

boundaryField
{
    leftWall
    {
        type            fixedFluxPressure;
        gradient        uniform 0;
        value           nonuniform List<scalar> 
100
(
1070.35
1069.28
1066.72
1062.81
1057.65
1051.42
1044.41
1036.92
1027.15
1010.59
995.689
996.859
1031.64
5.46973
5.40276
5.31688
5.24068
5.17064
5.09516
5.00978
4.91368
4.80771
4.693
4.57044
4.44062
4.30384
4.16009
4.00918
3.85098
3.68569
3.51362
3.33517
3.15069
2.96053
2.76502
2.56453
2.3595
2.15047
1.93795
1.72244
1.50454
1.28489
1.06408
0.842599
0.620766
0.398844
0.177469
-0.0435148
-0.263227
-0.471548
1070.01
1068.18
1064.93
1060.38
1054.66
1048
1040.71
1033.11
1018.83
1002.6
992.33
1013.62
415.88
5.44184
5.35957
5.27694
5.20594
5.13396
5.05382
4.96304
4.86185
4.75138
4.63265
4.50641
4.37309
4.23285
4.08555
3.93099
3.76921
3.60048
3.42517
3.24366
3.0563
2.86342
2.66537
2.46255
2.25545
2.04461
1.83053
1.61375
1.39489
1.1746
0.953406
0.731701
0.509815
0.28796
0.0672803
-0.154745
-0.366887
-0.587256
)
;
    }
    rightWall
    {
        type            fixedFluxPressure;
        gradient        uniform 0;
        value           nonuniform List<scalar> 
100
(
278.749
278.745
278.739
278.729
278.717
278.703
278.685
278.663
278.615
278.543
278.45
278.331
278.18
277.988
277.74
277.423
277.017
276.561
276.206
276.497
278.743
285.667
315.492
372.199
410.092
1567.2
2298.91
3550.52
2317.32
2503.76
2607.01
944.592
50.5514
2.11091
-12.3682
-32.4209
-31.8054
-9.56392
6.10831
0.410868
-8.91638
-14.5909
-13.786
-9.75316
-6.05266
-3.72523
-2.31226
-1.36698
-0.668789
-0.115764
278.75
278.748
278.742
278.734
278.724
278.71
278.694
278.674
278.645
278.582
278.499
278.394
278.26
278.09
277.872
277.591
277.232
276.789
276.347
276.233
277.121
281.403
294.333
348.659
380.941
825.168
2075.91
2466.07
3445.25
2221.52
2761.65
1852.53
358.473
13.3457
-4.31644
-22.7465
-35.8703
-21.6799
1.58914
4.563
-4.32388
-12.5598
-14.7918
-11.9239
-7.73175
-4.73763
-2.93833
-1.79969
-0.994352
-0.377194
)
;
    }
    lowerWall
    {
        type            fixedFluxPressure;
        gradient        uniform 0;
        value           nonuniform List<scalar> 
124
(
1071.25
1076.19
1074.4
1066.24
1057.7
1050.72
1045.17
1040.72
1037.38
1035.57
1035.97
1039.45
1046.98
1059.65
1078.4
1104.19
1137.76
1174.69
1190.78
1181.48
1170.11
1112.56
1208.52
1196.7
1149.65
1136.72
1187.41
1245.35
1258.47
1224.12
1148.37
415.374
317.813
281.168
280.327
279.912
279.915
279.919
279.923
279.922
279.904
279.855
279.748
279.898
279.84
279.759
279.663
279.558
279.45
279.348
279.252
279.165
279.087
279.018
278.957
278.904
278.858
278.821
278.792
278.77
278.757
278.75
1070.35
1073.91
1076.46
1070.66
1061.81
1054.01
1047.79
1042.81
1038.89
1036.25
1035.44
1037.26
1042.65
1052.59
1068.22
1090.35
1120.03
1156.65
1187.79
1183.41
1179.69
1140.22
1159.75
792.598
344.398
282.374
281.4
279.912
279.873
279.802
279.713
279.611
279.504
279.398
279.299
279.208
279.125
279.051
278.986
278.929
278.88
278.839
278.805
278.78
278.762
278.753
1208.52
1174.46
1134.6
1156.31
1220.1
1258.5
1246.6
1191.94
279.913
279.917
279.921
279.923
279.917
279.884
279.814
279.676
)
;
    }
    atmosphere
    {
        type            totalPressure;
        rho             rho;
        psi             none;
        gamma           1;
        p0              uniform 0;
        value           nonuniform List<scalar> 
92
(
-0.669391
-0.672409
-0.678825
-0.68702
-0.697169
-0.709419
-0.723871
-0.740604
-0.759679
-0.781131
-0.804944
-0.831038
-0.859228
-0.889245
-0.920672
-0.952835
-0.984747
-1.01499
-1.04162
-1.06215
-1.07357
-1.07255
-1.05556
-1.03561
-1.01503
-0.988754
-0.95672
-0.850696
-1.01966
0
0
0
0
0
0
0
0
0
0
0
0
0
0
0
0
0
-0.65579
-0.669266
-0.675404
-0.682694
-0.691844
-0.703029
-0.716369
-0.731952
-0.749849
-0.770111
-0.792749
-0.817719
-0.84489
-0.874035
-0.904825
-0.936724
-0.968905
-1.00019
-1.0289
-1.05282
-1.0692
-1.07483
-1.0663
-1.0441
-1.02595
-1.00271
-0.973018
-0.911099
-0.956262
-0.0632194
0
0
0
0
0
0
0
0
0
0
0
0
0
0
0
0
)
;
    }
    defaultFaces
    {
        type            empty;
    }
}


// ************************************************************************* //
