/*--------------------------------*- C++ -*----------------------------------*\
| =========                 |                                                 |
| \\      /  F ield         | OpenFOAM: The Open Source CFD Toolbox           |
|  \\    /   O peration     | Version:  v1912                                 |
|   \\  /    A nd           | Website:  www.openfoam.com                      |
|    \\/     M anipulation  |                                                 |
\*---------------------------------------------------------------------------*/
FoamFile
{
    version     2.0;
    format      ascii;
    class       volScalarField;
    location    "0.45";
    object      p;
}
// * * * * * * * * * * * * * * * * * * * * * * * * * * * * * * * * * * * * * //

dimensions      [1 -1 -2 0 0 0 0];


internalField   nonuniform List<scalar> 
9072
(
701.434
733.218
740.661
741.664
737.263
733.929
733.913
736.92
742.456
750.341
760.618
773.459
789.119
807.919
830.096
855.842
885.079
914.008
930.737
928.629
936.615
921.371
943.943
640.24
672.924
680.329
681.299
677.161
674.196
674.451
677.591
683.159
691.026
701.268
714.078
729.705
748.375
770.221
795.215
822.734
850.248
870.251
870.156
886.948
831.967
840.861
577.269
610.824
618.093
619.061
615.572
613.428
614.246
617.643
623.263
631.084
641.254
654.002
669.584
688.183
709.817
734.214
760.315
785.291
804.378
815.118
839.252
751.644
740.206
512.737
547
554.121
555.334
552.903
551.876
553.397
557.085
562.744
570.488
580.551
593.21
608.739
627.283
648.754
672.683
697.861
721.809
741.042
754.829
769.344
711.474
704.528
446.971
481.586
488.665
490.641
489.619
489.781
491.971
495.898
501.555
509.194
519.123
531.671
547.147
565.671
587.053
610.695
635.342
658.815
678.468
692.992
702.049
678.332
693.416
380.593
414.75
421.976
425.518
426.076
427.265
429.959
434.026
439.635
447.153
456.927
469.343
484.775
503.333
524.731
548.29
572.772
596.222
616.416
631.948
641.766
641.827
679.002
314.858
346.204
354.099
360.531
362.412
364.292
367.285
371.386
376.919
384.318
393.924
406.181
421.581
440.241
461.778
485.462
510.117
533.932
554.881
571.573
583.468
593.631
633.433
252.349
275.469
284.384
296.142
298.593
300.723
303.843
307.906
313.36
320.669
330.069
342.096
357.471
376.336
398.161
422.174
447.327
471.872
493.826
511.803
525.35
537.017
561.521
245.578
245.613
245.581
245.519
245.469
245.434
245.408
245.388
245.378
245.382
245.411
245.478
245.61
245.849
246.272
247.047
248.606
253.808
261.908
245.516
245.557
245.524
245.458
245.408
245.373
245.347
245.327
245.316
245.319
245.345
245.408
245.532
245.753
246.136
246.807
247.98
252.998
261.995
245.451
245.505
245.47
245.394
245.343
245.31
245.284
245.263
245.25
245.249
245.268
245.319
245.419
245.592
245.861
246.271
246.585
250.801
261.839
245.377
245.453
245.417
245.323
245.275
245.244
245.219
245.196
245.18
245.173
245.182
245.215
245.282
245.384
245.489
245.502
244.277
246.089
260.248
245.285
245.394
245.354
245.241
245.202
245.177
245.151
245.127
245.105
245.091
245.088
245.1
245.126
245.145
245.065
244.596
241.461
234.508
251.743
245.179
245.316
245.215
245.129
245.126
245.107
245.082
245.055
245.028
245.006
244.989
244.977
244.961
244.897
244.64
243.737
239.61
233.336
236.098
245.044
245.21
244.985
244.968
245.047
245.037
245.011
244.981
244.949
244.917
244.886
244.852
244.795
244.657
244.264
243.087
238.714
234.819
236.931
244.87
245.082
244.664
244.828
244.969
244.967
244.94
244.905
244.868
244.827
244.782
244.726
244.635
244.44
243.964
242.689
238.672
234.965
236.444
153.805
185.069
193.806
212.214
215.937
218.18
221.308
225.211
230.556
237.812
246.929
258.568
273.921
293.201
315.545
340.276
366.603
392.588
416.169
435.923
450.767
459.082
445.381
74.5159
74.2087
49.4414
71.26
72.9759
76.7119
80.0971
83.4178
89.0118
97.362
105.597
116.171
131.762
151.703
173.647
201.419
231.279
261.317
289.013
312.66
330.546
338.913
329.224
8.45544
5.68011
2.1206
2.20316
2.23664
2.3078
2.4364
2.23659
3.10316
4.11204
4.81612
6.59042
10.6496
18.8306
33.8239
59.2146
97.0963
130.745
163.718
193.386
218.549
237.24
248.123
1.93229
1.98163
2.03389
2.04663
2.0785
2.11061
2.11745
2.0432
1.98
1.909
2.0354
2.11252
2.17943
2.247
2.2507
2.31104
3.96669
13.9277
46.6262
81.4317
111.811
141.295
168.265
1.79859
1.87168
1.88421
1.89671
1.91345
1.92711
1.92526
1.9001
1.86444
1.81023
1.87338
1.95241
2.00945
2.05398
2.08238
2.13329
2.14081
2.20008
2.26275
4.30371
17.713
48.0954
86.8549
1.64442
1.72303
1.72978
1.73906
1.74991
1.75838
1.76004
1.75426
1.74681
1.74263
1.76226
1.81477
1.85871
1.89928
1.9356
1.97402
2.01086
2.0551
2.08478
2.11833
2.16291
2.36971
15.527
1.48051
1.56517
1.57125
1.57915
1.588
1.59597
1.6016
1.60539
1.6105
1.62133
1.64034
1.67336
1.70898
1.7461
1.7829
1.82081
1.86051
1.90283
1.9446
1.9835
2.00004
1.97419
1.89378
1.31115
1.40158
1.40952
1.4176
1.42638
1.4353
1.44401
1.45309
1.4642
1.47937
1.49988
1.52721
1.55856
1.59219
1.62712
1.66312
1.69989
1.73608
1.76683
1.77503
1.72952
1.63545
1.57
1.14574
1.23603
1.2461
1.25478
1.26417
1.27427
1.28521
1.29744
1.31184
1.32939
1.35081
1.37653
1.4057
1.43715
1.46991
1.50293
1.5345
1.56067
1.57012
1.52342
1.34886
1.1685
1.06922
0.986746
1.07284
1.08215
1.09097
1.10084
1.11194
1.12445
1.1387
1.15517
1.17436
1.19665
1.22216
1.2505
1.28085
1.31216
1.34295
1.37074
1.39026
1.38843
1.32219
1.17069
1.04976
0.954485
0.82492
0.909858
0.917428
0.925827
0.93595
0.947785
0.961426
0.977078
0.995021
1.01553
1.03879
1.0648
1.09326
1.12351
1.1546
1.18506
1.21258
1.23292
1.2372
1.20253
1.12168
1.08881
1.08943
0.659169
0.74491
0.750817
0.758805
0.769051
0.781418
0.795913
0.81265
0.831804
0.853537
0.877916
0.904876
0.934146
0.965225
0.997358
1.02945
1.05992
1.08644
1.1054
1.11122
1.09927
1.12583
1.18064
0.489547
0.576728
0.581716
0.589446
0.599786
0.61258
0.627793
0.645482
0.665749
0.688681
0.714294
0.742503
0.77309
0.805713
0.839906
0.875031
0.910302
0.944861
0.977988
1.00979
1.04359
1.08972
1.15391
0.316078
0.405082
0.409728
0.417385
0.427872
0.441075
0.456953
0.475528
0.496849
0.520961
0.547869
0.577516
0.609774
0.644458
0.681369
0.72027
0.760947
0.803347
0.847805
0.895427
0.948445
1.00888
1.07702
0.138734
0.229763
0.234422
0.242195
0.252936
0.26658
0.283099
0.302506
0.324825
0.350095
0.378342
0.409566
0.443738
0.480815
0.520786
0.563685
0.609629
0.658913
0.71208
0.769951
0.833409
0.902701
0.977521
-0.0424534
0.0506307
0.0554986
0.063525
0.0746069
0.0887219
0.105865
0.126055
0.149328
0.175743
0.205361
0.238245
0.274456
0.314061
0.357175
0.40398
0.454747
0.50987
0.569827
0.635078
0.705866
0.781955
0.862842
-0.227356
-0.132248
-0.127091
-0.118757
-0.107305
-0.0927193
-0.0749819
-0.0540517
-0.0298665
-0.0023375
0.0286377
0.0631744
0.101406
0.143482
0.18961
0.240046
0.295112
0.355197
0.420671
0.491779
0.568504
0.650458
0.737034
-0.415835
-0.31874
-0.313282
-0.304649
-0.292843
-0.27782
-0.259535
-0.237924
-0.212895
-0.184326
-0.15208
-0.115998
-0.0758927
-0.0315463
0.0173114
0.0709842
0.129812
0.194153
0.264299
0.34039
0.422319
0.509663
0.601767
-0.607809
-0.508768
-0.503041
-0.494151
-0.482037
-0.466634
-0.447873
-0.425667
-0.399897
-0.370417
-0.337056
-0.299619
-0.257873
-0.211553
-0.160341
-0.103896
-0.0418589
0.0261221
0.100309
0.180805
0.267494
0.359967
0.457565
-0.803267
-0.702317
-0.696384
-0.687301
-0.674946
-0.659242
-0.640103
-0.617418
-0.591049
-0.56083
-0.526564
-0.488021
-0.444932
-0.396998
-0.343866
-0.285155
-0.220477
-0.14945
-0.0717974
0.0126042
0.103684
0.201101
0.304224
-1.00223
-0.899414
-0.893363
-0.884162
-0.871646
-0.855736
-0.836335
-0.813315
-0.786524
-0.755776
-0.720856
-0.681505
-0.637428
-0.588296
-0.533724
-0.473292
-0.406565
-0.333116
-0.252615
-0.164861
-0.0698019
0.0323526
0.14103
-1.20472
-1.10009
-1.09401
-1.08477
-1.07218
-1.05618
-1.03665
-1.01346
-0.986446
-0.955412
-0.920126
-0.880311
-0.835646
-0.785782
-0.7303
-0.668742
-0.60062
-0.525449
-0.442814
-0.352366
-0.253839
-0.147252
-0.0330839
-1.4108
-1.30442
-1.2984
-1.28919
-1.27662
-1.26064
-1.24113
-1.21796
-1.19095
-1.1599
-1.12456
-1.08466
-1.03984
-0.989755
-0.933947
-0.871923
-0.803147
-0.727067
-0.643145
-0.550812
-0.449529
-0.339048
-0.219639
-1.62052
-1.51241
-1.50652
-1.49739
-1.48495
-1.46912
-1.4498
-1.42684
-1.40008
-1.36929
-1.33424
-1.29464
-1.25015
-1.20038
-1.14488
-1.08312
-1.01453
-0.938489
-0.854295
-0.761139
-0.658163
-0.544723
-0.420612
-1.8339
-1.72409
-1.71834
-1.70936
-1.69714
-1.6816
-1.66264
-1.6401
-1.61382
-1.5836
-1.54919
-1.51031
-1.46663
-1.41776
-1.36323
-1.30253
-1.23506
-1.16012
-1.07689
-0.984322
-0.8812
-0.766294
-0.638536
-2.05087
-1.9394
-1.93378
-1.92502
-1.91313
-1.89802
-1.87958
-1.85768
-1.83214
-1.80279
-1.76937
-1.73163
-1.68925
-1.64186
-1.58901
-1.53019
-1.46482
-1.3922
-1.31139
-1.22117
-1.12002
-1.00599
-0.876696
-2.2713
-2.15822
-2.15276
-2.14429
-2.13283
-2.11829
-2.10054
-2.07948
-2.05494
-2.02674
-1.99467
-1.95848
-1.91789
-1.87256
-1.82207
-1.76597
-1.70372
-1.63465
-1.55785
-1.47207
-1.3756
-1.26591
-1.13911
-2.49502
-2.38039
-2.37511
-2.36701
-2.3561
-2.34225
-2.32537
-2.30535
-2.28204
-2.25528
-2.22489
-2.19064
-2.1523
-2.10957
-2.06211
-2.00952
-1.95136
-1.88707
-1.81588
-1.7367
-1.64797
-1.54712
-1.42951
-2.72178
-2.6057
-2.60067
-2.59303
-2.58276
-2.56974
-2.55389
-2.53509
-2.51323
-2.48818
-2.45976
-2.42782
-2.39215
-2.35252
-2.30868
-2.26031
-2.2071
-2.14866
-2.08449
-2.01384
-1.93567
-1.84819
-1.74811
-2.95124
-2.83393
-2.82922
-2.82214
-2.81261
-2.80055
-2.78586
-2.76846
-2.74826
-2.72514
-2.69898
-2.66965
-2.63701
-2.60091
-2.56118
-2.51763
-2.47006
-2.41832
-2.36222
-2.30149
-2.23575
-2.16455
-2.08722
-3.18304
-3.06479
-3.06051
-3.05408
-3.04541
-3.03441
-3.02103
-3.00519
-2.98682
-2.96584
-2.94216
-2.91571
-2.88641
-2.85418
-2.81897
-2.78067
-2.73927
-2.69481
-2.64744
-2.59734
-2.54479
-2.49047
-2.43559
-3.41693
-3.29802
-3.2943
-3.28863
-3.2809
-3.27108
-3.25911
-3.24496
-3.22858
-3.2099
-3.18891
-3.16556
-3.13983
-3.11174
-3.08131
-3.0486
-3.01369
-2.97685
-2.93853
-2.89932
-2.86004
-2.82211
-2.78783
-3.65277
-3.53343
-3.53035
-3.52551
-3.51882
-3.51026
-3.49981
-3.48745
-3.47317
-3.45695
-3.43878
-3.41869
-3.39671
-3.37292
-3.34745
-3.32049
-3.29227
-3.2632
-3.234
-3.20566
-3.17949
-3.15759
-3.14334
-3.89051
-3.77082
-3.76844
-3.76449
-3.75889
-3.75165
-3.74279
-3.7323
-3.72021
-3.70653
-3.6913
-3.67457
-3.65643
-3.63703
-3.6166
-3.59544
-3.57392
-3.55261
-3.53241
-3.51468
-3.50127
-3.49506
-3.50103
-4.13012
-4.01007
-4.00838
-4.00532
-4.00083
-3.99494
-3.98771
-3.97916
-3.96932
-3.95825
-3.946
-3.93268
-3.91843
-3.90344
-3.88803
-3.87258
-3.85763
-3.84386
-3.83232
-3.82465
-3.82323
-3.83179
-3.85674
-4.37144
-4.25098
-4.24993
-4.24773
-4.24434
-4.23983
-4.23426
-4.22767
-4.22012
-4.21168
-4.20244
-4.19254
-4.18216
-4.17153
-4.16103
-4.15113
-4.14245
-4.13581
-4.13235
-4.13386
-4.14307
-4.16423
-4.20437
-4.61419
-4.49333
-4.49284
-4.49146
-4.48917
-4.48604
-4.48213
-4.47752
-4.47226
-4.46645
-4.46021
-4.4537
-4.44713
-4.44077
-4.43503
-4.43041
-4.4276
-4.42749
-4.43127
-4.44077
-4.45876
-4.48947
-4.53929
-4.85789
-4.73677
-4.73679
-4.7362
-4.73498
-4.73322
-4.73098
-4.72833
-4.72535
-4.72215
-4.71888
-4.7157
-4.71284
-4.71061
-4.70941
-4.70977
-4.71236
-4.71807
-4.7281
-4.74416
-4.76883
-4.80573
-4.86007
-5.10211
-4.98087
-4.98141
-4.9816
-4.98144
-4.98103
-4.98043
-4.97973
-4.979
-4.97839
-4.97803
-4.9781
-4.97885
-4.98059
-4.98372
-4.98875
-4.9963
-5.00718
-5.02247
-5.04372
-5.07301
-5.11308
-5.16762
-5.34648
-5.22541
-5.22652
-5.22747
-5.22836
-5.22928
-5.2303
-5.2315
-5.23299
-5.2349
-5.23738
-5.24061
-5.24484
-5.25038
-5.25761
-5.26698
-5.27905
-5.2945
-5.31421
-5.33942
-5.37154
-5.41228
-5.46362
-5.58919
-5.47005
-5.47177
-5.47349
-5.47543
-5.47767
-5.48029
-5.48337
-5.48704
-5.49143
-5.4967
-5.50303
-5.51067
-5.51989
-5.53106
-5.54459
-5.56093
-5.58062
-5.60433
-5.63283
-5.6669
-5.70713
-5.75393
-5.83472
-5.71258
-5.71493
-5.7174
-5.72032
-5.7238
-5.72791
-5.73277
-5.73849
-5.74521
-5.75309
-5.76232
-5.77312
-5.78576
-5.80055
-5.81786
-5.83808
-5.86161
-5.88887
-5.9202
-5.95573
-5.99514
-6.0374
226.567
242.587
227.812
220.662
292.228
252.284
232.372
212.622
250.671
252.342
256.705
262.344
191.039
205.007
220.385
236.884
121.849
142.514
165.111
189.648
45.5444
69.761
93.7922
120.581
2.17947
4.27326
14.7666
34.5378
1.72998
1.81101
1.8642
2.00313
1.23098
1.45144
1.60855
1.68639
1.11013
1.31661
1.52555
1.66366
1.24592
1.39851
1.55017
1.65178
1.2802
1.35637
1.43818
1.49397
1.22374
1.26601
1.31388
1.36543
1.1436
1.18321
1.2254
1.26977
1.04745
1.08769
1.12934
1.17203
0.93687
0.978598
1.02132
1.06486
0.815552
0.859458
0.904163
0.949565
0.685045
0.731467
0.778623
0.82643
0.545827
0.594988
0.644902
0.695466
0.397694
0.449788
0.502682
0.556228
0.239924
0.295117
0.351165
0.407858
0.0713781
0.129789
0.189139
0.249128
-0.109514
-0.0477266
0.0151435
0.0785991
-0.304749
-0.239335
-0.172582
-0.105335
-0.517021
-0.44762
-0.376338
-0.304477
-0.750192
-0.676249
-0.599018
-0.520446
-1.01029
-0.931868
-0.847179
-0.757125
-1.30644
-1.22798
-1.13859
-1.03511
-1.64539
-1.58045
-1.50713
-1.42101
-2.01498
-1.97429
-1.93553
-1.90193
-2.39036
-2.36848
-2.35083
-2.34143
-2.76473
-2.75666
-2.75284
-2.7565
-3.14259
-3.1493
-3.16264
-3.18674
-3.52402
-3.5475
-3.58167
-3.63268
-3.90216
-3.94151
-3.99632
-4.07453
-4.26559
-4.31466
-4.3809
-4.47221
-4.60729
-4.65752
-4.72058
-4.79968
-4.92794
-4.97502
-5.03093
-5.0962
-5.23127
-5.27354
-5.32264
-5.37935
-5.519
-5.55354
-5.59178
-5.63396
-5.8
-5.82676
-5.85458
-5.8829
-6.07467
-6.09435
-6.11307
-6.13028
230.782
230.74
244.545
244.757
244.873
244.877
244.847
244.808
244.763
244.711
244.65
244.571
244.446
244.205
243.697
242.512
239.547
236.959
237.812
201.549
236.693
244.565
244.78
244.73
244.724
244.693
244.649
244.592
244.521
244.437
244.335
244.189
243.947
243.517
242.735
241.417
240.216
240.133
268.68
267.626
244.411
244.586
244.582
244.58
244.55
244.498
244.428
244.338
244.237
244.133
244.005
243.81
243.521
243.11
242.613
242.308
242.181
256.722
248.422
244.031
244.328
244.424
244.457
244.421
244.362
244.276
244.163
244.041
243.947
243.867
243.731
243.572
243.39
243.267
243.34
243.355
223.438
246.241
244.146
244.159
244.284
244.441
244.308
244.24
244.143
243.991
243.835
243.722
243.758
243.681
243.607
243.543
243.558
243.747
243.859
159.045
231.286
232.302
233.928
233.642
243.558
244.115
244.111
244.035
243.763
243.433
243.439
243.581
243.678
243.619
243.588
243.6
243.771
243.976
68.824
127.584
154.89
136.412
142.795
191.708
242.532
244.006
243.983
243.39
240.527
228.43
240.266
243.656
243.659
243.554
243.436
243.516
243.995
3.59471
28.5839
61.4939
77.0887
90.8059
124.894
175.207
223.426
240.948
181.168
104.315
117.828
173.422
227.531
243.815
243.368
242.519
242.63
243.347
1.75885
1.7913
2.79353
11.926
23.3996
39.8395
71.3122
115.092
153.24
114.465
80.7972
82.6349
119.494
182.316
224.812
182.698
126.205
224.071
245.757
1.73549
1.77062
1.8725
1.98994
2.08141
2.24584
3.25735
11.6641
26.6742
33.354
27.2828
26.3373
35.3905
61.588
99.4633
121.141
178.492
303.698
342.489
1.70786
1.72637
1.79396
1.89462
2.01528
2.13336
2.25033
2.383
2.5362
2.77353
2.80506
2.80297
2.89737
3.49687
14.2261
46.368
149.184
395.664
660.905
1.54643
1.62514
1.69845
1.80072
1.92957
2.05134
2.17064
2.30007
2.44199
2.58119
2.66987
2.72835
2.82393
2.953
3.07854
3.45383
27.5306
290.134
686.133
1.42942
1.52581
1.62075
1.72649
1.84277
1.96095
2.08126
2.20623
2.33481
2.45755
2.55473
2.62788
2.73518
2.87944
3.00613
3.14121
3.54259
65.2793
485.312
1.32941
1.43018
1.53169
1.63926
1.75242
1.86863
1.98738
2.10838
2.22959
2.34573
2.44743
2.52868
2.63063
2.77252
2.89233
2.98119
3.23729
3.17408
246.089
1.22996
1.33238
1.43715
1.54605
1.65881
1.77428
1.89158
2.00965
2.12674
2.24006
2.34493
2.43418
2.52388
2.65126
2.76507
2.84031
2.86364
2.54622
108.235
1.12395
1.22946
1.33753
1.44855
1.56229
1.67795
1.79439
1.9104
2.02472
2.13556
2.24035
2.33407
2.42001
2.52352
2.6292
2.73666
2.617
-14.1978
41.3176
1.0111
1.12088
1.23289
1.34692
1.46274
1.57944
1.69566
1.81027
1.92229
2.03016
2.13194
2.22528
2.30765
2.38916
2.4652
2.55802
-8.52779
-36.139
19.1808
0.89115
1.00625
1.12302
1.24095
1.3597
1.4782
1.59482
1.7085
1.8183
1.92258
2.01971
2.10875
2.18741
2.2549
2.30694
2.24022
4.61584
5.91883
57.2578
0.763824
0.884995
1.00727
1.12984
1.25226
1.37325
1.49091
1.604
1.71144
1.81146
1.90283
1.98602
2.06248
2.13171
2.18375
2.20085
0.536582
10.4344
92.1993
0.628531
0.756298
0.884504
1.01217
1.1388
1.26295
1.38234
1.49526
1.60019
1.69503
1.77878
1.85403
1.92953
2.01708
2.13549
2.20638
-4.72747
0.557289
111.625
0.484336
0.618972
0.752999
0.885569
1.01652
1.14443
1.2665
1.38006
1.48264
1.57107
1.64342
1.70323
1.76722
1.8612
2.0197
2.08945
4.12693
33.0891
50.4238
0.329922
0.471279
0.610139
0.746284
0.88084
1.01292
1.13898
1.25482
1.35615
1.43749
1.4932
1.52284
1.54924
1.60713
1.72765
1.51264
4.37937
41.109
42.0668
0.163788
0.310891
0.451752
0.588094
0.724405
0.861057
0.993101
1.11385
1.21657
1.29272
1.33005
1.31094
1.27036
1.23964
1.19445
2.77864
6.643
4.06227
2.75305
-0.0156004
0.134871
0.27047
0.399482
0.534584
0.677572
0.819516
0.949125
1.05653
1.13059
1.15011
1.06308
0.966687
0.808714
0.232121
-0.247135
-0.201834
0.35809
-1.0498
-0.209463
-0.0603778
0.0512051
0.156432
0.287875
0.444834
0.605933
0.751144
0.866298
0.937367
0.932733
0.755919
0.688936
0.562816
0.130229
-0.218244
-0.578072
-0.41265
-4.9035
-0.416895
-0.275701
-0.242796
-0.196209
-0.0607492
0.136362
0.338678
0.513309
0.643401
0.716189
0.701888
0.518618
0.452259
0.463249
0.20562
-0.143996
-0.500074
0.541406
-2.25582
-0.636496
-0.523134
-0.760142
-0.805491
-0.598911
-0.28221
0.00883011
0.23779
0.398058
0.491019
0.508075
0.43217
0.397674
0.452506
0.2188
0.259451
0.695464
0.681355
10.2406
-0.874733
-0.723943
-2.10077
-1.96654
-1.4703
-0.861356
-0.371363
-0.0599515
0.143845
0.277445
0.353145
0.383307
0.416257
0.446916
0.0773578
-0.245752
0.432552
1.33984
0.55221
-1.28391
-1.67573
-2.39105
-2.67382
-2.09935
-1.38314
-0.745818
-0.35666
-0.113295
0.0719648
0.219017
0.342054
0.431191
0.426922
0.162764
-0.0645291
0.864737
1.82161
-21.0114
-1.87645
-1.85126
-2.3715
-2.60824
-2.08013
-1.34517
-0.850664
-0.633521
-0.39942
-0.149011
0.0841489
0.303914
0.482699
0.561588
0.783271
0.815702
1.49713
1.96162
1.30701
-2.35082
-2.47061
-2.53204
-3.90246
-2.76286
-1.65816
-0.798492
-0.947397
-0.823904
-0.440411
-0.0887519
0.241964
0.530176
0.726586
1.01805
1.29894
1.74014
1.85383
2.10225
-2.7774
-2.95607
-3.57583
-4.86857
-3.38925
-2.97233
-2.37275
-1.63621
-1.62715
-0.890964
-0.345023
0.113121
0.507938
0.845395
1.31824
1.50878
1.77351
1.79659
9.80703
-3.24249
-3.50657
-4.17587
-4.63582
-4.03765
-3.56064
-3.29539
-3.01261
-2.60637
-1.5524
-0.697947
-0.0875053
0.435768
0.871663
1.26574
1.42647
1.68795
1.60972
0.475193
-3.73468
-4.12508
-4.73612
-4.91033
-4.72509
-4.50263
-4.32775
-3.93978
-3.79485
-2.27907
-1.128
-0.346541
0.348201
0.947358
1.3499
1.50578
1.95937
1.68928
1.72511
-4.23162
-4.8078
-5.36332
-5.25626
-5.26864
-5.49481
-5.44645
-4.86038
-4.65399
-2.91353
-1.61695
-0.691901
0.179344
1.01076
1.49111
2.17092
2.73614
1.49071
3.01052
-4.65844
-5.29815
-5.76677
-5.49921
-5.66299
-6.00804
-5.99911
-5.37568
-4.91704
-3.31428
-2.14672
-1.18763
-0.0489643
0.311087
0.394269
1.39975
1.89125
1.58978
36.4924
-4.94034
-5.28801
-5.49313
-5.67003
-5.7813
-6.0182
-5.83864
-5.29705
-4.55927
-3.40484
-2.62503
-1.62005
-1.16543
-3.0718
-3.24772
-6.28487
-6.55756
-6.8153
-4.48617
-5.19721
-5.41277
-5.60001
-5.94828
-5.91895
-5.73902
-5.3592
-4.95979
-4.2676
-3.43941
-2.99305
-2.6633
-3.11094
-6.4079
-6.77018
-6.60689
-6.84041
-7.23404
-7.37367
-5.46796
-5.66145
-5.72094
-5.45501
-6.38819
-5.25697
-5.0911
-5.01597
-4.6143
-4.30292
-4.13502
-4.51154
-7.23897
-10.0614
-8.49284
-7.39421
-7.14993
-7.09082
-6.9992
-5.6975
-5.90823
-6.15926
-6.56792
-6.99194
-5.87146
-5.40894
-5.39662
-5.62601
-5.62456
-5.94669
-7.05791
-14.3351
-14.9256
-15.8722
-11.5525
-7.90199
-6.95805
-6.38201
-5.91923
-5.98283
-5.79017
-6.09087
-6.00256
-5.99824
-5.68311
-6.0275
-6.56637
-6.68699
-8.19573
-10.3398
-18.4897
-20.1173
-33.6632
-14.635
-8.15729
-6.89194
-6.61524
-6.14844
-6.17077
-6.38062
-6.24776
-5.99702
-5.63862
-5.53988
-6.20913
-6.69918
-7.17124
-9.83529
-17.6272
-17.2231
-91.2695
-0.613046
-6.58947
-7.27546
-6.82703
-7.07405
731.027
736.937
742.223
739.668
735.22
733.504
735.076
739.39
746.106
755.172
766.703
780.92
798.104
818.583
842.502
870.096
900.18
924.379
932.026
938.387
929.145
911.4
967.404
670.673
676.695
681.855
679.401
675.306
673.924
675.697
680.086
686.804
695.84
707.337
721.525
738.644
758.89
782.343
808.745
836.768
861.927
873.609
875.499
877.692
806.453
891.13
608.523
614.612
619.555
617.423
614.144
613.479
615.654
620.182
626.892
635.863
647.289
661.424
678.5
698.626
721.709
747.172
773.219
795.855
810.742
824.409
833.12
714.528
806.889
544.652
550.765
555.594
554.163
552.07
552.337
554.992
559.665
566.342
575.214
586.537
600.602
617.633
637.67
660.463
685.236
710.201
732.215
748.44
762.14
761.434
682.724
757.375
479.205
485.292
490.379
490.159
489.44
490.641
493.727
498.497
505.108
513.853
525.047
539.029
556.032
576.031
598.65
623.007
647.395
669.263
686.363
698.551
698.369
669.85
741.664
412.382
418.319
424.359
425.89
426.482
428.435
431.819
436.616
443.133
451.736
462.778
476.666
493.672
513.71
536.302
560.522
584.771
606.845
624.811
637.751
643.636
650.086
721.387
344.535
349.595
358.064
361.694
363.217
365.653
369.185
373.944
380.363
388.823
399.686
413.468
430.517
450.689
473.41
497.767
522.262
544.873
563.812
578.152
588.285
606.682
669.086
276.175
278.314
291.538
297.805
299.518
302.173
305.737
310.423
316.767
325.088
335.703
349.338
366.488
386.928
409.946
434.7
459.809
483.275
503.372
519.115
531.028
546.131
575.759
245.612
245.604
245.55
245.492
245.45
245.42
245.397
245.382
245.378
245.393
245.438
245.534
245.713
246.03
246.602
247.65
250.464
258.285
262.978
245.552
245.549
245.491
245.431
245.389
245.36
245.336
245.321
245.316
245.328
245.37
245.46
245.627
245.919
246.427
247.27
249.631
257.806
263.193
245.49
245.499
245.43
245.365
245.326
245.297
245.273
245.256
245.248
245.255
245.288
245.362
245.495
245.713
246.047
246.448
247.591
256.036
263.832
245.424
245.456
245.366
245.294
245.259
245.231
245.207
245.187
245.175
245.175
245.195
245.244
245.329
245.441
245.519
245.218
243.695
251.248
265.551
245.346
245.415
245.287
245.216
245.189
245.164
245.139
245.116
245.097
245.088
245.092
245.112
245.139
245.13
244.912
243.73
237.952
239.124
272.181
245.256
245.326
245.147
245.128
245.118
245.095
245.068
245.041
245.016
244.996
244.982
244.971
244.94
244.81
244.323
242.407
236.422
240.948
281.518
245.144
245.217
244.931
245.028
245.046
245.025
244.996
244.965
244.933
244.902
244.87
244.828
244.743
244.512
243.834
241.607
235.176
236.01
273.047
245.08
245.215
244.756
244.926
244.976
244.955
244.923
244.887
244.848
244.805
244.757
244.688
244.558
244.256
243.485
241.314
235.846
236.104
265.065
192.224
185.755
204.69
214.989
216.909
219.661
223.132
227.657
233.945
242.128
252.348
265.736
283.11
304.066
327.632
353.335
379.793
404.769
426.607
444.013
455.941
456.915
371.295
98.5323
57.9415
58.1917
72.6339
74.8279
78.3871
81.6827
85.7893
93.035
101.519
110.277
123.362
141.35
162.466
187.424
215.924
246.602
275.503
301.467
322.455
336.29
337.12
316.339
22.6604
2.11516
2.20662
2.21696
2.26443
2.37989
2.32818
2.57592
3.68608
4.43729
5.46702
8.26724
14.0553
26.1983
45.3201
76.6251
114.801
147.203
179.071
206.707
228.747
243.836
250.32
2.0393
2.0094
2.04567
2.06518
2.09424
2.12219
2.08718
2.01036
1.93422
1.95867
2.07924
2.14497
2.21744
2.24546
2.281
2.51092
6.90989
28.6775
63.9346
97.3356
126.635
155.092
181.05
1.87202
1.87549
1.88923
1.90492
1.92123
1.9291
1.91484
1.88377
1.8399
1.81459
1.92041
1.98186
2.03583
2.06509
2.10946
2.13271
2.17471
2.19503
2.42839
9.13376
31.4404
67.7128
106.562
1.72112
1.72564
1.73391
1.74448
1.75473
1.76026
1.75779
1.75028
1.74536
1.74348
1.79041
1.83665
1.88009
1.91718
1.95493
1.99193
2.03184
2.06602
2.10655
2.14754
2.17359
4.18891
30.8671
1.56228
1.56767
1.57491
1.58354
1.59221
1.59911
1.60358
1.60749
1.61516
1.62899
1.65596
1.69094
1.72755
1.76443
1.8017
1.84032
1.88152
1.92325
1.96632
1.99571
1.98922
1.91363
1.90124
1.3959
1.40529
1.41339
1.42193
1.43087
1.43967
1.44842
1.45826
1.47118
1.48882
1.51278
1.54256
1.57516
1.60952
1.645
1.68145
1.71823
1.75266
1.77606
1.75892
1.68601
1.58628
1.61034
1.22749
1.24121
1.25032
1.25939
1.26913
1.27962
1.29111
1.3043
1.32016
1.33958
1.36315
1.39077
1.42119
1.45343
1.48646
1.51906
1.54869
1.56878
1.5586
1.45345
1.24892
1.10568
1.10915
1.06581
1.07781
1.08646
1.09575
1.10623
1.118
1.13133
1.14663
1.1644
1.1851
1.20901
1.23602
1.26548
1.29646
1.32774
1.35745
1.38205
1.39334
1.36939
1.24468
1.1111
0.986027
0.996299
0.907077
0.91377
0.921408
0.930675
0.94165
0.954369
0.968984
0.985744
1.00494
1.02681
1.05146
1.07876
1.10821
1.13903
1.17002
1.19939
1.22404
1.23792
1.22797
1.15659
1.10384
1.07648
1.15216
0.743609
0.747656
0.754515
0.763657
0.774971
0.788394
0.803991
0.821913
0.842342
0.865397
0.891085
0.919249
0.949501
0.98122
1.01349
1.04501
1.07386
1.09716
1.11053
1.10376
1.10664
1.15
1.23249
0.575956
0.578873
0.58524
0.594301
0.60588
0.619882
0.636321
0.655286
0.676879
0.701155
0.728084
0.757518
0.789173
0.82265
0.857398
0.892702
0.927725
0.961628
0.99398
1.02574
1.06445
1.12041
1.19244
0.404372
0.407012
0.413191
0.422283
0.434138
0.448679
0.4659
0.485842
0.508555
0.534068
0.562357
0.59333
0.626825
0.66265
0.700586
0.740396
0.781924
0.825272
0.871108
0.92108
0.977734
1.04185
1.11426
0.228919
0.231687
0.237931
0.2472
0.259398
0.27448
0.292441
0.3133
0.33709
0.363846
0.393583
0.426287
0.461916
0.500439
0.541866
0.586263
0.633826
0.684965
0.740366
0.800942
0.86735
0.939415
1.01704
0.0495903
0.0526561
0.0591272
0.0686852
0.0812856
0.0969145
0.115578
0.137304
0.162139
0.190148
0.22139
0.255931
0.293829
0.335171
0.380102
0.428847
0.481736
0.539213
0.601767
0.669783
0.74328
0.821821
0.905009
-0.133517
-0.130079
-0.123315
-0.113423
-0.100405
-0.0842468
-0.0649191
-0.0423705
-0.0165259
0.0127127
0.0454523
0.0818195
0.121952
0.166025
0.214271
0.266977
0.324504
0.387241
0.455514
0.529457
0.608864
0.693205
0.781875
-0.320248
-0.316416
-0.309361
-0.299146
-0.285737
-0.269088
-0.249149
-0.225844
-0.199061
-0.168671
-0.134529
-0.0964604
-0.0542654
-0.00769904
0.0435247
0.0997307
0.161274
0.228487
0.301601
0.380645
0.46535
0.555163
0.649372
-0.510486
-0.506299
-0.498995
-0.488502
-0.474751
-0.457677
-0.437207
-0.413236
-0.385631
-0.354232
-0.31886
-0.2793
-0.235304
-0.18658
-0.132796
-0.0735997
-0.00863006
0.0624277
0.139769
0.223395
0.313043
0.408172
0.508029
-0.704192
-0.699728
-0.692247
-0.681538
-0.667518
-0.650108
-0.629212
-0.604703
-0.576432
-0.544216
-0.507844
-0.467062
-0.421591
-0.371104
-0.315233
-0.253587
-0.185777
-0.111465
-0.030441
0.0573249
0.151632
0.251997
0.357652
-0.901383
-0.896748
-0.889172
-0.878322
-0.86412
-0.846478
-0.825286
-0.800402
-0.771656
-0.738852
-0.701753
-0.660076
-0.613516
-0.561715
-0.504268
-0.440743
-0.370704
-0.293764
-0.209653
-0.118238
-0.0195858
0.0859252
0.197524
-1.10207
-1.0974
-1.08981
-1.0789
-1.06461
-1.04686
-1.02552
-1.00044
-0.971445
-0.938316
-0.900804
-0.858605
-0.811388
-0.75877
-0.700311
-0.635532
-0.563943
-0.485088
-0.398587
-0.304119
-0.201536
-0.0910675
0.0265433
-1.30631
-1.30177
-1.29421
-1.28333
-1.26907
-1.25133
-1.23001
-1.20495
-1.17594
-1.14278
-1.1052
-1.06288
-1.01548
-0.962595
-0.903745
-0.838414
-0.766053
-0.686122
-0.598067
-0.501314
-0.395438
-0.280418
-0.156858
-1.51417
-1.50984
-1.50237
-1.49159
-1.47747
-1.4599
-1.43878
-1.41395
-1.3852
-1.35231
-1.31503
-1.27303
-1.22595
-1.17338
-1.11482
-1.04972
-0.977484
-0.89746
-0.808893
-0.710925
-0.602779
-0.483986
-0.354706
-1.72574
-1.72161
-1.71425
-1.70366
-1.68979
-1.67256
-1.65182
-1.62744
-1.59922
-1.56693
-1.53033
-1.48909
-1.44287
-1.39123
-1.33369
-1.26968
-1.19857
-1.11961
-1.03185
-0.934156
-0.825296
-0.704062
-0.569697
-1.94098
-1.937
-1.92979
-1.91948
-1.90599
-1.88923
-1.86907
-1.84538
-1.81796
-1.7866
-1.75106
-1.71104
-1.66621
-1.61615
-1.56038
-1.49837
-1.42947
-1.35288
-1.26754
-1.17207
-1.06475
-0.943405
-0.805574
-2.15975
-2.15589
-2.14889
-2.13894
-2.12595
-2.10982
-2.09044
-2.06765
-2.04131
-2.0112
-1.97711
-1.93876
-1.89584
-1.84798
-1.79475
-1.73565
-1.67009
-1.59729
-1.51618
-1.4253
-1.32262
-1.20496
-1.06763
-2.3819
-2.37814
-2.37142
-2.36192
-2.34954
-2.3342
-2.31576
-2.29411
-2.2691
-2.24055
-2.20826
-2.172
-2.13151
-2.08646
-2.03649
-1.98117
-1.92003
-1.8524
-1.77737
-1.69366
-1.59928
-1.49084
-1.3621
-2.60723
-2.60355
-2.59719
-2.58824
-2.5766
-2.56218
-2.54487
-2.52455
-2.50111
-2.4744
-2.44424
-2.41046
-2.37285
-2.33115
-2.28508
-2.23433
-2.17856
-2.11733
-2.05003
-1.97578
-1.89325
-1.80005
-1.69169
-2.83542
-2.8319
-2.82599
-2.81769
-2.8069
-2.79354
-2.77751
-2.75872
-2.73707
-2.71244
-2.68472
-2.65375
-2.6194
-2.58151
-2.5399
-2.49436
-2.44472
-2.39083
-2.33246
-2.26927
-2.20088
-2.1267
-2.04628
-3.06613
-3.06295
-3.05759
-3.05004
-3.04021
-3.02802
-3.01342
-2.99632
-2.97666
-2.95434
-2.92929
-2.90142
-2.87066
-2.83695
-2.80021
-2.76036
-2.71741
-2.67148
-2.62272
-2.57134
-2.51779
-2.46299
-2.40877
-3.29908
-3.29644
-3.29174
-3.28503
-3.27626
-3.26537
-3.25231
-3.23705
-3.21953
-3.1997
-3.17753
-3.15299
-3.12608
-3.09681
-3.06524
-3.03141
-2.99549
-2.95784
-2.91899
-2.87961
-2.84079
-2.80428
-2.77309
-3.5341
-3.53216
-3.5282
-3.52241
-3.51478
-3.50527
-3.49387
-3.48056
-3.4653
-3.44811
-3.42898
-3.40793
-3.38503
-3.36038
-3.33415
-3.30652
-3.2778
-3.24856
-3.21966
-3.19219
-3.16782
-3.14918
-3.14059
-3.77111
-3.7699
-3.76672
-3.7619
-3.75547
-3.74742
-3.73775
-3.72646
-3.71357
-3.69911
-3.68312
-3.66567
-3.64688
-3.62693
-3.60609
-3.5847
-3.56319
-3.54229
-3.52313
-3.50729
-3.49701
-3.49606
-3.51093
-4.01008
-4.00949
-4.00709
-4.00326
-3.99805
-3.99149
-3.9836
-3.9744
-3.96394
-3.95227
-3.93947
-3.92566
-3.91101
-3.89577
-3.88028
-3.86501
-3.85054
-3.83772
-3.82788
-3.82296
-3.82595
-3.84163
-3.87867
-4.25085
-4.25072
-4.24904
-4.24619
-4.24222
-4.23718
-4.23109
-4.22401
-4.216
-4.20715
-4.19756
-4.1874
-4.17686
-4.16624
-4.15597
-4.14659
-4.13881
-4.13359
-4.13234
-4.13728
-4.15181
-4.18132
-4.23521
-4.49319
-4.49336
-4.49233
-4.49043
-4.4877
-4.48418
-4.47991
-4.47496
-4.46942
-4.46338
-4.45698
-4.45041
-4.4439
-4.43779
-4.43254
-4.42872
-4.42714
-4.4288
-4.43516
-4.44848
-4.47219
-4.51149
-4.57453
-4.73669
-4.73706
-4.73663
-4.73566
-4.73416
-4.73215
-4.7297
-4.72687
-4.72377
-4.72052
-4.71726
-4.71421
-4.71162
-4.70985
-4.70935
-4.71073
-4.71476
-4.72245
-4.73523
-4.75521
-4.78548
-4.83031
-4.89613
-4.9809
-4.98143
-4.9816
-4.98155
-4.98126
-4.98075
-4.98009
-4.97936
-4.97867
-4.97816
-4.97799
-4.97837
-4.97957
-4.98195
-4.98597
-4.99217
-5.00127
-5.01419
-5.03224
-5.05721
-5.09149
-5.13828
-5.20191
-5.22556
-5.22626
-5.22703
-5.22791
-5.22881
-5.22977
-5.23087
-5.23221
-5.23389
-5.23606
-5.23889
-5.24258
-5.24743
-5.25376
-5.262
-5.27264
-5.2863
-5.30375
-5.32604
-5.35452
-5.39071
-5.43651
-5.49403
-5.47031
-5.47118
-5.47262
-5.47443
-5.47651
-5.47893
-5.48177
-5.48513
-5.48914
-5.49395
-5.49972
-5.50667
-5.51506
-5.52521
-5.5375
-5.55237
-5.57032
-5.59193
-5.61793
-5.64912
-5.68623
-5.72968
-5.77988
-5.71249
-5.71388
-5.71611
-5.7188
-5.72199
-5.72577
-5.73024
-5.73552
-5.74172
-5.749
-5.75752
-5.76751
-5.77919
-5.79286
-5.80887
-5.82758
-5.8494
-5.87475
-5.90401
-5.93744
-5.97499
-6.01602
-6.05899
245.456
229.79
223.434
217.534
270.888
240.586
222.821
205.482
251.139
254.237
259.537
265.055
197.875
212.49
228.57
244.888
131.92
153.596
177.129
202.758
57.3758
81.6112
106.812
134.927
2.38588
8.84112
23.2123
46.5923
1.79349
1.82994
1.88783
2.2679
1.3409
1.54019
1.65464
1.71762
1.20764
1.4262
1.60606
1.70145
1.31835
1.47827
1.6092
1.68138
1.31646
1.39875
1.47199
1.51456
1.24453
1.28883
1.33989
1.39
1.16309
1.20396
1.24744
1.29213
1.06737
1.10836
1.15058
1.19363
0.957593
0.999851
1.043
1.08687
0.83739
0.881722
0.926781
0.972498
0.70815
0.754962
0.802449
0.850559
0.570299
0.61986
0.67011
0.720964
0.423622
0.476151
0.52938
0.583207
0.26739
0.323054
0.379441
0.436396
0.100436
0.159372
0.219068
0.279286
-0.0788003
-0.0163839
0.046819
0.110425
-0.272274
-0.206058
-0.138984
-0.0717488
-0.482644
-0.412121
-0.340409
-0.268792
-0.71373
-0.637919
-0.55978
-0.481427
-0.971884
-0.890288
-0.802619
-0.711214
-1.26839
-1.18487
-1.08895
-0.977543
-1.61377
-1.54515
-1.46604
-1.37311
-1.99456
-1.95454
-1.91781
-1.89196
-2.37911
-2.35889
-2.34473
-2.34085
-2.76034
-2.75401
-2.75357
-2.76253
-3.14539
-3.15485
-3.17313
-3.20465
-3.53475
-3.56285
-3.60469
-3.66667
-3.92028
-3.96652
-4.03182
-4.12497
-4.28828
-4.34524
-4.42268
-4.5303
-4.63094
-4.68726
-4.75796
-4.8458
-4.95034
-5.00189
-5.0624
-5.1335
-5.25159
-5.29718
-5.35006
-5.41121
-5.53584
-5.57216
-5.61247
-5.6577
-5.8132
-5.84058
-5.86879
-5.89809
-6.0846
-6.10387
-6.12189
-6.13832
218.163
243.781
244.746
244.816
244.885
244.863
244.828
244.787
244.738
244.682
244.614
244.517
244.347
243.998
243.236
241.378
237.739
237.735
243.518
215.256
243.954
244.789
244.728
244.732
244.71
244.673
244.622
244.558
244.481
244.39
244.269
244.085
243.761
243.182
242.159
240.695
240.41
243.302
273.581
244.481
244.573
244.577
244.588
244.568
244.526
244.465
244.385
244.288
244.184
244.06
243.916
243.68
243.33
242.868
242.424
242.557
243.068
275.498
244.2
244.256
244.39
244.449
244.448
244.393
244.322
244.223
244.102
243.983
243.879
243.79
243.658
243.48
243.315
243.289
243.586
246.343
255.308
244.468
244.163
244.229
244.281
244.337
244.276
244.197
244.073
243.91
243.772
243.704
243.654
243.649
243.57
243.536
243.639
243.986
247.294
196.577
236.972
238.543
231.844
241.676
244.05
244.112
244.094
243.929
243.628
243.481
243.431
243.413
243.642
243.604
243.583
243.676
244.004
246.016
99.8585
146.344
152.521
131.341
171.953
196.12
243.529
244.049
243.723
242.837
229.568
237.875
242.835
243.801
243.626
243.491
243.429
243.836
246.527
14.3469
46.2216
71.9012
81.8119
105.8
151.371
199.257
229.495
235.227
126.701
81.6398
160.311
195.721
242.657
243.623
243.134
242.256
242.979
246.939
1.81273
2.01386
6.48265
17.8789
30.0064
53.6039
92.8496
137.222
145.677
90.5188
77.1254
98.2859
148.405
217.462
222.12
115.738
182.474
241.016
251.093
1.76298
1.81776
1.93797
2.02807
2.16505
2.37448
6.38237
18.7644
33.2845
29.9579
25.8993
28.9936
45.568
82.4735
111.863
137.385
241.518
336.83
479.468
1.71067
1.75631
1.83999
1.95508
2.07457
2.19387
2.31497
2.4492
2.65785
2.81545
2.79297
2.83883
3.01366
6.99814
27.2374
83.3555
255.917
545.593
761.406
1.58721
1.66113
1.74349
1.86513
1.99136
2.11103
2.2333
2.36996
2.51425
2.63387
2.69766
2.77032
2.88702
3.02016
3.12542
5.33648
117.926
499.298
819.445
1.47905
1.5726
1.67172
1.78406
1.90175
2.02068
2.14308
2.2704
2.39797
2.51044
2.59169
2.67379
2.80713
2.94444
3.06115
3.2764
5.88493
286.025
608.257
1.38028
1.48038
1.5846
1.69535
1.8102
1.9277
2.04766
2.1692
2.28877
2.39914
2.48982
2.57281
2.7008
2.83712
2.93795
3.0856
3.3818
77.4554
333.208
1.28106
1.38431
1.49106
1.60203
1.71626
1.83276
1.95062
2.06846
2.18409
2.29399
2.39166
2.47505
2.58705
2.71293
2.80624
2.83142
3.21917
7.35386
148.596
1.17643
1.28314
1.39267
1.50512
1.61995
1.73615
1.85252
1.96786
2.08071
2.18893
2.28901
2.37638
2.46901
2.58007
2.67468
2.80454
-1.65866
-0.64964
72.1017
1.06572
1.17662
1.28966
1.40465
1.52106
1.63769
1.75323
1.86668
1.97687
2.08192
2.17991
2.26757
2.34758
2.43129
2.4974
2.26161
-36.3383
-8.95637
60.5822
0.948473
1.06447
1.18186
1.30027
1.41908
1.53683
1.65208
1.76397
1.87124
1.97211
2.06532
2.14954
2.22249
2.28389
2.29923
2.42277
0.259125
27.537
89.3795
0.824246
0.946052
1.06854
1.19113
1.31305
1.4326
1.54809
1.65853
1.76249
1.85824
1.94535
2.02504
2.09808
2.16233
2.19301
2.13214
-0.445934
41.4305
130.666
0.692312
0.82042
0.948432
1.07568
1.20132
1.32337
1.4397
1.54885
1.64899
1.73825
1.81708
1.89095
1.97116
2.07165
2.19022
2.15264
-13.4901
48.0388
142.663
0.551723
0.686133
0.819472
0.95129
1.08101
1.20638
1.32449
1.43291
1.5288
1.60924
1.67422
1.73311
1.80927
1.92947
2.0794
2.1153
18.3248
42.771
70.0177
0.400848
0.541077
0.678475
0.813743
0.947367
1.07698
1.19843
1.30761
1.39971
1.46879
1.51072
1.53418
1.57276
1.64691
1.87528
-2.61442
26.348
50.4974
37.2561
0.238043
0.382116
0.52019
0.656085
0.792906
0.928074
1.0553
1.16792
1.25864
1.31711
1.32833
1.28979
1.25407
1.20791
1.25247
7.40544
5.50776
2.83027
8.74497
0.0614049
0.204344
0.334869
0.465835
0.605497
0.74941
0.886509
1.00621
1.09865
1.14919
1.1239
1.01186
0.90711
0.618123
-0.243495
-0.259601
0.0477618
0.723618
8.9483
-0.130525
-0.000762593
0.101485
0.21819
0.364325
0.526289
0.681508
0.813244
0.908508
0.947661
0.874204
0.683372
0.660266
0.39116
-0.075169
-0.396805
-0.566347
-0.560755
21.0944
-0.334829
-0.24996
-0.229145
-0.13946
0.0339447
0.23947
0.430762
0.584628
0.687944
0.722673
0.639096
0.415201
0.497471
0.354477
0.0355466
-0.367775
-0.162934
2.43034
8.45313
-0.542158
-0.625432
-0.817618
-0.729412
-0.441746
-0.130429
0.132041
0.32629
0.453121
0.510321
0.482138
0.378673
0.454023
0.363037
0.143642
0.49346
0.815128
0.0429258
6.13797
-0.68983
-1.43776
-2.08496
-1.75763
-1.1637
-0.591588
-0.197806
0.0519309
0.218564
0.321926
0.372446
0.392573
0.447084
0.335825
-0.22448
-0.103031
1.04032
1.27668
-3.01631
-1.00079
-1.98868
-2.47191
-2.52994
-1.7266
-1.04216
-0.521286
-0.22567
-0.0148718
0.149366
0.282912
0.394476
0.448391
0.399704
-0.0512143
0.152527
1.50514
3.98415
-6.17616
-2.01489
-2.4866
-2.51699
-2.61242
-1.63084
-1.08404
-0.719748
-0.526031
-0.271816
-0.030662
0.195966
0.404151
0.523334
0.686035
0.799261
1.11103
1.76616
2.30067
1.60987
-2.39161
-1.86658
-3.72758
-3.14416
-2.11809
-0.804865
-0.87128
-0.943035
-0.634548
-0.260806
0.0795699
0.395634
0.628814
0.87486
1.11111
1.56742
1.76434
2.13919
3.18582
-2.82171
-3.20982
-5.56181
-3.90014
-3.14665
-2.77957
-1.71274
-1.63007
-1.26164
-0.598458
-0.108644
0.318955
0.678883
1.07328
1.43003
1.61736
1.83571
2.38687
16.3355
-3.33425
-3.78787
-4.5697
-4.36027
-3.77505
-3.39531
-3.27051
-3.14488
-2.14191
-1.0643
-0.379545
0.182771
0.657311
1.0903
1.34366
1.48796
1.70282
1.34045
14.7794
-3.88242
-4.45256
-4.8848
-4.84873
-4.58156
-4.44691
-4.12874
-3.84587
-3.15297
-1.60595
-0.718309
0.0086702
0.663164
1.19388
1.38691
1.68009
2.03131
2.02969
6.10754
-4.45598
-5.22497
-5.31924
-5.23783
-5.37371
-5.53511
-5.19911
-4.71119
-3.86538
-2.17735
-1.13476
-0.260632
0.63635
1.21923
1.86231
2.44721
2.48526
1.80224
27.6239
-4.91867
-5.9881
-5.564
-5.54211
-5.86204
-6.06542
-5.73712
-5.18794
-4.13806
-2.67254
-1.67197
-0.639953
0.255177
0.193894
1.01188
4.54486
0.567895
8.61465
94.85
-5.08335
-5.22117
-5.64358
-5.69581
-5.95269
-5.94723
-5.58071
-5.03029
-3.91223
-2.99654
-2.15119
-1.26228
-1.40091
-4.2128
-6.2137
-6.35473
-6.71782
-6.37232
3.7436
-5.31194
-5.44677
-5.79012
-5.88408
-5.90133
-5.54172
-5.14073
-4.73177
-3.71664
-3.28179
-2.66199
-2.77661
-4.98199
-6.88979
-6.57062
-6.69804
-6.94608
-7.33645
-4.71289
-5.56125
-5.72185
-5.85484
-6.34296
-5.63657
-5.43344
-5.03258
-4.93716
-4.38447
-4.25654
-4.24224
-5.3702
-9.82112
-9.10041
-7.87695
-7.20969
-7.09106
-6.97592
-5.79446
-5.76202
-5.83237
-6.19872
-7.32815
-5.59392
-5.69692
-5.30569
-5.54827
-5.63558
-5.63763
-6.55273
-10.6548
-15.0627
-15.6706
-14.2983
-9.17113
-7.23412
-6.60604
-6.64117
-5.95762
-6.02827
-5.93767
-6.04472
-5.96049
-5.82308
-5.75307
-6.3618
-6.67698
-6.92085
-8.54377
-15.36
-18.7505
-23.7627
-26.764
-9.92205
-7.30835
-6.43737
-5.59486
-6.17643
-6.21662
-6.44612
-6.16681
-5.89058
-5.55046
-5.76732
-6.46876
-6.92658
-7.55381
-17.5395
-14.6913
-35.5677
-31.739
-4.1104
-7.32648
-7.01855
-6.01964
-19.98
731.207
703.294
710.741
711.733
707.419
704.207
704.282
707.335
712.883
720.762
731.026
743.857
759.502
778.152
800.062
825.433
854.179
883.57
902.017
898.223
905.662
881.355
899.179
671.08
642.097
649.441
650.395
646.531
643.928
644.436
647.694
653.288
661.135
671.346
684.129
699.735
718.368
740.1
764.777
791.486
817.38
836.992
842.827
868.917
787.124
782.593
608.962
579.12
586.311
587.352
584.342
582.732
583.897
587.44
593.083
600.87
610.99
623.697
639.253
657.821
679.367
703.512
729.103
753.487
772.546
785.612
805.255
728.437
716.406
545.183
514.48
521.557
523.073
521.311
520.885
522.755
526.573
532.236
539.932
549.93
562.536
578.038
596.567
617.981
641.743
666.606
690.254
709.689
723.815
734.501
694.732
696.953
479.979
448.343
455.475
458.106
457.865
458.574
461.041
465.052
470.69
478.27
488.123
500.608
516.062
534.595
555.97
579.545
604.065
627.476
647.377
662.383
671.438
661.314
689.274
413.801
380.744
388.165
392.94
394.255
395.844
398.712
402.808
408.382
415.838
425.53
437.87
453.284
471.883
493.335
516.932
541.459
565.044
585.585
601.68
612.528
619.131
660.229
347.524
311.067
319.638
328.398
330.557
332.596
335.668
339.758
345.249
352.595
362.103
374.259
389.65
408.401
430.058
453.878
478.742
502.876
524.296
541.62
554.433
566.068
600.148
282.952
239.785
248.502
263.238
266.379
268.615
271.762
275.776
281.188
288.482
297.789
309.678
325.043
344.045
366.063
390.335
415.862
440.903
463.468
482.13
496.247
506.992
519.745
245.608
245.585
245.552
245.489
245.439
245.404
245.378
245.358
245.348
245.352
245.379
245.446
245.576
245.811
246.224
246.969
248.374
253.524
261.935
245.548
245.531
245.497
245.427
245.376
245.342
245.316
245.296
245.284
245.285
245.308
245.365
245.479
245.68
246.013
246.572
247.394
252.14
262.005
245.484
245.479
245.444
245.359
245.31
245.278
245.252
245.23
245.215
245.212
245.226
245.269
245.353
245.493
245.685
245.912
245.539
248.826
261.301
245.415
245.426
245.39
245.284
245.239
245.211
245.185
245.162
245.143
245.133
245.136
245.159
245.206
245.267
245.281
245.057
242.851
241.831
258.569
245.333
245.359
245.296
245.191
245.164
245.142
245.117
245.091
245.067
245.049
245.039
245.039
245.044
245.021
244.849
244.148
240.389
229.107
232.453
245.234
245.266
245.117
245.053
245.086
245.072
245.047
245.018
244.989
244.962
244.938
244.915
244.878
244.774
244.444
243.38
239.056
234.924
238.439
245.116
245.149
244.881
244.891
245.008
245.002
244.976
244.943
244.908
244.872
244.834
244.789
244.714
244.545
244.103
242.858
238.614
234.706
235.702
244.96
244.793
244.612
244.786
244.932
244.932
244.903
244.868
244.827
244.782
244.731
244.665
244.559
244.343
243.847
242.578
238.933
235.624
237.168
206.55
121.841
123.817
144.229
146.358
148.85
152.014
155.808
161.276
168.651
177.197
188.175
203.255
222.82
246.174
271.427
298.997
326.813
352.328
373.87
389.734
395.708
372.286
111.58
36.3911
6.25201
15.9008
17.6525
19.6626
20.9561
21.7209
25.0516
31.182
35.7911
42.088
56.5556
80.7205
107.495
132.242
163.012
195.157
226.2
252.648
273.519
286.921
289.214
37.4155
1.98808
2.05014
2.11602
2.1589
2.21028
2.25013
2.13089
2.05354
1.99538
2.13022
2.19243
2.26945
2.35446
3.88867
10.0403
33.6844
68.3205
105.86
135.433
164.316
188.941
207.939
1.98585
1.94055
1.9571
1.97388
1.996
2.01633
2.01525
1.97305
1.9215
1.84501
1.94674
2.02918
2.09143
2.13977
2.13843
2.21403
2.24462
2.42838
9.2325
29.5017
59.8674
94.5031
127.741
1.87037
1.799
1.80756
1.81826
1.83141
1.84154
1.84117
1.82764
1.80888
1.78496
1.81519
1.88389
1.93407
1.97524
2.00883
2.04934
2.08218
2.11335
2.12388
2.1737
2.4779
13.9734
46.4407
1.72307
1.64496
1.65098
1.65934
1.66884
1.67674
1.68048
1.68022
1.68027
1.68635
1.70461
1.74462
1.78375
1.82276
1.85979
1.89801
1.93746
1.98012
2.01852
2.06008
2.09642
2.10145
2.27739
1.56349
1.48393
1.49071
1.49857
1.50722
1.51559
1.52288
1.52968
1.53828
1.55167
1.57156
1.60089
1.63404
1.66925
1.70525
1.74245
1.78117
1.82122
1.85984
1.88899
1.88305
1.84222
1.78208
1.39607
1.31868
1.32791
1.33632
1.34539
1.35491
1.36482
1.37567
1.38864
1.40513
1.42613
1.45238
1.48244
1.51484
1.54864
1.58317
1.61739
1.64864
1.66882
1.65028
1.53046
1.34715
1.27504
1.22722
1.15411
1.16416
1.17301
1.18267
1.1933
1.2051
1.21844
1.23397
1.2524
1.27425
1.29975
1.32837
1.35914
1.39104
1.42276
1.45207
1.47406
1.47565
1.41132
1.23487
1.08346
0.968048
1.06629
0.991468
0.999964
1.0086
1.01862
1.03012
1.04324
1.05824
1.0755
1.09537
1.11813
1.14382
1.17212
1.2023
1.23333
1.2637
1.29088
1.30991
1.30928
1.25429
1.13757
1.06002
1.00673
0.906316
0.827759
0.834406
0.842583
0.852777
0.864897
0.878991
0.89521
0.913778
0.934906
0.958707
0.985145
1.01393
1.0445
1.07596
1.10702
1.13569
1.15869
1.17
1.15725
1.11242
1.11591
1.15249
0.742534
0.661245
0.666602
0.674439
0.68473
0.697318
0.712184
0.729406
0.749125
0.77146
0.796444
0.824
0.853878
0.88565
0.91871
0.952184
0.984913
1.01539
1.04175
1.06223
1.07725
1.11356
1.17784
0.574839
0.49135
0.49611
0.503778
0.51418
0.527177
0.542727
0.560866
0.581668
0.605193
0.631446
0.660356
0.691741
0.725342
0.760833
0.797791
0.835748
0.87432
0.913476
0.954123
0.999286
1.05384
1.11825
0.403293
0.317892
0.322514
0.330207
0.340808
0.354227
0.370427
0.389425
0.411252
0.435944
0.463516
0.493938
0.527128
0.56298
0.601396
0.642292
0.685645
0.731622
0.780721
0.833955
0.892773
0.958051
1.02962
0.227889
0.14067
0.14542
0.153308
0.164212
0.178089
0.194923
0.214727
0.237528
0.263372
0.292303
0.324351
0.359537
0.397873
0.43942
0.484297
0.532715
0.585042
0.641797
0.70361
0.770975
0.843826
0.921742
0.0486127
-0.0403504
-0.0353416
-0.0271649
-0.015898
-0.00154487
0.0159005
0.0364671
0.060203
0.0871801
0.117483
0.151201
0.188433
0.229291
0.273939
0.322604
0.375587
0.433288
0.496131
0.564449
0.638326
0.717428
0.801191
-0.13445
-0.225049
-0.21974
-0.211254
-0.19962
-0.184809
-0.16679
-0.14551
-0.120894
-0.0928319
-0.0612051
-0.025877
0.013316
0.0565586
0.104094
0.156203
0.213218
0.275513
0.34341
0.417094
0.496488
0.581179
0.67053
-0.321156
-0.413314
-0.407716
-0.398947
-0.386981
-0.371758
-0.353223
-0.331303
-0.305888
-0.276845
-0.244018
-0.20723
-0.166272
-0.120897
-0.0708122
-0.0156926
0.0448114
0.111047
0.183285
0.261642
0.345998
0.435932
0.530781
-0.511385
-0.6051
-0.599262
-0.590267
-0.578023
-0.562457
-0.543494
-0.521032
-0.494943
-0.46507
-0.431227
-0.393202
-0.350744
-0.303569
-0.25134
-0.193696
-0.130267
-0.0606873
0.0153047
0.0978175
0.18675
0.281717
0.382072
-0.7051
-0.800418
-0.794415
-0.785263
-0.772818
-0.756998
-0.737712
-0.714841
-0.688236
-0.657724
-0.623098
-0.58411
-0.540479
-0.491891
-0.437976
-0.378335
-0.312555
-0.240236
-0.161077
-0.0749228
0.0182029
0.118018
0.223918
-0.902308
-0.9993
-0.993225
-0.983994
-0.97143
-0.955456
-0.935974
-0.912848
-0.88592
-0.854996
-0.819855
-0.780228
-0.735803
-0.686244
-0.631148
-0.570074
-0.502564
-0.428161
-0.346495
-0.257304
-0.160438
-0.0560183
0.0554218
-1.10303
-1.2018
-1.19574
-1.1865
-1.17392
-1.15791
-1.13837
-1.11516
-1.08812
-1.05704
-1.02169
-0.981784
-0.936988
-0.886945
-0.831225
-0.769347
-0.700799
-0.625064
-0.54167
-0.450166
-0.350153
-0.24153
-0.124696
-1.30731
-1.40796
-1.402
-1.39281
-1.3803
-1.36438
-1.34494
-1.32185
-1.29493
-1.26398
-1.22874
-1.18894
-1.14423
-1.09423
-1.03849
-0.976504
-0.907713
-0.831524
-0.747326
-0.654428
-0.552138
-0.440031
-0.31818
-1.5152
-1.61779
-1.61197
-1.60291
-1.59056
-1.57487
-1.5557
-1.53292
-1.50637
-1.47583
-1.44106
-1.40177
-1.35761
-1.30822
-1.25313
-1.19179
-1.12364
-1.04801
-0.964129
-0.871066
-0.767791
-0.653386
-0.52727
-1.72675
-1.8313
-1.82561
-1.81673
-1.80467
-1.78933
-1.7706
-1.74835
-1.72242
-1.69259
-1.65863
-1.62027
-1.57718
-1.52897
-1.4752
-1.41533
-1.34879
-1.27485
-1.19264
-1.101
-0.99856
-0.883733
-0.754847
-1.94194
-2.04838
-2.04284
-2.03421
-2.02253
-2.00768
-1.98957
-1.96806
-1.94299
-1.91417
-1.88139
-1.84438
-1.80283
-1.7564
-1.70464
-1.64708
-1.58315
-1.51214
-1.43313
-1.34487
-1.24568
-1.13331
-1.00461
-2.16066
-2.2689
-2.26352
-2.25523
-2.24403
-2.22981
-2.21249
-2.19192
-2.16796
-2.14045
-2.10918
-2.07392
-2.03439
-1.9903
-1.94124
-1.8868
-1.82648
-1.75966
-1.68547
-1.60273
-1.50974
-1.40387
-1.28065
-2.38276
-2.49267
-2.4875
-2.47963
-2.46901
-2.45557
-2.43918
-2.41975
-2.39714
-2.3712
-2.34176
-2.30863
-2.27157
-2.23034
-2.18461
-2.13405
-2.07827
-2.01679
-1.94894
-1.87382
-1.79006
-1.69538
-1.58557
-2.60804
-2.71947
-2.71459
-2.70721
-2.6973
-2.68474
-2.66946
-2.65134
-2.63029
-2.60617
-2.57885
-2.54818
-2.51398
-2.47607
-2.43423
-2.3882
-2.33774
-2.28256
-2.22232
-2.15649
-2.08438
-2.00484
-1.91586
-2.8362
-2.94904
-2.94454
-2.93777
-2.92866
-2.91711
-2.90306
-2.88642
-2.86712
-2.84504
-2.8201
-2.79218
-2.76117
-2.72697
-2.68946
-2.64849
-2.60395
-2.55579
-2.504
-2.44852
-2.38935
-2.32662
-2.26076
-3.06686
-3.18112
-3.17711
-3.17105
-3.16284
-3.15241
-3.13972
-3.12471
-3.10732
-3.08747
-3.06511
-3.04019
-3.01265
-2.98246
-2.94961
-2.91408
-2.87589
-2.83521
-2.79235
-2.74767
-2.70178
-2.65571
-2.61131
-3.29973
-3.41547
-3.41205
-3.40679
-3.39958
-3.39037
-3.37915
-3.36589
-3.35054
-3.33308
-3.31348
-3.29175
-3.26787
-3.24192
-3.21396
-3.1841
-3.15253
-3.11957
-3.08581
-3.05205
-3.01935
-2.98947
-2.96517
-3.53461
-3.65189
-3.64915
-3.64476
-3.63861
-3.6307
-3.62103
-3.60961
-3.59641
-3.58145
-3.56474
-3.54632
-3.52625
-3.50465
-3.4817
-3.45764
-3.43278
-3.4076
-3.38293
-3.35994
-3.34021
-3.32622
-3.3221
-3.7714
-3.89023
-3.88819
-3.88469
-3.87964
-3.87307
-3.86503
-3.8555
-3.84453
-3.83215
-3.81841
-3.80338
-3.78718
-3.76999
-3.75207
-3.73379
-3.71558
-3.69807
-3.68226
-3.66965
-3.66237
-3.66373
-3.6795
-4.01009
-4.13033
-4.12897
-4.12634
-4.1224
-4.1172
-4.1108
-4.10323
-4.09453
-4.08477
-4.07403
-4.06242
-4.05011
-4.03731
-4.02437
-4.01172
-3.99995
-3.98981
-3.9824
-3.97945
-3.98355
-3.99875
-4.03193
-4.25058
-4.372
-4.37123
-4.36945
-4.36661
-4.36279
-4.35806
-4.35245
-4.34605
-4.33892
-4.33119
-4.32299
-4.31452
-4.30605
-4.29794
-4.29072
-4.28503
-4.28174
-4.28202
-4.28769
-4.30154
-4.3279
-4.37357
-4.49266
-4.61494
-4.6147
-4.61373
-4.61197
-4.60953
-4.60646
-4.60283
-4.59871
-4.59421
-4.58947
-4.58463
-4.57992
-4.57565
-4.5722
-4.57011
-4.57007
-4.57296
-4.57999
-4.59295
-4.61456
-4.64877
-4.70145
-4.73595
-4.85875
-4.85903
-4.85883
-4.85814
-4.85706
-4.85564
-4.85397
-4.85212
-4.85022
-4.84841
-4.84686
-4.84582
-4.84559
-4.84659
-4.84932
-4.85444
-4.86281
-4.87558
-4.8944
-4.92161
-4.96045
-5.01537
-4.97995
-5.1031
-5.10391
-5.10449
-5.10485
-5.10511
-5.10533
-5.10558
-5.10597
-5.10663
-5.1077
-5.10936
-5.11187
-5.11553
-5.12075
-5.12799
-5.13785
-5.15108
-5.16868
-5.19204
-5.22294
-5.26361
-5.31687
-5.2243
-5.34782
-5.34923
-5.35057
-5.35198
-5.35357
-5.35539
-5.35754
-5.36012
-5.36328
-5.36716
-5.37196
-5.3779
-5.3853
-5.39451
-5.40598
-5.42022
-5.43782
-5.45957
-5.48647
-5.51963
-5.56018
-5.6093
-5.46836
-5.59127
-5.5933
-5.5954
-5.59783
-5.6007
-5.60407
-5.60804
-5.61274
-5.6183
-5.62488
-5.63266
-5.64189
-5.65283
-5.66581
-5.68124
-5.69952
-5.72113
-5.7466
-5.7765
-5.81126
-5.851
-5.8954
-5.7099
-5.83909
-5.84175
-5.84465
-5.84815
-5.85235
-5.85735
-5.86325
-5.87019
-5.8783
-5.88774
-5.89871
-5.91143
-5.92617
-5.94322
-5.96293
-5.98564
-6.01174
-6.04151
-6.07508
-6.11227
-6.15232
-6.1934
273.592
190.753
166.916
170.964
277.713
267.901
262.564
259.532
221.908
230.685
241.326
253.139
157.594
175.402
194.985
216.369
84.1853
106.709
131.276
157.673
12.3959
30.2528
52.2003
79.5183
1.91856
1.94415
2.20083
5.7976
1.46988
1.6239
1.72648
1.76035
1.11163
1.33865
1.53925
1.66415
1.1712
1.35571
1.54542
1.67766
1.29139
1.39675
1.50903
1.58327
1.25445
1.30014
1.36778
1.42265
1.18539
1.22599
1.26949
1.31656
1.09783
1.13757
1.17917
1.22214
0.993654
1.03451
1.07654
1.11949
0.877424
0.920186
0.963826
1.00821
0.751399
0.79653
0.842415
0.888968
0.616524
0.664291
0.712793
0.761944
0.472908
0.523513
0.574893
0.626923
0.320076
0.373703
0.428154
0.483253
0.157085
0.213873
0.271552
0.329874
-0.0174129
0.0426609
0.103735
0.165432
-0.20519
-0.141625
-0.0768715
-0.0115831
-0.408547
-0.341203
-0.272299
-0.202897
-0.630691
-0.55908
-0.485066
-0.410247
-0.876357
-0.800045
-0.719151
-0.635612
-1.15326
-1.07373
-0.98571
-0.888239
-1.47066
-1.39681
-1.31139
-1.20896
-1.82807
-1.77507
-1.71913
-1.65969
-2.20292
-2.17267
-2.14665
-2.12946
-2.57739
-2.56263
-2.55169
-2.5481
-2.95304
-2.95198
-2.95623
-2.96898
-3.33314
-3.34817
-3.37161
-3.40874
-3.71416
-3.74589
-3.79078
-3.85584
-4.0864
-4.13182
-4.19438
-4.28266
-4.43922
-4.48962
-4.55535
-4.64194
-4.77003
-4.81903
-4.87865
-4.95058
-5.08164
-5.12653
-5.17905
-5.23944
-5.37678
-5.41551
-5.45981
-5.51065
-5.65996
-5.69044
-5.72299
-5.75696
-5.93695
-5.96011
-5.98343
-6.00664
-6.22716
-6.24365
-6.25795
-6.26919
158.649
205.575
244.511
244.786
244.798
244.8
244.769
244.728
244.677
244.615
244.542
244.449
244.308
244.055
243.579
242.571
240.54
238.713
238.945
255.094
260.271
244.74
244.701
244.659
244.651
244.62
244.572
244.508
244.428
244.336
244.23
244.089
243.868
243.506
242.928
242.098
241.408
241.254
267.362
266.42
244.314
244.46
244.501
244.514
244.484
244.428
244.35
244.25
244.139
244.044
243.932
243.766
243.546
243.265
242.996
242.932
242.851
244.098
244.052
244.126
244.227
244.361
244.424
244.361
244.298
244.207
244.076
243.94
243.842
243.808
243.703
243.593
243.482
243.449
243.603
243.667
195.893
270.946
244.27
244.058
244.2
244.349
244.282
244.183
244.088
243.903
243.699
243.552
243.729
243.675
243.614
243.578
243.606
243.796
243.951
115.794
179.866
205.599
172.599
163.399
235.101
243.87
244.079
243.966
243.524
242.927
242.602
243.373
243.722
243.626
243.587
243.547
243.679
243.971
24.2505
75.729
107.915
113.618
125.25
164.977
219.273
242.829
244.475
238.782
190.3
157.86
224.144
240.975
243.674
243.451
243.151
243.197
243.972
1.69162
4.47913
22.407
37.7766
53.8304
81.7328
122.667
181.067
232.665
139.704
87.3058
106.425
156.065
228.574
235.691
238.019
222.451
241.569
242.11
1.72522
1.78552
1.88848
2.05348
3.23247
9.72327
24.9705
51.7964
82.0144
80.1608
57.2231
53.1492
74.2128
116.191
160.026
133.014
145.485
230.994
272.87
1.75101
1.76681
1.8423
1.9434
2.05354
2.1723
2.26271
2.46265
3.69306
6.39608
5.53553
5.11581
7.98353
22.0393
50.8464
92.9964
180.09
375.15
533.42
1.62034
1.67576
1.7389
1.84362
1.97324
2.09489
2.21232
2.34286
2.49953
2.65971
2.72993
2.7673
2.85994
2.96195
3.26644
10.571
92.1765
365.213
710.007
1.4841
1.57444
1.66107
1.76474
1.88636
2.00633
2.12674
2.25397
2.38803
2.5179
2.61211
2.67929
2.78227
2.92089
3.04783
3.20527
4.96367
179.719
603.772
1.37865
1.47813
1.5772
1.68403
1.79807
1.91505
2.03466
2.15749
2.28178
2.40035
2.49996
2.57739
2.68381
2.82944
2.95357
3.0682
3.29779
7.67959
358.469
1.28033
1.38176
1.48501
1.59321
1.70598
1.82171
1.93967
2.05909
2.17798
2.29255
2.39612
2.48133
2.57733
2.71221
2.82853
2.90253
3.12847
2.91884
162.856
1.1778
1.28162
1.38799
1.49782
1.61092
1.72637
1.84315
1.9601
2.0757
2.18783
2.2931
2.38499
2.47299
2.58828
2.69851
2.77574
2.48799
-0.0122811
70.9081
1.0684
1.1759
1.28584
1.39825
1.51292
1.62899
1.74524
1.86049
1.97363
2.08306
2.18662
2.28081
2.36495
2.45686
2.55333
2.67489
-0.16568
-38.3617
21.5318
0.952024
1.06435
1.17864
1.29452
1.4117
1.52921
1.64555
1.75965
1.87056
1.97672
2.07632
2.16781
2.24832
2.32158
2.38629
2.44446
-4.08984
-17.8632
34.3315
0.828437
0.946491
1.06594
1.18611
1.30661
1.42627
1.54334
1.65667
1.76531
1.86755
1.96196
2.0482
2.12539
2.19106
2.2308
2.15096
2.93807
21.5849
76.7618
0.697225
0.821645
0.946853
1.07195
1.19643
1.31891
1.43734
1.55028
1.65648
1.75404
1.84194
1.92164
1.99793
2.07548
2.15693
2.21371
-4.20026
-14.1714
112.249
0.55761
0.688801
0.819985
0.950183
1.079
1.20497
1.32556
1.43866
1.54234
1.63414
1.7128
1.78174
1.85392
1.94855
2.10209
2.17248
10.736
29.0096
78.964
0.408498
0.546543
0.683202
0.817825
0.950725
1.08069
1.20456
1.319
1.42072
1.50558
1.5702
1.61721
1.66624
1.74864
1.88637
1.89615
2.11594
23.2847
34.1755
0.248417
0.392833
0.533238
0.670091
0.805835
0.940122
1.06885
1.18675
1.28835
1.36665
1.41299
1.42032
1.4163
1.4368
1.56043
1.6217
22.0698
24.7494
11.6387
0.0758422
0.225057
0.364646
0.498666
0.634789
0.774185
0.910471
1.03505
1.13973
1.21466
1.24343
1.19394
1.11759
1.01476
0.615233
-0.0483433
0.00157332
0.697918
-0.142846
-0.110672
0.0399326
0.167103
0.287051
0.420496
0.568783
0.718585
0.854846
0.965663
1.03844
1.0466
0.914359
0.826421
0.659794
0.100211
-0.239461
-0.373788
-0.185247
-13.4727
-0.311742
-0.166301
-0.0829677
-0.000243675
0.130543
0.30198
0.479787
0.637322
0.758519
0.828888
0.815107
0.617757
0.548103
0.499816
0.183511
-0.200573
-0.720142
-0.0255646
-3.85662
-0.524953
-0.39096
-0.449865
-0.446405
-0.296559
-0.0568463
0.181569
0.37962
0.522619
0.602692
0.59902
0.464587
0.406051
0.446763
0.218546
-0.0231353
0.245612
0.776572
4.69278
-0.750986
-0.646456
-1.21971
-1.29935
-0.990632
-0.541545
-0.176084
0.0899478
0.271363
0.382573
0.426961
0.406249
0.405757
0.465103
0.176348
0.128158
0.5214
0.889711
9.93038
-1.03883
-1.31518
-2.68579
-2.47047
-1.83345
-1.17058
-0.570625
-0.208966
0.0161194
0.174643
0.284569
0.362071
0.422547
0.415715
-0.0029646
-0.435274
0.510301
1.63253
-16.1308
-1.58002
-1.88923
-2.35021
-2.57334
-2.12611
-1.43321
-0.842104
-0.497852
-0.248745
-0.0340144
0.153546
0.323235
0.451574
0.482337
0.500937
0.454249
1.27767
1.92144
-5.98977
-2.13495
-2.26808
-2.41797
-3.0006
-2.161
-1.30934
-0.76686
-0.778203
-0.580599
-0.280607
0.00554878
0.279166
0.513658
0.650745
0.937632
1.08568
1.61793
1.93338
2.81459
-2.55803
-2.61232
-3.184
-4.69176
-3.27418
-2.52324
-1.13629
-1.21319
-1.15581
-0.639182
-0.204561
0.186916
0.525725
0.767095
1.18283
1.49162
1.79067
1.7165
0.0772634
-3.00574
-3.22744
-4.34337
-4.58081
-3.58842
-3.1732
-2.95818
-2.31576
-2.24936
-1.20696
-0.510749
0.0214339
0.478646
0.892947
1.2954
1.46083
1.70651
1.70797
2.18533
-3.48632
-3.80356
-4.43476
-4.74783
-4.43458
-4.05197
-3.7526
-3.49114
-3.01098
-1.91369
-0.903856
-0.210668
0.391445
0.882028
1.28175
1.41821
1.71849
1.55787
0.960655
-3.98507
-4.4663
-5.05467
-5.07729
-4.9892
-5.01738
-4.92773
-4.41858
-4.36756
-2.62241
-1.36688
-0.501404
0.273798
1.04055
1.43541
1.82037
2.32567
1.87632
1.80065
-4.46266
-5.09555
-5.62117
-5.39285
-5.49761
-5.82403
-5.82243
-5.18525
-4.85772
-3.144
-1.87779
-0.934219
0.0924325
0.799904
1.38998
2.22429
1.90294
2.26616
25.4034
-4.81003
-5.34142
-5.77134
-5.59501
-5.75659
-6.06218
-5.989
-5.41291
-4.8244
-3.39837
-2.40184
-1.4154
-0.473434
-1.00283
-1.95444
-2.97419
-5.39318
-5.59012
9.60004
-5.06901
-5.32885
-5.26522
-5.69832
-5.80543
-5.93608
-5.60112
-5.09092
-4.28818
-3.40112
-2.77121
-2.00131
-1.81361
-2.01252
-6.27839
-6.4625
-6.69535
-7.05615
-7.30304
-5.33058
-5.50761
-5.69115
-5.08089
-6.34548
-5.41416
-5.17995
-4.97729
-4.33677
-3.80524
-3.44186
-3.52161
-6.60383
-7.43571
-7.30879
-6.86607
-6.97783
-7.22505
-7.31938
-5.59106
-5.84264
-6.03371
-6.18954
-6.19671
-5.4774
-5.22082
-5.14018
-5.03633
-4.95547
-5.01919
-5.39281
-10.8368
-12.1216
-11.2886
-8.85018
-7.46266
-7.00703
-6.6697
-5.80243
-5.90029
-5.93862
-6.49607
-5.70306
-6.08259
-5.59582
-5.75925
-6.20653
-6.19788
-6.9109
-9.45612
-17.0018
-17.5084
-22.9749
-14.4318
-8.24846
-6.90935
-6.28209
-6.03586
-6.10512
-6.29836
-6.00573
-5.96406
-5.86192
-5.65366
-6.16492
-6.76899
-7.07766
-9.6508
-14.1983
-19.0619
-25.3009
-25.1929
-10.2994
-7.68537
-6.95005
-7.28018
-6.27714
-6.24506
-5.93958
-6.09658
-6.27454
-6.07896
-5.5971
-6.18703
-6.44927
-6.78179
-8.66141
-18.6515
-16.2601
-125.383
-8.99475
-6.61331
-7.25744
-6.75613
-7.50325
701.077
707.05
712.292
709.769
705.438
703.833
705.474
709.814
716.532
725.587
737.106
751.312
768.449
788.69
812.304
839.43
869.272
894.93
903.893
904.611
897.718
865.271
932.463
639.82
645.88
650.934
648.604
644.863
643.801
645.756
650.21
656.926
665.934
677.4
691.564
708.663
728.845
752.099
777.994
804.809
828.41
842.075
850.424
858.664
752.971
846.799
576.795
582.901
587.759
585.919
583.197
582.985
585.398
590.002
596.699
605.624
617.003
631.105
648.157
668.234
691.161
716.247
741.689
763.917
779.59
794.472
798.519
693.115
776.763
512.115
518.221
523.113
522.221
520.806
521.553
524.436
529.166
535.814
544.625
555.887
569.911
586.925
606.935
629.625
654.154
678.771
700.667
717.338
729.892
727.94
675.765
747.352
445.948
451.995
457.451
458.035
457.995
459.603
462.858
467.65
474.216
482.891
494.013
507.949
524.949
544.957
567.543
591.796
616.064
637.994
655.522
667.933
670.79
662.51
734.603
378.562
384.216
391.169
393.754
394.894
397.124
400.599
405.384
411.852
420.382
431.339
445.175
462.196
482.288
504.926
529.181
553.506
575.809
594.24
607.855
616.2
631.25
699.923
310.352
314.341
325.056
329.773
331.444
334.011
337.57
342.296
348.67
357.056
367.808
381.527
398.623
418.91
441.753
466.276
491.031
514.03
533.526
548.584
559.881
577.918
628.349
242.461
241.856
257.19
265.484
267.358
270.092
273.637
278.267
284.589
292.869
303.347
316.893
334.116
354.731
377.965
403.032
428.579
452.597
473.355
489.756
501.857
512.286
508.945
245.582
245.576
245.521
245.462
245.42
245.39
245.367
245.352
245.347
245.362
245.406
245.501
245.677
245.988
246.544
247.517
250.158
258.124
263.036
245.521
245.523
245.461
245.398
245.358
245.328
245.305
245.289
245.282
245.293
245.331
245.414
245.566
245.826
246.259
246.914
248.805
257.192
263.455
245.458
245.477
245.399
245.331
245.292
245.264
245.24
245.222
245.212
245.216
245.243
245.305
245.416
245.584
245.798
245.878
245.9
254.111
264.406
245.387
245.438
245.33
245.256
245.224
245.198
245.173
245.152
245.136
245.132
245.144
245.179
245.236
245.288
245.22
244.488
240.823
246.847
268.057
245.303
245.379
245.229
245.174
245.154
245.13
245.104
245.079
245.057
245.043
245.038
245.042
245.04
244.969
244.609
243.015
236.995
231.309
275.068
245.201
245.265
245.05
245.079
245.082
245.061
245.033
245.003
244.975
244.949
244.926
244.9
244.84
244.657
244.062
241.935
235.303
237.88
278.868
245.103
245.181
244.806
244.976
245.011
244.99
244.96
244.926
244.89
244.854
244.813
244.758
244.648
244.378
243.641
241.403
235.369
235.815
270.783
244.326
245.02
244.751
244.88
244.941
244.919
244.886
244.848
244.805
244.757
244.701
244.62
244.472
244.148
243.367
241.3
236.519
236.637
255.717
136.38
118.038
135.739
145.827
147.484
150.358
153.786
158.276
164.781
172.762
182.243
195.153
212.512
234.105
258.47
284.97
313.098
339.945
363.708
382.636
394.453
389.66
334.106
63.1347
15.1252
9.12287
17.4073
18.6027
20.4002
21.2777
22.9088
28.111
33.7467
38.1161
48.139
67.467
94.6493
119.445
146.761
179.376
210.924
240.14
263.837
281.346
289.902
285.282
2.34926
2.03759
2.12031
2.14396
2.18173
2.24115
2.2078
2.09505
2.00413
2.06105
2.16222
2.2281
2.31865
2.59146
6.30337
18.3892
49.4692
88.3624
120.663
150.33
177.231
199.112
215.931
1.95793
1.94478
1.96648
1.98485
2.00695
2.02067
1.9976
1.95066
1.88456
1.8702
1.99422
2.06155
2.1266
2.12358
2.17369
2.22879
2.29546
3.62552
17.3946
43.5627
78.1061
110.848
144.616
1.79694
1.80208
1.81208
1.82478
1.83727
1.84311
1.83558
1.8186
1.79853
1.78018
1.8555
1.90941
1.95683
1.99102
2.02952
2.06535
2.10063
2.06205
2.15856
2.26219
5.2353
27.73
68.1295
1.6427
1.64735
1.65479
1.66407
1.67318
1.67922
1.68066
1.67982
1.68272
1.69184
1.72433
1.76398
1.80368
1.8412
1.87881
1.91734
1.95872
1.99686
2.04312
2.08171
2.09722
2.05183
5.75107
1.47986
1.48689
1.4944
1.50283
1.51151
1.51937
1.52623
1.53356
1.54428
1.56049
1.58532
1.6172
1.65149
1.68714
1.72368
1.76159
1.80115
1.84079
1.87727
1.89109
1.86558
1.79743
1.80112
1.31134
1.32325
1.33199
1.34078
1.35011
1.3598
1.37007
1.3818
1.39637
1.415
1.43863
1.46706
1.4984
1.53161
1.56586
1.60042
1.63369
1.66108
1.66773
1.60609
1.43562
1.28681
1.3399
1.14555
1.15942
1.16851
1.17772
1.18786
1.19904
1.21154
1.22589
1.24279
1.26288
1.28656
1.31373
1.34355
1.37503
1.40703
1.43793
1.46448
1.4788
1.45767
1.3298
1.15628
1.0129
0.993939
0.986969
0.996007
1.00412
1.01342
1.02418
1.03646
1.05048
1.06657
1.08509
1.10638
1.13062
1.15768
1.18703
1.21779
1.24872
1.27791
1.30189
1.3132
1.29367
1.19178
1.0996
1.0134
1.06502
0.825895
0.831013
0.838232
0.847438
0.858597
0.87169
0.886822
0.904186
0.924011
0.946471
0.971607
0.999275
1.02904
1.06019
1.09164
1.12181
1.14819
1.16635
1.16825
1.13041
1.10938
1.12717
1.21481
0.660288
0.663624
0.670199
0.67929
0.690741
0.704463
0.720491
0.738944
0.759961
0.783622
0.809913
0.838671
0.86956
0.902068
0.93546
0.968728
1.00054
1.02921
1.05279
1.06905
1.09128
1.14491
1.22038
0.490647
0.493352
0.499589
0.508648
0.520359
0.534631
0.551467
0.570929
0.593087
0.617981
0.645578
0.675753
0.708283
0.742876
0.779158
0.816671
0.854973
0.893801
0.933494
0.975777
1.02538
1.08402
1.15548
0.317128
0.319804
0.325989
0.335151
0.347168
0.361979
0.379575
0.399982
0.423238
0.449372
0.478374
0.510194
0.544728
0.581874
0.621536
0.663657
0.708286
0.755731
0.806735
0.86258
0.924615
0.992999
1.06811
0.139735
0.14264
0.148983
0.158387
0.170781
0.186137
0.204454
0.225751
0.250068
0.27745
0.307935
0.341552
0.378309
0.41824
0.461432
0.508044
0.558361
0.612827
0.672032
0.736587
0.806743
0.882162
0.962598
-0.0415009
-0.0382547
-0.0316401
-0.0219171
-0.00910675
0.00679102
0.0257904
0.0479353
0.0732812
0.10191
0.133909
0.169371
0.2084
0.25113
0.297752
0.348533
0.403821
0.464041
0.529591
0.600704
0.677258
0.758758
0.844684
-0.226439
-0.222802
-0.21589
-0.205832
-0.192613
-0.176205
-0.156562
-0.133625
-0.1073
-0.0774715
-0.044015
-0.00677425
0.0344177
0.0797733
0.129557
0.184074
0.243684
0.308745
0.379526
0.456097
0.538208
0.625313
0.716741
-0.414932
-0.410915
-0.403729
-0.393367
-0.37978
-0.362908
-0.342693
-0.319041
-0.291829
-0.260915
-0.226132
-0.187287
-0.144155
-0.0964629
-0.0439037
0.0138648
0.0771929
0.146403
0.2217
0.30309
0.390304
0.482787
0.579803
-0.606904
-0.602567
-0.595165
-0.584557
-0.570659
-0.553407
-0.532709
-0.508449
-0.480491
-0.448655
-0.412752
-0.372544
-0.327766
-0.278108
-0.223217
-0.162729
-0.0962648
-0.0235048
0.0557466
0.1415
0.233513
0.331269
0.434004
-0.802348
-0.797786
-0.790247
-0.779457
-0.765335
-0.747795
-0.726733
-0.702016
-0.67348
-0.640939
-0.604167
-0.562894
-0.516827
-0.465622
-0.408898
-0.346238
-0.277234
-0.201526
-0.118877
-0.0292203
0.067303
0.170255
0.278868
-1.00129
-0.996616
-0.989022
-0.978133
-0.963875
-0.946162
-0.924875
-0.89987
-0.870971
-0.837968
-0.800621
-0.758636
-0.711688
-0.659416
-0.601387
-0.537153
-0.466249
-0.388254
-0.302855
-0.20983
-0.109151
-0.00112717
0.113477
-1.20374
-1.19912
-1.19154
-1.18063
-1.16635
-1.14859
-1.12723
-1.10213
-1.0731
-1.03992
-1.00233
-0.960018
-0.91265
-0.859822
-0.801088
-0.735939
-0.663859
-0.584355
-0.496959
-0.401238
-0.296908
-0.184093
-0.0634921
-1.40978
-1.40534
-1.39782
-1.38698
-1.37277
-1.35511
-1.33386
-1.30888
-1.27998
-1.24691
-1.20943
-1.16722
-1.11991
-1.06711
-1.00831
-0.942995
-0.87058
-0.790467
-0.702011
-0.604492
-0.497323
-0.380291
-0.253827
-1.61949
-1.61527
-1.60784
-1.59715
-1.58314
-1.56572
-1.54477
-1.52013
-1.49161
-1.45899
-1.422
-1.38032
-1.3336
-1.28142
-1.22327
-1.15861
-1.0868
-1.00716
-0.918809
-0.820766
-0.712028
-0.5918
-0.459854
-1.83291
-1.82886
-1.82157
-1.8111
-1.79741
-1.78039
-1.75993
-1.73586
-1.708
-1.67614
-1.64002
-1.59934
-1.55374
-1.50281
-1.44606
-1.38294
-1.31279
-1.23484
-1.14808
-1.05122
-0.942802
-0.821136
-0.684736
-2.04994
-2.04601
-2.0389
-2.02876
-2.01551
-1.99904
-1.97925
-1.95598
-1.92906
-1.89829
-1.86343
-1.82419
-1.78025
-1.73121
-1.67662
-1.61595
-1.54858
-1.47371
-1.39025
-1.29676
-1.19132
-1.07123
-0.932935
-2.27041
-2.26661
-2.25974
-2.25
-2.2373
-2.22155
-2.20262
-2.18037
-2.15466
-2.1253
-2.09206
-2.05471
-2.01294
-1.96642
-1.91473
-1.85741
-1.79393
-1.72355
-1.64526
-1.55765
-1.45864
-1.34481
-1.21046
-2.49418
-2.49046
-2.48391
-2.47467
-2.46265
-2.44775
-2.42986
-2.40885
-2.3846
-2.35693
-2.32567
-2.2906
-2.2515
-2.20806
-2.15996
-2.10684
-2.04827
-1.98371
-1.91237
-1.83313
-1.74429
-1.64279
-1.52276
-2.72099
-2.71738
-2.71122
-2.70259
-2.69136
-2.67745
-2.66076
-2.64119
-2.61862
-2.59292
-2.56394
-2.53153
-2.4955
-2.45565
-2.41175
-2.36354
-2.31075
-2.2531
-2.19014
-2.12128
-2.04565
-1.96172
-1.86702
-2.95048
-2.94711
-2.94146
-2.93352
-2.92319
-2.91041
-2.89507
-2.87711
-2.85643
-2.83293
-2.80652
-2.77707
-2.74448
-2.70864
-2.66941
-2.62667
-2.58032
-2.53035
-2.47673
-2.41939
-2.35841
-2.29403
-2.22725
-3.18234
-3.1794
-3.17437
-3.16722
-3.15791
-3.14636
-3.13251
-3.11632
-3.09771
-3.07661
-3.05298
-3.02675
-2.99789
-2.96637
-2.93218
-2.89531
-2.85585
-2.81403
-2.77021
-2.72482
-2.67867
-2.63313
-2.59065
-3.41634
-3.41403
-3.4097
-3.40344
-3.39523
-3.38502
-3.37278
-3.35848
-3.34208
-3.32355
-3.30288
-3.28008
-3.25515
-3.22818
-3.19926
-3.16852
-3.13619
-3.10274
-3.06887
-3.03547
-3.00391
-2.97635
-2.95636
-3.65236
-3.65078
-3.64722
-3.64191
-3.63487
-3.62608
-3.61554
-3.60323
-3.58915
-3.57331
-3.55574
-3.53648
-3.51563
-3.49333
-3.46979
-3.44529
-3.42019
-3.39514
-3.37114
-3.34955
-3.33228
-3.32254
-3.32563
-3.89035
-3.88947
-3.88669
-3.88236
-3.87654
-3.86924
-3.86045
-3.8502
-3.83852
-3.82544
-3.81105
-3.79542
-3.77869
-3.7611
-3.74295
-3.72464
-3.70669
-3.68987
-3.67544
-3.66517
-3.66168
-3.66928
-3.69563
-4.13025
-4.12992
-4.12788
-4.12454
-4.11996
-4.11415
-4.10716
-4.09902
-4.08978
-4.07952
-4.06833
-4.05634
-4.04375
-4.03083
-4.01798
-4.00569
-3.99462
-3.98567
-3.98023
-3.98041
-3.98943
-4.01248
-4.05886
-4.37185
-4.37189
-4.37054
-4.36816
-4.36482
-4.36054
-4.35536
-4.34934
-4.34257
-4.33512
-4.32714
-4.31877
-4.31026
-4.30192
-4.29418
-4.28763
-4.28302
-4.28134
-4.28404
-4.29337
-4.31281
-4.34775
-4.40715
-4.61482
-4.6151
-4.61438
-4.61294
-4.61083
-4.60807
-4.60471
-4.60082
-4.5965
-4.59186
-4.58704
-4.58224
-4.57771
-4.57379
-4.57095
-4.56978
-4.57108
-4.57586
-4.58559
-4.60246
-4.62978
-4.67235
-4.73746
-4.85873
-4.85918
-4.85905
-4.85854
-4.85764
-4.85639
-4.85483
-4.85306
-4.85117
-4.84929
-4.84759
-4.84626
-4.84558
-4.84591
-4.8477
-4.85153
-4.85816
-4.86855
-4.8841
-4.90677
-4.93934
-4.98555
-5.05084
-5.10319
-5.1038
-5.10427
-5.10469
-5.10499
-5.10522
-5.10545
-5.10575
-5.10626
-5.1071
-5.10844
-5.11049
-5.11353
-5.11792
-5.12408
-5.13255
-5.14399
-5.15926
-5.17954
-5.20643
-5.24188
-5.28848
-5.34942
-5.34804
-5.34882
-5.34991
-5.35126
-5.35275
-5.35444
-5.35642
-5.35877
-5.36162
-5.36512
-5.36943
-5.37477
-5.38139
-5.38965
-5.39994
-5.41272
-5.42855
-5.44812
-5.4723
-5.50219
-5.53891
-5.5836
-5.63747
-5.59148
-5.59249
-5.59431
-5.59657
-5.59921
-5.60231
-5.60597
-5.61029
-5.6154
-5.62145
-5.62861
-5.63708
-5.64712
-5.65904
-5.6732
-5.68999
-5.70988
-5.73335
-5.76096
-5.79325
-5.83052
-5.87265
-5.9191
-5.83866
-5.84049
-5.84313
-5.84632
-5.85015
-5.85474
-5.86018
-5.86658
-5.87409
-5.88284
-5.89302
-5.90484
-5.91853
-5.93439
-5.95272
-5.97388
-5.99825
-6.02616
-6.05782
-6.09326
-6.13202
-6.1729
-6.21335
236.646
163.536
170.815
164.883
272.005
265.099
260.67
258.188
226.083
235.771
247.178
258.882
166.299
184.945
205.494
227.383
95.0909
118.853
144.176
172.034
19.6719
40.518
65.6899
92.9736
1.96264
2.03262
2.79345
11.0788
1.55973
1.67792
1.75448
1.74285
1.2196
1.44734
1.61237
1.69929
1.25805
1.45486
1.62036
1.71692
1.34224
1.45434
1.55507
1.60101
1.27604
1.33345
1.39683
1.44626
1.20538
1.24724
1.29278
1.3401
1.11744
1.15816
1.20053
1.24387
1.01391
1.0554
1.09792
1.14122
0.89868
0.941908
0.985931
1.03063
0.773855
0.819388
0.865612
0.912473
0.640301
0.688459
0.737293
0.786739
0.498098
0.549119
0.600833
0.653149
0.346765
0.400843
0.45563
0.511002
0.18534
0.242623
0.300645
0.359215
0.0124632
0.0731049
0.134523
0.196418
-0.173611
-0.109343
-0.0442667
0.0211018
-0.375144
-0.306865
-0.23761
-0.168328
-0.595287
-0.522263
-0.447666
-0.373168
-0.838841
-0.760075
-0.677536
-0.593835
-1.11451
-1.03086
-0.938123
-0.836427
-1.43489
-1.35592
-1.26291
-1.14986
-1.80194
-1.74755
-1.68988
-1.63179
-2.1875
-2.15892
-2.13645
-2.12701
-2.56969
-2.55646
-2.54879
-2.54985
-2.95208
-2.95322
-2.96136
-2.98022
-3.3399
-3.35848
-3.38819
-3.43443
-3.72875
-3.76626
-3.82025
-3.89825
-4.10733
-4.16051
-4.23454
-4.33952
-4.46274
-4.52028
-4.59556
-4.69462
-4.79323
-4.84745
-4.91307
-4.99214
-5.10311
-5.15184
-5.20827
-5.27323
-5.39551
-5.43687
-5.48446
-5.53962
-5.67492
-5.70648
-5.73996
-5.77519
-5.94848
-5.97178
-5.99506
-6.01904
-6.23564
-6.25112
-6.26401
-6.27336
167.976
239.64
244.793
244.77
244.807
244.786
244.75
244.704
244.647
244.58
244.499
244.387
244.202
243.847
243.166
241.731
239.369
239.108
242.996
258.045
246.804
244.728
244.664
244.659
244.638
244.598
244.542
244.47
244.384
244.285
244.162
243.992
243.709
243.248
242.548
241.692
241.591
242.381
279.791
245.193
244.406
244.482
244.52
244.505
244.458
244.392
244.302
244.195
244.085
243.961
243.851
243.665
243.411
243.123
242.941
243.205
244.479
264.057
244.052
244.168
244.3
244.396
244.39
244.333
244.257
244.146
244.006
243.877
243.792
243.727
243.653
243.534
243.45
243.512
243.847
247.99
236.994
244.015
244.167
244.09
244.166
244.238
244.219
244.145
244.004
243.806
243.595
243.588
243.569
243.646
243.592
243.579
243.689
244.027
247.08
149.354
199.535
201.086
158.894
197.445
241.186
244.157
244.048
243.803
243.214
242.838
242.809
243.444
243.633
243.617
243.565
243.606
243.943
244.763
49.3279
95.7993
113.783
115.462
144.904
193.405
216.716
244.299
243.439
228.556
115.636
206.297
237.269
243.627
243.6
243.323
243.046
243.573
248.176
2.07781
13.1881
30.9354
44.8507
66.1192
100.891
151.994
211.089
213.534
93.435
88.4659
133.447
191.37
253.484
242.057
228.079
231.138
242.442
245.535
1.76211
1.86328
1.99319
2.1817
5.6604
16.2742
36.8857
67.9789
88.2193
66.7567
52.3128
60.7484
92.5648
144.253
158.684
113.655
196.094
248.456
317.225
1.75948
1.79975
1.8906
1.99706
2.11372
2.22677
2.37117
2.63171
5.55368
6.14755
5.05414
5.73094
12.9931
35.8739
70.6923
123.89
269.009
479.75
630.968
1.64606
1.7041
1.78482
1.90867
2.03495
2.15515
2.27451
2.41698
2.58466
2.70834
2.74431
2.80655
2.91632
3.05266
4.35289
33.2824
203.821
551.083
830.737
1.53099
1.61719
1.70934
1.8251
1.94669
2.06613
2.18919
2.32054
2.45508
2.57093
2.64533
2.72375
2.85132
2.98375
3.11276
3.43865
30.2832
404.478
735.131
1.42935
1.52703
1.62941
1.74051
1.85628
1.97448
2.09568
2.21976
2.34247
2.45344
2.5398
2.62295
2.7563
2.89516
3.00239
3.17964
3.48936
172.658
466.047
1.33115
1.43288
1.53844
1.64915
1.76353
1.88044
1.99928
2.11879
2.23614
2.3463
2.44086
2.52371
2.64351
2.77583
2.86937
2.97293
3.41929
21.3637
225.725
1.22949
1.3344
1.44246
1.55402
1.66841
1.78466
1.90169
2.01817
2.13236
2.24163
2.34112
2.42671
2.52809
2.64836
2.73869
2.67926
1.7486
4.16327
99.3261
1.12186
1.23056
1.34173
1.45534
1.57085
1.68718
1.80306
1.9174
2.02893
2.13573
2.23523
2.32334
2.40891
2.50707
2.60113
2.68022
-27.1049
-9.15442
60.5128
1.00794
1.12128
1.23639
1.35299
1.47051
1.58761
1.70293
1.81558
1.92436
2.02743
2.12323
2.20948
2.2853
2.35717
2.40604
2.69466
-23.9189
5.71744
71.7787
0.887268
1.00609
1.12595
1.24637
1.36665
1.48522
1.60052
1.71167
1.81734
1.91578
2.0061
2.08808
2.15987
2.21634
2.22281
1.98008
13.4448
43.2481
107.443
0.759304
0.884216
1.00944
1.13433
1.25804
1.37875
1.49456
1.60433
1.70645
1.79918
1.88259
1.95982
2.03628
2.11749
2.18074
2.08928
-24.6677
35.0335
149.784
0.623127
0.754471
0.885227
1.01482
1.14249
1.26609
1.38315
1.49182
1.58987
1.67506
1.74793
1.81618
1.89749
2.01497
2.16015
2.75693
21.2238
49.0027
107.018
0.477654
0.615119
0.750741
0.884512
1.01624
1.14361
1.26315
1.37169
1.46552
1.54051
1.5952
1.63959
1.70174
1.80916
1.93879
1.72967
12.0047
29.2013
51.1204
0.321057
0.463575
0.601947
0.738022
0.87335
1.00552
1.12948
1.23997
1.33095
1.39432
1.42147
1.41699
1.42259
1.44946
1.86571
10.1218
24.2168
17.1341
14.0944
0.151568
0.296002
0.431829
0.566171
0.704354
0.843261
0.974744
1.0904
1.18172
1.2362
1.23027
1.15464
1.07546
0.896141
-0.170441
-0.0713956
0.312879
1.03011
8.46331
-0.0325858
0.106048
0.226213
0.351534
0.493427
0.644511
0.789211
0.914121
1.00785
1.05331
1.00545
0.859412
0.767185
0.45741
-0.194399
-0.310145
-0.295222
-0.234704
12.3371
-0.231951
-0.118782
-0.0459995
0.0585873
0.213192
0.392097
0.562254
0.703264
0.801218
0.835556
0.747442
0.521533
0.567918
0.367078
-0.000320937
-0.443659
-0.610753
0.703944
18.3886
-0.438381
-0.407458
-0.465944
-0.389068
-0.180978
0.0658285
0.28693
0.458424
0.57116
0.613543
0.552198
0.37865
0.461838
0.353326
0.0869206
0.0934763
0.479112
1.81754
5.99154
-0.626521
-0.922316
-1.31299
-1.18906
-0.76044
-0.346254
-0.0311746
0.18999
0.335368
0.413323
0.42348
0.386788
0.451837
0.370364
0.0633879
0.299268
0.921602
1.2622
2.11674
-0.828777
-2.44785
-2.56564
-2.19887
-1.50517
-0.843536
-0.364115
-0.0861466
0.102404
0.234746
0.326269
0.393903
0.440972
0.308045
-0.379005
-0.310429
1.26395
1.74643
-5.98941
-1.56343
-2.36529
-2.44547
-2.43889
-1.77551
-1.11828
-0.641754
-0.37018
-0.136946
0.0624192
0.240487
0.398116
0.475666
0.537899
0.416687
0.740291
1.69899
3.22104
-3.45482
-2.20737
-2.45017
-2.89625
-2.74615
-1.73001
-0.987094
-0.760665
-0.709618
-0.430863
-0.135742
0.144409
0.406455
0.581566
0.797246
0.998454
1.34722
1.76555
2.29424
3.79937
-2.58199
-2.76866
-5.19557
-3.70891
-2.97354
-1.68371
-1.11984
-1.24807
-0.900907
-0.413219
-0.00397121
0.365683
0.65507
0.963257
1.33825
1.65213
1.77817
2.19403
8.79832
-3.07384
-3.62723
-4.88492
-4.02012
-3.33091
-3.06621
-2.77834
-2.39666
-1.71869
-0.819465
-0.234388
0.258132
0.684238
1.11609
1.37853
1.54747
1.80933
1.42795
14.6313
-3.60184
-4.10485
-4.6852
-4.62758
-4.23675
-3.89457
-3.63302
-3.37951
-2.62409
-1.32542
-0.541382
0.0982502
0.645368
1.12076
1.32578
1.47548
1.73073
1.73443
12.2619
-4.17112
-4.82662
-5.10482
-5.0354
-4.98311
-5.02594
-4.70109
-4.3136
-3.57198
-1.89665
-0.913396
-0.102978
0.658969
1.26512
1.6506
2.02492
2.31491
2.03587
12.1031
-4.71904
-5.61447
-5.4682
-5.40445
-5.67281
-5.89051
-5.55915
-5.00259
-4.04367
-2.43826
-1.38977
-0.450257
0.51774
0.98959
1.83653
2.39247
0.804355
5.82476
69.6152
-5.01857
-5.7224
-5.63224
-5.64441
-5.95193
-6.07117
-5.73556
-5.21066
-4.08225
-2.86198
-1.94828
-0.829894
-0.495104
-1.14747
-0.187875
-4.41641
-5.82757
-3.92183
52.2961
-5.18765
-5.28621
-5.62388
-5.73389
-5.90967
-5.74633
-5.34785
-4.79508
-3.7334
-3.13225
-2.30657
-1.82105
-2.68624
-5.58667
-6.43502
-6.53037
-6.85047
-7.17513
-4.4654
-5.43592
-5.55047
-5.05753
-6.79369
-5.87901
-5.41484
-5.03536
-4.79475
-3.97775
-3.68831
-3.38479
-3.8882
-7.32528
-7.85057
-7.00953
-6.89286
-7.04287
-7.26595
-5.17413
-5.67134
-5.85723
-6.09152
-6.49431
-5.2789
-5.48319
-5.1598
-5.13945
-4.9412
-4.93243
-5.25764
-8.19033
-12.802
-11.6125
-10.1774
-7.91849
-7.13304
-6.71282
-7.12019
-5.84703
-5.9417
-6.40931
-6.26107
-5.89312
-5.87858
-5.55282
-6.04441
-6.24147
-6.33657
-7.42429
-14.859
-16.9371
-19.7666
-21.3464
-10.2378
-7.3137
-6.51755
-5.61626
-6.07612
-6.16872
-6.43131
-6.01659
-5.94577
-5.70953
-5.80654
-6.50781
-6.95554
-7.3692
-12.4639
-15.8447
-21.5375
-28.4276
-14.4061
-8.43953
-7.19375
-6.61329
-3.23321
-6.28521
-6.19021
-5.86065
-6.2229
-6.34362
-5.69343
-5.85704
-6.30398
-6.56477
-7.36389
-17.861
-15.3304
-50.7992
-32.2597
-6.02769
-7.25352
-6.93284
-6.53083
-38.8407
)
;

boundaryField
{
    leftWall
    {
        type            calculated;
        value           nonuniform List<scalar> 
100
(
731.207
671.08
608.962
545.183
479.979
413.801
347.524
282.952
206.55
111.58
37.4155
1.98585
1.87037
1.72307
1.56349
1.39607
1.22722
1.06629
0.906316
0.742534
0.574839
0.403293
0.227889
0.0486127
-0.13445
-0.321156
-0.511385
-0.7051
-0.902308
-1.10303
-1.30731
-1.5152
-1.72675
-1.94194
-2.16066
-2.38276
-2.60804
-2.8362
-3.06686
-3.29973
-3.53461
-3.7714
-4.01009
-4.25058
-4.49266
-4.73595
-4.97995
-5.2243
-5.46836
-5.7099
701.434
640.24
577.269
512.737
446.971
380.593
314.858
252.349
153.805
74.5159
8.45544
1.93229
1.79859
1.64442
1.48051
1.31115
1.14574
0.986746
0.82492
0.659169
0.489547
0.316078
0.138734
-0.0424534
-0.227356
-0.415835
-0.607809
-0.803267
-1.00223
-1.20472
-1.4108
-1.62052
-1.8339
-2.05087
-2.2713
-2.49502
-2.72178
-2.95124
-3.18304
-3.41693
-3.65277
-3.89051
-4.13012
-4.37144
-4.61419
-4.85789
-5.10211
-5.34648
-5.58919
-5.83472
)
;
    }
    rightWall
    {
        type            calculated;
        value           nonuniform List<scalar> 
100
(
263.036
263.455
264.406
268.057
275.068
278.868
270.783
255.717
242.996
242.381
244.479
247.99
247.08
244.763
248.176
245.535
317.225
630.968
830.737
735.131
466.047
225.725
99.3261
60.5128
71.7787
107.443
149.784
107.018
51.1204
14.0944
8.46331
12.3371
18.3886
5.99154
2.11674
-5.98941
-3.45482
3.79937
8.79832
14.6313
12.2619
12.1031
69.6152
52.2961
-4.4654
-5.17413
-7.12019
-5.61626
-3.23321
-38.8407
262.978
263.193
263.832
265.551
272.181
281.518
273.047
265.065
243.518
243.302
243.068
246.343
247.294
246.016
246.527
246.939
251.093
479.468
761.406
819.445
608.257
333.208
148.596
72.1017
60.5822
89.3795
130.666
142.663
70.0177
37.2561
8.74497
8.9483
21.0944
8.45313
6.13797
-3.01631
-6.17616
1.60987
3.18582
16.3355
14.7794
6.10754
27.6239
94.85
3.7436
-4.71289
-5.79446
-6.64117
-5.59486
-19.98
)
;
    }
    lowerWall
    {
        type            calculated;
        value           nonuniform List<scalar> 
124
(
745.741
751.652
756.937
754.383
749.935
748.218
749.791
754.104
760.821
769.887
781.418
795.634
812.818
833.298
857.217
884.811
914.894
939.093
944.795
951.806
942.977
926.105
982.108
932.463
846.799
776.763
747.352
734.603
699.923
628.349
508.945
276.754
249.333
236.764
230.79
245.608
245.548
245.484
245.415
245.333
245.234
245.116
244.96
245.627
245.618
245.565
245.507
245.465
245.435
245.412
245.396
245.393
245.407
245.453
245.549
245.727
246.044
246.616
247.665
250.479
258.3
262.992
745.921
747.933
755.375
756.378
751.978
748.644
748.627
751.635
757.171
765.056
775.332
788.174
803.834
822.634
844.811
870.556
899.794
928.723
944.995
941.396
950.602
936.057
958.648
257.866
273.522
241.142
234.009
245.623
245.628
245.596
245.534
245.484
245.449
245.422
245.403
245.393
245.397
245.425
245.493
245.625
245.864
246.286
247.062
248.621
253.822
261.923
967.404
891.13
806.889
757.375
741.664
721.387
669.086
575.759
245.578
245.516
245.451
245.377
245.285
245.179
245.044
244.87
)
;
    }
    atmosphere
    {
        type            calculated;
        value           nonuniform List<scalar> 
92
(
-5.9075
-5.90896
-5.91181
-5.91531
-5.91956
-5.92467
-5.93074
-5.93789
-5.94625
-5.95598
-5.96726
-5.9803
-5.99535
-6.0127
-6.03265
-6.05554
-6.08175
-6.11156
-6.14513
-6.18231
-6.22248
-6.26408
-6.30396
-6.32486
-6.33853
-6.34899
-6.35549
-6.36778
-6.36986
-6.0306
-6.44198
-6.42368
-5.85469
-6.13036
-6.24067
-6.40154
-6.21396
-26.2259
-11.7874
-223.64
-82.3297
-6.05681
-7.45649
-6.91986
-5.91386
-381.743
-5.90083
-5.9075
-5.91031
-5.91347
-5.91733
-5.922
-5.92758
-5.93417
-5.9419
-5.95093
-5.96141
-5.97354
-5.98756
-6.00372
-6.02232
-6.0437
-6.06821
-6.09618
-6.12787
-6.16328
-6.20208
-6.24324
-6.2845
-6.31702
-6.33206
-6.34422
-6.35273
-6.35601
-6.32651
-6.00177
-6.07392
-6.44218
-5.82427
-5.76791
-6.28858
-6.36047
-6.40154
-6.21087
-18.1762
-10.9708
-321.149
-5.81435
-6.85179
-7.44297
-6.49205
-5.72936
)
;
    }
    defaultFaces
    {
        type            empty;
    }
}


// ************************************************************************* //
