/*--------------------------------*- C++ -*----------------------------------*\
| =========                 |                                                 |
| \\      /  F ield         | OpenFOAM: The Open Source CFD Toolbox           |
|  \\    /   O peration     | Version:  v1912                                 |
|   \\  /    A nd           | Website:  www.openfoam.com                      |
|    \\/     M anipulation  |                                                 |
\*---------------------------------------------------------------------------*/
FoamFile
{
    version     2.0;
    format      ascii;
    class       volScalarField;
    location    "0.45";
    object      p_rgh;
}
// * * * * * * * * * * * * * * * * * * * * * * * * * * * * * * * * * * * * * //

dimensions      [1 -1 -2 0 0 0 0];


internalField   nonuniform List<scalar> 
9072
(
745.578
747.933
755.375
756.378
751.978
748.644
748.627
751.635
757.171
765.056
775.332
788.174
803.834
822.634
844.811
870.556
899.794
928.723
944.995
941.396
950.602
936.057
958.648
743.242
746.497
753.902
754.872
750.734
747.769
748.024
751.164
756.732
764.599
774.841
787.652
803.279
821.948
843.795
868.788
896.307
923.821
943.824
943.311
960.52
905.292
906.717
739.131
743.256
750.526
751.493
748.004
745.86
746.679
750.075
755.695
763.516
773.686
786.434
802.016
820.615
842.249
866.646
892.747
917.723
936.81
947.55
971.684
877.526
851.51
733.457
738.29
745.412
746.624
744.193
743.166
744.688
748.376
754.034
761.779
771.842
784.501
800.029
818.574
840.044
863.974
889.151
913.099
932.333
946.12
960.635
884.763
866.948
726.55
731.735
738.814
740.79
739.768
739.93
742.12
746.048
751.704
759.344
769.272
781.82
797.297
815.821
837.202
860.845
885.491
908.965
928.618
943.142
952.198
928.482
937.339
719.031
723.758
730.985
734.527
735.084
736.273
738.968
743.034
748.644
756.161
765.936
778.351
793.784
812.342
833.74
857.299
881.78
905.231
925.424
940.957
950.775
950.835
987.996
712.155
714.071
721.966
728.398
730.279
732.159
735.152
739.254
744.786
752.185
761.791
774.048
789.448
808.108
829.645
853.329
877.985
901.799
922.748
939.44
951.335
961.498
1001.3
708.505
702.194
711.11
722.868
725.319
727.448
730.568
734.632
740.086
747.395
756.795
768.822
784.196
803.061
824.886
848.9
874.053
898.597
920.552
938.529
952.075
963.743
988.247
245.622
245.628
245.596
245.534
245.484
245.449
245.422
245.403
245.393
245.397
245.425
245.493
245.625
245.864
246.286
247.062
248.621
253.822
261.923
245.619
245.631
245.598
245.532
245.482
245.447
245.421
245.401
245.39
245.393
245.418
245.481
245.605
245.827
246.21
246.88
248.054
253.073
262.07
245.612
245.637
245.603
245.526
245.476
245.443
245.417
245.396
245.383
245.381
245.4
245.451
245.552
245.724
245.993
246.404
246.718
250.954
262.041
245.598
245.645
245.609
245.514
245.466
245.436
245.41
245.388
245.371
245.364
245.373
245.406
245.473
245.575
245.68
245.694
244.471
246.445
261.325
245.565
245.645
245.604
245.491
245.452
245.427
245.402
245.377
245.356
245.341
245.338
245.35
245.376
245.395
245.315
244.846
241.72
238.979
269.031
245.517
245.625
245.524
245.438
245.435
245.416
245.391
245.364
245.337
245.315
245.298
245.286
245.27
245.206
244.949
244.046
239.93
237.632
272.617
245.441
245.581
245.856
245.336
245.416
245.405
245.379
245.348
245.317
245.285
245.254
245.219
245.163
245.024
244.632
243.455
239.13
235.22
237.863
245.326
245.795
245.7
245.293
245.397
245.394
245.366
245.332
245.294
245.254
245.209
245.153
245.062
244.866
244.391
243.116
239.15
235.4
238.933
718.57
687.238
695.969
714.381
718.105
720.348
723.477
727.379
732.724
739.98
749.098
760.736
776.089
795.369
817.713
842.445
868.771
894.756
918.338
938.092
952.936
961.25
947.549
764.476
701.539
583.795
683.479
697.582
703.513
707.4
710.745
716.348
724.707
732.95
743.53
759.124
779.066
801.01
828.782
858.642
888.68
916.376
940.024
957.909
966.277
956.587
172.033
96.2012
2.8732
2.95571
2.9892
3.06035
3.18896
8.89911
29.6275
54.2767
68.1955
113.126
214.244
416.73
672.468
811.772
849.654
883.302
916.275
945.944
971.106
989.798
1000.68
2.87264
2.85938
2.91164
2.92438
2.95625
2.98837
2.9952
2.92096
2.85775
2.88463
3.09946
3.05366
3.12694
3.15924
3.1511
3.21155
53.0247
345.36
924.378
959.183
989.563
1019.05
1046.02
2.86414
2.87463
2.88716
2.89966
2.9164
2.93006
2.92821
2.90305
2.86738
2.82519
2.97369
2.95536
3.04265
3.09863
3.19198
3.26124
3.14477
3.20406
3.269
81.7064
525.104
1051.04
1089.8
2.83516
2.85117
2.85793
2.86721
2.87806
2.88652
2.88819
2.8824
2.87496
2.87106
2.8905
2.94292
2.99296
3.02778
3.06378
3.10232
3.13906
3.1833
3.21476
3.25064
3.34429
3.62089
516.253
2.79645
2.81851
2.82459
2.83249
2.84134
2.84931
2.85494
2.85873
2.86384
2.87467
2.89368
2.92671
2.96533
2.99945
3.03644
3.0745
3.11439
3.15793
3.19871
3.23687
3.25801
3.23338
3.17338
2.75227
2.78011
2.78804
2.79613
2.80491
2.81383
2.82254
2.83162
2.84273
2.85789
2.87843
2.90576
2.93709
2.97073
3.00571
3.04166
3.07841
3.11573
3.14536
3.15355
3.1252
3.74582
3.69158
2.71206
2.73975
2.74982
2.7585
2.76789
2.77799
2.78893
2.80116
2.81556
2.83311
2.85454
2.88025
2.90942
2.94087
2.97365
3.00666
3.03823
3.06439
3.07384
3.11325
3.14036
2.67333
3.12443
2.67826
2.70176
2.71107
2.71988
2.72975
2.74086
2.75337
2.76762
2.78409
2.80327
2.82556
2.85107
2.87942
2.90976
2.94107
2.97187
2.99965
3.01917
3.01734
2.95111
2.83992
2.67869
2.58342
2.64163
2.66397
2.67154
2.67994
2.69006
2.7019
2.71554
2.73119
2.74913
2.76964
2.7929
2.81891
2.84737
2.87763
2.90871
2.93917
2.96669
2.98703
2.99131
2.95702
2.8758
2.84311
2.85827
2.60107
2.62422
2.63012
2.63811
2.64836
2.66072
2.67522
2.69196
2.71111
2.73284
2.75722
2.78418
2.81345
2.84453
2.87666
2.90875
2.93923
2.96575
2.98471
2.99054
2.97873
3.00514
3.19077
2.55665
2.58123
2.58622
2.59395
2.60429
2.61708
2.6323
2.64998
2.67025
2.69318
2.7188
2.747
2.77759
2.81021
2.84441
2.87953
2.9148
2.94936
2.98249
3.0143
3.04809
3.09422
3.15841
2.50837
2.53478
2.53943
2.54708
2.55757
2.57077
2.58665
2.60522
2.62655
2.65066
2.67757
2.70721
2.73947
2.77416
2.81107
2.84997
2.89064
2.93304
2.9775
3.02512
3.07814
3.13858
3.20672
2.45622
2.48466
2.48931
2.49709
2.50783
2.52147
2.53799
2.5574
2.57972
2.60499
2.63323
2.66446
2.69863
2.73571
2.77568
2.81858
2.86452
2.91381
2.96697
3.02484
3.0883
3.15759
3.23241
2.40023
2.43072
2.43559
2.44361
2.45469
2.46881
2.48595
2.50614
2.52942
2.55583
2.58545
2.61833
2.65454
2.69415
2.73726
2.78407
2.83483
2.88996
2.94991
3.01517
3.08595
3.16204
3.24293
2.34052
2.37303
2.37819
2.38653
2.39798
2.41256
2.4303
2.45123
2.47542
2.50295
2.53392
2.56846
2.60669
2.64876
2.69489
2.74533
2.80039
2.86048
2.92595
2.99706
3.07379
3.15574
3.24232
2.27724
2.31174
2.3172
2.32583
2.33764
2.35266
2.37094
2.39255
2.41758
2.44615
2.4784
2.51448
2.55459
2.59893
2.64779
2.70146
2.76029
2.82463
2.89478
2.97087
3.0528
3.14014
3.23224
2.21046
2.24691
2.25263
2.26152
2.27364
2.28904
2.3078
2.33001
2.35578
2.38526
2.41862
2.45605
2.4978
2.54412
2.59533
2.65178
2.71381
2.7818
2.85598
2.93648
3.02317
3.11564
3.21324
2.1402
2.17855
2.18448
2.19357
2.20592
2.22163
2.24076
2.26345
2.28982
2.32004
2.3543
2.39285
2.43594
2.48387
2.537
2.59571
2.66039
2.73142
2.80907
2.89347
2.98455
3.08197
3.18509
2.06643
2.10665
2.1127
2.1219
2.13442
2.15033
2.16973
2.19275
2.21954
2.25029
2.28521
2.32456
2.36864
2.41777
2.47234
2.53277
2.5995
2.67295
2.75345
2.8412
2.93626
3.03842
3.14709
1.98912
2.03116
2.03723
2.04648
2.05907
2.07507
2.0946
2.11779
2.1448
2.17584
2.21112
2.25094
2.2956
2.34547
2.40095
2.46251
2.53063
2.6058
2.68844
2.77888
2.87741
2.984
3.09817
1.90824
1.95203
1.95804
1.96726
1.97982
1.9958
2.01531
2.03849
2.06549
2.09655
2.13188
2.17179
2.2166
2.26669
2.3225
2.38452
2.4533
2.52938
2.6133
2.70563
2.80692
2.9174
3.03681
1.82372
1.86923
1.87512
1.88425
1.89669
1.91252
1.93184
1.9548
1.98156
2.01235
2.0474
2.087
2.13149
2.18126
2.23676
2.29852
2.36711
2.44315
2.52734
2.6205
2.72348
2.83692
2.96103
1.73553
1.78275
1.7885
1.79748
1.80969
1.82523
1.8442
1.86674
1.89301
1.92323
1.95764
1.99652
2.04021
2.08908
2.1436
2.2043
2.27178
2.34671
2.42994
2.52251
2.62563
2.74054
2.8683
1.64376
1.69263
1.69825
1.70701
1.7189
1.73401
1.75245
1.77435
1.79989
1.82924
1.86266
1.9004
1.94278
1.99017
2.04302
2.10184
2.16721
2.23983
2.32064
2.41086
2.51201
2.62604
2.75533
1.54853
1.599
1.60447
1.61294
1.62439
1.63894
1.65668
1.67775
1.70229
1.73049
1.76256
1.79874
1.83934
1.88467
1.93515
1.99125
2.0535
2.12257
2.19937
2.28515
2.38162
2.49131
2.61812
1.45
1.50203
1.50731
1.51541
1.52632
1.54017
1.55705
1.57707
1.60038
1.62714
1.65753
1.69178
1.73012
1.77285
1.82031
1.8729
1.93106
1.99535
2.06654
2.14572
2.23445
2.3353
2.45291
1.34843
1.40191
1.40694
1.41458
1.42486
1.43787
1.45373
1.47252
1.49438
1.51944
1.54785
1.5798
1.61547
1.65509
1.69894
1.7473
1.80052
1.85895
1.92313
1.99377
2.07195
2.15942
2.2595
1.24417
1.29888
1.30359
1.31067
1.3202
1.33226
1.34695
1.36435
1.38455
1.40767
1.43383
1.46316
1.4958
1.5319
1.57163
1.61518
1.66275
1.71449
1.77059
1.83133
1.89706
1.96826
2.04559
1.13757
1.19322
1.1975
1.20392
1.21259
1.22359
1.23698
1.25282
1.27119
1.29217
1.31585
1.34229
1.3716
1.40382
1.43904
1.47733
1.51874
1.5632
1.61056
1.66067
1.71321
1.76754
1.82241
1.02887
1.08518
1.0889
1.09458
1.1023
1.11212
1.12409
1.13824
1.15463
1.1733
1.19429
1.21764
1.24337
1.27146
1.30189
1.3346
1.36951
1.40635
1.44467
1.48389
1.52316
1.56109
1.59537
0.918229
0.974968
0.978047
0.982883
0.989572
0.998137
1.00859
1.02094
1.03522
1.05145
1.06962
1.08971
1.11169
1.13548
1.16094
1.1879
1.21613
1.24519
1.27439
1.30274
1.32891
1.35081
1.36506
0.805681
0.862767
0.865148
0.869098
0.874702
0.881944
0.890806
0.901288
0.913377
0.927057
0.942291
0.959022
0.977162
0.996558
1.01699
1.03815
1.05967
1.08098
1.10118
1.11891
1.13232
1.13853
1.13256
0.691263
0.748713
0.750406
0.753466
0.757961
0.763845
0.771073
0.779624
0.789462
0.800538
0.812784
0.826103
0.840359
0.855344
0.87076
0.886203
0.901156
0.91493
0.926465
0.934137
0.935558
0.926999
0.902047
0.575127
0.632988
0.634045
0.636243
0.639631
0.64414
0.64971
0.656299
0.663852
0.672295
0.681531
0.691431
0.701817
0.712438
0.72294
0.732844
0.741522
0.748165
0.751621
0.750113
0.740903
0.719742
0.679603
0.457576
0.515835
0.516331
0.517707
0.520001
0.523132
0.527034
0.531651
0.536909
0.542716
0.548953
0.555464
0.56204
0.568394
0.574142
0.578762
0.58157
0.581682
0.577895
0.568402
0.550408
0.519695
0.469875
0.339073
0.397597
0.397577
0.398163
0.399382
0.401145
0.403385
0.406038
0.409016
0.412208
0.415482
0.418665
0.421525
0.423755
0.424954
0.424596
0.422002
0.41629
0.406267
0.390205
0.365534
0.328633
0.274295
0.220047
0.278685
0.278147
0.277959
0.278119
0.27853
0.279125
0.279831
0.280554
0.28117
0.281532
0.28146
0.280711
0.278969
0.275834
0.270806
0.263255
0.25238
0.237085
0.215834
0.18655
0.146473
0.0919335
0.10087
0.159342
0.158237
0.157284
0.156395
0.155474
0.154452
0.153249
0.15176
0.149853
0.147376
0.144142
0.13991
0.134371
0.127144
0.11777
0.105699
0.0902567
0.0705392
0.0453371
0.0132122
-0.0275298
-0.0788655
-0.0166464
0.0398946
0.0381736
0.0364579
0.0345193
0.0322786
0.0296619
0.0265757
0.0229061
0.0185159
0.0132484
0.00691471
-0.000719458
-0.00994486
-0.0211135
-0.0346371
-0.0509809
-0.0706755
-0.0943802
-0.122881
-0.156955
-0.197181
-0.243984
-0.136978
-0.0774345
-0.0797832
-0.0822515
-0.0851792
-0.0886551
-0.0927704
-0.0976285
-0.103348
-0.110069
-0.117948
-0.127174
-0.137974
-0.150614
-0.165411
-0.18272
-0.202935
-0.226466
-0.253723
-0.285054
-0.320586
-0.360001
-0.402256
728.736
738.928
441.685
434.814
919.591
879.647
859.731
839.985
1003.23
1004.9
1009.26
1014.9
1068.79
1082.76
1098.14
1114.64
1124.8
1145.46
1168.06
1192.6
1173.67
1197.91
1221.94
1248.73
3.75599
137.016
561.884
1287.87
3.51231
3.39189
3.29232
3.54604
3.52892
3.36684
3.11667
3.19155
2.76365
2.96845
3.15483
3.29288
3.0002
3.15295
3.3046
3.84702
3.9933
4.94338
5.03774
4.35511
3.22825
3.27056
3.31953
3.36995
3.2733
3.3129
3.3551
3.39947
3.30234
3.34258
3.38423
3.42693
3.31696
3.35869
3.40141
3.44495
3.32083
3.36474
3.40945
3.45485
3.31552
3.36194
3.4091
3.45691
3.3015
3.35066
3.40058
3.45114
3.27856
3.33066
3.38355
3.4371
3.24599
3.30118
3.35723
3.41392
3.20263
3.26104
3.32039
3.38038
3.14693
3.20872
3.27159
3.33504
3.07689
3.1423
3.20906
3.2763
2.98981
3.05921
3.1305
3.20236
2.88184
2.95578
3.03301
3.11158
2.74693
2.82536
2.91005
3.0001
2.57598
2.65444
2.74383
2.84731
2.36222
2.42717
2.50049
2.5866
2.11783
2.15852
2.19728
2.23088
1.86764
1.88953
1.90717
1.91657
1.61847
1.62654
1.63036
1.6267
1.36581
1.3591
1.34575
1.32165
1.10958
1.0861
1.05192
1.00091
0.856626
0.817282
0.76247
0.684255
0.618385
0.569315
0.503072
0.411765
0.401875
0.35165
0.28859
0.209486
0.206419
0.159339
0.103436
0.0381578
0.0282851
-0.013986
-0.0630815
-0.119793
-0.134247
-0.168792
-0.207027
-0.249209
-0.290049
-0.316808
-0.344636
-0.372951
-0.439529
-0.459211
-0.477925
-0.495132
454.38
462.111
245.166
245.276
245.409
245.379
245.349
245.311
245.265
245.213
245.152
245.073
244.948
244.707
244.199
243.014
240.079
237.467
238.621
828.863
864.054
263.2
245.416
245.379
245.351
245.321
245.276
245.219
245.148
245.065
244.962
244.817
244.574
244.144
243.363
242.045
240.853
240.761
1021.24
993.144
245.437
245.338
245.335
245.333
245.303
245.251
245.18
245.091
244.989
244.885
244.757
244.563
244.273
243.862
243.366
243.073
242.933
1134.47
566.523
244.911
245.206
245.302
245.335
245.299
245.239
245.154
245.04
244.919
244.824
244.745
244.609
244.45
244.268
244.145
244.22
244.233
1226.39
656.986
245.149
245.162
245.287
245.444
245.311
245.243
245.146
244.994
244.838
244.725
244.761
244.684
244.61
244.546
244.561
244.751
244.862
1287.19
1359.41
648.321
584.376
632.869
284.283
245.243
245.24
245.164
245.312
246.892
244.567
244.71
244.807
244.747
244.716
244.728
244.899
245.104
1322.16
1380.92
1408.08
1389.56
1396.03
1444.84
848.163
245.259
245.236
244.644
280.119
367.899
407.667
244.928
244.913
244.807
244.69
244.77
245.249
123.053
1210.29
1439.9
1455.53
1469.25
1503.34
1553.63
1491.88
452.029
1122.89
1479.97
1496.11
1551.73
1426.31
245.193
244.746
247.522
244.079
244.775
3.26688
3.3467
61.4098
489.105
1082.93
1531.92
1574.92
1618.6
1656.02
1617.87
1584.36
1586.21
1623.07
1685.89
1647.75
1419.62
1627.4
1119.66
249.348
3.36484
3.60561
3.99489
3.67445
3.7342
4.02241
61.8181
488.07
1165.42
1409.4
1319.46
1264.62
1541.3
1690.34
1727.93
1749.07
1806.56
1931.77
653.666
4.5264
4.20255
4.72716
3.69639
3.7696
3.88758
4.00535
4.14606
4.34417
4.65856
4.64644
4.62051
4.79676
36.325
633.511
1799.42
1902.39
2148.87
2138.52
3.44674
3.50446
3.57785
3.69444
3.80888
3.93065
4.04994
4.17938
4.32134
4.46059
4.54922
4.60769
4.70328
4.83303
4.96883
5.67908
1105.75
2168.27
2554.71
3.43393
3.53031
3.62525
3.73107
3.84727
3.96545
4.08576
4.21073
4.33931
4.46205
4.55923
4.63238
4.73969
4.88394
5.01063
5.146
5.66584
1805.46
2478.19
3.45911
3.55988
3.66139
3.76895
3.88212
3.99833
4.11708
4.23807
4.35928
4.47543
4.57713
4.65837
4.76032
4.90222
5.02203
5.11089
5.36722
723.073
2362.77
3.48485
3.58727
3.69205
3.80094
3.9137
4.02917
4.14648
4.26455
4.38163
4.49495
4.59982
4.68908
4.77877
4.90616
5.01996
5.09521
5.12329
297.215
2346.32
3.50403
3.60954
3.71762
3.82863
3.94238
4.05804
4.17447
4.29048
4.4048
4.51565
4.62044
4.71416
4.8001
4.90361
5.00929
5.11674
4.9971
753.282
2401.7
3.51638
3.62617
3.73817
3.8522
3.96802
4.08472
4.20095
4.31555
4.42757
4.53544
4.63722
4.73056
4.81293
4.89445
4.97048
5.07116
1583.98
2447.44
2503.72
3.52163
3.63672
3.7535
3.87143
3.99018
4.10867
4.2253
4.33897
4.44877
4.55305
4.65018
4.73922
4.81788
4.88538
4.93754
5.08244
2068.98
2613.24
2564.21
3.5195
3.64067
3.76294
3.88552
4.00794
4.12892
4.24659
4.35967
4.46712
4.56713
4.65851
4.74169
4.81815
4.88739
4.93943
4.96255
1609.31
2741.5
2800.34
3.5094
3.63717
3.76537
3.89304
4.01967
4.14382
4.26321
4.37613
4.48106
4.5759
4.65965
4.73489
4.8104
4.89795
5.0164
5.15288
2247.42
2653.51
2490.19
3.4904
3.62504
3.75906
3.89163
4.02258
4.15049
4.27256
4.38613
4.4887
4.57713
4.64948
4.7093
4.77328
4.86727
5.02622
5.24962
301.164
559.81
942.064
3.46117
3.60253
3.74139
3.87753
4.01209
4.14417
4.27023
4.38607
4.4874
4.56873
4.62445
4.65409
4.68049
4.73838
4.85986
14.314
2289.13
2503.57
2449.09
3.42023
3.56734
3.7082
3.84454
3.98085
4.1175
4.24955
4.37029
4.47301
4.54917
4.5865
4.56739
4.52681
4.49611
4.49516
462.826
703.927
364.681
320.318
3.36604
3.51651
3.65211
3.78112
3.91622
4.05921
4.20116
4.33076
4.43817
4.5127
4.53184
4.44472
4.34833
4.19036
5.03425
6.23871
3.20082
4.67614
610.91
3.29737
3.44646
3.55804
3.66327
3.79471
3.95167
4.11277
4.25798
4.37313
4.44444
4.44073
4.35594
5.68321
4.06983
3.79389
3.29955
2.94824
3.52645
1984.59
3.21513
3.35633
3.38924
3.43582
3.57128
3.76839
3.97071
4.14534
4.27543
4.34822
4.33476
4.15069
6.16513
4.23147
3.84218
3.49678
13.9346
8.112
1026.59
3.12073
3.23497
2.99857
2.95268
3.15832
3.47502
3.76606
3.99502
4.15528
4.24825
4.26531
4.1894
6.09304
5.81872
3.9837
12.5952
15.6212
7.67247
1719.85
3.00769
4.59797
13.9559
8.9671
2.41524
3.02112
3.51106
3.82247
4.02627
4.15987
4.23557
4.26573
4.57834
4.63904
9.45032
4.90001
5.24464
15.6081
1767.12
2.72371
83.6454
5.72455
2.9918
3.7439
2.6265
3.26184
3.65096
3.89432
4.07958
4.22686
4.35397
4.43949
6.03857
10.0327
5.12425
11.2591
6.32727
908.108
2.25636
86.1352
3.36754
62.1909
23.7506
4.3953
3.28244
3.4993
3.73339
3.9838
4.21696
4.44163
4.61565
4.70277
5.09162
11.7258
9.01904
6.56318
18.4336
1.90719
11.2742
77.5013
70.0897
57.2081
62.5136
4.10238
3.31228
3.43413
3.8176
4.16926
4.50071
4.78821
5.02188
10.4064
12.6508
6.62463
6.54016
6.83059
1.6058
1.42714
51.1668
5.45404
0.994142
1.41335
43.9563
18.8533
2.75874
3.49227
4.03818
4.49634
4.89115
5.22865
11.0327
6.98461
6.58226
6.62593
1378.97
1.26591
1.00183
0.332556
-0.127406
0.47095
1.03172
1.22586
29.605
1.93893
2.95627
3.81046
4.42091
4.94418
5.62845
6.15959
6.31865
16.6538
6.68299
572.875
0.898913
0.5085
-0.102392
-0.166683
1.30726
2.07328
1.25132
4.41724
4.59047
2.355
3.50561
4.28707
4.98181
6.57298
6.78677
16.7545
17.3408
6.90702
158.468
0.52717
0.0189676
-0.597893
1.35148
1.49084
-0.505427
-0.68106
-0.0948862
4.72903
1.84608
3.14185
4.0669
6.07064
8.48015
8.44247
9.4787
8.87309
82.5388
372.87
0.225532
3.20588
4.69544
-0.362086
0.215925
-0.755438
-1.11412
-0.490684
0.00566033
1.56977
2.73728
3.86737
6.93248
7.07509
7.30461
372.591
505.302
506.173
319.046
0.068832
0.970694
50.5099
-0.352845
0.167707
-0.654916
-0.828693
-0.287079
0.453929
1.60468
2.55849
6.95772
5.88616
85.5504
329.429
2.80049
-1.54726
-1.75493
1.76371
-0.0628463
0.909857
2.87195
116.524
-0.145674
-0.0745817
-0.223295
0.175724
3.12078
6.29993
7.06458
5.1232
4.93349
358.351
-1.59797
-1.47135
-1.70488
-2.09851
-2.15177
-0.208406
-0.11462
2.83615
141.305
182.122
1.15293
0.170809
0.352698
6.41978
6.66963
4.05496
2.71973
295.862
-2.22163
-3.17779
-2.12889
-1.88917
-1.83006
-1.73649
-0.312746
-0.521997
78.8352
2.92602
186.005
3.11857
-0.0215737
5.84716
5.67072
0.429419
0.209361
1.95963
128.009
-9.07763
-8.46383
-6.09785
-2.43535
-1.57202
-0.995933
-0.409283
-0.472882
28.5648
18.4845
0.022284
2.84955
1.3631
2.21553
-0.641456
-0.788293
-2.20554
134.605
-10.5821
-13.6394
384.527
-4.33673
-2.30293
-1.36668
-1.09605
-0.513299
-0.535623
-0.745233
-0.381874
0.0779279
0.0167933
0.194797
-0.271212
-0.699089
-1.12317
-3.54911
71.8095
-6.56745
484.2
488.849
-0.954328
-1.63973
-1.14241
9.45745
745.741
751.652
756.937
754.383
749.935
748.218
749.791
754.104
760.821
769.887
781.418
795.634
812.818
833.298
857.217
884.811
914.894
939.093
944.795
951.806
942.977
926.105
982.108
744.247
750.268
755.428
752.974
748.88
747.497
749.27
753.659
760.377
769.413
780.91
795.098
812.217
832.464
855.916
882.318
910.342
935.5
947.181
949.033
951.262
874.365
964.574
740.955
747.044
751.987
749.855
746.576
745.911
748.086
752.614
759.324
768.295
779.721
793.856
810.932
831.058
854.142
879.604
905.651
928.287
943.174
956.841
965.552
825.832
937.129
735.943
742.056
746.884
745.454
743.361
743.628
746.283
750.956
757.633
766.504
777.828
791.893
808.923
828.961
851.754
876.526
901.491
923.505
939.731
953.431
952.724
843.555
947.217
729.355
735.441
740.529
740.309
739.59
740.791
743.877
748.647
755.257
764.002
775.197
789.179
806.182
826.181
848.8
873.156
897.545
919.413
936.513
948.701
948.519
908.419
991.479
721.391
727.327
733.368
734.898
735.49
737.443
740.827
745.624
752.142
760.744
771.786
785.675
802.681
822.719
845.31
869.53
893.779
915.854
933.82
946.76
952.644
959.094
1030.39
712.402
717.462
725.931
729.562
731.084
733.521
737.052
741.812
748.23
756.69
767.553
781.335
798.385
818.556
841.278
865.635
890.13
912.74
931.679
946.019
956.152
974.549
1036.95
702.901
705.04
718.264
724.531
726.244
728.899
732.463
737.149
743.493
751.814
762.428
776.064
793.213
813.654
836.672
861.426
886.534
910.001
930.098
945.841
957.754
972.857
1002.48
245.627
245.618
245.565
245.507
245.465
245.435
245.412
245.396
245.393
245.407
245.453
245.549
245.727
246.044
246.616
247.665
250.479
258.3
262.992
245.625
245.622
245.565
245.504
245.463
245.433
245.41
245.394
245.389
245.402
245.444
245.534
245.701
245.992
246.501
247.344
249.705
257.88
263.267
245.623
245.632
245.563
245.498
245.458
245.429
245.406
245.388
245.38
245.388
245.421
245.494
245.628
245.845
246.179
246.58
247.726
256.213
263.983
245.616
245.648
245.557
245.486
245.45
245.423
245.398
245.378
245.366
245.366
245.386
245.435
245.52
245.632
245.71
245.41
243.907
251.833
266.158
245.596
245.665
245.538
245.467
245.439
245.414
245.389
245.366
245.347
245.338
245.342
245.362
245.39
245.38
245.163
243.981
238.263
256.171
278.531
245.565
245.636
245.456
245.437
245.427
245.404
245.377
245.35
245.325
245.305
245.291
245.28
245.249
245.119
244.632
242.717
237.057
246.267
395.236
245.512
245.616
245.388
245.397
245.414
245.393
245.364
245.333
245.301
245.269
245.238
245.196
245.11
244.88
244.201
241.976
235.828
236.403
408.444
245.507
249.292
245.364
245.354
245.402
245.381
245.35
245.314
245.274
245.232
245.183
245.115
244.984
244.683
243.912
241.741
236.392
236.533
422
694.392
687.923
706.855
717.157
719.077
721.829
725.3
729.826
736.114
744.296
754.517
767.904
785.278
806.234
829.8
855.503
881.961
906.938
928.775
946.181
958.11
959.083
873.463
725.896
672.189
617.676
695.958
700.764
705.537
709.006
713.12
720.376
728.868
737.634
750.724
768.713
789.829
814.787
843.288
873.966
902.866
928.83
949.818
963.653
964.483
943.702
494.632
2.86776
2.95918
2.96952
3.01699
3.13244
3.78458
17.1215
44.2196
59.9086
85.1665
154.757
299.233
553.621
780.101
829.183
867.359
899.76
931.629
959.265
981.304
996.393
1002.88
2.91705
2.88716
2.92342
2.94293
2.972
2.99994
2.96493
2.88812
2.81198
3.07059
3.05194
3.10163
3.14079
3.14644
3.18151
12.4649
141.685
715.327
941.686
975.087
1004.39
1032.84
1058.8
2.87496
2.87844
2.89218
2.90787
2.92418
2.93205
2.91778
2.88672
2.84285
3.02868
2.92336
2.98782
3.07498
3.13264
3.23758
3.21968
3.1777
3.19807
9.8106
237.291
967.388
1070.66
1109.51
2.84926
2.85379
2.86206
2.87263
2.88287
2.88841
2.88594
2.87842
2.87351
2.87189
2.91856
2.96908
3.0125
3.04536
3.08311
3.12021
3.16004
3.19423
3.23478
3.28655
3.32936
118.888
1117.92
2.81562
2.82101
2.82825
2.83688
2.84555
2.85245
2.85692
2.86083
2.8685
2.88233
2.9093
2.94428
2.9819
3.01779
3.05548
3.09368
3.13663
3.17836
3.21969
3.25216
3.24749
3.1771
3.25325
2.77442
2.78382
2.79191
2.80045
2.80939
2.8182
2.82695
2.83679
2.84971
2.86736
2.89133
2.92109
2.95368
2.98811
3.02355
3.05997
3.09696
3.13172
3.15459
3.13749
3.34163
3.70758
3.4797
2.73121
2.74493
2.75404
2.76311
2.77285
2.78334
2.79483
2.80802
2.82389
2.8433
2.86687
2.89449
2.92492
2.95715
2.99022
3.02278
3.05241
3.0725
3.06232
3.25916
2.80489
2.61001
3.41681
2.69473
2.70673
2.71537
2.72467
2.73514
2.74692
2.76025
2.77554
2.79331
2.81402
2.83792
2.86494
2.8944
2.92538
2.95665
2.98637
3.01097
3.02225
2.99831
2.90756
2.74262
2.61496
2.62636
2.66119
2.66788
2.67552
2.68479
2.69576
2.70848
2.7231
2.73986
2.75905
2.78092
2.80557
2.83287
2.86233
2.89314
2.92414
2.9535
2.97815
2.99203
2.98208
2.91072
2.85796
2.84382
2.90637
2.62292
2.62696
2.63382
2.64296
2.65428
2.6677
2.6833
2.70122
2.72165
2.7447
2.77039
2.79856
2.82881
2.86053
2.8928
2.92432
2.95317
2.97647
2.98983
2.98315
2.98595
3.02932
3.84021
2.58046
2.58337
2.58974
2.5988
2.61038
2.62438
2.64082
2.65979
2.68138
2.70566
2.73259
2.76202
2.79368
2.82715
2.8619
2.8972
2.93223
2.96613
2.99848
3.03024
3.06896
3.12492
3.19695
2.53407
2.53671
2.54289
2.55198
2.56384
2.57838
2.5956
2.61554
2.63825
2.66376
2.69205
2.72303
2.75652
2.79235
2.83028
2.87009
2.91162
2.95497
3.00081
3.05078
3.10743
3.17155
3.24395
2.48381
2.48658
2.49282
2.50209
2.51429
2.52937
2.54733
2.56819
2.59198
2.61874
2.64847
2.68118
2.71681
2.75533
2.79676
2.84116
2.88872
2.93986
2.99526
3.05583
3.12224
3.19431
3.27193
2.42968
2.43274
2.43921
2.44877
2.46137
2.477
2.49567
2.51739
2.54223
2.57024
2.60148
2.63602
2.67392
2.71526
2.76019
2.80893
2.86182
2.9193
2.98185
3.04987
3.12337
3.20191
3.2851
2.37177
2.3752
2.38197
2.39186
2.40488
2.42104
2.44036
2.46291
2.48876
2.518
2.55073
2.5871
2.62723
2.67131
2.71955
2.77226
2.82979
2.89252
2.9608
3.03474
3.11415
3.19849
3.28716
2.31023
2.31406
2.32112
2.33133
2.34474
2.36139
2.38133
2.40463
2.43142
2.46181
2.49595
2.53402
2.57621
2.62278
2.674
2.73021
2.79175
2.85896
2.93208
3.01112
3.09583
3.18564
3.27985
2.24519
2.24937
2.25668
2.26717
2.28092
2.298
2.31847
2.34244
2.37004
2.40144
2.43681
2.47637
2.52037
2.56909
2.62288
2.68207
2.74704
2.8181
2.89544
2.97907
3.06872
3.16385
3.2637
2.17668
2.18114
2.18862
2.19933
2.21335
2.23076
2.25166
2.27617
2.30444
2.33665
2.37302
2.41381
2.45928
2.50976
2.56564
2.62728
2.69509
2.7694
2.85043
2.93819
3.0325
3.13287
3.23852
2.10468
2.10932
2.11689
2.12774
2.14194
2.15959
2.18078
2.20566
2.23441
2.26721
2.30431
2.34599
2.39255
2.44435
2.5018
2.56532
2.63536
2.7123
2.79641
2.88783
2.98648
3.09199
3.20359
2.02918
2.03385
2.04144
2.05235
2.06664
2.08439
2.10573
2.13081
2.1598
2.19293
2.23044
2.27264
2.31986
2.37248
2.43094
2.49572
2.56731
2.64616
2.73266
2.82713
2.92971
3.04018
3.15779
1.95013
1.95468
1.96223
1.97312
1.98738
2.00511
2.02643
2.0515
2.0805
2.11366
2.15124
2.19356
2.24096
2.29385
2.3527
2.41803
2.49039
2.57032
2.65838
2.75513
2.86101
2.97603
3.09959
1.86747
1.8718
1.87927
1.89005
1.90417
1.92173
1.94286
1.96769
1.99644
2.02933
2.06661
2.10861
2.15569
2.20826
2.26682
2.33192
2.40416
2.48418
2.57275
2.67071
2.77886
2.89765
3.02693
1.78109
1.78522
1.79259
1.80318
1.81704
1.83428
1.85501
1.8794
1.90762
1.9399
1.9765
2.01774
2.06397
2.1156
2.17314
2.23715
2.30826
2.38723
2.47499
2.57268
2.68154
2.80277
2.93714
1.69105
1.69503
1.70224
1.71255
1.72604
1.7428
1.76296
1.78665
1.81407
1.84543
1.88097
1.92099
1.96582
2.01588
2.07165
2.13366
2.20256
2.27915
2.36449
2.45996
2.56728
2.68862
2.82646
1.59747
1.60133
1.60833
1.61828
1.63127
1.6474
1.66679
1.68957
1.71592
1.74602
1.78012
1.81847
1.86139
1.90924
1.96247
2.02157
2.08714
2.15994
2.24104
2.33192
2.43461
2.55227
2.6896
1.50052
1.50428
1.51101
1.5205
1.53288
1.54822
1.56666
1.58831
1.61332
1.64187
1.67416
1.71042
1.75091
1.79596
1.84593
1.90125
1.96239
2.03002
2.10505
2.18876
2.28314
2.39158
2.52032
1.40039
1.40407
1.41043
1.41938
1.43102
1.44544
1.46275
1.48306
1.5065
1.53322
1.56337
1.59715
1.63477
1.67647
1.72254
1.77328
1.82906
1.89028
1.95759
2.03184
2.11436
2.20756
2.31592
1.29739
1.30091
1.30682
1.31512
1.32591
1.33927
1.3553
1.37409
1.39574
1.42037
1.44809
1.47906
1.51341
1.5513
1.59291
1.63846
1.68809
1.74198
1.80036
1.86354
1.93193
2.00611
2.08653
1.19188
1.19506
1.20041
1.20797
1.2178
1.22998
1.24459
1.26168
1.28135
1.30367
1.32872
1.35658
1.38734
1.42105
1.4578
1.49765
1.54059
1.58653
1.63529
1.68667
1.74022
1.79502
1.84924
1.08412
1.08676
1.09146
1.09817
1.10694
1.11783
1.13089
1.14615
1.16367
1.1835
1.20567
1.23021
1.25712
1.28639
1.31796
1.35179
1.38771
1.42536
1.46421
1.50359
1.54241
1.57892
1.61011
0.974298
0.976241
0.980196
0.985987
0.993621
1.00313
1.01452
1.02784
1.04309
1.06029
1.07942
1.10047
1.12337
1.14801
1.17425
1.20188
1.23059
1.25983
1.28874
1.3162
1.34057
1.35921
1.36781
0.86248
0.863696
0.866869
0.871688
0.878121
0.886172
0.895845
0.907133
0.92002
0.934482
0.950474
0.967923
0.986715
1.00666
1.0275
1.04889
1.0704
1.0913
1.11046
1.1263
1.13658
1.13753
1.12266
0.74871
0.749295
0.751701
0.75553
0.760734
0.767293
0.775185
0.784385
0.79485
0.806521
0.819316
0.833125
0.847777
0.863021
0.878509
0.893779
0.908245
0.921064
0.930909
0.935823
0.93284
0.917155
0.880119
0.633121
0.633248
0.634933
0.637787
0.641751
0.646795
0.65288
0.659959
0.667968
0.676822
0.686408
0.696576
0.707117
0.717732
0.728003
0.73738
0.745158
0.750383
0.751631
0.74669
0.732164
0.702655
0.648761
0.515981
0.515812
0.51684
0.518741
0.521468
0.52499
0.529257
0.534205
0.539751
0.54579
0.552185
0.55876
0.565266
0.571373
0.576632
0.580444
0.582027
0.58037
0.574011
0.560688
0.53698
0.497675
0.434634
0.397676
0.397307
0.39773
0.3987
0.400201
0.402209
0.404664
0.407493
0.410593
0.413845
0.417098
0.420153
0.422742
0.424514
0.425009
0.423628
0.419601
0.41191
0.399128
0.379149
0.348878
0.304058
0.238237
0.278655
0.278126
0.277959
0.278005
0.278297
0.278809
0.27947
0.280197
0.280884
0.281393
0.281563
0.281188
0.279988
0.277605
0.273593
0.267391
0.258293
0.245369
0.227319
0.202351
0.168066
0.121274
0.0576489
0.159191
0.158491
0.157719
0.156841
0.155942
0.15498
0.153879
0.152548
0.150867
0.148696
0.145867
0.142169
0.137327
0.130996
0.122758
0.11211
0.0984487
0.0810011
0.0587114
0.0302353
-0.00595702
-0.0517616
-0.109273
0.0396342
0.0387728
0.0373332
0.0355223
0.0334398
0.0310218
0.0281834
0.024822
0.0208105
0.0160025
0.0102274
0.0032763
-0.00511301
-0.0152623
-0.0275527
-0.0424265
-0.0603725
-0.08198
-0.107983
-0.139176
-0.176278
-0.219735
-0.269933
-0.0773449
-0.0787372
-0.0809643
-0.0836522
-0.0868435
-0.0906267
-0.0950988
-0.100372
-0.106573
-0.113852
-0.122379
-0.132361
-0.144045
-0.157721
-0.173726
-0.192438
-0.21426
-0.239604
-0.268864
-0.302301
-0.339849
-0.380876
-0.423842
747.625
543.347
437.304
430.223
898.251
867.948
850.181
832.781
1003.7
1006.79
1012.09
1017.61
1075.63
1090.24
1106.32
1122.64
1134.87
1156.54
1180.08
1205.71
1185.52
1209.76
1234.96
1263.07
24.4617
313.718
977.003
1299.93
3.54682
3.30303
3.35129
3.97857
3.63621
3.06443
3.15977
3.22341
2.8638
3.05953
3.23529
3.33067
3.07281
3.23269
3.40537
4.49525
4.80843
4.99559
5.07027
3.67068
3.24906
3.29598
3.34446
3.39451
3.29278
3.33366
3.37713
3.42182
3.32226
3.36325
3.40547
3.44852
3.33768
3.37994
3.42309
3.46696
3.34267
3.387
3.43206
3.47778
3.33863
3.38544
3.43293
3.48104
3.32597
3.37553
3.42578
3.47664
3.30449
3.35702
3.41025
3.46408
3.27345
3.32912
3.3855
3.44246
3.23168
3.29062
3.35032
3.41054
3.17764
3.24006
3.30326
3.36687
3.10937
3.17558
3.24266
3.30989
3.02419
3.09471
3.16643
3.23804
2.9183
2.99411
3.07225
3.1506
2.78534
2.86694
2.95461
3.04601
2.61403
2.69755
2.79347
2.90488
2.39385
2.46246
2.54158
2.63451
2.13825
2.17827
2.215
2.24085
1.8789
1.89911
1.91327
1.91716
1.62286
1.62919
1.62963
1.62067
1.363
1.35355
1.33527
1.30375
1.09884
1.07074
1.0289
0.966925
0.838507
0.792264
0.726963
0.633821
0.595688
0.538734
0.461291
0.353673
0.378226
0.321912
0.251207
0.163365
0.184018
0.132468
0.0719596
0.000863083
0.00796848
-0.0376176
-0.0905033
-0.151647
-0.151085
-0.187405
-0.227714
-0.272951
-0.303252
-0.330632
-0.358841
-0.388142
-0.449458
-0.468724
-0.486743
-0.503181
534.349
271.41
245.257
245.378
245.388
245.365
245.331
245.289
245.24
245.184
245.116
245.019
244.849
244.5
243.738
241.88
238.267
238.238
427.2
842.619
665.303
245.445
245.365
245.363
245.338
245.3
245.249
245.185
245.108
245.017
244.897
244.712
244.389
243.809
242.787
241.339
241.039
414.278
1026.14
433.336
245.332
245.33
245.341
245.321
245.279
245.218
245.138
245.041
244.937
244.813
244.669
244.432
244.083
243.621
243.18
243.313
243.821
1153.25
245.251
245.134
245.268
245.326
245.326
245.271
245.2
245.101
244.98
244.86
244.757
244.668
244.536
244.358
244.193
244.167
244.465
538.917
1182.93
245.471
245.166
245.232
245.284
245.34
245.279
245.2
245.076
244.914
244.775
244.707
244.657
244.652
244.573
244.539
244.642
244.989
701.939
1324.72
1242.23
421.429
683.165
300.344
245.182
245.243
245.222
245.057
247.603
244.61
244.584
244.541
244.77
244.732
244.711
244.804
245.132
713.169
1353.2
1399.67
1405.56
1384.56
1425.16
1402.45
244.786
245.302
244.976
244.128
583.411
239.599
244.089
245.055
244.88
244.744
244.683
245.09
885.946
576.23
1424.58
1450.34
1460.26
1484.24
1529.82
1577.39
885.259
636.351
1453.74
1459.72
1538.62
1574.07
345.866
245.002
244.514
243.918
244.388
1291.97
3.32985
3.74844
225.77
798.302
1318.4
1557.24
1596.4
1640.54
1648.75
1594.05
1580.7
1601.86
1651.98
1720.97
1405.18
1553.39
1680.41
321.859
1400.4
3.39261
4.05132
3.91545
3.67481
3.85401
6.08344
215.186
854.081
1379.06
1380.1
1265.36
1326.86
1674.32
1711.1
1740.17
1765.44
1869.59
1692.76
1833.25
4.50847
4.63497
4.56694
3.71041
3.82875
3.94823
4.07238
4.22524
4.51719
4.68562
4.61414
4.67511
5.08585
241.442
1330.13
1836.54
2009.12
2039.34
2462.16
3.46659
3.54046
3.62296
3.7469
3.87066
3.99034
4.11261
4.24929
4.39365
4.51325
4.577
4.64968
4.7665
4.90185
5.06291
118.917
1992.23
2371.83
2681.63
3.48356
3.57711
3.67625
3.7886
3.90625
4.02518
4.14758
4.2749
4.40248
4.51494
4.59619
4.67829
4.81164
4.94895
5.06566
5.2864
284.91
2278.9
2586.84
3.50997
3.61008
3.7143
3.82506
3.9399
4.05739
4.17735
4.2989
4.41847
4.52883
4.61952
4.7025
4.8305
4.96681
5.06765
5.2153
5.51872
2135.09
2403.96
3.53595
3.6392
3.74595
3.85692
3.97116
4.08765
4.20551
4.32335
4.43899
4.54888
4.64655
4.72995
4.84194
4.96782
5.06113
5.08649
5.57156
1955.9
2309.75
3.55652
3.66323
3.77276
3.88521
4.00003
4.11624
4.23261
4.34795
4.4608
4.56902
4.66909
4.75647
4.84909
4.96016
5.05477
5.18463
583.428
2189.16
2353.25
3.571
3.68191
3.79494
3.90993
4.02634
4.14297
4.25851
4.37196
4.48215
4.58721
4.68519
4.77286
4.85286
4.93657
5.00287
120.512
2446.47
2475.58
2545.13
3.57895
3.69494
3.81233
3.93075
4.04956
4.16731
4.28256
4.39444
4.50172
4.60258
4.69579
4.78002
4.85297
4.91438
4.9355
254.455
2607.37
2635.05
2330.58
3.57992
3.70173
3.82421
3.9468
4.06872
4.18827
4.30376
4.4142
4.51816
4.61392
4.70102
4.78072
4.85376
4.918
4.94884
40.452
2730.44
2772.28
2724.9
3.57318
3.70129
3.8293
3.95655
4.08219
4.20424
4.32057
4.42972
4.52986
4.61912
4.69795
4.77182
4.85203
4.95252
5.0727
324.849
2796.47
2755.06
1824.04
3.55779
3.6922
3.82554
3.95735
4.08707
4.21244
4.33055
4.43898
4.53487
4.61531
4.68028
4.73917
4.81534
4.93554
5.09514
35.6364
484.464
614.067
1872.51
3.5321
3.67233
3.80972
3.94499
4.07862
4.20822
4.32968
4.43886
4.53096
4.60004
4.64197
4.66543
4.70401
4.77819
5.02847
806.86
2489.41
2512.3
2468.2
3.49449
3.63856
3.77663
3.91253
4.04935
4.18452
4.31175
4.42436
4.51509
4.57356
4.58478
4.54624
4.51052
4.46574
13.1641
744.862
528.259
271.028
2274.36
3.44304
3.58598
3.71651
3.84747
3.98714
4.13105
4.26815
4.38785
4.48029
4.53196
4.50566
4.3935
4.28875
4.00004
18.5739
3.14278
3.51769
4.21348
2365.4
3.37631
3.50607
3.60832
3.72502
3.87116
4.03312
4.18834
4.32008
4.41534
4.45566
4.38112
5.84469
4.16719
3.89822
3.44359
3.12744
3.05136
326.696
2464.71
3.2972
3.38207
3.40289
3.49257
3.66597
3.8715
4.06279
4.21666
4.31997
4.35517
4.27114
5.98958
6.21034
3.98742
3.67479
9.24362
14.2068
179.364
1489.11
3.21507
3.13405
2.94012
3.02788
3.31548
3.6268
3.88927
4.08351
4.21035
4.26755
4.23937
4.13608
6.36099
4.13908
10.0251
10.4556
8.27753
377.771
1715.75
3.19258
12.2346
12.7671
3.96541
2.71923
3.29084
3.68461
3.93435
4.10099
4.20435
4.25487
4.275
6.52429
4.29403
11.5373
4.70499
5.85828
827.983
1763.56
26.5943
66.7408
3.19474
5.00464
2.29786
2.96577
3.48634
3.78195
3.99274
4.15698
4.29485
4.40259
4.46073
10.0812
4.64139
10.588
8.15787
1298.62
1816.96
16.1126
15.9115
7.23188
57.4148
6.62474
3.0518
3.41312
3.60678
3.861
4.10215
4.33303
4.54081
4.66152
4.86985
5.79325
12.1346
6.36359
98.2346
1446.05
1.86639
78.4944
64.6903
61.4397
62.1006
42.0527
3.39955
3.31516
3.62346
3.9972
4.33758
4.65381
4.88806
5.24044
12.4592
11.5879
6.43805
6.83512
1725.5
1.56149
1.17338
55.6574
0.48313
1.23765
18.1035
44.5801
2.77616
3.12189
3.78475
4.27457
4.70217
5.0621
8.08482
10.2055
6.3904
6.64685
49.5221
1945.85
1.17414
0.720538
-0.0612885
0.148196
0.740186
1.13342
3.14246
7.33619
2.36989
3.44411
4.12887
4.69118
5.16572
6.16996
6.23112
6.39516
12.7259
6.62283
1999.4
0.751173
0.181253
-0.250863
-0.0107923
1.99647
2.11693
0.549232
12.4964
1.49012
3.02767
3.9153
4.64228
5.29677
6.39435
11.7427
17.0208
12.1177
7.24741
1895.43
0.302803
-0.444646
0.165877
1.4752
0.913701
-0.731169
-0.438195
2.26924
1.07834
2.58151
3.62405
4.49828
7.99542
9.00612
9.63991
9.05431
8.13983
24.5746
1908.26
-0.0346937
26.8602
-0.420011
-0.410002
0.129742
-1.1794
-0.85233
-0.302067
0.812844
2.21149
3.21219
6.8076
7.01918
6.99442
149.35
501.343
505.35
426.751
1846.94
-0.0741779
50.7299
6.5013
-0.301321
0.194774
-0.937247
-0.570761
-0.0196347
1.09744
2.01279
5.84204
6.14
5.81677
320.651
130.727
-1.25579
-1.70413
-0.956491
947.761
-0.177576
0.859598
131.755
1.45271
-0.236509
-0.380825
0.00856127
0.421014
4.94724
6.97974
7.09547
4.84882
289.388
98.2859
-1.43395
-1.56251
-1.81055
-2.20038
1297.01
-0.301695
12.2926
2.05328
182.396
38.8123
-0.171054
0.233405
6.0395
6.63566
5.78575
2.68594
2.57749
307.263
-3.7671
-2.58321
-1.94866
-1.83031
-1.71508
804.742
-0.377261
34.1456
8.00163
85.1171
25.3444
0.43406
0.565676
5.73779
3.61904
0.309041
-0.203676
175.27
-8.87575
-9.98528
-8.75523
-3.59572
-1.84809
-1.21998
146.216
-0.447672
-0.5183
107.875
-0.305414
1.50979
3.0215
1.30545
0.354219
-0.784549
-0.991394
0.396811
150.979
-11.5237
86.4694
139.577
-4.13303
-1.5085
-0.926035
11.7501
-0.541283
-0.581328
24.5744
-0.301051
-0.060349
0.085083
0.134491
-0.491791
-0.926478
-1.51497
37.6821
-3.90027
90.3581
543.731
34.9571
-1.69134
-1.21652
-0.384189
494.107
745.921
747.438
754.885
755.877
751.563
748.351
748.427
751.48
757.027
764.906
775.17
788.001
803.646
822.297
844.206
869.577
898.323
927.714
946.103
938.648
949.805
925.467
943.148
744.654
745.1
752.443
753.398
749.534
746.93
747.439
750.697
756.29
764.138
774.348
787.131
802.737
821.371
843.102
867.779
894.489
920.382
939.995
945.83
971.92
884.365
869.193
741.395
740.981
748.173
749.214
746.204
744.594
745.758
749.302
754.945
762.732
772.852
785.559
801.114
819.683
841.229
865.373
890.964
915.348
934.408
947.474
967.117
873.159
852.495
736.473
735.2
742.277
743.793
742.031
741.605
743.475
747.293
752.956
760.652
770.65
783.256
798.758
817.287
838.701
862.463
887.326
910.974
930.409
944.535
955.221
911.841
907.407
730.128
727.922
735.054
737.685
737.444
738.153
740.62
744.631
750.27
757.849
767.702
780.187
795.641
814.174
835.549
859.124
883.644
907.055
926.956
941.962
951.017
940.893
968.851
722.81
719.181
726.602
731.378
732.693
734.282
737.15
741.246
746.819
754.276
763.968
776.307
791.722
810.32
831.773
855.369
879.896
903.482
924.023
940.117
950.965
957.568
998.664
715.391
708.364
716.935
725.694
727.854
729.892
732.965
737.054
742.546
749.891
759.399
771.556
786.947
805.697
827.355
851.175
876.039
900.172
921.593
938.916
951.729
963.364
997.445
709.677
695.94
704.657
719.393
722.534
724.771
727.917
731.931
737.343
744.637
753.944
765.833
781.198
800.2
822.218
846.491
872.017
897.059
919.624
938.286
952.402
963.147
975.9
245.623
245.629
245.596
245.533
245.483
245.448
245.422
245.402
245.392
245.396
245.423
245.49
245.62
245.855
246.269
247.013
248.418
253.568
261.979
245.621
245.634
245.6
245.53
245.479
245.445
245.419
245.399
245.387
245.388
245.411
245.468
245.582
245.783
246.116
246.675
247.497
252.246
262.121
245.617
245.641
245.605
245.521
245.471
245.439
245.414
245.392
245.377
245.373
245.388
245.431
245.515
245.655
245.846
246.073
245.701
249.056
261.738
245.606
245.647
245.611
245.505
245.46
245.432
245.406
245.383
245.364
245.353
245.356
245.379
245.426
245.488
245.501
245.278
243.077
242.553
261.175
245.583
245.638
245.575
245.47
245.444
245.422
245.397
245.371
245.347
245.328
245.318
245.319
245.324
245.3
245.129
244.427
240.68
237.771
286.375
245.543
245.605
245.457
245.391
245.425
245.411
245.385
245.356
245.327
245.3
245.276
245.253
245.216
245.113
244.782
243.719
239.423
235.439
239.021
245.484
245.593
247.264
245.291
245.41
245.4
245.373
245.34
245.306
245.269
245.232
245.186
245.111
244.942
244.5
243.255
239.065
235.112
238.571
245.387
252.026
245.077
245.302
245.393
245.388
245.359
245.324
245.283
245.238
245.187
245.121
245.015
244.799
244.303
243.034
239.443
236.088
238.505
708.719
686.607
688.518
708.983
711.122
713.615
716.779
720.573
726.041
733.417
741.962
752.941
768.02
787.585
810.94
836.193
863.763
891.579
917.094
938.635
954.5
960.474
937.052
738.943
637.147
99.1961
308.507
356.41
400.582
428.929
454.991
494.152
549.725
594.337
647.722
716.411
769.402
797.455
822.202
852.972
885.117
916.16
942.608
963.48
976.882
979.174
744.405
2.80323
2.8653
2.93118
2.97405
3.02543
3.06528
2.94605
2.86869
2.81062
2.95146
3.02143
3.10018
3.18592
50.6685
218.644
758.862
883.475
921.014
950.588
979.47
1004.1
1023.09
2.8636
2.8809
2.89744
2.91423
2.93635
2.95668
2.9556
2.9134
2.86185
2.92324
3.17771
3.17136
3.2303
3.24321
3.21239
3.18252
3.18571
3.43226
221.983
812.45
1000.22
1034.85
1068.09
2.87331
2.86454
2.87311
2.88381
2.89696
2.90709
2.90672
2.89319
2.87442
2.85051
2.88074
2.94945
2.9997
3.04082
3.07441
3.11494
3.14778
3.17895
3.18953
3.24924
12.9698
433.975
1111.98
2.85121
2.8357
2.84172
2.85008
2.85958
2.86749
2.87122
2.87096
2.87101
2.87774
2.89577
2.93536
2.98104
3.01459
3.05068
3.08923
3.12839
3.17134
3.20934
3.25757
3.37143
3.30182
9.11185
2.81683
2.79987
2.80664
2.8145
2.82315
2.83152
2.83881
2.84561
2.85421
2.86761
2.88751
2.91684
2.94997
2.9852
3.02124
3.05838
3.0974
3.139
3.17695
3.20495
3.19904
3.1701
3.12032
2.7746
2.75981
2.76903
2.77745
2.78651
2.79603
2.80594
2.81679
2.82976
2.84625
2.86727
2.89351
2.92356
2.95596
2.98984
3.02433
3.05852
3.08976
3.10995
3.10229
3.43429
3.56534
3.49342
2.73094
2.72043
2.73048
2.73933
2.74899
2.75962
2.77141
2.78476
2.80029
2.81872
2.84057
2.86607
2.89469
2.92546
2.95736
2.98908
3.01839
3.04038
3.04197
2.97764
2.92597
2.64981
2.56825
2.69521
2.68298
2.69148
2.70011
2.71013
2.72163
2.73475
2.74976
2.76701
2.78689
2.80964
2.83533
2.86363
2.89381
2.92484
2.95521
2.98239
3.00142
3.00079
2.94581
2.83542
2.75156
2.69827
2.66043
2.64447
2.65112
2.65929
2.66949
2.68161
2.6957
2.71192
2.73049
2.75161
2.77542
2.80185
2.83064
2.86121
2.89267
2.92373
2.9524
2.9754
2.98671
2.97397
2.93011
2.93262
3.12441
2.62184
2.60315
2.60851
2.61634
2.62663
2.63922
2.65409
2.67131
2.69103
2.71336
2.73835
2.7659
2.79578
2.82755
2.86061
2.89409
2.92682
2.95729
2.98365
3.00415
3.01915
3.05547
3.13885
2.57934
2.55845
2.56321
2.57088
2.58128
2.59428
2.60983
2.62797
2.64877
2.67229
2.69855
2.72746
2.75884
2.79244
2.82793
2.86489
2.90285
2.94142
2.98058
3.02122
3.06639
3.12094
3.18535
2.53299
2.51019
2.51481
2.5225
2.5331
2.54652
2.56272
2.58172
2.60355
2.62824
2.65581
2.68623
2.71942
2.75527
2.79369
2.83459
2.87794
2.92392
2.97302
3.02625
3.08507
3.15035
3.22191
2.48278
2.45816
2.46291
2.4708
2.4817
2.49558
2.51241
2.53222
2.55502
2.58086
2.60979
2.64184
2.67703
2.71536
2.75691
2.80179
2.85021
2.90253
2.95929
3.0211
3.08846
3.16132
3.23923
2.4287
2.40233
2.40734
2.41552
2.42679
2.44114
2.45859
2.47915
2.50289
2.52987
2.56017
2.59389
2.63112
2.67198
2.71662
2.76529
2.81827
2.87597
2.93882
3.00713
3.08101
3.16011
3.24388
2.37083
2.34283
2.34814
2.35663
2.36826
2.38307
2.40109
2.42237
2.44699
2.47505
2.50668
2.542
2.5812
2.62444
2.67197
2.72408
2.7811
2.84339
2.91129
2.98497
3.06437
3.14906
3.23841
2.30932
2.27976
2.28536
2.29413
2.30609
2.32132
2.33985
2.36177
2.38719
2.41623
2.44906
2.48585
2.5268
2.57218
2.62226
2.67738
2.73789
2.80412
2.87636
2.95472
3.03907
3.12901
3.22386
2.24429
2.21317
2.21901
2.228
2.24025
2.25581
2.27478
2.29724
2.32333
2.3532
2.38704
2.42507
2.46753
2.5147
2.56693
2.62457
2.688
2.75758
2.83358
2.91609
3.00502
3.09999
3.20034
2.17577
2.14305
2.14905
2.1582
2.17065
2.18647
2.20575
2.22863
2.25523
2.28574
2.32037
2.35936
2.40299
2.45157
2.50549
2.56513
2.63091
2.70323
2.78239
2.86854
2.96167
3.06148
3.16738
2.10376
2.06936
2.07543
2.08466
2.09723
2.1132
2.13268
2.15581
2.18274
2.21366
2.2488
2.28843
2.33285
2.38241
2.43751
2.49858
2.56609
2.6405
2.72216
2.81135
2.90822
3.01264
3.12408
2.02822
1.99205
1.9981
2.00734
2.01993
2.03594
2.05548
2.07869
2.10572
2.1368
2.17215
2.21206
2.25686
2.3069
2.36262
2.4245
2.49305
2.56878
2.65218
2.74368
2.84369
2.95232
3.06915
1.94913
1.91109
1.91705
1.92623
1.93874
1.95466
1.9741
1.99719
2.02411
2.05506
2.0903
2.1301
2.17482
2.22481
2.28055
2.34254
2.41133
2.48752
2.57172
2.66461
2.7669
2.87901
3.00086
1.86644
1.82645
1.83227
1.84133
1.85367
1.86937
1.88854
1.91131
1.93786
1.96841
2.00318
2.04247
2.08662
2.13601
2.19111
2.25244
2.3206
2.39623
2.48011
2.57317
2.67645
2.79085
2.91697
1.78008
1.73814
1.74382
1.7527
1.76476
1.78011
1.79883
1.82108
1.84702
1.87684
1.9108
1.94916
1.99226
2.04046
2.09423
2.1541
2.22065
2.29458
2.37679
2.46843
2.57087
2.6857
2.81459
1.69009
1.64625
1.65179
1.66041
1.6721
1.68694
1.70506
1.72657
1.75164
1.78045
1.81324
1.85025
1.8918
1.93823
1.98998
2.04754
2.11148
2.18249
2.26149
2.34976
2.44894
2.56131
2.69002
1.59657
1.55093
1.5563
1.5646
1.5758
1.59001
1.60734
1.62791
1.65186
1.67937
1.71065
1.74591
1.78543
1.82953
1.87858
1.93302
1.99334
2.06016
2.13435
2.21709
2.31009
2.41595
2.53917
1.49966
1.45235
1.45751
1.46539
1.476
1.48945
1.50583
1.52527
1.54788
1.57382
1.60326
1.63639
1.67345
1.71468
1.7604
1.81096
1.86675
1.92823
1.99607
2.0712
2.15496
2.24963
2.35945
1.39957
1.35075
1.35563
1.363
1.37291
1.38547
1.40075
1.41887
1.43993
1.46404
1.49136
1.52204
1.55623
1.59414
1.63599
1.68201
1.73248
1.78765
1.8479
1.91372
1.98583
2.06537
2.15435
1.29661
1.24637
1.25087
1.25764
1.26675
1.27829
1.29235
1.30898
1.32829
1.35037
1.37531
1.40323
1.43424
1.46844
1.50595
1.54692
1.59146
1.63962
1.69141
1.74689
1.80606
1.86879
1.93464
1.19114
1.13948
1.1435
1.14956
1.15777
1.16819
1.18088
1.19589
1.21328
1.23313
1.25549
1.28041
1.30795
1.33814
1.37099
1.40652
1.44471
1.48539
1.52826
1.57293
1.61883
1.66489
1.70929
1.08347
1.03033
1.03374
1.03901
1.04622
1.05543
1.06664
1.07991
1.09525
1.11272
1.13232
1.15405
1.17792
1.20388
1.23184
1.26169
1.29327
1.32623
1.35999
1.39375
1.42645
1.45633
1.48063
0.973791
0.919107
0.92184
0.926237
0.932388
0.940297
0.94996
0.961387
0.974583
0.989544
1.00625
1.02467
1.04474
1.06634
1.08929
1.11335
1.13822
1.16339
1.18806
1.21105
1.23078
1.24477
1.24889
0.862192
0.805963
0.807996
0.811498
0.816549
0.823115
0.831164
0.840686
0.851656
0.864039
0.877784
0.892811
0.909011
0.9262
0.944115
0.962402
0.98061
0.998116
1.01393
1.02654
1.03382
1.03246
1.01669
0.7487
0.691046
0.692412
0.695036
0.698977
0.704175
0.710576
0.718148
0.726847
0.736609
0.747349
0.758957
0.771273
0.784068
0.797011
0.809655
0.821427
0.831571
0.838976
0.841927
0.83783
0.822626
0.789445
0.633395
0.574569
0.575338
0.577119
0.579959
0.583779
0.588515
0.594118
0.600523
0.607646
0.615381
0.623579
0.63205
0.640523
0.648625
0.655851
0.661538
0.664832
0.664548
0.65888
0.645026
0.618674
0.573
0.516504
0.456826
0.457061
0.458039
0.459793
0.462238
0.465307
0.46894
0.473056
0.477551
0.4823
0.487138
0.491842
0.496115
0.49956
0.501651
0.501699
0.498808
0.491774
0.478814
0.457209
0.422993
0.370318
0.39841
0.338207
0.337931
0.33813
0.338818
0.339903
0.341317
0.342994
0.344842
0.346741
0.348552
0.350099
0.351143
0.351368
0.350373
0.347644
0.342519
0.334152
0.321382
0.302565
0.275348
0.236512
0.181587
0.279609
0.219054
0.218241
0.217668
0.217302
0.217044
0.216827
0.216571
0.216182
0.215529
0.21446
0.212794
0.210287
0.206623
0.20141
0.194167
0.184304
0.171076
0.153475
0.130111
0.0992173
0.0585499
0.0052818
0.160453
0.0995279
0.0981167
0.0967827
0.0953685
0.0937844
0.0919609
0.0898114
0.0872267
0.0840707
0.0801896
0.0753956
0.0694517
0.0620548
0.0528374
0.0413662
0.0271324
0.00953277
-0.0122155
-0.0391159
-0.0722781
-0.112829
-0.161944
0.0415887
-0.018726
-0.0207585
-0.0228495
-0.0252881
-0.028151
-0.0315204
-0.0354954
-0.0401936
-0.0457537
-0.0523327
-0.0601188
-0.0693417
-0.0802804
-0.093269
-0.108692
-0.126977
-0.148587
-0.174055
-0.20395
-0.238712
-0.278452
-0.322857
-0.0747524
-0.141348
-0.144008
-0.14691
-0.150407
-0.154606
-0.159604
-0.165511
-0.172448
-0.180556
-0.189999
-0.20097
-0.213693
-0.228429
-0.245481
-0.265184
-0.287901
-0.314
-0.34377
-0.377338
-0.414532
-0.454577
-0.495657
838.357
755.474
704.862
712.769
967.674
957.861
952.524
949.493
1037.06
1045.84
1056.48
1068.29
1097.94
1115.75
1135.33
1156.72
1149.73
1172.26
1196.82
1223.22
431.61
1192.65
1242.94
1270.26
3.37545
3.58124
6.96584
208.496
3.68148
3.34362
3.18263
3.21365
3.40809
3.02871
3.10662
3.23087
2.86315
3.04765
3.23723
3.36948
3.89981
4.03601
4.6233
4.95406
3.29167
3.66972
4.24615
3.38583
3.25249
3.29309
3.33659
3.38366
3.29013
3.32986
3.37146
3.41444
3.31114
3.352
3.39403
3.43698
3.32011
3.36287
3.40651
3.45089
3.31928
3.36441
3.4103
3.45685
3.3096
3.35737
3.40587
3.45502
3.29118
3.34178
3.39316
3.44519
3.26354
3.31717
3.37162
3.42672
3.22574
3.28253
3.34021
3.39853
3.17643
3.23651
3.29758
3.35928
3.11385
3.17742
3.24217
3.30746
3.03569
3.10303
3.17194
3.24134
2.93874
3.01035
3.08437
3.15919
2.81827
2.89458
2.97548
3.05902
2.66656
2.74609
2.83411
2.93158
2.47436
2.54821
2.63363
2.73606
2.24215
2.29514
2.35108
2.41052
1.99249
2.02274
2.04876
2.06594
1.74321
1.75798
1.76891
1.7725
1.49275
1.49382
1.48956
1.47681
1.23786
1.22282
1.19938
1.16225
0.982033
0.950297
0.905408
0.84035
0.73498
0.689561
0.626995
0.538718
0.507348
0.456948
0.391216
0.304634
0.301738
0.252734
0.193118
0.121184
0.115325
0.0704325
0.0179122
-0.0424783
-0.0546274
-0.0933563
-0.137652
-0.188497
-0.212609
-0.243087
-0.275635
-0.309608
-0.364402
-0.387563
-0.410879
-0.434098
-0.529419
-0.545908
-0.560204
-0.571452
723.406
763.964
247.789
245.363
245.419
245.364
245.334
245.293
245.242
245.18
245.107
245.014
244.873
244.62
244.144
243.136
241.105
239.284
239.51
945.054
950.231
258.256
245.392
245.349
245.341
245.31
245.262
245.198
245.118
245.026
244.92
244.779
244.558
244.196
243.618
242.788
242.109
241.945
1082.52
888.61
245.227
245.275
245.316
245.329
245.299
245.243
245.165
245.065
244.954
244.859
244.747
244.581
244.361
244.08
243.811
243.752
243.666
1184.45
398.805
245.067
245.167
245.301
245.364
245.301
245.239
245.147
245.016
244.88
244.783
244.749
244.643
244.534
244.423
244.389
244.545
244.608
1261.44
1216.89
245.335
245.124
245.265
245.415
245.348
245.248
245.154
244.969
244.764
244.618
244.794
244.741
244.68
244.643
244.671
244.862
245.016
1306.54
1370.61
1366.29
1291.97
1326.71
1130.66
261.062
245.27
245.157
244.761
244.296
276.741
244.564
244.912
244.817
244.778
244.738
244.87
245.162
1084.25
1391.65
1423.68
1429.47
1441.1
1480.83
1534.06
449.295
245.791
396.505
956.282
1314.4
1259.72
364.326
244.99
244.767
244.532
244.516
245.293
3.20022
158.121
997.123
1478.81
1494.87
1522.77
1563.71
1621.84
1526.55
1562.87
1528.19
1547.4
1597.04
1669.51
668.84
450.498
1034.89
279.112
243.909
3.29223
3.36749
3.69528
3.83511
66.213
385.83
1092.94
1617.69
1647.65
1646.28
1623.39
1619.31
1640.38
1682.36
1726.07
1698
1710.96
1795.28
290.445
3.55076
4.58188
4.67082
3.66697
3.74612
3.86797
3.98866
4.45663
68.9478
201.5
155.574
129.534
285.729
1018.06
1741.73
1783.61
1870.73
2065.79
1522.58
4.20957
3.49787
3.99831
3.73481
3.79002
3.9116
4.02906
4.15983
4.31782
4.48025
4.54885
4.58516
4.68042
4.80737
5.50575
426.855
1907.66
2180.98
2350.59
3.42603
3.51634
3.60298
3.70671
3.82828
3.94824
4.06864
4.19588
4.32993
4.45981
4.55402
4.62119
4.72418
4.8628
4.9899
5.15841
73.8286
2117.69
2534.27
3.44575
3.54523
3.64429
3.75116
3.86518
3.98215
4.10176
4.22459
4.34888
4.46745
4.56706
4.64449
4.75091
4.89654
5.02067
5.13531
5.37057
1265.78
2413.4
3.47263
3.57405
3.67731
3.7855
3.89828
4.014
4.13196
4.25138
4.37028
4.48484
4.58841
4.67363
4.76963
4.90451
5.02083
5.09483
5.32104
302.162
2340.72
3.49529
3.59911
3.70548
3.81531
3.92841
4.04386
4.16064
4.27759
4.39319
4.50532
4.61059
4.70248
4.79048
4.90577
5.016
5.09324
4.80581
340.925
2369.51
3.51108
3.61858
3.72852
3.84093
3.9556
4.07168
4.18793
4.30317
4.41631
4.52574
4.62931
4.7235
4.80764
4.89954
4.99601
5.11758
520.06
2075.98
2444
3.5199
3.63224
3.74652
3.8624
3.97958
4.09709
4.21343
4.32753
4.43844
4.5446
4.6442
4.73569
4.8162
4.88946
4.9543
5.25331
2254.32
2527.62
2573.6
3.52151
3.63957
3.75902
3.87919
3.99969
4.11934
4.23641
4.34975
4.45839
4.56063
4.65504
4.74128
4.81847
4.88413
4.92395
4.87222
1612.13
2690.74
2643.07
3.5155
3.63992
3.76512
3.89022
4.0147
4.13718
4.25562
4.36855
4.47475
4.57231
4.66021
4.73991
4.8162
4.89375
4.9752
5.0377
2028.38
2778.71
2899.92
3.50108
3.63227
3.76345
3.89365
4.02246
4.14843
4.26902
4.38212
4.48581
4.5776
4.65627
4.72521
4.79739
4.89202
5.04628
5.71143
1734.36
1206.01
1130.2
3.47715
3.6152
3.75186
3.88648
4.01938
4.14934
4.27322
4.38766
4.48938
4.57424
4.63886
4.68586
4.7349
4.81729
4.95559
5.16986
687.234
1915.92
2198.14
3.44226
3.58668
3.72708
3.86394
3.99968
4.13397
4.2627
4.38059
4.4822
4.5605
4.60684
4.61417
4.61014
4.63065
4.7762
416.261
2534.41
2537.01
664.187
3.39488
3.5441
3.68369
3.81771
3.95383
4.09323
4.22951
4.35409
4.45877
4.5337
4.56254
4.51299
4.43663
4.33382
4.52932
41.0773
3.34114
4.0426
429.411
3.33356
3.48417
3.61134
3.73129
3.86473
4.01302
4.16282
4.29908
4.4099
4.48354
4.49149
4.37114
4.27066
4.10416
4.40988
3.21758
3.09159
5.53391
1177.16
3.25769
3.40313
3.48646
3.56919
3.69998
3.87141
4.04922
4.20675
4.32795
4.39832
4.3857
4.26361
6.16251
4.06948
3.75384
3.3781
7.06119
6.10946
1472.53
3.16967
3.30372
3.24481
3.24828
3.39807
3.63778
3.8762
4.07425
4.21725
4.29732
4.29368
4.15923
6.21738
4.78231
3.92023
12.0081
14.929
8.30681
1597
3.06884
3.18497
2.6321
2.6399
2.82926
3.27828
3.64374
3.90977
4.09119
4.2024
4.24679
4.22607
5.41549
5.53401
4.82462
6.50193
6.86992
7.27997
1748.03
2.90618
57.5102
49.0201
11.4949
2.15735
2.77564
3.37442
3.73605
3.96114
4.11966
4.22968
4.3071
4.36792
6.30696
9.71281
4.81777
10.0109
6.10467
1778.55
2.4902
84.7646
3.3019
6.74448
2.54143
2.63999
3.22817
3.57236
3.82147
4.0362
4.2238
4.39828
4.52217
5.1844
5.91961
8.52105
11.7062
6.46757
311.505
2.06046
75.4706
18.1194
69.8882
70.5203
30.4046
3.43481
3.4173
3.61481
3.9148
4.20096
4.47946
4.70912
4.8549
5.19574
12.2762
7.82946
6.58425
7.49528
1.76257
1.70829
78.3753
27.35
1.07507
39.0889
42.821
3.1208
3.16495
3.68143
4.11604
4.50754
4.84635
5.0879
12.6655
12.6877
6.53309
6.58479
504.964
1.44006
1.21836
0.102427
-0.135006
0.857447
1.27455
1.4909
34.3064
2.22145
3.23893
3.93506
4.46725
4.92446
5.33877
6.20365
6.2861
14.6327
6.6439
900.857
1.08467
0.767436
0.136274
-0.176601
0.14473
1.51067
1.02571
12.6635
3.26319
2.65775
3.66715
4.36034
4.96245
6.02535
6.23802
7.68561
16.8921
6.70715
289.303
0.711115
0.22989
-0.357577
1.42592
1.68047
1.65093
0.115678
0.315025
5.72185
2.07412
3.32933
4.1948
4.97
8.84151
12.8182
11.9706
10.3095
7.16452
278.955
0.358716
2.48824
-0.218193
-0.326858
-0.0131611
-0.823364
-0.999025
-0.362
1.05075
1.67808
2.94361
3.88733
6.82194
7.51327
8.21514
9.31604
205.251
500.553
355.857
0.136535
3.1144
28.5816
-0.385095
0.314595
-0.77383
-1.04163
-0.465518
0.133357
1.54836
2.54487
6.6833
6.45501
5.88045
305.948
389.353
170.083
165.393
45.4744
0.00275305
0.219013
48.1546
5.52562
-0.129085
-0.427774
-0.528569
-0.018357
0.786215
1.80225
6.14208
6.41003
5.51319
357.965
40.8462
-1.38849
-1.62244
-1.98269
-1.81952
-0.133623
1.06248
1.08821
178.867
50.1041
0.456373
0.0190884
0.240349
6.50926
6.94285
6.94478
4.03255
107.385
210.341
-2.06218
-1.62988
-1.77969
-2.0269
-1.5007
-0.268906
-0.519394
59.1363
2.63163
184.788
0.134422
0.103816
3.48948
6.12908
4.06942
1.2266
1.68829
285.218
-6.62671
-5.88044
-3.51397
-2.13924
-1.68364
-1.34597
-0.355076
-0.452566
80.208
3.44967
102.355
2.65966
2.76231
5.39154
2.41086
-0.326213
-0.895049
55.651
-8.20519
-11.2492
-16.5574
-7.01021
-2.44264
-1.46068
-0.831596
-0.463315
-0.532576
-0.725787
23.7362
-0.157326
1.07584
0.0640911
-0.261347
-0.832043
-1.12808
-3.65399
120.699
-9.80097
175.172
542.876
-3.82127
-2.1014
-1.30759
0.493352
-0.579394
-0.547323
-0.0596438
-0.0558429
0.13245
-0.368576
0.104744
0.0671905
-0.123547
-0.415228
-2.48446
-0.574579
-5.3492
194.011
-2.20349
-0.915568
-1.5597
-1.04559
-1.80519
745.221
751.194
756.436
753.913
749.582
747.978
749.619
753.958
760.676
769.731
781.25
795.456
812.593
832.834
856.448
883.574
913.416
939.074
945.889
948.753
940.383
909.385
976.577
742.822
748.882
753.936
751.606
747.866
746.803
748.759
753.213
759.928
768.937
780.402
794.567
811.666
831.848
855.102
880.996
907.812
931.413
945.077
953.418
961.665
839.54
948.643
738.656
744.763
749.621
747.781
745.059
744.846
747.26
751.863
758.561
767.486
778.865
792.966
810.018
830.096
853.023
878.109
903.551
925.779
941.452
956.334
960.38
829.153
936.508
732.835
738.941
743.833
742.941
741.527
742.273
745.156
749.886
756.534
765.345
776.607
790.631
807.645
827.655
850.345
874.874
899.491
921.387
938.058
950.612
948.661
865.003
967.691
725.527
731.574
737.03
737.614
737.574
739.182
742.437
747.229
753.796
762.47
773.592
787.528
804.529
824.536
847.122
871.375
895.644
917.573
935.101
947.512
950.369
942.082
1014.18
717
722.654
729.606
732.192
733.332
735.562
739.037
743.822
750.289
758.82
769.776
783.613
800.634
820.726
843.364
867.619
891.944
914.247
932.677
946.292
954.637
969.687
1038.36
707.648
711.637
722.353
727.07
728.741
731.308
734.867
739.592
745.967
754.353
765.105
778.824
795.919
816.207
839.05
863.573
888.328
911.327
930.822
945.881
957.178
975.215
1025.65
698.617
698.011
713.345
721.639
723.513
726.248
729.792
734.422
740.744
749.024
759.502
773.048
790.271
810.886
834.12
859.187
884.734
908.752
929.51
945.911
958.013
968.442
965.1
245.626
245.62
245.565
245.506
245.464
245.434
245.411
245.396
245.392
245.406
245.45
245.545
245.721
246.032
246.588
247.561
250.202
258.168
263.081
245.624
245.626
245.564
245.501
245.461
245.431
245.408
245.392
245.385
245.396
245.434
245.517
245.669
245.929
246.362
247.017
248.909
257.303
263.56
245.62
245.639
245.561
245.492
245.454
245.426
245.402
245.384
245.374
245.378
245.405
245.467
245.577
245.745
245.959
246.04
246.069
254.437
264.665
245.607
245.658
245.551
245.477
245.445
245.419
245.394
245.373
245.357
245.353
245.365
245.4
245.457
245.509
245.441
244.709
241.095
248.177
269.771
245.583
245.659
245.509
245.454
245.433
245.41
245.383
245.358
245.337
245.322
245.317
245.322
245.32
245.249
244.889
243.296
237.356
261.981
336.907
245.54
245.607
245.39
245.418
245.42
245.399
245.371
245.342
245.313
245.288
245.265
245.238
245.179
244.995
244.4
242.275
235.977
238.274
403.416
245.5
247.198
245.717
245.377
245.408
245.387
245.357
245.323
245.288
245.251
245.21
245.155
245.045
244.775
244.038
241.801
235.956
236.217
416.989
267.027
247.926
245.215
245.389
245.397
245.375
245.342
245.304
245.261
245.213
245.157
245.076
244.928
244.604
243.823
241.756
237.051
237.095
423.203
701.146
682.792
700.459
710.589
712.249
715.123
718.552
723.041
729.546
737.527
747.009
759.919
777.277
798.871
823.235
849.735
877.863
904.711
928.474
947.401
959.218
954.426
898.872
753.042
320.505
164.999
345.399
378.019
416.221
442.09
471.929
521.588
573.473
618.139
681.772
746.892
784.609
809.405
836.721
869.337
900.884
930.101
953.797
971.306
979.862
975.242
3.16441
2.85275
2.93547
2.95911
2.99689
3.05631
3.02296
2.9102
2.81928
2.87754
2.98889
3.05801
3.14994
14.3555
114.885
423.39
864.624
903.517
935.818
965.485
992.386
1014.27
1031.09
2.89828
2.88513
2.90683
2.9252
2.9473
2.96102
2.93795
2.89101
2.82491
3.10093
3.17111
3.20225
3.26522
3.19757
3.227
3.16987
3.2362
65.0549
474.003
983.911
1018.46
1051.2
1084.97
2.86248
2.86763
2.87763
2.89033
2.90282
2.90866
2.90113
2.88415
2.86408
2.84573
2.92105
2.97498
3.02242
3.05659
3.1012
3.13096
3.16623
3.12765
3.22659
3.37935
127.278
999.51
1133.68
2.83344
2.83809
2.84553
2.85482
2.86392
2.86997
2.8714
2.87056
2.87346
2.88335
2.91508
2.95962
3.00097
3.03197
3.06998
3.10856
3.14984
3.18793
3.23391
3.37079
3.29351
3.26752
189.719
2.79579
2.80283
2.81034
2.81876
2.82745
2.8353
2.84216
2.84949
2.86021
2.87643
2.90128
2.93313
2.96742
3.00313
3.03964
3.07752
3.11884
3.15858
3.19322
3.20707
3.18716
3.12902
3.15861
2.75247
2.76438
2.77311
2.78191
2.79123
2.80092
2.81119
2.82292
2.83749
2.85613
2.87977
2.90819
2.93953
2.97276
3.00706
3.04154
3.07482
3.1022
3.10885
3.06945
3.64779
3.50519
3.55827
2.71187
2.72574
2.73483
2.74404
2.75417
2.76536
2.77786
2.79221
2.80911
2.8292
2.85288
2.88005
2.90986
2.94134
2.97335
3.00424
3.0308
3.04512
3.02399
3.20667
2.7228
2.57924
2.92135
2.67848
2.68752
2.69563
2.70494
2.71569
2.72797
2.742
2.75808
2.7766
2.79789
2.82213
2.84919
2.87854
2.9093
2.94023
2.96943
2.99341
3.00471
2.98518
2.88946
2.79141
2.70494
2.75657
2.6426
2.64772
2.65494
2.66415
2.67531
2.6884
2.70353
2.7209
2.74072
2.76318
2.78832
2.81598
2.84575
2.8769
2.90835
2.93852
2.9649
2.98306
2.98496
2.94721
2.92609
2.94393
3.683
2.60219
2.60553
2.6121
2.62119
2.63265
2.64637
2.6624
2.68085
2.70186
2.72553
2.75182
2.78058
2.81146
2.84397
2.87736
2.91063
2.94245
2.97111
2.9947
3.01096
3.03319
3.08682
3.25173
2.55775
2.56045
2.56669
2.57575
2.58746
2.60173
2.61857
2.63803
2.66019
2.68508
2.71268
2.74285
2.77538
2.80998
2.84626
2.88377
2.92207
2.9609
3.00059
3.04288
3.09249
3.15112
3.22258
2.50942
2.5121
2.51828
2.52745
2.53946
2.55427
2.57187
2.59228
2.61553
2.64167
2.67067
2.70249
2.73702
2.77417
2.81383
2.85595
2.90058
2.94803
2.99903
3.05487
3.11691
3.18529
3.26041
2.45722
2.46013
2.46647
2.47588
2.48827
2.50363
2.52194
2.54324
2.56756
2.59494
2.62542
2.65904
2.6958
2.73573
2.77892
2.82553
2.87585
2.93032
2.98952
3.05408
3.12423
3.19965
3.28009
2.40118
2.40443
2.41105
2.42077
2.43358
2.44948
2.46848
2.49062
2.51597
2.5446
2.57659
2.61206
2.65109
2.69382
2.74044
2.79122
2.84651
2.90673
2.97228
3.04339
3.11994
3.20144
3.28737
2.34144
2.34508
2.35199
2.36205
2.37527
2.39168
2.41132
2.43425
2.46058
2.49041
2.52387
2.56111
2.6023
2.64765
2.69744
2.75195
2.81156
2.87662
2.94741
3.02398
3.10609
3.19319
3.28462
2.27814
2.28216
2.28935
2.29971
2.3133
2.33017
2.35038
2.37403
2.40125
2.43216
2.46694
2.50579
2.54892
2.59661
2.64917
2.70694
2.77027
2.83948
2.91478
2.99617
3.08338
3.17586
3.27288
2.21137
2.2157
2.22311
2.23371
2.24761
2.26486
2.28556
2.30982
2.33778
2.36962
2.40552
2.44573
2.4905
2.54016
2.59505
2.65554
2.72201
2.79477
2.87402
2.95977
3.05178
3.14954
3.25227
2.14112
2.14568
2.15322
2.16401
2.17813
2.19567
2.21673
2.24145
2.26999
2.30253
2.3393
2.38057
2.42664
2.47784
2.53457
2.59723
2.66623
2.74194
2.82459
2.91425
3.01077
3.11372
3.22233
2.06737
2.07204
2.07963
2.09052
2.10478
2.12249
2.14378
2.16879
2.19769
2.23069
2.26804
2.31002
2.35697
2.40924
2.46727
2.5315
2.60241
2.6804
2.7658
2.85883
2.95951
3.06753
3.18213
1.9901
1.99473
2.00231
2.01321
2.0275
2.04526
2.06662
2.09171
2.12074
2.15393
2.19152
2.23383
2.2812
2.33402
2.39276
2.45791
2.52999
2.60949
2.69689
2.79261
2.89694
3.00975
3.13035
1.90926
1.9137
1.92122
1.93206
1.94627
1.96393
1.98518
2.01016
2.03907
2.07213
2.10961
2.15182
2.19913
2.25193
2.31073
2.37605
2.44846
2.52857
2.61703
2.71455
2.82172
2.93875
3.06521
1.82474
1.82897
1.83639
1.84709
1.8611
1.87851
1.89947
1.9241
1.95262
1.98525
2.02224
2.06392
2.11064
2.16282
2.22096
2.28563
2.35743
2.43708
2.52543
2.62347
2.73221
2.85244
2.98438
1.73652
1.74057
1.74787
1.75833
1.77202
1.78904
1.80951
1.83358
1.86143
1.89329
1.92941
1.9701
2.01569
2.06662
2.12337
2.1865
2.25664
2.33459
2.42135
2.51821
2.62663
2.7483
2.8847
1.64469
1.64861
1.65572
1.66587
1.67912
1.69558
1.71538
1.73865
1.76556
1.79633
1.8312
1.87044
1.91438
1.96341
2.018
2.07867
2.14605
2.22092
2.30438
2.39787
2.50331
2.62339
2.76169
1.54941
1.55322
1.56009
1.56982
1.58252
1.59828
1.61721
1.63945
1.66516
1.69453
1.72776
1.76512
1.80688
1.85341
1.90509
1.96241
2.02589
2.09627
2.17456
2.26218
2.36118
2.47501
2.60936
1.45083
1.45456
1.46111
1.47035
1.48237
1.49727
1.51516
1.53617
1.56042
1.58809
1.61935
1.65441
1.69352
1.73696
1.78506
1.83817
1.89674
1.96131
2.03265
2.11189
2.20073
2.30223
2.42225
1.34923
1.35284
1.35899
1.36763
1.37885
1.39276
1.40945
1.42902
1.45159
1.47729
1.50627
1.53868
1.57471
1.61456
1.65846
1.70667
1.75946
1.81711
1.88007
1.94894
2.02457
2.1085
2.20319
1.24493
1.2483
1.25395
1.26189
1.27221
1.285
1.30034
1.3183
1.33897
1.36247
1.38889
1.41834
1.45093
1.48677
1.526
1.56874
1.61509
1.66506
1.71868
1.77602
1.837
1.90138
1.96816
1.13827
1.1412
1.14624
1.15338
1.1627
1.17425
1.18809
1.20429
1.2229
1.24399
1.26763
1.29385
1.32271
1.35423
1.38842
1.42529
1.46475
1.50657
1.5504
1.59578
1.64193
1.68747
1.72996
1.02946
1.03177
1.0361
1.04236
1.05057
1.06078
1.07302
1.08732
1.10372
1.12225
1.14292
1.16572
1.19065
1.21762
1.24654
1.27728
1.30961
1.34306
1.37692
1.41033
1.44189
1.46945
1.48944
0.918637
0.920211
0.923776
0.929085
0.936124
0.94491
0.955452
0.967763
0.981843
0.997682
1.01525
1.03451
1.05536
1.07766
1.1012
1.12571
1.15081
1.17586
1.19985
1.22145
1.23871
1.24846
1.24536
0.805835
0.806717
0.809501
0.813826
0.819646
0.826954
0.835743
0.845992
0.857673
0.870746
0.885143
0.900774
0.917497
0.935087
0.953237
0.971548
0.989502
1.00632
1.02075
1.03101
1.03451
1.0269
1.00056
0.69113
0.691462
0.693501
0.69684
0.701423
0.707228
0.714218
0.72236
0.7316
0.741863
0.753053
0.76504
0.777628
0.790546
0.803404
0.815691
0.826761
0.835705
0.841145
0.840971
0.831951
0.808898
0.762521
0.574722
0.574685
0.576032
0.578407
0.581752
0.586034
0.591212
0.597225
0.604
0.611445
0.619432
0.627796
0.636307
0.644648
0.652386
0.658936
0.663546
0.665231
0.662534
0.653199
0.633762
0.598816
0.539418
0.456946
0.456668
0.45739
0.458823
0.460934
0.463699
0.467057
0.470943
0.475263
0.479903
0.48472
0.489523
0.494055
0.497971
0.500814
0.501981
0.500687
0.495902
0.486178
0.469306
0.441983
0.399419
0.334302
0.338235
0.337784
0.337913
0.33842
0.339316
0.340573
0.342129
0.343904
0.345793
0.347668
0.349372
0.350702
0.351381
0.351052
0.349264
0.345428
0.338804
0.328408
0.312857
0.290188
0.257617
0.211406
0.14612
0.218962
0.218351
0.217886
0.21747
0.217163
0.216935
0.216709
0.216401
0.215898
0.215056
0.213715
0.211663
0.208621
0.204239
0.198076
0.189606
0.178165
0.162899
0.142616
0.115729
0.0802731
0.0336719
-0.0272595
0.0993156
0.0985299
0.0974388
0.0960945
0.0946013
0.0929071
0.0909332
0.0885815
0.085728
0.082232
0.0779201
0.0725843
0.0659562
0.0576979
0.0474145
0.0346279
0.0187963
-0.000764665
-0.0249533
-0.0548439
-0.0915585
-0.136249
-0.190117
-0.0189328
-0.0199444
-0.0217647
-0.0240201
-0.0266613
-0.029766
-0.0334251
-0.0377456
-0.0428558
-0.0489053
-0.056061
-0.0645333
-0.0745769
-0.0864947
-0.10065
-0.117449
-0.137334
-0.160801
-0.188416
-0.220704
-0.257971
-0.300106
-0.346554
-0.140922
-0.142746
-0.145393
-0.148578
-0.152413
-0.156999
-0.162437
-0.168843
-0.176347
-0.1851
-0.195281
-0.207098
-0.220792
-0.236646
-0.25498
-0.276143
-0.300508
-0.328414
-0.360082
-0.395514
-0.434283
-0.475159
-0.515607
801.412
722.378
703.8
723.61
961.966
955.059
950.63
948.148
1041.24
1050.93
1062.33
1074.04
1106.65
1125.29
1145.84
1167.73
1160.64
1184.4
1209.72
1237.58
734.132
1231.26
1256.43
1283.72
3.55825
3.62258
62.8602
418.64
3.76123
3.16835
3.20524
3.20654
3.3097
3.01825
3.17917
3.26603
2.95015
3.14674
3.31219
3.40875
3.81219
4.23705
4.95098
4.94278
3.40547
4.29807
3.74319
3.38833
3.27248
3.31434
3.35988
3.4072
3.30973
3.35045
3.39283
3.43616
3.3314
3.37289
3.41541
3.45871
3.34136
3.38459
3.42862
3.47332
3.34174
3.38727
3.43349
3.48035
3.33338
3.38153
3.43037
3.47981
3.31637
3.36739
3.4191
3.47142
3.29023
3.34431
3.3991
3.45447
3.254
3.31128
3.3693
3.42787
3.20631
3.26695
3.32837
3.39026
3.14543
3.2097
3.27478
3.34014
3.06909
3.13737
3.20663
3.27591
2.97414
3.04717
3.12177
3.19626
2.85579
2.93455
3.01709
3.10079
2.70531
2.78896
2.8817
2.9834
2.51013
2.58909
2.68211
2.79515
2.26827
2.32266
2.38033
2.43842
2.00791
2.03649
2.05896
2.0684
1.75091
1.76415
1.77181
1.77076
1.49371
1.49258
1.48444
1.46558
1.2311
1.21251
1.1828
1.13657
0.967443
0.929927
0.875937
0.797944
0.71405
0.660871
0.586838
0.481861
0.483832
0.426294
0.351009
0.25195
0.278533
0.22432
0.158697
0.0796275
0.0938526
0.0451161
-0.0113073
-0.0762662
-0.0733517
-0.114717
-0.1623
-0.217467
-0.227565
-0.259125
-0.292604
-0.327841
-0.375929
-0.399235
-0.422512
-0.446497
-0.537895
-0.553376
-0.566271
-0.575618
732.74
467.562
245.369
245.392
245.376
245.351
245.315
245.269
245.212
245.145
245.064
244.952
244.767
244.412
243.73
242.296
239.951
239.674
447.73
948.005
657.766
245.441
245.354
245.35
245.328
245.288
245.232
245.16
245.074
244.975
244.852
244.682
244.399
243.938
243.238
242.392
242.284
258.399
1094.95
309.929
245.222
245.297
245.335
245.32
245.273
245.207
245.118
245.01
244.9
244.777
244.666
244.481
244.226
243.938
243.757
244.022
261.096
1053.96
244.994
245.108
245.241
245.337
245.331
245.273
245.197
245.086
244.947
244.817
244.733
244.668
244.593
244.474
244.391
244.452
244.788
673.941
1302.54
413.456
245.233
245.156
245.232
245.304
245.285
245.211
245.078
244.874
244.69
244.654
244.635
244.711
244.658
244.644
244.755
245.092
729.097
1340.1
1390.18
1254.87
1325.04
1271.84
336
245.347
245.238
244.994
244.654
244.034
244.168
244.635
244.823
244.807
244.755
244.797
245.134
646.688
1365.25
1411.58
1429.6
1431.32
1460.76
1509.23
1259.87
245.615
256.308
734.237
1272.8
1330.48
368.715
244.947
244.916
244.64
244.373
244.89
1192.65
4.13178
533.895
1352.42
1485.89
1507.16
1541.93
1593.01
1640.42
1542.07
1533.96
1529.43
1574.43
1632.35
1566.01
326.715
924.074
708.48
244.309
1339.85
3.32971
3.48346
3.96105
13.3253
182.206
717.632
1416.56
1633.32
1654.21
1632.91
1618.48
1626.91
1658.73
1710.42
1724.08
1678.86
1761.6
1029.67
1550.01
4.34047
4.62325
4.2781
3.69367
3.80699
3.92869
4.18048
13.7649
163.547
188.26
128.399
159.43
564.188
1627.66
1761.25
1814.53
1959.65
2021.15
2176.24
3.53385
3.62689
3.9867
3.7256
3.85166
3.97187
4.09131
4.23435
4.40447
4.52827
4.5619
4.62529
4.74147
4.98872
92.3873
1384.18
2019.56
2206.17
2617.63
3.4729
3.5591
3.65127
3.76731
3.88859
4.00804
4.1311
4.26244
4.39698
4.51284
4.58723
4.66566
4.79323
4.9257
5.05585
5.51878
1339.67
2337.52
2646.68
3.49645
3.59413
3.69651
3.80765
3.92338
4.04158
4.16278
4.28686
4.40957
4.52054
4.6069
4.69005
4.8234
4.96226
5.06949
5.24697
5.67895
2227.3
2508.65
3.52344
3.62517
3.73073
3.84144
3.95582
4.07274
4.19158
4.31109
4.42843
4.53859
4.63316
4.71601
4.83581
4.96812
5.06166
5.16523
5.61923
1989.99
2327.25
3.54698
3.65189
3.75995
3.87151
3.9859
4.10215
4.21918
4.33566
4.44985
4.55912
4.65861
4.7442
4.84558
4.96585
5.05618
4.99676
117.044
2042.57
2320.39
3.56455
3.67324
3.78442
3.89803
4.01353
4.12987
4.24574
4.36009
4.47162
4.57841
4.67792
4.76603
4.8516
4.94976
5.04381
5.12292
1839.71
2352.17
2464.93
3.57582
3.68916
3.80427
3.92087
4.03839
4.15549
4.27081
4.38346
4.49224
4.59531
4.69111
4.77736
4.85318
4.92505
4.98027
459.931
2521.25
2551.75
2402.4
3.58034
3.69917
3.81903
3.93945
4.05973
4.17829
4.2936
4.40475
4.51042
4.60886
4.69918
4.78115
4.85295
4.90942
4.91684
45.4891
2682.49
2712.37
2521.88
3.57757
3.70249
3.82771
3.9526
4.07631
4.19702
4.31284
4.4226
4.52472
4.61746
4.70086
4.77809
4.85455
4.93576
4.99912
148.528
2768.03
2827.69
2033.61
3.56659
3.69794
3.82869
3.95828
4.08595
4.20955
4.32662
4.43529
4.53333
4.61853
4.6914
4.75965
4.84096
4.95846
5.12808
421.047
2002.38
1157.47
1875.72
3.54631
3.68378
3.8194
3.95317
4.0849
4.21226
4.33181
4.44035
4.53418
4.60916
4.66386
4.70825
4.77039
4.87782
5.02057
19.9723
1695.42
1522.29
2268.18
3.5149
3.65742
3.79579
3.93187
4.0672
4.19936
4.32333
4.43382
4.5248
4.58816
4.61532
4.61084
4.61643
4.64397
5.50036
2313.14
2536.44
1555.04
2229.99
3.47061
3.61504
3.75087
3.88521
4.0234
4.1623
4.29379
4.40945
4.50076
4.55567
4.54936
4.47368
4.3945
4.21607
31.9257
3.26808
3.65287
4.41269
2321.29
3.41165
3.55029
3.67045
3.79577
3.93766
4.08875
4.23345
4.35836
4.45209
4.49869
4.4498
4.30365
4.21142
3.90182
4.87291
3.15462
3.17399
57.4073
2412.41
3.33748
3.45065
3.52343
3.62802
3.78262
3.96153
4.13169
4.2727
4.37065
4.40617
4.31692
6.11609
4.74663
3.93714
3.57516
3.13572
9.10495
301.808
2171.62
3.25625
3.28727
3.22877
3.30556
3.51365
3.76046
3.98156
4.15305
4.26579
4.30817
4.24683
4.32885
6.27173
4.05162
3.88425
14.7769
14.2112
139.116
1537.75
3.19325
2.93612
2.6509
2.63118
3.05939
3.47357
3.78865
4.00981
4.15519
4.23315
4.24331
4.20664
6.45564
4.22805
11.6683
5.03205
6.03662
760.448
1740.21
3.11587
64.5943
19.9067
5.3039
2.44766
3.10166
3.58091
3.85887
4.04742
4.17977
4.27228
4.33908
5.60675
6.3197
8.35892
8.59686
6.38761
1279.21
1789.05
48.5493
3.37243
3.20665
5.71332
2.87816
2.95232
3.42846
3.70003
3.93327
4.13263
4.31549
4.47143
4.54702
6.67351
5.06487
11.5499
6.57551
1060.03
1659.47
1.98804
63.4321
19.7546
70.173
48.9113
9.5508
3.43544
3.48578
3.76455
4.05967
4.3407
4.60374
4.78492
5.013
11.2113
12.5167
6.38427
6.94192
1540.76
1.73861
48.8811
75.7507
0.648733
10.0366
53.3382
5.97561
3.07445
3.41971
3.90739
4.31663
4.68631
4.9757
9.61712
12.8177
7.17047
6.5206
7.01935
1908.96
1.37196
0.818568
-0.439116
0.425694
1.1165
1.38213
34.0331
5.22506
2.72955
3.62635
4.21142
4.70395
5.13005
5.96309
6.20278
6.38228
6.70765
15.5417
1971.7
0.969151
0.466171
-0.114169
-0.0561737
0.341692
2.40471
1.06218
12.7341
1.95402
3.24561
4.02963
4.66926
5.21638
6.25715
6.28298
15.4232
16.8925
6.88745
2024.4
0.525066
-0.128208
-0.344031
1.63579
1.68821
1.32858
0.00376831
11.5333
1.13208
2.79956
3.78281
4.59323
7.69019
9.07337
13.0334
11.7404
7.60314
7.32407
1877.09
0.102339
-0.110615
-0.186066
-0.337609
-0.092265
-1.06398
-0.73676
-0.174384
0.965256
2.38318
3.43163
5.0291
7.29562
7.75664
8.71643
83.8332
433.738
208.629
1957.59
-0.0720003
48.6093
-0.27616
0.0447445
0.116653
-1.1235
-0.788201
-0.262411
0.864665
2.08468
3.04359
7.24889
6.35475
86.4027
392.14
298.143
126.086
129.935
1251.41
-0.115882
15.6344
38.0451
-0.237836
-0.0415682
-0.673455
-0.275297
0.277646
1.34249
3.39894
7.11626
5.71084
5.29164
312.683
-1.32576
-1.45745
-1.77755
-2.07258
1221.31
-0.23896
0.876267
134.14
121.337
4.16264
-0.180629
0.182595
3.94685
6.8642
6.86373
4.79226
3.99133
340.539
-2.54227
-1.76811
-1.69471
-1.84473
-2.06773
1308.03
-0.348355
46.9875
2.19547
171.283
66.3233
-0.158451
0.164941
6.02595
6.22421
1.61716
1.2901
141.892
31.715
-6.17762
-4.81675
-2.55903
-1.80966
-1.38932
76.5097
-0.399682
1.38316
84.7699
46.705
1.48764
2.86746
5.18062
5.24092
-0.215506
-0.414518
-1.12575
173.227
-10.533
-13.8506
16.5233
-4.45805
-1.80911
-1.06886
189.714
-0.503575
-0.596175
105.441
-0.212362
0.56578
0.807932
0.0123381
-0.564378
-1.0221
-1.40348
13.4309
13.526
-13.5401
540.649
279.138
-2.83779
-1.33166
-1.03945
399.953
-0.58747
-0.492186
0.137008
0.183885
0.0449609
0.00431235
0.239824
-0.0973974
-0.198208
-1.18387
8.22156
-3.6073
171.619
49.6202
-0.329947
-1.55578
-1.2351
-0.833093
340.817
)
;

boundaryField
{
    leftWall
    {
        type            fixedFluxPressure;
        gradient        uniform 0;
        value           nonuniform List<scalar> 
100
(
745.921
744.654
741.395
736.473
730.128
722.81
715.391
709.677
708.719
738.943
744.405
2.8636
2.87331
2.85121
2.81683
2.7746
2.73094
2.69521
2.66043
2.62184
2.57934
2.53299
2.48278
2.4287
2.37083
2.30932
2.24429
2.17577
2.10376
2.02822
1.94913
1.86644
1.78008
1.69009
1.59657
1.49966
1.39957
1.29661
1.19114
1.08347
0.973791
0.862192
0.7487
0.633395
0.516504
0.39841
0.279609
0.160453
0.0415887
-0.0747524
745.578
743.242
739.131
733.457
726.55
719.031
712.155
708.505
718.57
764.476
172.033
2.87264
2.86414
2.83516
2.79645
2.75227
2.71206
2.67826
2.64163
2.60107
2.55665
2.50837
2.45622
2.40023
2.34052
2.27724
2.21046
2.1402
2.06643
1.98912
1.90824
1.82372
1.73553
1.64376
1.54853
1.45
1.34843
1.24417
1.13757
1.02887
0.918229
0.805681
0.691263
0.575127
0.457576
0.339073
0.220047
0.10087
-0.0166464
-0.136978
)
;
    }
    rightWall
    {
        type            fixedFluxPressure;
        gradient        uniform 0;
        value           nonuniform List<scalar> 
100
(
263.081
263.56
264.665
269.771
336.907
403.416
416.989
423.203
447.73
258.399
261.096
673.941
729.097
646.688
1192.65
1339.85
1550.01
2176.24
2617.63
2646.68
2508.65
2327.25
2320.39
2464.93
2402.4
2521.88
2033.61
1875.72
2268.18
2229.99
2321.29
2412.41
2171.62
1537.75
1740.21
1789.05
1659.47
1540.76
1908.96
1971.7
2024.4
1877.09
1957.59
1251.41
1221.31
1308.03
76.5097
189.714
399.953
340.817
262.992
263.267
263.983
266.158
278.531
395.236
408.444
422
427.2
414.278
243.821
538.917
701.939
713.169
885.946
1291.97
1400.4
1833.25
2462.16
2681.63
2586.84
2403.96
2309.75
2353.25
2545.13
2330.58
2724.9
1824.04
1872.51
2468.2
2274.36
2365.4
2464.71
1489.11
1715.75
1763.56
1816.96
1446.05
1725.5
1945.85
1999.4
1895.43
1908.26
1846.94
947.761
1297.01
804.742
146.216
11.7501
494.107
)
;
    }
    lowerWall
    {
        type            fixedFluxPressure;
        gradient        uniform 0;
        value           nonuniform List<scalar> 
124
(
745.741
751.652
756.937
754.383
749.935
748.218
749.791
754.104
760.821
769.887
781.418
795.634
812.818
833.298
857.217
884.811
914.894
939.093
944.795
951.806
942.977
926.105
982.108
976.577
948.643
936.508
967.691
1014.18
1038.36
1025.65
965.1
747.625
543.347
437.304
430.223
245.623
245.621
245.617
245.606
245.583
245.543
245.484
245.387
245.627
245.618
245.565
245.507
245.465
245.435
245.412
245.396
245.393
245.407
245.453
245.549
245.727
246.044
246.616
247.665
250.479
258.3
262.992
745.921
747.933
755.375
756.378
751.978
748.644
748.627
751.635
757.171
765.056
775.332
788.174
803.834
822.634
844.811
870.556
899.794
928.723
944.995
941.396
950.602
936.057
958.648
728.736
738.928
441.685
434.814
245.623
245.628
245.596
245.534
245.484
245.449
245.422
245.403
245.393
245.397
245.425
245.493
245.625
245.864
246.286
247.062
248.621
253.822
261.923
982.108
964.574
937.129
947.217
991.479
1030.39
1036.95
1002.48
245.622
245.619
245.612
245.598
245.565
245.517
245.441
245.326
)
;
    }
    atmosphere
    {
        type            totalPressure;
        rho             rho;
        psi             none;
        gamma           1;
        p0              uniform 0;
        value           nonuniform List<scalar> 
92
(
-0.178463
-0.179918
-0.182771
-0.186271
-0.190523
-0.195631
-0.201701
-0.208848
-0.217207
-0.226936
-0.238215
-0.25126
-0.266314
-0.283659
-0.303607
-0.326504
-0.352707
-0.382523
-0.416085
-0.453266
-0.493438
-0.535036
-0.574921
-0.595823
-0.609492
-0.619948
-0.626446
-0.63874
-0.640815
0
0
0
-0.125646
0
0
0
0
0
0
0
0
-0.327766
-1.72745
-1.19082
-0.184817
0
-0.171788
-0.178457
-0.181267
-0.184432
-0.188295
-0.192962
-0.198537
-0.205129
-0.212864
-0.221887
-0.232367
-0.2445
-0.258516
-0.274677
-0.293283
-0.314662
-0.339167
-0.367144
-0.39883
-0.43424
-0.47304
-0.514204
-0.555459
-0.587981
-0.603018
-0.615182
-0.623691
-0.626972
-0.597467
-0.272728
0
0
-0.0952313
-0.0388729
0
0
0
0
0
0
0
-0.0853087
-1.12275
-1.71393
-0.763009
0
)
;
    }
    defaultFaces
    {
        type            empty;
    }
}


// ************************************************************************* //
