/*--------------------------------*- C++ -*----------------------------------*\
| =========                 |                                                 |
| \\      /  F ield         | OpenFOAM: The Open Source CFD Toolbox           |
|  \\    /   O peration     | Version:  v1912                                 |
|   \\  /    A nd           | Website:  www.openfoam.com                      |
|    \\/     M anipulation  |                                                 |
\*---------------------------------------------------------------------------*/
FoamFile
{
    version     2.0;
    format      ascii;
    class       volScalarField;
    location    "0.85";
    object      p;
}
// * * * * * * * * * * * * * * * * * * * * * * * * * * * * * * * * * * * * * //

dimensions      [1 -1 -2 0 0 0 0];


internalField   nonuniform List<scalar> 
9072
(
1277.38
1297.85
1280.11
1258.02
1236.76
1217.86
1197.7
1174.43
1147.31
1116.43
1081.33
1039.13
992.461
955.263
916.496
877.607
834.868
778.956
768.914
752.846
772.036
772.556
772.582
1217.7
1239.3
1220.79
1197.56
1177.24
1159.11
1139.15
1115.8
1088.75
1057.92
1022.95
982.731
936.299
894.045
853.976
814.115
773.855
722.53
695.938
683.9
708.66
711.541
713.423
1155.21
1178.97
1159.73
1135.65
1117.27
1100
1080.82
1058.09
1031.37
1000.68
965.963
926.72
880.251
833.05
788.942
748.99
713.571
683.582
637.966
626.171
644.162
649.466
654.498
1090.6
1116.28
1092.59
1068.86
1057.46
1041.36
1022.87
1000.81
974.627
944.192
909.63
870.432
823.009
770.443
721.865
681.268
648.637
622.278
587.757
570.8
578.89
586.921
596.245
1024.09
1049.86
1018.76
999.026
998.7
983.533
965.274
943.907
918.475
888.343
853.483
813.252
763.341
705.054
651.96
610.264
580.533
557.906
530.072
509.923
511.585
523.401
539.243
956.271
980.693
945.276
932.886
941.514
926.253
907.878
887.358
862.902
833.046
797.446
755.534
701.897
635.627
577.632
534.633
509.406
493.353
467.79
443.263
440.839
458.105
484.144
888.251
911.413
877.85
873.097
884.783
868.631
850.313
831.031
807.871
778.209
741.275
697.131
638.637
559.4
496.199
451.275
434.415
430.833
404.418
371.041
364.385
389.725
431.932
821.243
844.046
818.596
819.968
826.878
809.477
792.112
774.778
753.396
723.79
684.627
637.686
572.839
472.367
407.324
357.115
354.899
374.576
341.773
288.271
278.542
313.203
385.12
436.11
445.515
322.634
293.82
275.831
377.486
563.765
494.495
506.301
618.543
662.598
625.736
673.2
550.429
331.284
384.275
434.713
498.557
500.929
379.138
359.115
186.759
243.452
199.865
291.823
472.428
388.31
433.238
571.378
603.73
590.07
634.545
460.603
246.559
305.026
381.237
442.254
435.233
385.394
226.127
163.211
208.878
161.015
254.505
375.232
252.667
345.167
518.349
574.517
569.601
521.124
150.542
28.0117
145.841
321.854
377.834
364.338
418.827
183.052
158.2
164.283
155.589
166.458
281.559
266.572
276.473
454.855
561.383
574.777
390.752
-8.6069
1.50044
39.2013
215.491
301.483
229.816
404.502
199.912
158.439
153.987
153.756
146.257
202.162
282.053
298.036
433.276
566.911
564.272
267.246
-51.3163
-18.5253
25.8321
156.614
277.572
223.761
365.788
231.807
140.086
151.51
152.675
143.626
179.321
312.9
267.832
404.947
553.318
506.908
279.517
-63.9274
-27.3865
18.2007
83.505
277.48
244.286
343.425
217.352
101.809
134.728
147.989
64.2547
227.167
354.844
244.691
368.643
478.217
455.693
261.792
-30.2769
-22.2475
13.4609
18.7359
304.835
276.244
289.859
115.215
-65.419
-32.0582
-41.363
9.74374
212.868
356.438
227.845
301.13
374.929
405.689
171.066
-2.25342
-23.7451
11.1883
105.13
326.011
294.233
701.24
760.573
747.633
752.011
746.721
730.487
716.121
702.635
684.525
654.741
610.456
556.033
484.076
326.882
288.299
255.59
263.155
329.828
280.039
189.076
160.737
194.442
334.8
578.847
624.428
618.479
611.254
599.413
590.387
584.904
581.959
573.632
542.727
480.98
387.35
338.326
289.83
260.903
209.78
196.23
191.71
116.711
111.483
106.193
83.5932
204.354
380.502
450.497
441.945
438.783
438.505
442.331
448.381
460.975
474.782
450.588
363.311
270.252
249.787
227.33
155.25
63.1277
27.601
35.466
77.2889
87.4878
95.9714
99.0459
148.094
374.432
374.7
374.362
374.008
374.099
374.886
370.25
353.261
395.815
395.478
285.785
208.772
153.491
193.758
77.3789
15.2635
12.0734
12.1586
13.7064
35.3221
77.6962
88.375
91.1998
374.087
374.188
373.976
373.822
373.765
373.689
325.533
232.196
276.682
293.522
230.886
93.8152
88.5287
109.492
7.62614
8.6676
10.3852
10.3566
9.01877
8.57207
39.5454
29.3823
50.4078
373.506
373.733
373.583
373.502
373.443
373.402
324.443
191.274
130.004
164.148
133.228
81.7577
78.1217
76.3786
9.6466
8.77643
9.64351
9.97425
8.80426
7.46433
6.16173
15.195
4.51974
373.018
373.201
373.166
373.173
373.219
369.272
217.297
27.4012
22.4953
19.6233
21.4213
25.2078
18.69
21.4707
11.5746
8.48742
10.1782
10.0695
8.20425
7.5086
7.42528
7.17655
5.58308
372.548
372.672
372.749
372.805
365.77
209.522
31.1613
24.0559
21.8559
20.0259
18.5803
17.1442
15.7105
13.9364
13.2162
13.5196
9.03985
9.69942
3.40631
8.16979
9.13529
9.12605
3.21864
372.031
372.083
372.738
359.76
150.622
33.2091
29.2704
25.1448
21.7591
19.783
18.1126
16.6083
14.8567
13.0741
11.5036
10.3728
11.1209
32.161
11.0639
6.07131
6.36212
4.97905
2.45089
370.265
369.971
363.796
132.808
37.1858
32.425
29.6834
26.511
24.7638
20.0285
17.5306
16.4144
14.0239
11.8954
10.5179
9.63381
9.17244
8.42417
2.07663
1.15413
0.592078
0.361598
0.337879
427.146
253.771
85.9118
45.9688
38.9417
33.2817
29.3712
26.5181
24.8878
17.0401
17.1622
15.7263
10.6074
9.92617
9.16294
8.75561
8.27771
5.20884
0.66715
0.652469
0.315007
0.169157
0.140776
262.302
117.998
53.9661
51.1104
41.1634
32.5793
28.5976
23.6824
10.3195
3.40447
8.3229
3.33802
0.685999
7.54185
7.28422
7.7619
5.74077
1.34351
0.12412
0.0797034
-0.00543719
-0.0627104
-0.0835858
72.2374
22.3279
40.314
39.2206
11.7392
1.88311
-10.61
-6.93373
-3.4755
-2.47144
-2.76015
-0.668692
2.51824
3.20052
4.19666
4.60762
0.830498
0.182001
-0.110647
-0.315692
-0.300645
-0.3078
-0.30909
12.9746
-6.94299
-24.8185
-12.7708
-25.4984
-20.1568
-17.8108
-11.037
-6.9152
-5.26229
-5.52238
-3.56514
1.68547
2.37606
1.66731
1.07989
0.778557
0.213262
-0.269199
-0.516176
-0.525791
-0.535033
-0.540617
-7.3792
-10.1172
-14.7068
-25.8025
-25.7936
-23.9578
-19.3783
-14.5558
-10.7163
-8.00806
-6.39785
-5.35387
-3.15488
-1.11092
-0.35304
-0.536347
0.274979
-0.273599
-0.497171
-0.668405
-0.743594
-0.769993
-0.780742
-14.6563
-12.6781
-16.2127
-31.2362
-34.0484
-28.7753
-22.1417
-16.9844
-12.7801
-9.3598
-6.98282
-5.38739
-4.13314
-2.84077
-1.74313
-1.25477
-1.05331
-0.91569
-0.912059
-0.96206
-1.00422
-1.0245
-1.03085
28.1719
-20.3338
-47.7507
-82.0967
-56.4516
-39.4283
-25.0584
-17.53
-12.867
-9.42602
-7.06394
-5.54481
-4.52481
-3.68627
-3.39135
-2.28357
-1.6991
-1.39527
-1.29528
-1.28577
-1.29189
-1.29442
-1.28966
17.6282
-28.7864
-76.1046
-137.283
-109.528
-53.3339
-26.2336
-16.3125
-11.4547
-8.44809
-6.49841
-5.29454
-4.58924
-4.6803
-4.08834
-2.58145
-2.02704
-1.73435
-1.64026
-1.60871
-1.58957
-1.57318
-1.55523
13.9014
-6.26039
-63.4352
-110.31
-94.6488
-43.1754
-18.7683
-11.6312
-8.46155
-6.57512
-5.35572
-4.62144
-4.23752
-4.03547
-2.01677
-2.36198
-2.25586
-2.08801
-1.98997
-1.93182
-1.89106
-1.85749
-1.82602
6.64164
3.22138
-22.4944
-41.1489
-30.2284
-10.5323
-6.11636
-5.30826
-4.82308
-4.3193
-3.91265
-3.71421
-3.77059
-2.8995
-2.53971
-2.50407
-2.47215
-2.40056
-2.32169
-2.25327
-2.19635
-2.14684
-2.1014
-3.03497
-5.05767
-11.0132
-7.42381
4.19147
5.64445
1.91904
-0.613325
-1.9376
-2.37402
-2.52714
-2.70558
-3.29043
-2.8598
-2.81778
-2.77742
-2.78052
-2.74044
-2.66596
-2.58514
-2.51011
-2.44258
-2.38159
-7.57562
-8.57433
-8.19209
-2.50895
5.80192
7.26803
4.99204
1.91127
-0.389299
-1.21943
-1.4152
-1.88179
-2.44326
-3.34654
-3.24377
-3.23561
-3.22579
-3.16194
-3.05612
-2.9427
-2.83817
-2.74651
-2.66677
-9.36839
-9.35426
-6.4572
-1.62271
3.77772
6.73289
6.44471
3.05343
-2.78905
-0.937378
-0.929373
-2.10308
-4.38335
-4.16525
-4.0424
-3.9716
-3.87108
-3.711
-3.51809
-3.33702
-3.1838
-3.05866
-2.95597
-7.08636
-10.5485
-6.0359
-1.96046
2.00251
5.65597
7.29903
1.75454
-7.90712
-2.88522
-5.90387
-6.19112
-5.68089
-5.1357
-5.069
-4.98812
-4.77189
-4.43984
-4.0715
-3.77072
-3.54398
-3.37514
-3.24596
-3.51909
-6.03918
-4.7034
-2.76943
-0.905342
1.82892
1.13742
-4.83043
-6.62755
-6.85836
-6.8077
-7.14494
-6.65929
-6.04502
-5.93422
-6.03891
-5.92386
-5.4499
-4.76048
-4.23588
-3.9066
-3.68708
-3.5311
-1.65115
-3.06271
-3.55533
-3.83009
-4.80649
-8.77943
-10.5215
-6.92901
-6.6438
-6.8458
-7.33419
-8.15127
-8.09546
-7.10506
-6.61111
-6.70681
-6.85089
-6.60177
-5.62945
-4.70176
-4.2458
-3.9806
-3.80402
-1.77317
-2.18921
-3.34715
-4.53873
-6.71154
-12.2375
-10.1842
-6.97974
-6.28353
-6.68506
-7.68939
-8.62832
-8.50497
-7.61626
-6.99444
-6.9343
-7.10367
-7.12361
-6.30951
-5.04234
-4.5177
-4.24122
-4.05854
-2.65593
-2.53682
-3.68403
-4.86677
-6.49321
-8.88239
-9.25222
-8.22938
-6.44905
-6.81927
-7.7444
-8.2345
-8.19362
-7.67273
-7.06588
-7.08975
-7.17037
-6.98354
-6.21566
-5.12799
-4.70962
-4.46865
-4.29452
-3.49967
-3.22774
-4.26912
-5.19979
-6.30034
-7.4903
-7.94576
-7.4653
-7.02818
-7.13459
-7.64514
-7.74032
-7.42474
-7.28916
-7.1934
-7.07386
-6.69965
-6.19842
-5.62689
-5.16423
-4.88601
-4.68336
-4.51795
-4.92423
-4.41367
-5.07828
-5.57469
-6.33051
-6.92696
-7.17294
-7.05684
-6.95232
-7.14156
-7.5535
-7.71826
-7.70973
-7.54697
-7.33057
-7.08283
-6.68218
-5.90964
-5.61285
-5.32691
-5.09474
-4.89844
-4.73204
-6.33326
-5.82954
-5.97942
-6.1752
-6.57426
-6.8412
-6.92867
-6.87957
-6.86581
-7.25123
-7.64474
-7.90648
-7.78445
-7.68257
-7.4509
-7.12406
-6.72185
-6.25301
-5.85198
-5.55346
-5.30833
-5.10367
-4.9325
-6.78489
-7.00601
-6.53194
-6.58942
-6.93337
-6.95358
-6.91937
-6.88361
-6.80802
-7.84954
-8.08993
-8.27118
-8.1918
-7.99681
-7.67087
-7.26398
-6.83467
-6.41509
-6.04892
-5.74619
-5.49471
-5.2859
-5.11286
-6.62909
-6.75442
-6.62415
-6.7875
-7.26418
-7.13362
-7.06054
-7.1066
-7.38816
-8.85673
-9.03625
-9.3893
-9.19191
-8.61376
-7.9999
-7.44295
-6.95803
-6.54015
-6.1864
-5.89013
-5.64312
-5.43817
-5.26877
-6.58234
-6.7215
-6.7716
-6.9199
-7.31082
-7.2702
-7.22638
-7.34103
-9.00308
-9.58387
-10.5324
-11.6623
-11.3784
-9.62199
-8.35859
-7.58426
-7.03324
-6.60858
-6.26658
-5.98522
-5.7521
-5.55894
-5.39926
-6.63659
-6.79063
-6.90125
-6.98275
-7.18395
-7.3217
-7.31413
-7.35226
-9.09111
-10.0551
-11.6581
-13.7704
-13.3553
-10.2621
-8.44567
-7.56839
-7.00855
-6.60427
-6.28947
-6.0344
-5.82416
-5.64994
-5.50565
-6.54152
-6.76404
-6.88639
-7.00072
-7.21681
-7.37854
-7.44854
-7.69953
-8.95843
-10.027
-11.1182
-12.2661
-12.1642
-9.5714
-8.06633
-7.34075
-6.86931
-6.52751
-6.26064
-6.04383
-5.86438
-5.71494
-5.5905
-6.0302
-6.66104
-6.84043
-7.35672
-7.45066
-7.42142
-7.38936
-7.6656
-8.29076
-8.83055
-9.75026
-9.73814
-9.30008
-8.25442
-7.43615
-6.98157
-6.65281
-6.39931
-6.19397
-6.02332
-5.87992
-5.75914
-5.65766
-4.94134
-6.51058
-6.82568
-7.53916
-7.69244
-7.43419
-7.20895
-7.37921
-7.34285
-7.08937
-7.27054
-7.5248
-7.50355
-7.16147
-6.84972
-6.61268
-6.41618
-6.25011
-6.10757
-5.98465
-5.87888
-5.78834
-5.71126
-5.51433
-6.19452
-6.61356
-7.38818
-7.79579
-7.37015
-6.98196
-8.28891
-7.25352
-6.96166
-6.81891
-6.74936
-6.65243
-6.5307
-6.41225
-6.30333
-6.20091
-6.10542
-6.01776
-5.93887
-5.86911
-5.80824
-5.75558
-5.74503
-5.68965
-6.1723
-7.05252
-7.64341
-6.98899
-5.90923
-7.03862
-6.92365
-6.58512
-6.36981
-6.26372
-6.19855
-6.1502
-6.10907
-6.0683
-6.02518
-5.98034
-5.936
-5.89444
-5.85706
-5.82407
-5.79489
-5.55166
-5.39313
-5.90843
-6.73472
-7.82956
-6.16187
-4.34458
-4.69885
-5.73987
-5.94224
-5.97018
-5.95073
-5.92813
-5.91391
-5.90653
-5.89948
-5.89092
-5.87992
-5.86757
-5.85616
-5.84732
-5.84044
-5.83333
-6.08054
-5.99898
-7.57403
-7.41593
-10.22
-7.22361
-4.778
-5.00947
-5.51038
-5.70716
-5.76768
-5.77815
-5.77679
-5.77828
-5.78227
-5.78603
-5.79199
-5.80199
-5.81492
-5.83072
-5.8484
-5.86452
-5.87643
495.561
584.119
652.394
678.845
428.239
478.842
537.544
556.145
191.701
196.374
193.392
179.602
109.894
116.616
111.098
87.0707
49.7741
28.1802
45.868
12.9525
9.37909
7.26627
6.17485
5.80157
7.44296
8.05923
6.86483
6.05574
4.79535
5.47078
3.62678
1.13283
0.748377
0.675649
0.743675
0.792131
0.379381
0.363227
0.385816
0.402871
0.145498
0.144693
0.155592
0.170537
-0.08177
-0.0780974
-0.0741399
-0.0708853
-0.308478
-0.307682
-0.306662
-0.305759
-0.542336
-0.542552
-0.542015
-0.5411
-0.782594
-0.782138
-0.780572
-0.778316
-1.02885
-1.02617
-1.02242
-1.01795
-1.28072
-1.27469
-1.26788
-1.2605
-1.53768
-1.52758
-1.51706
-1.50622
-1.79904
-1.78439
-1.76973
-1.75505
-2.06434
-2.04481
-2.02567
-2.00686
-2.33349
-2.30864
-2.28468
-2.26144
-2.60615
-2.57546
-2.54628
-2.51837
-2.8812
-2.84418
-2.80949
-2.77677
-3.15611
-3.11259
-3.07238
-3.03496
-3.42689
-3.37736
-3.33211
-3.29045
-3.68876
-3.63457
-3.58534
-3.54028
-3.93789
-3.88096
-3.82915
-3.78166
-4.17341
-4.11531
-4.062
-4.01286
-4.397
-4.3381
-4.28372
-4.2334
-4.60919
-4.54927
-4.49399
-4.44292
-4.80732
-4.74667
-4.69102
-4.63997
-4.98747
-4.92711
-4.87207
-4.82198
-5.14683
-5.0882
-5.03494
-4.98669
-5.28446
-5.22923
-5.17908
-5.13367
-5.40141
-5.35132
-5.30575
-5.26441
-5.50015
-5.45664
-5.417
-5.38098
-5.58345
-5.54759
-5.51484
-5.48507
-5.65431
-5.62666
-5.60131
-5.57822
-5.71609
-5.69673
-5.67886
-5.6625
-5.77226
-5.76091
-5.75027
-5.74041
-5.82641
-5.82253
-5.81866
-5.8149
-5.88321
-5.88587
-5.88795
-5.88961
452.716
-63.1488
-129.879
-96.1679
-102.687
-89.5358
74.2815
260.01
190.514
194.348
239.895
328.108
115.668
-0.377639
-55.8089
29.2697
161.823
321.449
271.226
393.167
-76.635
-118.147
-103.89
-101.097
-94.5197
-76.4192
143.966
160.676
75.8668
-61.8845
80.7379
22.9477
26.1804
54.2322
87.6124
185.329
189.136
149.303
139.863
17.6296
-81.6432
-131.862
-132.178
-98.7773
14.9583
86.5278
111.179
48.0461
-124.611
16.6134
15.4648
15.0402
38.3227
44.9065
72.8068
95.1457
80.8414
53.5635
16.44
9.97639
0.137624
23.2801
67.7924
72.6344
65.4305
89.9146
47.6117
41.2868
14.1559
14.6093
14.3056
14.7773
22.8151
17.1116
13.1077
29.6256
6.534
8.34487
4.09575
18.0881
62.9186
76.7012
68.5384
55.0086
3.12747
2.33313
5.42084
2.93408
6.14875
12.9181
13.9425
15.9676
12.3469
9.77037
6.68237
4.11588
2.82336
2.31577
1.42258
9.55385
19.8622
6.53483
3.17318
2.18422
4.74773
3.72062
3.63807
-0.73278
9.77184
9.01691
6.23405
5.93677
5.34621
7.35251
-2.32839
0.837931
0.615876
0.728673
1.21456
1.55243
1.36256
1.23874
1.10142
1.18757
1.43823
2.70238
2.02203
2.45994
-1.6688
1.11814
3.15304
4.24191
11.0022
0.774402
0.763817
0.099005
0.291109
0.663074
0.689706
0.43791
0.580656
0.747563
0.64906
0.241948
0.654266
1.06611
-0.207821
-1.053
-0.431049
0.106638
0.737228
10.2961
0.6453
0.803261
0.534333
0.405238
0.420774
0.353348
0.26825
0.260185
0.307223
-0.0483533
-0.629397
-0.64786
-0.27183
-1.08049
-1.42095
-1.15431
-1.15625
-1.6729
-0.705279
0.420743
0.488749
0.448872
0.273383
0.19042
0.17844
0.102485
0.0401835
-0.0969768
-1.07308
-1.30508
-1.18089
-1.42001
-2.08986
-2.40361
-1.96843
-1.79732
-2.0883
-1.68111
0.1839
0.186169
0.130948
0.0540027
0.0196437
-0.00398909
-0.0491468
-0.0983892
-0.317072
-1.64838
-1.85188
-1.6234
-2.10435
-2.94781
-3.19884
-2.64912
-2.15913
-2.34553
-3.85637
-0.070136
-0.0757399
-0.10485
-0.144148
-0.169223
-0.192538
-0.219911
-0.242355
-0.410255
-1.37047
-1.27211
-1.44307
-2.02648
-2.73993
-2.87155
-2.37257
-2.00162
-1.85883
-1.9133
-0.305965
-0.310858
-0.326975
-0.347232
-0.364473
-0.380798
-0.396256
-0.410789
-0.479543
-0.810269
-0.709051
-0.982397
-1.35397
-1.78979
-2.00225
-1.9087
-1.80167
-1.41888
-1.11925
-0.540221
-0.540699
-0.546463
-0.554802
-0.562814
-0.569176
-0.571804
-0.580454
-0.552998
-0.435556
-0.197811
-0.611282
-0.974921
-1.24338
-1.52717
-1.71969
-1.74912
-1.23596
-0.841796
-0.775035
-0.769748
-0.766917
-0.76566
-0.764467
-0.761566
-0.754492
-0.752382
-0.724368
-0.493407
-0.434098
-0.436576
-0.646047
-1.12744
-1.58124
-1.73927
-1.76367
-1.25074
-0.757807
-1.01148
-0.999711
-0.989136
-0.979671
-0.970511
-0.960463
-0.947934
-0.93577
-0.921697
-0.831036
-0.826242
-1.13478
-1.25905
-1.59426
-1.7391
-1.70555
-1.6781
-1.47132
-0.639736
-1.25017
-1.23145
-1.21364
-1.19702
-1.18133
-1.1662
-1.1514
-1.13825
-1.12886
-1.11387
-1.14355
-1.23145
-1.37266
-1.63015
-1.84989
-1.78212
-1.78862
-1.88221
-1.82797
-1.49146
-1.46545
-1.44068
-1.41763
-1.39644
-1.37751
-1.36179
-1.35123
-1.34872
-1.35377
-1.37483
-1.43579
-1.53904
-1.80921
-2.22869
-2.13721
-2.14065
-2.65109
-3.10366
-1.73545
-1.70188
-1.67028
-1.64115
-1.61493
-1.59253
-1.57572
-1.5672
-1.56998
-1.58501
-1.61609
-1.66689
-1.72379
-2.01245
-2.78584
-2.66121
-2.66867
-3.32903
-3.57099
-1.9821
-1.94073
-1.90231
-1.86721
-1.83593
-1.80969
-1.79073
-1.78258
-1.78929
-1.81431
-1.86779
-1.97357
-2.15106
-2.58904
-3.02373
-2.99175
-3.03572
-3.41516
-3.35116
-2.23127
-2.18192
-2.13665
-2.09552
-2.0589
-2.02796
-2.00522
-1.99511
-2.00301
-2.03336
-2.09533
-2.20172
-2.41591
-2.74904
-3.24424
-3.35028
-3.13704
-2.83762
-2.89059
-2.4826
-2.42519
-2.3731
-2.32588
-2.28354
-2.2468
-2.21811
-2.20281
-2.20767
-2.23563
-2.28407
-2.34758
-2.4413
-2.89393
-3.49329
-3.78346
-3.10932
-2.3953
-2.68055
-2.7354
-2.67002
-2.61127
-2.55805
-2.50977
-2.46614
-2.42884
-2.40476
-2.40312
-2.42703
-2.4615
-2.48245
-2.45933
-3.18645
-3.61752
-3.80395
-3.10756
-2.61841
-2.87094
-2.98824
-2.91536
-2.85042
-2.7917
-2.73806
-2.68787
-2.64325
-2.6105
-2.60456
-2.63251
-2.66372
-2.6704
-2.70862
-3.06512
-3.46228
-3.50841
-3.45999
-3.2997
-3.23937
-3.23902
-3.15951
-3.08932
-3.02639
-2.96983
-2.92001
-2.86791
-2.81625
-2.80683
-2.87498
-2.93467
-2.93944
-2.98235
-3.09032
-3.15449
-3.41055
-3.89748
-3.84792
-3.53492
-3.485
-3.40005
-3.32589
-3.26071
-3.20646
-3.1684
-3.09087
-2.99448
-3.01089
-3.1145
-3.22068
-3.24353
-3.2746
-3.46059
-3.56173
-3.61718
-3.92109
-3.85796
-3.57756
-3.72345
-3.63417
-3.55693
-3.49041
-3.44318
-3.43081
-3.3457
-3.31907
-3.44497
-3.49319
-3.47448
-3.47772
-3.50013
-3.57334
-3.75659
-3.8804
-3.98499
-3.75144
-3.42656
-3.95244
-3.85968
-3.77939
-3.70921
-3.645
-3.68746
-3.73667
-3.8368
-3.85382
-3.85027
-3.8014
-3.6986
-3.68348
-3.70362
-3.77207
-3.84869
-3.82749
-3.61208
-3.37297
-4.17143
-4.07645
-3.99471
-3.92502
-3.88456
-3.95493
-4.10013
-4.17724
-4.1126
-4.05337
-4.04905
-4.00188
-3.89439
-3.85958
-3.92817
-3.97125
-3.95273
-3.78246
-3.60383
-4.38028
-4.28506
-4.20394
-4.13294
-4.10205
-4.14675
-4.34202
-4.46031
-4.35649
-4.24421
-4.20702
-4.20359
-4.18284
-4.10977
-4.1304
-4.17331
-4.17732
-4.02768
-3.91568
-4.57791
-4.48562
-4.40971
-4.34325
-4.30352
-4.37172
-4.72235
-4.73727
-4.5324
-4.40097
-4.35564
-4.34742
-4.35244
-4.37956
-4.38367
-4.37013
-4.35682
-4.26687
-4.23967
-4.76167
-4.67483
-4.60972
-4.57056
-4.59425
-4.63152
-4.72169
-4.70531
-4.58315
-4.52068
-4.4965
-4.48793
-4.4884
-4.50218
-4.52426
-4.53636
-4.52905
-4.46313
-4.3662
-4.92892
-4.84772
-4.79129
-4.76885
-4.78413
-4.78806
-4.75365
-4.70736
-4.67861
-4.65805
-4.63958
-4.62809
-4.62196
-4.61975
-4.61636
-4.6041
-4.57255
-4.54294
-4.51846
-5.07927
-5.00293
-4.94898
-4.93258
-4.94041
-4.92796
-4.88732
-4.84652
-4.82375
-4.80249
-4.78365
-4.76898
-4.75784
-4.74838
-4.73727
-4.7208
-4.69756
-4.67811
-4.6685
-5.21477
-5.14459
-5.09359
-5.08313
-5.11315
-5.10089
-5.0483
-4.99947
-4.97003
-4.94657
-4.92676
-4.91051
-4.89689
-4.88438
-4.87113
-4.85581
-4.83941
-4.82698
-4.82015
-5.33773
-5.27675
-5.23426
-5.22989
-5.29919
-5.31291
-5.23955
-5.15468
-5.11383
-5.08812
-5.06859
-5.05253
-5.03854
-5.02552
-5.01256
-4.99939
-4.98706
-4.97823
-4.9724
-5.44935
-5.39932
-5.36564
-5.3588
-5.42503
-5.48254
-5.42487
-5.30249
-5.25081
-5.22665
-5.20962
-5.19525
-5.18219
-5.16983
-5.15788
-5.14653
-5.13659
-5.12945
-5.12435
-5.55046
-5.51159
-5.4853
-5.47454
-5.49053
-5.51975
-5.49713
-5.4131
-5.3795
-5.36382
-5.35112
-5.33914
-5.32747
-5.31609
-5.30514
-5.29502
-5.28639
-5.28007
-5.27544
-5.64272
-5.61477
-5.59527
-5.58448
-5.58204
-5.58185
-5.58109
-5.5251
-5.51246
-5.50371
-5.49453
-5.48462
-5.47417
-5.46359
-5.45331
-5.44386
-5.43583
-5.42985
-5.42561
-5.72836
-5.71116
-5.69909
-5.69204
-5.68942
-5.69076
-5.69868
-5.66193
-5.65336
-5.64732
-5.64034
-5.63185
-5.62219
-5.61198
-5.60188
-5.59254
-5.58456
-5.57858
-5.57467
-5.81019
-5.80351
-5.79964
-5.79881
-5.80103
-5.80386
-5.80666
-5.79813
-5.79563
-5.79303
-5.78821
-5.78081
-5.77146
-5.76108
-5.7506
-5.74081
-5.73238
-5.72601
-5.72232
-5.89145
-5.89449
-5.89884
-5.90543
-5.91428
-5.92296
-5.92745
-5.93261
-5.93838
-5.94073
-5.93826
-5.93154
-5.92189
-5.9107
-5.8992
-5.88839
-5.87903
-5.87175
-5.8676
1303.22
1289.92
1269.23
1247.02
1227.24
1208.09
1186.53
1161.37
1132.33
1099.46
1061.38
1014.78
973.424
935.74
897.286
857.476
806.627
767.566
757.634
763.677
773.293
772.408
772.98
1244.6
1231.47
1208.85
1187
1168.16
1149.53
1127.92
1102.75
1073.8
1040.97
1003.76
959.384
914.529
873.788
834.043
794.576
748.597
706.832
681.77
699.665
711.088
712.451
714.359
1183.45
1171.49
1146.54
1126.28
1108.63
1090.81
1069.94
1045.24
1016.52
983.823
947.088
904.191
856.482
810.458
768.393
730.82
697.534
662.129
623.059
637.114
647.249
652.085
656.334
1120.3
1107.72
1077.19
1063.95
1049.65
1032.52
1012.33
988.249
959.939
927.406
890.802
847.837
796.814
745.204
700.545
664.025
634.877
606.598
574.257
574.734
582.692
591.816
599.786
1054.67
1038.32
1002.56
1001.38
991.862
974.75
955.036
931.751
904.014
871.486
834.231
789.777
734.51
677.148
629.63
594.001
568.943
545.031
516.98
509.053
516.469
531.618
545.843
986.92
966.645
930.887
941.201
935.058
917.26
897.987
875.734
848.699
815.948
777.458
730.718
669.28
604.658
554.141
519.874
501.497
482.098
453.423
439.283
447.262
471.27
496.471
918.468
897.344
866.796
883.703
877.883
859.458
840.955
820.13
793.954
760.62
720.212
670.784
599.815
524.782
471.092
439.101
433.62
420.94
385.777
363.983
374.501
410.343
455.206
850.8
832.664
811.834
827.327
818.602
800.595
783.656
764.891
739.793
705.332
662.047
609.879
523.055
435.968
378.566
349.09
367.652
365.408
312.33
277.234
290.38
346.558
427.36
416.115
385.069
301.888
282.518
299.856
484.01
570.066
479.275
553.51
649.324
648.65
637.281
666.463
401.85
346.795
425.122
491.175
486.88
512.615
342.497
242.995
224.486
225.705
205.912
406.581
454.539
385.84
494.334
609.839
595.171
607.281
600.053
313.65
266.394
353.683
444.778
424.149
472.485
309.284
163.123
190.152
174.247
171.242
387.076
322.036
278.82
426.183
572.897
581.495
564.91
371.845
33.3571
74.0636
213.649
409.882
329.618
448.051
311.662
155.515
165.844
155.164
155.207
255.759
283.022
258.605
345.739
537.771
566.837
507.157
96.1709
-12.4438
20.5252
95.0243
330.435
240.1
370.071
332.52
161.454
164.656
153.717
153.048
142.258
266.473
280.346
340.601
520.876
583.298
465.891
-7.45603
-39.9702
10.5899
55.5633
280.091
231.156
328.354
361.696
152.776
151.125
152.922
152.865
99.9018
287.839
276.92
310
504.878
549.66
442.465
-49.5445
-49.1114
1.68745
18.104
276.495
255.28
329.261
333.785
122.334
123.633
146.952
128.218
109.654
353.164
288.735
273.299
451.079
474.915
430.134
26.1596
-33.2771
-1.94437
-13.235
288.496
296.114
335.31
285.663
-27.0976
-40.1689
-44.9229
-27.3163
93.4515
353.776
270.765
237.442
353.084
397.419
360.421
49.3913
-20.2914
-13.7019
16.7531
302.571
303.252
321.064
766.125
753.679
748.48
752.669
738.618
722.987
709.517
694.633
671.418
634.329
583.831
527.317
406.773
294.154
274.162
247.189
300.353
320.996
229.134
166.745
168.036
249.648
438.338
630.282
620.485
615.548
605.507
594.37
587.337
583.196
579.524
561.98
515.319
438.767
349.41
309.401
272.85
237.155
192.59
204.602
150.81
114.235
109.975
94.8239
99.383
353.837
461.669
445.703
439.596
438.543
439.327
446.337
451.599
470.388
469.344
415.463
293.387
265.326
248.365
205.815
102.905
47.7795
28.3323
57.0979
85.267
88.6936
98.1637
110.304
187.641
374.87
374.54
374.155
373.991
374.37
375.068
359.99
371.771
406.655
361.103
241.087
170.779
157.476
135.166
38.2085
12.0573
12.2788
11.8168
22.5174
55.5945
90.2466
85.8088
101.904
374.199
374.079
373.885
373.78
373.819
372.855
256.202
249.421
295.015
271.442
168.38
86.6907
99.4857
44.995
8.37287
9.27428
10.5861
9.77228
8.46755
14.1835
46.6316
31.5963
52.7476
373.762
373.643
373.537
373.471
373.473
372.016
253.633
139.364
148.053
156.008
98.647
77.9656
83.7044
28.8019
8.99827
9.10273
10.02
9.51495
8.11621
6.64767
7.97053
15.5979
9.01575
373.235
373.164
373.17
373.192
372.915
325.291
85.483
23.5059
20.7052
20.1001
26.6222
17.178
20.9384
17.2399
7.00854
9.79079
10.3257
9.25385
7.62292
7.55844
7.2539
6.28202
6.30387
372.686
372.663
372.756
372.66
321.205
84.8873
25.5033
22.928
20.8331
19.3346
17.8174
16.5428
14.6939
13.1829
14.213
11.7004
8.91287
7.08947
7.90334
8.66541
9.51261
5.9916
5.3958
372.103
372.354
371.702
288.475
55.1784
30.5464
27.2748
23.371
20.6133
18.9467
17.3596
15.7817
13.9315
12.2569
10.8654
10.131
19.1574
28.4651
6.03593
5.73655
5.43073
4.28451
0.673644
370.761
370.477
269.763
47.9561
34.2588
30.9927
28.1534
25.5753
23.2761
17.8497
17.1702
15.3363
12.7999
11.1376
10.0266
9.3089
9.36215
3.94482
1.70944
0.864744
0.434443
0.325944
0.386266
347.693
154.357
52.4003
42.2175
35.8178
31.1899
27.8035
25.8334
22.4072
16.6928
16.7054
12.5611
10.7159
9.47298
8.93797
8.54776
7.39027
0.990561
0.714932
0.458217
0.222691
0.142985
0.146497
262.205
58.5754
54.1368
46.7706
34.8024
30.5724
26.3938
19.8322
2.98267
6.35391
6.60098
1.04554
4.23007
7.10124
7.60976
7.43148
4.03883
0.149876
0.10188
0.0376574
-0.0398641
-0.0750722
-0.0854921
49.7521
28.5895
46.2236
23.836
6.89399
-6.94523
-13.0396
-4.30606
-2.66015
-2.91546
-1.82977
2.208
2.66225
3.90595
4.65495
3.30691
-0.652432
0.0731264
-0.238134
-0.306043
-0.305
-0.30966
-0.309087
0.763547
-17.5776
-17.4624
-19.7844
-23.9425
-19.173
-14.4932
-8.57389
-5.82509
-5.32467
-5.45359
-0.759714
2.33273
2.08743
1.13603
1.35299
0.57664
-0.0702678
-0.435171
-0.523212
-0.531082
-0.538138
-0.54189
-8.24021
-13.5837
-16.7775
-27.2082
-25.4291
-21.7684
-16.8954
-12.5018
-9.21187
-7.09519
-5.84569
-4.64683
-1.98097
-0.582779
-0.357885
-0.530983
0.0494434
-0.383495
-0.590951
-0.716421
-0.759711
-0.776747
-0.782332
-12.9934
-13.1739
-23.3928
-34.1778
-32.1277
-25.2663
-19.4047
-14.7939
-10.9533
-8.04329
-6.11856
-4.73999
-3.50831
-2.2146
-1.42131
-1.20919
-0.837533
-0.8977
-0.934007
-0.986526
-1.01646
-1.02913
-1.03027
-16.5698
-30.1784
-73.7625
-69.2731
-48.5753
-31.0127
-20.7473
-15.0153
-11.0095
-8.11797
-6.22187
-4.99055
-4.12581
-3.26485
-3.26674
-1.62645
-1.70331
-1.32369
-1.28681
-1.2886
-1.29401
-1.29292
-1.28495
-12.0064
-45.6409
-116.669
-130.396
-78.6973
-36.4106
-20.2636
-13.541
-9.7949
-7.3618
-5.82108
-4.88644
-4.54022
-3.92977
-3.10269
-2.21213
-1.87529
-1.66665
-1.622
-1.59836
-1.58141
-1.56451
-1.54534
13.1007
-34.0576
-94.008
-108.823
-69.947
-27.03
-14.3664
-9.79626
-7.41776
-5.89529
-4.93755
-4.38898
-4.08798
-1.7026
-2.2091
-2.33315
-2.16656
-2.03141
-1.95777
-1.91006
-1.87379
-1.84166
-1.81046
9.55598
-7.87318
-34.8006
-39.1429
-19.3982
-7.1642
-5.6269
-5.06373
-4.56958
-4.09428
-3.78764
-3.68543
-4.0442
-2.33852
-2.50396
-2.49303
-2.43941
-2.36034
-2.28589
-2.2236
-2.17093
-2.12372
-2.07981
-1.47426
-8.94867
-10.6909
-1.17668
6.23713
3.70489
0.503714
-1.41992
-2.22866
-2.44771
-2.61431
-2.91513
-2.69486
-2.9904
-2.78072
-2.78173
-2.76669
-2.70547
-2.6252
-2.54667
-2.47547
-2.41131
-2.35339
-7.21532
-8.59731
-6.30303
2.26493
7.27139
6.38057
3.41885
0.691078
-1.05163
-1.28804
-1.54202
-2.46365
-2.87699
-3.27512
-3.23632
-3.2352
-3.20136
-3.1118
-2.99892
-2.88888
-2.79075
-2.70523
-2.631
-9.20424
-8.28329
-4.22289
1.23031
5.65098
6.99654
5.12395
1.11469
-3.21448
-0.919413
-1.39681
-2.86417
-4.41618
-4.07391
-4.00697
-3.92774
-3.79841
-3.61517
-3.42457
-3.25665
-3.11805
-3.00483
-2.91152
-9.452
-8.7813
-4.03165
0.0419582
3.90167
6.95322
5.67915
-4.26958
-7.72209
-3.76348
-6.34111
-6.04828
-5.30174
-5.07746
-5.04618
-4.89622
-4.61785
-4.25175
-3.91084
-3.6488
-3.45352
-3.3065
-3.19215
-5.86092
-5.72845
-3.77899
-1.82267
0.186301
1.86016
-1.33341
-6.25497
-6.82986
-6.799
-7.00228
-6.98899
-6.29974
-5.92218
-5.98685
-6.02903
-5.72857
-5.10947
-4.46412
-4.05315
-3.78634
-3.60312
-3.46829
-2.81148
-3.42382
-3.70573
-4.07347
-6.85427
-10.6027
-8.60731
-6.60169
-6.72606
-7.02335
-7.7744
-8.31485
-7.60713
-6.78349
-6.60621
-6.81047
-6.80157
-6.19929
-5.08256
-4.43404
-4.09698
-3.88469
-3.73431
-1.97311
-2.78673
-3.93241
-5.40472
-8.6329
-11.8401
-8.86414
-6.47743
-6.38562
-7.13081
-8.24646
-8.70598
-8.07784
-7.2295
-6.90809
-7.03703
-7.15832
-6.99154
-5.47467
-4.71768
-4.36152
-4.14215
-3.98568
-2.27475
-3.11903
-4.2774
-5.58758
-7.53854
-9.50386
-8.72957
-7.63286
-6.41492
-7.28782
-8.06606
-8.28763
-7.94181
-7.27917
-7.06457
-7.12509
-7.12122
-6.8529
-5.51181
-4.87205
-4.57671
-4.37585
-4.22183
-2.64735
-3.73934
-4.74894
-5.72676
-6.88255
-7.89183
-7.7556
-7.19171
-6.93415
-7.42122
-7.7482
-7.47415
-7.38486
-7.19451
-7.20553
-7.06768
-6.43013
-6.01631
-5.36416
-5.00305
-4.77952
-4.5968
-4.44575
-4.52638
-4.79009
-5.28862
-5.95846
-6.65842
-7.11019
-7.14163
-7.04031
-6.88518
-7.39015
-7.65704
-7.73855
-7.63963
-7.43325
-7.21209
-6.89235
-6.32842
-5.75225
-5.46228
-5.20491
-4.99282
-4.81172
-4.65876
-5.80269
-6.1179
-5.99474
-6.38551
-6.7332
-6.90607
-6.92486
-6.90905
-6.90667
-7.47828
-7.7862
-7.83929
-7.74577
-7.57991
-7.29828
-6.92906
-6.50486
-6.03242
-5.69472
-5.42527
-5.20146
-5.01428
-4.85768
-6.76354
-6.72071
-6.52057
-6.73457
-6.99552
-6.92849
-6.91466
-6.9038
-7.3625
-7.91541
-8.23091
-8.24797
-8.10566
-7.84925
-7.47297
-7.04985
-6.62117
-6.22328
-5.89052
-5.61462
-5.38543
-5.19532
-5.03778
-6.74194
-6.66624
-6.67586
-6.99114
-7.21422
-7.08218
-7.04711
-7.0235
-8.49607
-8.76383
-9.27465
-9.34697
-8.92325
-8.30236
-7.71243
-7.19179
-6.74082
-6.35556
-6.03162
-5.76093
-5.53582
-5.34938
-5.19578
-6.72962
-6.72833
-6.8688
-7.04034
-7.28819
-7.24749
-7.27697
-7.49658
-9.54368
-9.88388
-11.1554
-11.7786
-10.5477
-8.8898
-7.93233
-7.28891
-6.80855
-6.42895
-6.11924
-5.8632
-5.65096
-5.47526
-5.33055
-6.75609
-6.83054
-6.95601
-7.03741
-7.26987
-7.36435
-7.43248
-8.08509
-9.69501
-10.8669
-12.582
-14.5098
-11.7394
-9.14631
-7.95052
-7.26223
-6.79235
-6.43806
-6.15561
-5.92431
-5.73297
-5.57437
-5.44319
-6.74579
-6.82861
-6.9329
-7.1247
-7.32548
-7.40422
-7.39314
-8.62392
-9.28236
-10.7393
-11.5777
-12.9736
-10.7009
-8.66949
-7.65815
-7.08314
-6.68669
-6.38668
-6.14694
-5.94997
-5.78626
-5.64985
-5.5364
-6.73286
-6.812
-6.95458
-7.46581
-7.40471
-7.31795
-7.15118
-8.33115
-8.33305
-9.4342
-9.71535
-9.63729
-8.82185
-7.76959
-7.18841
-6.80511
-6.51883
-6.29166
-6.10487
-5.94854
-5.81693
-5.70616
-5.61326
-6.5697
-6.70612
-7.07697
-7.98564
-7.5103
-7.18248
-7.22542
-7.69145
-7.17447
-7.13826
-7.40457
-7.57399
-7.35137
-6.99169
-6.72535
-6.51002
-6.32988
-6.17619
-6.04383
-5.92975
-5.83182
-5.74821
-5.67724
-6.06106
-6.31098
-6.91071
-7.91353
-7.41983
-7.05888
-7.34998
-7.60364
-7.11048
-6.86541
-6.78169
-6.70696
-6.59235
-6.47007
-6.35692
-6.25131
-6.15225
-6.06055
-5.97718
-5.90285
-5.8376
-5.78092
-5.73206
-5.98194
-5.82607
-6.59355
-7.47797
-7.41986
-6.34145
-6.27396
-7.13912
-6.76808
-6.45386
-6.30949
-6.22826
-6.17283
-6.12928
-6.08891
-6.04705
-6.00285
-5.95796
-5.91476
-5.87519
-5.84004
-5.80904
-5.7815
-5.36157
-5.78083
-6.21527
-7.42073
-7.41236
-4.95295
-4.22621
-5.38359
-5.8793
-5.96727
-5.96245
-5.93865
-5.91999
-5.90988
-5.90315
-5.89547
-5.88571
-5.87377
-5.86161
-5.85139
-5.84378
-5.837
-5.82939
-5.19388
-7.32626
-7.33649
-8.14983
-10.4485
-5.22884
-4.75708
-5.30193
-5.63468
-5.74762
-5.77596
-5.77772
-5.77669
-5.78089
-5.78499
-5.78839
-5.79658
-5.8081
-5.82247
-5.8395
-5.85689
-5.87105
-5.88072
549.881
612.621
692.67
633.268
458.939
503.189
562.064
514.004
200.942
192.609
192.152
163.178
113.542
116.357
98.6924
75.3095
44.3333
21.4027
19.8914
8.51258
8.27718
7.04032
6.11597
5.05029
7.88099
8.04618
7.57981
2.22637
5.14101
5.68782
1.18604
1.02288
0.751737
0.71905
0.774295
0.741614
0.359467
0.375621
0.395184
0.409242
0.143829
0.14854
0.163626
0.176167
-0.0798599
-0.0762019
-0.0721691
-0.0705991
-0.308102
-0.307208
-0.306106
-0.305787
-0.542557
-0.542373
-0.541542
-0.540789
-0.782536
-0.781472
-0.779489
-0.777139
-1.02766
-1.02441
-1.02024
-1.0156
-1.27781
-1.27137
-1.26424
-1.25671
-1.53268
-1.52237
-1.51167
-1.50074
-1.79171
-1.77707
-1.76239
-1.74772
-2.05452
-2.03519
-2.01623
-1.99754
-2.32094
-2.29656
-2.27298
-2.25003
-2.5906
-2.56069
-2.53219
-2.50479
-2.86237
-2.82656
-2.79292
-2.76101
-3.13389
-3.0921
-3.05336
-3.0171
-3.40153
-3.35424
-3.31088
-3.27075
-3.66097
-3.60939
-3.56234
-3.51909
-3.90872
-3.85447
-3.80491
-3.75935
-4.14372
-4.08809
-4.03695
-3.98972
-4.36696
-4.31038
-4.25808
-4.20967
-4.57863
-4.52108
-4.46795
-4.41891
-4.77635
-4.71825
-4.66495
-4.61612
-4.9566
-4.89895
-4.84643
-4.79872
-5.11683
-5.06092
-5.01021
-4.96437
-5.25619
-5.20354
-5.1558
-5.11265
-5.37578
-5.32799
-5.28457
-5.24524
-5.47791
-5.43635
-5.39855
-5.36429
-5.56513
-5.53083
-5.49959
-5.47128
-5.6402
-5.6137
-5.58949
-5.56751
-5.70623
-5.68761
-5.6705
-5.65488
-5.7665
-5.75549
-5.74524
-5.73578
-5.82448
-5.82058
-5.81676
-5.81311
-5.88462
-5.88698
-5.88883
-5.89033
218.359
-148.553
-104.875
-101.078
-99.8303
-58.777
266.606
212.372
183.648
217.797
295.468
248.931
37.4459
-24.7304
-55.4085
79.2151
275.563
326.248
276.905
151.209
-126.038
-108.118
-102.307
-98.7945
-85.593
96.0987
161.976
150.111
-55.4384
42.0155
34.4879
19.7545
36.9746
68.3846
128.26
213.395
151.226
194.445
89.8423
-38.0685
-110.656
-138.372
-122.045
-44.295
65.497
97.862
136.094
-95.1557
-26.2918
15.4292
14.5184
21.4455
58.1343
53.8471
67.1972
89.1041
90.8108
29.2066
18.2476
6.90668
1.32019
55.7586
72.695
68.7981
61.131
93.3374
34.4003
12.9483
15.4581
13.9092
15.0249
15.9362
25.1373
16.2046
17.177
43.5251
7.72465
5.17284
10.3512
50.3317
71.7103
74.655
57.9612
25.0195
3.28596
2.40528
8.91689
6.67779
12.5653
13.5913
14.1606
21.0216
10.6388
7.7816
8.63459
3.82566
2.7299
1.9676
2.00623
17.7313
15.6487
3.37927
2.79195
3.15125
2.76428
3.48922
9.32096
0.124092
12.0175
6.57909
5.92913
5.82698
5.5704
9.13616
-0.881882
0.951749
0.548241
0.999927
1.47946
1.48215
1.32551
1.08703
1.22187
0.9967
1.89418
2.57471
1.39905
3.6832
-0.683314
2.39746
3.81393
5.7126
13.5428
0.758237
0.344623
0.0985198
0.517366
0.701899
0.559397
0.487777
0.671437
0.828086
0.550746
-1.13946
1.30909
0.509662
-0.813558
-0.861829
-0.175485
0.402965
2.93821
28.2391
0.729321
0.724167
0.456568
0.429219
0.389349
0.30081
0.252109
0.266191
0.263245
-0.3117
-1.56026
-0.219679
-0.601368
-1.36653
-1.30278
-1.09865
-1.40327
-2.43685
22.4896
0.456259
0.506396
0.360813
0.212915
0.192854
0.142854
0.0691729
-0.0269602
-0.342623
-1.31144
-1.28845
-1.2413
-1.73526
-2.34308
-2.25401
-1.79073
-2.03528
-3.07352
0.850188
0.189164
0.168691
0.0871056
0.0328689
0.00977269
-0.0250721
-0.0713963
-0.169241
-0.608111
-2.09797
-1.6139
-1.79378
-2.52438
-3.21845
-2.97962
-2.31202
-2.18764
-2.56695
-0.318433
-0.070731
-0.0868828
-0.125893
-0.157882
-0.180175
-0.206857
-0.228712
-0.286953
-0.750826
-1.40319
-1.29715
-1.6853
-2.41186
-2.91113
-2.65277
-2.14957
-1.87586
-1.53218
0.226703
-0.307132
-0.317565
-0.337442
-0.356114
-0.37254
-0.389239
-0.402042
-0.426192
-0.643608
-0.742386
-0.789392
-1.1281
-1.5632
-1.95553
-1.96898
-1.88361
-1.58836
-1.17319
-1.11586
-0.539804
-0.54298
-0.550579
-0.558921
-0.566286
-0.571083
-0.574406
-0.577345
-0.510638
-0.198543
-0.390547
-0.809919
-1.10492
-1.40957
-1.61769
-1.76359
-1.46223
-1.01673
-0.893597
-0.772099
-0.768035
-0.766193
-0.765146
-0.763377
-0.758621
-0.751329
-0.752672
-0.631449
-0.436047
-0.40584
-0.525023
-0.878067
-1.39088
-1.67756
-1.78193
-1.47793
-0.932307
-0.7594
-1.00548
-0.994253
-0.984307
-0.975116
-0.965693
-0.954582
-0.941171
-0.931156
-0.892264
-0.77985
-1.03294
-1.13002
-1.43618
-1.69883
-1.74431
-1.66749
-1.6227
-1.1139
-0.848385
-1.24074
-1.22239
-1.20519
-1.18908
-1.17372
-1.15874
-1.14444
-1.13316
-1.12341
-1.11707
-1.18233
-1.29186
-1.48778
-1.77036
-1.83871
-1.72182
-1.84147
-2.01153
-1.4907
-1.47835
-1.45287
-1.42893
-1.40679
-1.38665
-1.36915
-1.35571
-1.34883
-1.35038
-1.35909
-1.39507
-1.47805
-1.62755
-2.07008
-2.22152
-2.0599
-2.26452
-2.53552
-2.25051
-1.71846
-1.6858
-1.65539
-1.62764
-1.60317
-1.58328
-1.57021
-1.56709
-1.57615
-1.59784
-1.63451
-1.69628
-1.7231
-2.57153
-2.76606
-2.57088
-2.84209
-3.02864
-2.86651
-1.96108
-1.92113
-1.88433
-1.85104
-1.82207
-1.79911
-1.78504
-1.78385
-1.79934
-1.83687
-1.91506
-2.03723
-2.35094
-2.84653
-3.04173
-2.96631
-3.29696
-3.37544
-3.21238
-2.20609
-2.15878
-2.11556
-2.0766
-2.04261
-2.01533
-1.99825
-1.99651
-2.01502
-2.05884
-2.14311
-2.28314
-2.57897
-2.96128
-3.29821
-3.29984
-3.0029
-2.90544
-2.79745
-2.45321
-2.39852
-2.34889
-2.30407
-2.26438
-2.23119
-2.20838
-2.20239
-2.21883
-2.25752
-2.31432
-2.38705
-2.52884
-3.29915
-3.61469
-3.64388
-2.62672
-2.54756
-2.67077
-2.70181
-2.63991
-2.58401
-2.53332
-2.48738
-2.4464
-2.41462
-2.40061
-2.41239
-2.44454
-2.4752
-2.48599
-2.5352
-3.49267
-3.74246
-3.59799
-2.76622
-2.54005
-2.93717
-2.95068
-2.88204
-2.82035
-2.76431
-2.71274
-2.66469
-2.62452
-2.60318
-2.61511
-2.65074
-2.66974
-2.66439
-2.75372
-3.30685
-3.51899
-3.48448
-3.43283
-3.22288
-3.2375
-3.19792
-3.12342
-3.05703
-2.99736
-2.94374
-2.89513
-2.84003
-2.80168
-2.83382
-2.91277
-2.94075
-2.94798
-3.08124
-3.13099
-3.24609
-3.64432
-4.01586
-3.60757
-3.44139
-3.44098
-3.3618
-3.29219
-3.23175
-3.18689
-3.13655
-3.03911
-2.98312
-3.05711
-3.17535
-3.23962
-3.25004
-3.33998
-3.5283
-3.53453
-3.76575
-3.9683
-3.69026
-3.5031
-3.6771
-3.59421
-3.52228
-3.46217
-3.44022
-3.39412
-3.3118
-3.37841
-3.47874
-3.49249
-3.46685
-3.48661
-3.52498
-3.65355
-3.84171
-3.92679
-3.92902
-3.54829
-3.36927
-3.90427
-3.81822
-3.74302
-3.67551
-3.65779
-3.70688
-3.78346
-3.86209
-3.84717
-3.84108
-3.7481
-3.67614
-3.69376
-3.72962
-3.81663
-3.85764
-3.74688
-3.47892
-3.3133
-4.12205
-4.03412
-3.95868
-3.89685
-3.91798
-4.02033
-4.16081
-4.15154
-4.07714
-4.04501
-4.03788
-3.94839
-3.86332
-3.88608
-3.95389
-3.9759
-3.88582
-3.68481
-3.51122
-4.33064
-4.24295
-4.1677
-4.10486
-4.10153
-4.23811
-4.42762
-4.42248
-4.29514
-4.21698
-4.20411
-4.20155
-4.13537
-4.12442
-4.14703
-4.17962
-4.12963
-3.94633
-3.84963
-4.52942
-4.44592
-4.37579
-4.31585
-4.29349
-4.5231
-4.77315
-4.63944
-4.45574
-4.37017
-4.34958
-4.34833
-4.362
-4.3886
-4.37596
-4.3702
-4.32783
-4.25896
-4.21202
-4.71549
-4.63958
-4.58304
-4.58009
-4.60204
-4.69342
-4.72711
-4.6367
-4.5492
-4.50506
-4.49103
-4.48698
-4.49335
-4.51246
-4.53236
-4.54128
-4.49871
-4.41489
-4.33031
-4.88532
-4.81635
-4.77253
-4.78073
-4.78577
-4.7774
-4.72681
-4.68849
-4.66945
-4.64765
-4.63317
-4.62442
-4.62059
-4.61863
-4.61191
-4.59123
-4.55428
-4.53368
-4.50251
-5.03828
-4.97312
-4.93489
-4.9363
-4.9373
-4.91079
-4.86423
-4.83401
-4.81301
-4.79256
-4.77583
-4.76305
-4.75308
-4.74327
-4.72992
-4.70977
-4.68639
-4.67228
-4.6665
-5.1772
-5.11686
-5.07842
-5.10166
-5.11205
-5.07822
-5.02048
-4.98345
-4.95779
-4.9362
-4.91824
-4.90346
-4.89061
-4.87795
-4.86376
-4.8475
-4.83239
-4.82294
-4.82099
-5.30501
-5.25308
-5.22224
-5.26629
-5.31552
-5.28655
-5.19058
-5.13119
-5.09984
-5.07782
-5.06023
-5.04535
-5.03197
-5.01907
-5.00598
-4.99298
-4.98203
-4.97521
-4.97234
-5.42236
-5.3802
-5.35692
-5.38493
-5.46241
-5.47278
-5.35823
-5.26991
-5.23719
-5.21768
-5.20223
-5.18861
-5.17595
-5.16381
-5.1521
-5.1413
-5.13253
-5.12687
-5.12323
-5.52946
-5.49665
-5.47773
-5.47817
-5.50681
-5.52263
-5.44941
-5.39121
-5.37098
-5.35736
-5.34509
-5.33327
-5.32174
-5.31054
-5.29994
-5.29048
-5.2828
-5.27754
-5.27355
-5.62767
-5.60389
-5.58876
-5.58192
-5.58082
-5.59497
-5.54524
-5.51802
-5.50813
-5.49922
-5.48966
-5.47944
-5.46887
-5.45838
-5.44844
-5.43963
-5.43241
-5.42715
-5.42302
-5.7191
-5.70448
-5.69499
-5.68948
-5.68686
-5.70744
-5.67322
-5.65724
-5.65036
-5.64402
-5.63627
-5.62713
-5.61711
-5.60687
-5.59707
-5.58835
-5.58113
-5.57559
-5.57139
-5.80653
-5.80119
-5.79887
-5.79902
-5.80075
-5.81154
-5.80189
-5.79678
-5.79452
-5.79096
-5.7848
-5.77632
-5.76634
-5.7558
-5.74557
-5.73639
-5.72878
-5.72275
-5.71811
-5.89289
-5.89642
-5.90184
-5.90951
-5.91768
-5.92584
-5.92986
-5.93574
-5.94013
-5.94008
-5.93535
-5.92699
-5.91641
-5.90492
-5.89365
-5.88349
-5.87506
-5.86833
-5.86258
1306.07
1268.97
1250.67
1227.67
1207.13
1188.77
1168.56
1145.03
1117.84
1086.82
1051.92
1010.49
963.948
924.8
885.624
845.79
803.344
744.349
733.071
714.924
740.663
742.25
742.878
1247.93
1209.31
1190.63
1166.98
1147.29
1129.53
1109.93
1086.87
1059.96
1029.17
994.32
954.42
908.148
863.673
821.774
781.962
744.521
704.059
664.816
653.988
676.446
680.56
683.918
1186.75
1148.05
1127.2
1102.97
1087.31
1070.58
1051.8
1029.41
1002.93
972.354
937.77
898.7
852.008
802.067
755.65
715.431
681.531
653.562
613.143
598.862
611.693
618.267
625.247
1123.16
1083.53
1056.13
1033.92
1027.89
1012.35
994.03
972.309
946.476
916.191
881.531
841.914
793.405
738.154
687.367
646.262
614.985
590.162
559.804
541.213
545.581
555.336
567.553
1057.56
1015.46
981.531
965.277
969.92
954.866
936.57
915.596
890.62
860.632
825.463
784.461
732.841
670.966
615.488
573.164
545.335
525.491
499.131
477.231
476.733
491.029
511.406
990.278
945.905
910.57
902.138
913.19
897.56
879.146
859.176
835.32
805.575
769.399
726.433
670.476
598.585
537.809
494.048
472.531
461.688
436.144
407.927
403.657
424.506
457.595
922.208
877.427
847.31
846.223
856.165
839.312
821.32
802.905
780.563
750.943
713.032
667.664
606.339
517.883
453.753
406.596
395.197
401.336
372.825
331.777
325.364
352.967
407.553
854.52
811.175
790.838
793.258
796.383
779.058
762.648
746.65
726.422
696.785
655.933
606.186
537.96
417.482
351.336
301.88
311.547
351.976
313.808
244.44
227.242
268.061
364.21
469.788
412.528
247.244
254.966
242.931
344.121
522.377
454.619
471.486
591.148
632.76
599.045
659.717
525.649
308.191
353.02
402.156
472.799
467.87
402.286
290.828
171.685
231.38
170.492
278.569
426.045
310.951
391.278
547.984
586.209
578.883
589.159
317.551
135.823
238.442
358.692
412.296
409.22
373.353
188.98
159.898
180.638
156.337
222.227
328.187
240.618
298.964
482.989
566.372
572.773
455.034
34.0912
9.67626
64.6147
270.898
337.157
294.821
408.863
189.485
157.749
156.955
154.819
148.984
237.053
279.148
289.476
443.42
563.062
577.15
322.609
-33.0299
-8.38514
31.4886
174.183
288.243
217.799
416.608
220.168
156.043
153.566
152.957
145.516
176.302
291.209
284.265
420.199
567.231
538.355
266.11
-64.2108
-25.6286
21.4115
131.012
268.434
233.122
389.014
236.18
142.989
152.616
153.08
120.237
199.958
334.857
260.216
384.148
525.477
479.989
279.753
-51.8951
-25.1784
15.8077
34.0646
290.612
259.271
349.085
182.252
25.9531
72.7677
92.6119
39.9915
235.368
364.534
241.912
333.408
426.665
430.423
221.136
-8.84541
-20.6827
7.49533
58.1923
319.419
290.397
314.456
37.6848
-107.228
-69.7174
-97.3712
-46.0406
168.107
329.937
211.388
257.278
322.178
380.284
142.154
0.211229
-33.7516
20.6473
133.274
320.613
286.561
769.692
693.217
687.815
687.795
674.807
661.451
651.29
642.538
628.449
598.017
546.271
481.13
412.998
285.814
278.738
254.531
239.106
239.025
188.434
129.07
116.556
113.585
275.523
636.821
547.315
535.957
528.837
522.506
518.595
517.839
521.411
522.193
492.152
417.891
301.338
282.59
284.974
210.315
128.49
116.582
106.492
89.5676
102.445
103.638
97.0348
174.355
494.828
383.858
383.506
382.302
383.48
388.631
386.282
393.436
432.72
421.909
320.193
247.397
242.398
206.766
108.965
34.8238
12.29
13.6848
50.4382
62.4891
79.3728
81.359
125.375
374.95
374.386
374.128
373.954
373.983
374.502
341.196
281.027
345.378
343.596
264.792
149.576
76.8927
114.111
-12.4395
11.1768
11.4214
11.1958
9.33299
21.7918
61.8791
78.1106
63.5449
374.328
373.985
373.792
373.658
373.564
373.338
332.066
211.34
218.07
240.368
194.114
96.9262
85.1603
114.894
11.4184
8.0649
9.34864
9.95571
8.85332
7.8809
10.6202
17.7416
38.5148
373.777
373.464
373.372
373.343
373.328
372.868
299.923
77.8975
37.3505
32.0552
52.1798
48.3995
57.4307
47.4548
9.61614
9.27911
10.1684
10.2555
8.73118
7.36317
5.97092
5.5138
4.82234
373.258
372.94
372.953
373.006
372.901
328.102
88.2747
23.677
21.3984
19.9749
18.7119
17.3578
15.8109
16.7017
12.8962
9.94421
9.84872
10.1559
5.32324
7.57445
8.85749
8.77006
5.4619
372.777
372.413
372.652
372.271
290.516
70.4701
27.9718
24.6765
22.0297
19.9477
18.3198
16.8544
15.2659
13.4944
11.9496
11.4205
16.0908
25.7658
10.7094
7.68263
8.95569
8.29841
2.22659
372.327
371.494
372.049
284.896
46.2931
32.0548
29.7169
25.9355
22.9397
19.2534
17.6695
16.4435
14.4846
12.5572
11.056
10.0086
9.61656
18.0962
6.17881
1.5914
1.32269
0.475201
0.408336
371.203
361.072
227.714
49.7495
37.5552
32.966
29.4452
26.6286
25.151
20.3899
17.4979
16.7152
12.766
11.0537
9.89504
9.20858
8.75431
6.56855
1.63242
0.926174
0.446862
0.276935
0.245909
379.146
205.203
56.272
48.2203
40.0049
33.2262
29.0235
25.9638
22.8112
10.5176
14.2208
10.0557
6.80983
9.17838
8.32894
8.34671
7.38893
3.41762
-0.224569
0.337593
0.157153
0.0578214
0.0289935
379.18
45.0879
51.0322
53.6367
36.0539
30.4388
25.8899
5.85624
-0.718048
-0.749943
1.79084
-0.744754
-1.51537
4.30807
5.9871
6.62647
2.93004
0.646132
-0.0466963
-0.13485
-0.159845
-0.185601
-0.194613
159.412
3.95592
9.12723
11.1837
-15.9517
-17.6505
-17.0683
-9.18631
-5.03138
-3.62636
-4.68333
-1.34151
2.44485
2.95214
2.85571
2.50108
1.29288
0.144874
-0.184605
-0.447146
-0.42085
-0.422851
-0.424052
23.6983
-10.0486
-21.9306
-25.8329
-23.8296
-22.6021
-18.2584
-12.8899
-8.98317
-6.7817
-6.02529
-5.35062
-0.593705
1.15263
0.601528
0.234781
0.43669
0.0545156
-0.359433
-0.569284
-0.630145
-0.650255
-0.659429
-0.63786
-10.7397
-13.095
-25.9655
-28.8825
-26.0344
-20.7718
-16.0009
-12.0107
-8.8647
-6.73486
-5.27499
-3.98691
-2.44099
-1.16871
-1.00211
-0.379179
-0.611848
-0.69628
-0.805593
-0.868923
-0.894855
-0.904587
-13.2844
-16.0289
-27.7234
-48.4345
-42.5422
-32.8805
-23.485
-17.4303
-13.021
-9.53344
-7.09902
-5.50188
-4.33232
-3.22757
-2.12101
-1.52297
-1.46471
-1.19309
-1.1147
-1.1244
-1.14611
-1.15801
-1.15929
8.07982
-26.5532
-66.7782
-116.885
-81.4765
-47.7468
-26.4221
-17.2529
-12.3602
-9.06247
-6.86367
-5.4813
-4.64462
-4.17641
-5.85748
-2.15573
-1.83959
-1.54781
-1.46434
-1.44671
-1.44002
-1.43298
-1.42172
25.2714
-22.6182
-75.3423
-133.218
-112.426
-52.9125
-23.7877
-14.383
-10.1278
-7.60148
-5.98436
-4.99836
-4.4303
-4.37363
-0.412449
-2.40684
-2.15026
-1.91881
-1.81813
-1.77073
-1.73998
-1.71473
-1.69004
15.9958
4.82713
-42.688
-76.4194
-63.8316
-27.0034
-12.3971
-8.43884
-6.62607
-5.45126
-4.6502
-4.1881
-4.05543
-3.32056
-2.30578
-2.41375
-2.35686
-2.2451
-2.15657
-2.09222
-2.04301
-2.00148
-1.96314
10.6078
-1.74648
-12.8588
-17.5469
-6.87561
0.583795
-1.23616
-2.64659
-3.22234
-3.26575
-3.19145
-3.22726
-3.39903
-2.42196
-2.61789
-2.61991
-2.61204
-2.56325
-2.49002
-2.4169
-2.35179
-2.29379
-2.24087
0.749827
-7.25695
-9.90988
-4.45937
7.02399
7.09919
3.84716
0.836195
-1.09269
-1.6748
-1.94402
-2.28795
-2.44932
-2.97238
-3.00262
-2.97951
-2.98258
-2.93811
-2.85349
-2.75986
-2.67204
-2.59345
-2.52358
-5.73978
-8.45761
-6.93592
-1.80785
4.62495
7.0487
5.76735
2.45053
-0.712448
-0.963111
-0.963599
-1.52017
-3.87716
-3.7322
-3.60089
-3.56383
-3.51908
-3.4177
-3.27686
-3.13487
-3.0088
-2.90169
-2.81101
-8.68909
-10.8901
-6.30125
-1.70527
2.95323
6.33711
7.02992
3.2639
-11.5971
-1.79204
-1.643
-4.40984
-5.21866
-4.63192
-4.54643
-4.45534
-4.28776
-4.04828
-3.78196
-3.5492
-3.36259
-3.21679
-3.10116
-8.72214
-8.18526
-5.45223
-2.31655
0.750237
4.18334
5.78371
-1.10835
-5.65968
-5.55663
-6.64811
-6.83873
-6.0952
-5.56197
-5.51662
-5.52691
-5.32433
-4.90228
-4.3933
-4.00032
-3.72619
-3.53245
-3.38958
-5.22014
-4.31144
-4.01869
-3.29814
-2.90615
-1.8324
-4.8471
-6.50978
-6.61958
-6.87518
-7.03559
-7.55954
-7.38252
-6.62053
-6.32888
-6.47131
-6.47935
-6.05524
-5.18204
-4.47283
-4.08152
-3.83715
-3.66955
-2.30279
-2.37839
-3.348
-4.25833
-6.13841
-13.0219
-12.8834
-6.61984
-6.51028
-6.7793
-7.56135
-8.58463
-8.52086
-7.43877
-6.84253
-6.8531
-7.02649
-6.95787
-6.02413
-4.90232
-4.39291
-4.11561
-3.93378
-1.51987
-2.29453
-3.47707
-4.71865
-6.70067
-10.1231
-9.69343
-8.62808
-6.12995
-6.66707
-7.74235
-8.47565
-8.35701
-7.71116
-7.11079
-6.99452
-7.13611
-7.1384
-6.41322
-5.11183
-4.62063
-4.3581
-4.17854
-2.17926
-2.86813
-3.95086
-5.02403
-6.35824
-8.08936
-8.62677
-7.77586
-7.00769
-7.02415
-7.70631
-7.96797
-7.61246
-7.1113
-6.91866
-7.11631
-6.98491
-6.62415
-5.86152
-5.13998
-4.79596
-4.57617
-4.40742
-3.07193
-3.76569
-4.64296
-5.38886
-6.28976
-7.11491
-7.45602
-7.22281
-6.95024
-7.14807
-7.58451
-7.65777
-7.63207
-7.45988
-7.2749
-7.13019
-6.50978
-5.93756
-5.55143
-5.22717
-4.98658
-4.79116
-4.6263
-4.08997
-4.98207
-5.51447
-5.8346
-6.4375
-6.85139
-7.01397
-6.94803
-6.93543
-7.16664
-7.57722
-7.84252
-7.77424
-7.60427
-7.38121
-7.08807
-6.67155
-6.14617
-5.73308
-5.44169
-5.20367
-5.00324
-4.8344
-5.67235
-6.81967
-6.35315
-6.42871
-6.73617
-6.87819
-6.89981
-6.85461
-6.80868
-7.48657
-7.79147
-7.96769
-7.94043
-7.81019
-7.54703
-7.18559
-6.77295
-6.3348
-5.95785
-5.65564
-5.40591
-5.19818
-5.02555
-6.7092
-6.86334
-6.59497
-6.70131
-7.1222
-7.04443
-6.97778
-6.97179
-6.99616
-8.30532
-8.50705
-8.71951
-8.5789
-8.25764
-7.82291
-7.35229
-6.89929
-6.48339
-6.12473
-5.82435
-5.57388
-5.36598
-5.19407
-6.70555
-6.70902
-6.68219
-6.85782
-7.33893
-7.21601
-7.14987
-7.23894
-8.12114
-9.26838
-9.73284
-10.3776
-10.1296
-9.08065
-8.18841
-7.52495
-7.00531
-6.58272
-6.2337
-5.94365
-5.70245
-5.50243
-5.33678
-6.61904
-6.76411
-6.8556
-6.96226
-7.23358
-7.30024
-7.2748
-7.38308
-9.2328
-9.89083
-11.2623
-13.0189
-12.6003
-10.0837
-8.474
-7.60335
-7.03563
-6.61603
-6.28504
-6.01526
-5.79248
-5.60797
-5.45538
-6.58244
-6.79194
-6.90608
-6.98966
-7.18809
-7.35954
-7.37429
-7.46408
-9.01201
-10.0946
-11.5444
-13.3164
-13.1732
-10.0518
-8.30581
-7.47844
-6.95191
-6.57405
-6.28082
-6.04354
-5.84784
-5.68539
-5.55054
-6.59376
-6.70678
-6.85385
-7.10953
-7.32011
-7.39586
-7.46361
-7.64896
-8.73574
-9.64199
-10.6364
-11.2384
-10.9245
-8.93696
-7.76211
-7.16947
-6.76708
-6.46796
-6.23093
-6.03659
-5.87473
-5.73928
-5.62603
-6.45533
-6.60786
-6.84245
-7.4755
-7.59954
-7.43736
-7.23789
-7.78709
-7.73523
-7.69126
-8.06697
-8.27735
-8.14756
-7.63687
-7.12575
-6.79233
-6.53383
-6.32551
-6.15212
-6.00553
-5.88096
-5.77525
-5.68589
-5.24491
-6.34571
-6.74436
-7.51589
-7.79817
-7.387
-7.17052
-7.60273
-7.19817
-6.95964
-6.99414
-7.07026
-7.00752
-6.80384
-6.61219
-6.4488
-6.30428
-6.17602
-6.06224
-5.96204
-5.87464
-5.79911
-5.7343
-5.41571
-5.99815
-6.4181
-7.20291
-7.74286
-7.23887
-6.58587
-8.14802
-7.22768
-6.86323
-6.60224
-6.48053
-6.39483
-6.31795
-6.24605
-6.17673
-6.10766
-6.0399
-5.97544
-5.91612
-5.86304
-5.81637
-5.77564
-5.6394
-5.45115
-5.95011
-6.91148
-7.61489
-6.70602
-5.0553
-5.50624
-6.33512
-6.23212
-6.14961
-6.08857
-6.04613
-6.0177
-5.99717
-5.97656
-5.95303
-5.92683
-5.89988
-5.87438
-5.85166
-5.83181
-5.81385
-5.63581
-5.52206
-6.35081
-6.90702
-8.13028
-6.30123
-4.31175
-4.68639
-5.50121
-5.77466
-5.84433
-5.84776
-5.83865
-5.83362
-5.83463
-5.83758
-5.8397
-5.83938
-5.83869
-5.84049
-5.84567
-5.85127
-5.8542
-5.50432
-8.3295
-9.7552
-7.30261
-10.9513
-8.66652
-5.75986
-5.52511
-5.65553
-5.71057
-5.7269
-5.72871
-5.72749
-5.7239
-5.71069
-5.71435
-5.74473
-5.77496
-5.801
-5.82639
-5.85325
-5.87881
-5.89911
504.411
633.266
687.348
660.427
321.607
378.809
346.368
321.425
135.828
140.59
143.969
126.331
80.6047
76.5657
63.818
35.3324
32.487
21.9229
1.456
5.23369
7.84984
8.23366
7.87246
5.0029
6.607
6.39026
7.72783
4.58316
6.27504
1.31753
1.1644
1.00023
0.359212
0.415274
0.562475
0.562912
0.242533
0.241661
0.261863
0.28811
0.0292528
0.0345417
0.0415602
0.0485169
-0.19349
-0.191806
-0.189865
-0.188232
-0.424646
-0.424536
-0.423961
-0.423275
-0.661669
-0.661764
-0.660885
-0.659437
-0.904999
-0.903604
-0.901071
-0.897799
-1.1541
-1.14986
-1.14468
-1.13883
-1.40861
-1.40061
-1.39202
-1.38296
-1.66785
-1.65552
-1.64298
-1.63025
-1.9312
-1.91416
-1.89731
-1.88059
-2.19844
-2.17631
-2.15481
-2.13382
-2.46942
-2.44173
-2.4152
-2.38965
-2.7435
-2.70969
-2.67778
-2.64747
-3.01889
-2.97861
-2.94113
-2.90603
-3.29231
-3.24567
-3.20284
-3.16322
-3.55923
-3.50715
-3.45974
-3.41626
-3.81505
-3.75925
-3.70856
-3.66217
-4.05727
-3.99963
-3.94697
-3.89859
-4.28659
-4.22811
-4.17425
-4.12447
-4.50462
-4.44523
-4.39036
-4.33959
-4.71026
-4.64989
-4.59432
-4.54315
-4.89987
-4.83919
-4.78371
-4.73303
-5.06984
-5.01015
-4.95586
-4.90658
-5.21846
-5.16122
-5.10931
-5.06234
-5.34536
-5.29251
-5.24447
-5.20093
-5.45289
-5.40591
-5.36318
-5.32435
-5.54355
-5.50376
-5.46747
-5.4345
-5.62024
-5.58844
-5.55936
-5.53291
-5.68611
-5.66262
-5.64102
-5.62131
-5.74469
-5.72938
-5.71518
-5.7021
-5.79926
-5.79173
-5.78455
-5.77781
-5.85441
-5.85393
-5.85315
-5.85221
-5.91199
-5.91758
-5.92232
-5.9264
467.402
-111.766
-128.067
-103.235
-101.625
-94.8356
-50.3328
181.678
173.876
141.204
100.262
206.541
49.5765
4.56008
-45.8256
26.0505
174.272
283.151
222.773
243.515
-28.8953
-130.65
-117.912
-104.832
-94.7448
-43.9585
114.683
135.855
20.8372
-170.146
17.4193
16.0359
24.6266
76.0589
105.95
129.45
136.556
111.134
90.6949
27.048
-29.7859
-86.7015
-89.5066
-7.20683
56.691
71.6447
105.511
72.7263
21.0883
14.6275
14.8973
14.51
15.6292
28.7228
32.344
23.2835
61.3458
34.2507
15.9776
6.88263
53.0596
81.0059
84.6503
76.175
56.7791
33.5448
10.9458
22.8867
7.96887
12.8988
13.9477
14.326
16.9351
11.774
11.6415
10.3307
4.43552
4.28006
2.86426
8.92873
34.1005
56.4447
46.0063
12.5026
2.75844
4.34689
4.27588
4.19145
1.37178
12.7194
13.493
20.667
8.72795
7.47599
5.4472
1.64863
1.52267
1.59686
1.24263
1.75084
2.02319
1.35309
1.55372
1.55307
1.61095
2.55457
3.8889
1.93152
-4.9318
-1.7196
2.47832
4.55167
4.47404
8.99311
0.813623
0.740359
0.115729
0.438346
0.851381
1.20592
0.81383
0.837229
0.947446
0.946331
0.876562
1.66308
1.81255
-0.210056
-1.72053
0.114181
1.51977
3.26778
12.2659
0.621259
0.772384
0.283843
0.302758
0.550023
0.46314
0.370075
0.418536
0.526443
0.338932
-0.390227
-0.207387
0.44349
-0.644581
-1.13159
-0.814857
-0.649673
-0.99718
2.37403
0.529
0.731815
0.620228
0.422536
0.283135
0.255241
0.177279
0.134027
0.0959377
-0.580336
-0.984409
-0.907329
-0.923394
-1.5576
-1.82538
-1.51567
-1.51939
-1.75693
2.45627
0.305315
0.306977
0.246741
0.139699
0.110945
0.0910754
0.0292434
-0.0346541
-0.237978
-1.39749
-1.61237
-1.45709
-1.82217
-2.61612
-2.95393
-2.45261
-2.04195
-2.38488
-3.84893
0.053833
0.0512879
0.0141113
-0.0432768
-0.0739207
-0.0982835
-0.132734
-0.165984
-0.36331
-1.58878
-1.62772
-1.61278
-2.17605
-2.99032
-3.15617
-2.57986
-2.13213
-2.13614
-3.04084
-0.188318
-0.194602
-0.217333
-0.245398
-0.266301
-0.286794
-0.308229
-0.325268
-0.44727
-1.13739
-0.980759
-1.20981
-1.73374
-2.3077
-2.45383
-2.11022
-1.86403
-1.59312
-1.30618
-0.423179
-0.426098
-0.436702
-0.450575
-0.463309
-0.474749
-0.483807
-0.496395
-0.511655
-0.553029
-0.387272
-0.778539
-1.10164
-1.44826
-1.69431
-1.77349
-1.78095
-1.31165
-0.958529
-0.657475
-0.655182
-0.656504
-0.659844
-0.663147
-0.664653
-0.661805
-0.665303
-0.626126
-0.434347
-0.216235
-0.473862
-0.824237
-1.07441
-1.49852
-1.66311
-1.75269
-1.20992
-0.794827
-0.893014
-0.884551
-0.87777
-0.872258
-0.866894
-0.860138
-0.849826
-0.84147
-0.822892
-0.650449
-0.627413
-0.796982
-0.967528
-1.46238
-1.73342
-1.72512
-1.70315
-1.36315
-0.667096
-1.13052
-1.11532
-1.10108
-1.08792
-1.07534
-1.06252
-1.04858
-1.03504
-1.02312
-0.983812
-0.995832
-1.13763
-1.29768
-1.58132
-1.77277
-1.71829
-1.73471
-1.66373
-0.985183
-1.37048
-1.34815
-1.32684
-1.30693
-1.2884
-1.27127
-1.25596
-1.24402
-1.23816
-1.23624
-1.26113
-1.34087
-1.45701
-1.70534
-2.00081
-1.92665
-1.93533
-2.20398
-2.61838
-1.61312
-1.58336
-1.55517
-1.52905
-1.50532
-1.48467
-1.46849
-1.45913
-1.45945
-1.4694
-1.49273
-1.53866
-1.61778
-1.91881
-2.51419
-2.40124
-2.39331
-3.11852
-3.49823
-1.85845
-1.821
-1.786
-1.75388
-1.72516
-1.70092
-1.68321
-1.67511
-1.68006
-1.70026
-1.74241
-1.82002
-1.9053
-2.26533
-2.93334
-2.85445
-2.8912
-3.39002
-3.51006
-2.10638
-2.06104
-2.0192
-1.9811
-1.9472
-1.91873
-1.89812
-1.88933
-1.8971
-1.9258
-1.98712
-2.10213
-2.34369
-2.70423
-3.09862
-3.14543
-3.1074
-3.28427
-3.10983
-2.35669
-2.30331
-2.25463
-2.21046
-2.17102
-2.13732
-2.11192
-2.09968
-2.10661
-2.13647
-2.19277
-2.28088
-2.43985
-2.81321
-3.38227
-3.59518
-3.13813
-2.51704
-2.75702
-2.60889
-2.54746
-2.49201
-2.44176
-2.39645
-2.35638
-2.32371
-2.30431
-2.30627
-2.33188
-2.37242
-2.41168
-2.43861
-3.06684
-3.58503
-3.88905
-3.04725
-2.45768
-2.7109
-2.86193
-2.79272
-2.73079
-2.67471
-2.62358
-2.57638
-2.53477
-2.5062
-2.50117
-2.52497
-2.5563
-2.56687
-2.55464
-3.16978
-3.57461
-3.62299
-3.26725
-2.88617
-3.06686
-3.11405
-3.03772
-2.97001
-2.90896
-2.85343
-2.80208
-2.75479
-2.71638
-2.71149
-2.75188
-2.79036
-2.79536
-2.855
-2.98962
-3.30762
-3.4604
-3.66746
-3.67862
-3.40587
-3.36279
-3.2804
-3.20808
-3.14378
-3.08755
-3.04199
-2.97977
-2.90347
-2.88978
-2.99375
-3.08376
-3.09549
-3.13411
-3.32377
-3.27373
-3.42271
-3.92761
-3.86422
-3.58572
-3.60532
-3.51809
-3.44235
-3.37658
-3.32575
-3.29844
-3.2088
-3.12594
-3.1903
-3.29081
-3.33861
-3.3708
-3.39579
-3.5213
-3.72542
-3.82925
-4.02753
-3.84605
-3.51923
-3.83919
-3.74805
-3.66925
-3.60103
-3.55194
-3.56296
-3.51501
-3.5765
-3.68803
-3.69852
-3.63506
-3.57473
-3.59505
-3.6324
-3.71894
-3.84164
-3.86159
-3.61678
-3.36245
-4.06319
-3.96912
-3.88781
-3.8176
-3.75438
-3.80365
-3.95366
-4.03854
-3.98255
-3.95519
-3.94761
-3.84863
-3.77346
-3.77612
-3.84103
-3.89661
-3.87029
-3.68116
-3.4608
-4.27715
-4.18174
-4.10005
-4.03025
-4.00595
-4.09655
-4.21592
-4.31317
-4.2392
-4.15034
-4.12823
-4.12314
-4.04441
-3.96554
-4.02712
-4.06918
-4.06788
-3.90743
-3.75583
-4.48063
-4.38644
-4.30701
-4.23595
-4.18677
-4.2295
-4.49122
-4.61241
-4.45843
-4.32985
-4.28294
-4.27588
-4.27958
-4.26663
-4.25204
-4.26658
-4.25299
-4.12917
-4.10809
-4.67172
-4.582
-4.51125
-4.45556
-4.44801
-4.52069
-4.80559
-4.77628
-4.56783
-4.4608
-4.42619
-4.4179
-4.42161
-4.44555
-4.47684
-4.48466
-4.484
-4.39836
-4.3108
-4.84745
-4.76351
-4.70337
-4.67773
-4.70514
-4.71985
-4.71325
-4.66638
-4.61819
-4.58709
-4.56767
-4.55794
-4.55496
-4.55917
-4.56601
-4.56423
-4.53964
-4.4903
-4.44211
-5.00612
-4.92741
-4.87317
-4.85244
-4.86043
-4.85347
-4.81607
-4.77335
-4.75012
-4.73017
-4.71167
-4.69844
-4.68952
-4.68309
-4.67477
-4.65901
-4.63152
-4.60723
-4.59323
-5.1487
-5.07507
-5.02164
-5.00651
-5.02459
-5.01066
-4.96532
-4.9227
-4.89695
-4.87477
-4.85536
-4.83968
-4.82699
-4.81556
-4.80291
-4.78669
-4.76728
-4.7519
-4.74417
-5.27772
-5.21181
-5.16476
-5.1589
-5.20644
-5.20172
-5.13856
-5.07675
-5.04242
-5.01771
-4.99782
-4.98145
-4.96744
-4.95445
-4.94119
-4.92694
-4.91283
-4.90253
-4.89626
-5.39492
-5.33931
-5.30127
-5.29249
-5.37718
-5.41562
-5.34316
-5.23173
-5.18358
-5.15775
-5.13914
-5.12378
-5.11015
-5.09737
-5.08489
-5.07269
-5.06173
-5.0539
-5.04846
-5.50114
-5.45672
-5.42693
-5.418
-5.45792
-5.51021
-5.47182
-5.36134
-5.31566
-5.29516
-5.28021
-5.26702
-5.25464
-5.24277
-5.23135
-5.22069
-5.21151
-5.20485
-5.20001
-5.59755
-5.56417
-5.54123
-5.52989
-5.5326
-5.53965
-5.52938
-5.46507
-5.44466
-5.43324
-5.42253
-5.41167
-5.40066
-5.38971
-5.37915
-5.36944
-5.36118
-5.35507
-5.35065
-5.68623
-5.66367
-5.64778
-5.63847
-5.63495
-5.63479
-5.64206
-5.59259
-5.58242
-5.57514
-5.56714
-5.55801
-5.54802
-5.53768
-5.52756
-5.51824
-5.5103
-5.50436
-5.5003
-5.76949
-5.7576
-5.74957
-5.74542
-5.7449
-5.7471
-5.75075
-5.73039
-5.72454
-5.72
-5.71405
-5.70613
-5.69669
-5.68646
-5.67624
-5.66674
-5.6586
-5.65248
-5.6487
-5.85089
-5.84921
-5.8495
-5.85227
-5.85758
-5.86304
-5.86626
-5.86539
-5.86671
-5.86644
-5.86282
-5.85585
-5.84646
-5.83579
-5.82489
-5.81468
-5.80586
-5.7991
-5.79534
-5.93118
-5.93867
-5.947
-5.95775
-5.97112
-5.98442
-5.9875
-6.00023
-6.01177
-6.01709
-6.0156
-6.00879
-5.99851
-5.98646
-5.97404
-5.96236
-5.95226
-5.94434
-5.93974
1274.4
1260.96
1239.16
1216.95
1197.96
1179.05
1157.22
1131.91
1102.83
1069.95
1032.3
986.517
944.273
905.111
865.833
825.72
774.896
732.842
718.829
731.7
742.53
742.492
743.614
1214.25
1201.7
1178.22
1156.78
1138.39
1120.12
1098.86
1073.9
1045.05
1012.26
975.27
931.433
886.035
842.33
801.57
763.197
724.515
684.808
650.423
668.185
679.224
682.274
685.231
1152.16
1140.31
1112.92
1095.32
1079.01
1061.6
1041.1
1016.69
988.147
955.549
918.982
876.275
827.003
778.104
734.738
697.75
666.842
635.206
599.248
606.229
615.1
621.932
627.812
1087.81
1073.61
1039.99
1032.49
1020.6
1003.58
983.644
959.937
931.896
899.387
862.536
818.95
765.982
711.621
665.565
629.485
602.176
576.184
546.62
542.385
549.868
561.726
572.397
1020.99
1002.45
965.97
970.944
963.392
945.998
926.493
903.687
876.284
843.68
805.88
760.361
702.318
641.596
592.607
557.52
535.322
513.415
485.725
474.73
482.328
501.478
520.416
952.677
931.475
897.708
912.125
906.644
888.447
869.487
847.885
821.257
788.271
748.922
700.838
635.182
565.783
513.557
480.514
467.587
451.164
420.102
402.492
412.234
440.948
474.591
884.466
864.428
838.357
855.725
848.585
830.2
812.357
792.467
766.797
732.974
691.296
640.665
562.799
482.297
427.292
395.773
400.001
391.961
350.092
323.256
334.472
379.067
439.16
817.461
801.685
786.588
798.783
787.943
770.594
754.829
737.427
713.007
677.675
631.96
577.591
479.063
378.314
323.273
296.696
336.633
343.26
276
226.853
240.536
310.947
420.182
378.532
333.711
243.522
251.909
271.841
447.564
521.621
439.992
519.768
625.031
612.733
617.613
644.988
376.6
314.259
397.3
463.437
459.145
490.371
319.589
180.215
212.206
195.418
194.193
390.569
380.347
328.058
464.23
593.733
586.873
591.225
499.703
172.013
180.252
295.348
433.834
380.169
467.172
308.928
157.335
175.694
158.434
156.652
340.576
292.704
246.864
382.336
551.776
575.583
535.276
227.16
2.47634
31.3618
129.585
373.16
277.991
412.636
311.379
156.966
165.578
154.429
153.993
174.11
276.874
274.723
340.979
529.747
571.602
486.031
25.8257
-26.9167
15.4493
72.7801
297.167
225.946
341.543
355.279
162.878
161.499
153.252
152.701
130.053
270.594
276.218
328.996
512.919
574.598
450.481
-42.3597
-50.2981
5.67709
41.9708
275.784
241.238
325.292
352.52
156.991
148.761
152.837
151.707
93.7325
319.628
284.972
289.959
483.484
512.769
442.305
-23.1245
-41.4955
-0.703627
-4.01771
280.028
273.791
334.333
321.147
55.7164
55.123
88.4198
52.0119
120.07
360.416
289.83
258.989
412.388
436.559
400.594
50.2829
-25.0676
-5.51858
-12.033
297.414
310.96
330.577
247.509
-93.9328
-75.2581
-90.715
-89.1623
35.3218
329.447
247.793
205.959
298.098
357.801
319.545
47.608
-21.0772
-27.1996
45.0863
304.374
299.288
306.159
697.776
688.853
689.129
682.573
667.735
656.029
646.966
636.871
615.818
574.564
515.014
448.11
341.082
278.591
270.235
242.727
237.208
226.609
144.765
122.436
109.895
158.287
411.393
559.767
540.574
532.016
525.709
519.969
518.163
518.503
523.929
512.394
461.022
356.677
288.56
280.402
252.923
156.6
120.871
115.232
92.8671
97.2492
104.024
97.9898
112.095
260.426
381.804
384.38
382.622
382.659
385.016
391.434
377.154
416.332
435.932
384.764
260.833
242.5
236.154
178.832
60.0562
17.1264
11.9649
19.1043
53.4626
70.6973
84.3765
98.8147
132.997
374.375
374.266
374.009
373.951
374.159
373.427
293.446
313.815
355.108
313.237
211.905
93.9456
99.6188
30.5438
8.39233
11.9054
11.3641
10.3702
10.8811
30.2492
85.4923
55.5613
79.2791
374.009
373.879
373.717
373.607
373.542
372.873
254.948
204.059
232.645
227.808
142.816
82.5708
103.602
43.6996
9.21187
8.09342
9.97754
9.51428
8.35039
7.35351
19.6127
23.0579
25.6297
373.5
373.401
373.355
373.327
373.344
369.063
199.803
35.3649
40.4827
33.8374
51.6206
61.9635
56.4675
26.2245
9.33178
9.68312
10.4341
9.61526
7.9482
6.7755
5.49876
5.18347
6.70175
372.962
372.921
372.972
373.065
369.266
215.78
28.8751
22.3437
20.6141
19.3998
18.0097
16.8347
15.291
14.8149
11.6059
7.0325
10.6029
7.78464
6.0883
8.34839
9.11504
7.20626
6.32318
372.402
372.418
372.631
361.981
182.282
32.4684
26.1803
23.3068
20.9164
19.0911
17.5773
16.1194
14.3271
12.7165
11.3394
14.0478
20.9226
21.9462
5.33416
8.66652
8.45018
5.00407
1.48494
371.659
372.46
359.634
141.875
35.2113
30.7455
28.3301
24.5762
21.0467
18.176
17.166
15.5286
13.4548
11.7531
10.4839
9.59035
11.9001
10.5704
3.66695
1.67585
0.601457
0.440226
0.376468
368.852
262.677
111.861
41.0459
35.0952
31.1247
27.9493
25.8245
24.1507
17.713
17.2659
14.7065
11.7966
10.3903
9.51987
8.93724
8.51778
1.81337
1.30368
0.632147
0.33989
0.246933
0.251195
333.349
93.4224
51.2967
44.3736
36.022
31.012
27.2787
25.3551
14.2931
13.4007
14.0414
7.3849
9.06905
8.42443
8.30535
8.18612
5.75456
0.304208
0.272494
0.241751
0.0946281
0.0384339
0.0278831
122.714
43.8821
54.4161
45.6174
31.6686
28.2743
17.1905
0.207152
-0.94956
-0.922709
1.01057
-2.25198
3.41418
5.4902
6.52797
5.2755
1.36868
0.196086
-0.0837608
-0.142998
-0.175285
-0.191846
-0.195161
20.9925
0.0348138
14.106
0.417841
-17.4674
-20.4091
-12.9598
-6.43884
-3.94627
-4.19411
-4.20824
1.66215
2.70514
3.14752
2.54407
2.41402
0.11104
-0.0160731
-0.364873
-0.433937
-0.42142
-0.423295
-0.424605
-5.99785
-17.3111
-23.204
-22.1517
-24.155
-20.3284
-15.6013
-10.708
-7.67238
-6.29922
-5.78564
-3.76802
0.455061
0.659112
0.326671
0.424165
0.36226
-0.186408
-0.484849
-0.609206
-0.642372
-0.655777
-0.661132
-10.3465
-11.8988
-17.8631
-29.1963
-28.0998
-23.4051
-18.2806
-13.9138
-10.3154
-7.68447
-5.95091
-4.63042
-3.26812
-1.60303
-0.99174
-0.928021
-0.466785
-0.637979
-0.752049
-0.844349
-0.884639
-0.901267
-0.905408
-16.3132
-19.4808
-41.2289
-45.9499
-38.6195
-27.6458
-20.1552
-15.1017
-11.1546
-8.18829
-6.22159
-4.88713
-3.79173
-2.61921
-1.77077
-1.42352
-1.44612
-1.1362
-1.11568
-1.13598
-1.15346
-1.15985
-1.15683
-13.3816
-39.804
-103.367
-104.037
-63.5244
-34.8187
-20.9751
-14.5355
-10.5593
-7.84064
-6.09032
-5.00326
-4.46443
-4.61667
-5.34189
-2.02234
-1.73833
-1.48143
-1.45326
-1.44295
-1.43691
-1.42792
-1.41449
-5.66951
-44.2173
-112.904
-129.552
-83.778
-33.9428
-18.0191
-11.9256
-8.72573
-6.69954
-5.42866
-4.66734
-4.27062
-1.88617
-2.32683
-2.27568
-2.02562
-1.85572
-1.79118
-1.75419
-1.72708
-1.70246
-1.67735
14.4388
-17.6573
-65.0743
-76.0547
-44.4501
-17.052
-9.96039
-7.40538
-5.98812
-5.00551
-4.3806
-4.06936
-3.96893
-1.12411
-2.36587
-2.39931
-2.3004
-2.19724
-2.12195
-2.06625
-2.02165
-1.98206
-1.94461
3.28806
-7.78787
-17.1418
-13.1845
-1.5315
-0.0875027
-2.06634
-3.02241
-3.28554
-3.22237
-3.1921
-3.3415
-3.5827
-2.50627
-2.62265
-2.61971
-2.59276
-2.52775
-2.45261
-2.38332
-2.32205
-2.26675
-2.21607
-4.54312
-9.24286
-8.55901
2.22284
8.07704
5.56108
2.22048
-0.326862
-1.48513
-1.80186
-2.08696
-2.44705
-1.78523
-3.07255
-2.97921
-2.98402
-2.96734
-2.89859
-2.80649
-2.71485
-2.6316
-2.55746
-2.49172
-8.3386
-7.97586
-4.86968
1.69595
6.40831
6.757
4.27594
0.501832
-1.18378
-0.894251
-1.20343
-2.15955
-3.97055
-3.62947
-3.5793
-3.54677
-3.47594
-3.34938
-3.20449
-3.06943
-2.95299
-2.85447
-2.77103
-9.97267
-8.99509
-4.05607
0.705004
4.87314
7.12648
6.27467
-4.37606
-8.56743
-1.20708
-2.6785
-5.73358
-4.81438
-4.57307
-4.50945
-4.38077
-4.17597
-3.91353
-3.65992
-3.45015
-3.28525
-3.15577
-3.05207
-7.80078
-7.34699
-3.93384
-0.797585
2.40145
5.53193
3.14697
-4.55897
-5.81818
-6.44808
-6.90575
-6.47212
-5.76087
-5.48967
-5.5413
-5.45683
-5.13611
-4.64365
-4.17803
-3.85077
-3.62127
-3.45602
-3.33113
-4.08163
-4.38289
-3.68809
-2.96024
-3.11951
-3.56696
-6.69964
-6.48767
-6.75799
-6.91425
-7.30131
-7.62171
-6.96133
-6.42979
-6.36297
-6.52107
-6.33094
-5.65098
-4.77076
-4.25055
-3.94596
-3.74645
-3.60291
-2.14594
-2.91099
-3.79908
-4.94802
-8.69426
-13.5567
-9.95705
-6.54467
-6.59695
-7.08746
-8.12877
-8.74546
-8.01342
-7.04552
-6.79105
-6.95563
-7.05384
-6.65144
-5.34009
-4.59258
-4.23622
-4.01674
-3.86198
-2.07777
-2.8975
-4.09115
-5.54548
-8.11271
-10.3652
-9.19868
-6.89613
-6.23806
-7.1911
-8.20404
-8.51365
-8.05594
-7.36947
-7.01474
-7.06012
-7.1758
-7.06919
-5.54725
-4.80779
-4.47352
-4.2614
-4.10551
-2.47116
-3.40317
-4.49818
-5.64459
-7.14443
-8.66017
-8.24147
-7.4569
-6.75271
-7.38124
-7.8932
-7.95634
-7.35256
-6.97778
-7.04286
-7.16257
-6.84925
-6.38139
-5.42367
-4.93101
-4.67736
-4.48718
-4.33513
-3.10433
-4.19373
-5.01912
-5.82941
-6.72447
-7.38435
-7.37411
-7.09533
-6.91952
-7.41035
-7.66857
-7.63869
-7.57417
-7.34526
-7.18696
-6.92517
-6.27208
-5.74962
-5.37647
-5.09616
-4.88515
-4.70519
-4.55373
-5.39093
-5.41485
-5.58039
-6.16758
-6.66879
-6.97056
-7.00381
-6.97037
-6.89237
-7.40264
-7.70376
-7.88442
-7.67587
-7.49696
-7.24568
-6.889
-6.42209
-5.90952
-5.57892
-5.31737
-5.09925
-4.91517
-4.76029
-6.40149
-6.65799
-6.35763
-6.56592
-6.84444
-6.89463
-6.89697
-6.88344
-7.01214
-7.65027
-7.92586
-7.97642
-7.88826
-7.69476
-7.37525
-6.98336
-6.55542
-6.13451
-5.79935
-5.52498
-5.2973
-5.10801
-4.95035
-6.77144
-6.70672
-6.59367
-6.88248
-7.131
-6.99643
-6.96822
-6.95285
-7.94596
-8.29646
-8.65853
-8.65917
-8.43414
-8.05026
-7.58766
-7.12197
-6.685
-6.29632
-5.96782
-5.69334
-5.46504
-5.27586
-5.11964
-6.71573
-6.67182
-6.77483
-7.03103
-7.27138
-7.17026
-7.14943
-7.14223
-9.00711
-9.30349
-10.1352
-10.3996
-9.63346
-8.59756
-7.83399
-7.25109
-6.78363
-6.40006
-6.08202
-5.81745
-5.59772
-5.41573
-5.2664
-6.77654
-6.79407
-6.93278
-7.03908
-7.28443
-7.30943
-7.39319
-7.80695
-9.80892
-10.4701
-12.1092
-13.2949
-11.3809
-9.08362
-7.98281
-7.29502
-6.81212
-6.44163
-6.14357
-5.89861
-5.69588
-5.52802
-5.38945
-6.7425
-6.83816
-6.95509
-7.06882
-7.28677
-7.39887
-7.43135
-8.50352
-9.4884
-10.958
-12.2709
-14.2508
-11.4512
-8.99441
-7.83834
-7.18992
-6.74964
-6.41914
-6.15629
-5.9411
-5.76285
-5.6148
-5.49204
-6.72435
-6.81601
-6.91136
-7.26635
-7.35706
-7.37962
-7.29975
-8.4336
-8.93463
-10.3158
-10.868
-11.5028
-9.80693
-8.23538
-7.43274
-6.95116
-6.60797
-6.3432
-6.1292
-5.95204
-5.804
-5.6801
-5.57666
-6.80332
-6.79508
-7.04358
-7.69375
-7.46835
-7.23806
-7.04358
-8.22537
-7.60857
-7.87166
-8.24039
-8.25964
-7.96286
-7.34425
-6.94776
-6.65537
-6.42459
-6.23506
-6.07583
-5.94071
-5.82592
-5.72866
-5.64664
-6.11024
-6.5305
-7.02331
-8.00236
-7.48259
-7.1441
-7.38844
-7.36246
-7.05835
-6.95105
-7.02835
-7.07472
-6.90859
-6.70367
-6.5279
-6.37435
-6.23826
-6.11739
-6.01049
-5.91679
-5.83547
-5.76543
-5.70555
-6.0897
-6.06085
-6.77164
-7.69859
-7.43698
-6.86588
-7.03665
-7.62967
-7.08347
-6.69834
-6.5346
-6.43616
-6.35575
-6.28141
-6.21132
-6.14214
-6.0735
-6.00713
-5.94504
-5.88876
-5.83892
-5.7953
-5.75725
-5.83381
-5.73888
-6.36003
-7.45392
-7.31295
-5.74591
-4.87089
-6.20946
-6.28766
-6.18791
-6.11648
-6.06537
-6.03027
-6.00707
-5.98717
-5.96519
-5.94017
-5.9133
-5.88683
-5.86263
-5.84143
-5.82266
-5.80529
-5.0981
-6.17142
-6.47272
-7.65066
-7.69039
-4.8991
-4.31295
-5.17052
-5.6796
-5.82347
-5.84972
-5.8432
-5.83535
-5.83393
-5.83614
-5.83894
-5.83978
-5.83888
-5.83915
-5.84275
-5.84869
-5.85312
-5.85455
-6.13535
-10.8971
-7.724
-7.83534
-11.8394
-6.27604
-5.48899
-5.60109
-5.68986
-5.72176
-5.72863
-5.72817
-5.72645
-5.71836
-5.70572
-5.72864
-5.76043
-5.78835
-5.81353
-5.8397
-5.86651
-5.88972
-5.90706
567.864
671.472
686.564
610.813
360.416
362.254
334.982
299.408
137.918
143.882
138.326
110.134
78.9128
72.435
46.1653
32.9652
29.773
-40.3404
5.37871
4.7529
8.07515
8.20639
6.9445
3.50442
6.55233
7.4603
6.53123
2.99524
6.05049
1.22718
1.10348
0.856293
0.362789
0.523662
0.564306
0.551387
0.240334
0.248706
0.278157
0.294972
0.0317765
0.0377444
0.0454231
0.0506929
-0.192645
-0.190883
-0.188874
-0.188156
-0.424658
-0.424308
-0.423557
-0.423237
-0.661866
-0.661433
-0.66018
-0.65874
-0.904473
-0.902457
-0.899493
-0.89607
-1.15211
-1.14738
-1.14181
-1.1358
-1.40469
-1.39639
-1.38753
-1.37835
-1.66171
-1.64927
-1.63663
-1.62386
-1.92265
-1.90571
-1.88893
-1.87228
-2.18729
-2.16549
-2.14426
-2.12347
-2.45541
-2.42832
-2.40232
-2.37716
-2.72633
-2.69352
-2.66245
-2.6328
-2.99836
-2.95954
-2.92332
-2.8892
-3.26846
-3.22382
-3.18268
-3.1444
-3.53254
-3.48291
-3.43756
-3.39577
-3.78644
-3.73332
-3.68488
-3.64037
-4.02777
-3.97272
-3.92229
-3.87583
-4.25674
-4.20063
-4.14888
-4.10101
-4.47434
-4.41726
-4.36449
-4.31568
-4.67946
-4.62153
-4.56821
-4.51916
-4.86886
-4.81083
-4.75779
-4.70942
-5.0393
-4.98236
-4.93061
-4.88375
-5.18915
-5.13463
-5.08523
-5.04061
-5.31832
-5.26791
-5.22216
-5.18076
-5.42886
-5.38407
-5.34329
-5.30635
-5.52322
-5.48519
-5.45058
-5.41921
-5.604
-5.57356
-5.54581
-5.52064
-5.67414
-5.65158
-5.63093
-5.61215
-5.73691
-5.72214
-5.7085
-5.696
-5.79546
-5.78809
-5.78113
-5.77462
-5.85422
-5.85357
-5.85269
-5.85172
-5.9149
-5.92004
-5.92443
-5.92825
182.802
-157.82
-110.035
-101.888
-99.6638
-83.642
165.811
178.534
168.666
93.9329
184.146
119.822
20.6857
-13.9203
-49.4919
88.1258
265.6
267.467
236.591
107.818
-102.374
-126.562
-111.176
-99.6587
-89.4671
75.4541
137.687
128.371
-149.357
-42.8239
17.0214
15.5613
39.9484
106.681
103.703
139.359
123.66
140.052
67.4845
9.35531
-59.4545
-100.333
-56.711
40.6259
68.7793
67.5667
136.44
22.186
11.8371
15.0177
14.3105
14.8051
24.0011
33.7118
26.8479
48.6727
70.9886
17.4208
7.58423
29.1418
64.0103
86.6649
81.0367
68.2843
44.2346
20.6862
5.13956
26.4104
13.0957
13.5185
14.4796
14.9068
21.1983
12.5219
9.75994
15.1846
5.24321
3.73055
2.10913
18.7765
50.5052
57.2899
25.939
4.3067
3.14784
2.73944
4.73603
6.56618
11.5833
13.0192
11.8931
9.44983
8.53256
6.17862
8.02437
0.184048
1.87989
1.34263
1.50686
1.8788
1.84622
1.21603
1.69967
1.61612
1.21668
2.65212
3.38175
-10.5662
4.78092
1.31802
4.02203
4.72393
4.92608
10.7927
0.601596
0.342149
0.196493
0.697429
0.997411
1.07919
0.855126
0.884995
1.05196
0.841513
0.905865
1.98961
1.13724
-1.35719
-1.02541
0.794817
2.40404
5.91227
19.1338
0.668816
0.563263
0.196308
0.44876
0.560495
0.400085
0.37012
0.467912
0.569362
0.168582
-2.31789
0.551349
-0.0283767
-1.01841
-1.0077
-0.696348
-0.797229
-0.0640181
30.2457
0.609346
0.708805
0.530289
0.346244
0.261368
0.21575
0.15059
0.0888782
-0.0670455
-0.839755
-1.22104
-0.811422
-1.2007
-1.78825
-1.69651
-1.44703
-1.7952
-3.11315
11.761
0.310842
0.290737
0.18753
0.120223
0.105616
0.062513
-0.00149597
-0.112247
-0.501615
-1.814
-1.49894
-1.58324
-2.20633
-2.90774
-2.79028
-2.11498
-2.18053
-2.86519
-0.926871
0.0553322
0.0388105
-0.0168821
-0.0613374
-0.0850169
-0.115308
-0.146766
-0.224868
-0.710203
-1.85816
-1.52328
-1.82735
-2.59375
-3.20183
-2.89948
-2.30134
-2.06562
-2.01211
0.491857
-0.189759
-0.203849
-0.232416
-0.256244
-0.27617
-0.298359
-0.314807
-0.354187
-0.735111
-1.01192
-1.04112
-1.4292
-2.0485
-2.45695
-2.29458
-1.98521
-1.69743
-1.28159
0.126385
-0.42371
-0.430511
-0.443698
-0.457098
-0.469163
-0.479855
-0.488568
-0.50208
-0.549162
-0.365135
-0.563067
-0.924469
-1.26986
-1.60651
-1.74689
-1.82377
-1.52724
-1.08692
-0.996187
-0.65588
-0.655423
-0.658083
-0.661591
-0.664262
-0.663862
-0.661418
-0.662851
-0.533679
-0.334536
-0.329422
-0.670369
-0.931129
-1.29845
-1.58617
-1.72891
-1.45966
-0.971215
-0.813264
-0.888597
-0.880943
-0.874921
-0.869638
-0.863818
-0.855506
-0.844363
-0.838659
-0.764904
-0.569951
-0.736167
-0.828823
-1.20431
-1.6793
-1.74438
-1.71863
-1.5195
-0.920127
-0.75848
-1.12284
-1.10805
-1.09439
-1.0816
-1.06902
-1.05573
-1.04143
-1.02956
-1.0096
-0.966508
-1.0867
-1.20689
-1.42909
-1.70921
-1.76437
-1.66827
-1.72771
-1.57876
-1.12728
-1.35924
-1.33733
-1.31671
-1.2975
-1.27965
-1.26332
-1.24942
-1.24018
-1.23696
-1.23961
-1.29067
-1.38976
-1.55651
-1.8892
-1.99298
-1.85836
-2.03603
-2.33417
-1.885
-1.59809
-1.56903
-1.54184
-1.51686
-1.49455
-1.47589
-1.46277
-1.45799
-1.46339
-1.47771
-1.5059
-1.5754
-1.66384
-2.30556
-2.50034
-2.30877
-2.52502
-2.74989
-2.60321
-1.83946
-1.80317
-1.76956
-1.73905
-1.71238
-1.69108
-1.67772
-1.67581
-1.68834
-1.71841
-1.77553
-1.85638
-1.94216
-2.78539
-2.94265
-2.79576
-3.10369
-3.25392
-3.20446
-2.0833
-2.03967
-1.99967
-1.96357
-1.93216
-1.90723
-1.89194
-1.89086
-1.90847
-1.95088
-2.04008
-2.18917
-2.55858
-2.87257
-3.15127
-3.12235
-3.25491
-3.22234
-2.98557
-2.32941
-2.27841
-2.23198
-2.19011
-2.15335
-2.12333
-2.10378
-2.10044
-2.1185
-2.16067
-2.23243
-2.34332
-2.56665
-3.13453
-3.45291
-3.4952
-2.76418
-2.68808
-2.71011
-2.57738
-2.51906
-2.46626
-2.41848
-2.3757
-2.33885
-2.3119
-2.30226
-2.31641
-2.35122
-2.39351
-2.43031
-2.50335
-3.43949
-3.73462
-3.69794
-2.6287
-2.46632
-2.76635
-2.82632
-2.76096
-2.70207
-2.64857
-2.5996
-2.55448
-2.51826
-2.49994
-2.51008
-2.542
-2.56506
-2.56091
-2.63378
-3.4439
-3.64368
-3.49743
-3.06555
-2.86002
-3.09812
-3.07466
-3.00295
-2.93873
-2.88056
-2.82722
-2.77822
-2.73291
-2.70817
-2.72731
-2.77596
-2.79517
-2.79925
-2.90681
-3.16743
-3.41883
-3.54533
-3.76492
-3.47953
-3.35087
-3.32015
-3.24316
-3.17498
-3.1146
-3.06349
-3.01506
-2.94039
-2.88127
-2.93208
-3.04925
-3.09528
-3.10356
-3.21245
-3.33989
-3.31023
-3.67225
-4.00614
-3.67668
-3.49888
-3.56007
-3.47895
-3.40818
-3.34801
-3.31349
-3.26112
-3.15383
-3.1398
-3.2434
-3.31803
-3.36198
-3.37746
-3.43749
-3.64464
-3.73809
-3.96441
-4.00051
-3.64851
-3.45046
-3.79187
-3.7073
-3.63376
-3.57153
-3.55875
-3.54154
-3.53117
-3.64899
-3.6969
-3.67094
-3.59444
-3.58316
-3.60993
-3.66933
-3.78421
-3.87993
-3.76933
-3.46082
-3.30694
-4.01432
-3.92711
-3.85134
-3.78472
-3.77427
-3.87306
-4.01533
-4.01473
-3.96193
-3.95905
-3.90522
-3.79745
-3.7779
-3.80113
-3.87407
-3.90153
-3.79336
-3.56927
-3.394
-4.22749
-4.13934
-4.06418
-4.0044
-4.02114
-4.12551
-4.28513
-4.28819
-4.1899
-4.13145
-4.12926
-4.09621
-3.98936
-3.98987
-4.04984
-4.07729
-4.01234
-3.79906
-3.66232
-4.43138
-4.34519
-4.27097
-4.20493
-4.19337
-4.38555
-4.58954
-4.54879
-4.38629
-4.29866
-4.27772
-4.27599
-4.27257
-4.2674
-4.25535
-4.26561
-4.22079
-4.10686
-4.07376
-4.6243
-4.54441
-4.48091
-4.44514
-4.46178
-4.61606
-4.85396
-4.66144
-4.50568
-4.43745
-4.42041
-4.41816
-4.43
-4.46121
-4.48493
-4.49349
-4.45453
-4.35138
-4.26082
-4.80257
-4.73046
-4.6802
-4.69316
-4.70797
-4.72406
-4.69235
-4.63874
-4.60312
-4.57537
-4.56195
-4.55563
-4.55624
-4.56278
-4.56674
-4.55739
-4.51345
-4.47044
-4.41639
-4.9638
-4.89705
-4.85868
-4.85908
-4.85864
-4.83957
-4.79214
-4.75947
-4.74068
-4.72019
-4.7045
-4.69352
-4.68622
-4.67951
-4.66818
-4.64664
-4.61716
-4.6004
-4.58605
-5.10925
-5.04601
-5.00575
-5.0177
-5.02147
-4.99097
-4.94122
-4.90877
-4.88558
-4.86461
-4.84709
-4.83305
-4.82127
-4.80955
-4.79534
-4.77709
-4.7586
-4.74704
-4.74444
-5.24241
-5.18596
-5.151
-5.18629
-5.21135
-5.17598
-5.1029
-5.05771
-5.02928
-5.00727
-4.98928
-4.97423
-4.9609
-4.94793
-4.93418
-4.91968
-4.90698
-4.89911
-4.89679
-5.36499
-5.31793
-5.29085
-5.33469
-5.40605
-5.39524
-5.28034
-5.20265
-5.16921
-5.14792
-5.13119
-5.11681
-5.1037
-5.09111
-5.07872
-5.06695
-5.05726
-5.05115
-5.04783
-5.47714
-5.43974
-5.41913
-5.43076
-5.48923
-5.50782
-5.41204
-5.33191
-5.30412
-5.28739
-5.27348
-5.26076
-5.24865
-5.23699
-5.22589
-5.21585
-5.20772
-5.20234
-5.19849
-5.57954
-5.55125
-5.53403
-5.52911
-5.53616
-5.5471
-5.49073
-5.4524
-5.43882
-5.42792
-5.41713
-5.40617
-5.39516
-5.38436
-5.37416
-5.36509
-5.3577
-5.35249
-5.3484
-5.6741
-5.65487
-5.64232
-5.63545
-5.63249
-5.65285
-5.60864
-5.58711
-5.57881
-5.57129
-5.56271
-5.55309
-5.54286
-5.53256
-5.52276
-5.51406
-5.50689
-5.50153
-5.49737
-5.76307
-5.75309
-5.74706
-5.74402
-5.74319
-5.75885
-5.7376
-5.72723
-5.72234
-5.71728
-5.71032
-5.70156
-5.69162
-5.6813
-5.67136
-5.66247
-5.6551
-5.64935
-5.64499
-5.84987
-5.84906
-5.85059
-5.85432
-5.85899
-5.86778
-5.86575
-5.8661
-5.86693
-5.86508
-5.8597
-5.85139
-5.84121
-5.83031
-5.81965
-5.81006
-5.80211
-5.79575
-5.79071
-5.93494
-5.94261
-5.95202
-5.96416
-5.97691
-5.98448
-5.99374
-6.0066
-6.01531
-6.01712
-6.01274
-6.00397
-5.99262
-5.98022
-5.96805
-5.95707
-5.94799
-5.94086
-5.93331
)
;

boundaryField
{
    leftWall
    {
        type            calculated;
        value           nonuniform List<scalar> 
100
(
1306.07
1247.93
1186.75
1123.16
1057.56
990.278
922.208
854.52
769.692
636.821
494.828
374.95
374.328
373.777
373.258
372.777
372.327
371.203
379.146
379.18
159.412
23.6983
-0.63786
-13.2844
8.07982
25.2714
15.9958
10.6078
0.749827
-5.73978
-8.68909
-8.72214
-5.22014
-2.30279
-1.51987
-2.17926
-3.07193
-4.08997
-5.67235
-6.7092
-6.70555
-6.61904
-6.58244
-6.59376
-6.45533
-5.24491
-5.41571
-5.6394
-5.63581
-5.50432
1277.38
1217.7
1155.21
1090.6
1024.09
956.271
888.251
821.243
701.24
578.847
380.502
374.432
374.087
373.506
373.018
372.548
372.031
370.265
427.146
262.302
72.2374
12.9746
-7.3792
-14.6563
28.1719
17.6282
13.9014
6.64164
-3.03497
-7.57562
-9.36839
-7.08636
-3.51909
-1.65115
-1.77317
-2.65593
-3.49967
-4.92423
-6.33326
-6.78489
-6.62909
-6.58234
-6.63659
-6.54152
-6.0302
-4.94134
-5.51433
-5.74503
-5.55166
-6.08054
)
;
    }
    rightWall
    {
        type            calculated;
        value           nonuniform List<scalar> 
100
(
490.371
467.172
412.636
341.543
325.292
334.333
330.577
306.159
236.591
140.052
70.9886
15.1846
8.02437
10.7927
19.1338
30.2457
11.761
-0.926871
0.491857
0.126385
-0.996187
-0.813264
-0.75848
-1.12728
-1.885
-2.60321
-3.20446
-2.98557
-2.71011
-2.76635
-3.09812
-3.35087
-3.49888
-3.45046
-3.30694
-3.394
-3.66232
-4.07376
-4.26082
-4.41639
-4.58605
-4.74444
-4.89679
-5.04783
-5.19849
-5.3484
-5.49737
-5.64499
-5.79071
-5.93331
512.615
472.485
448.051
370.071
328.354
329.261
335.31
321.064
276.905
194.445
90.8108
43.5251
8.63459
9.13616
13.5428
28.2391
22.4896
0.850188
-0.318433
0.226703
-1.11586
-0.893597
-0.7594
-0.848385
-1.4907
-2.25051
-2.86651
-3.21238
-2.79745
-2.67077
-2.93717
-3.2375
-3.44139
-3.5031
-3.36927
-3.3133
-3.51122
-3.84963
-4.21202
-4.33031
-4.50251
-4.6665
-4.82099
-4.97234
-5.12323
-5.27355
-5.42302
-5.57139
-5.71811
-5.86258
)
;
    }
    lowerWall
    {
        type            calculated;
        value           nonuniform List<scalar> 
124
(
1317.94
1304.63
1283.94
1261.73
1241.95
1222.81
1201.24
1176.08
1147.04
1114.18
1076.09
1029.23
987.67
950.454
912
872.19
821.267
782.187
772.341
778.326
788.008
787.122
787.695
743.614
685.231
627.812
572.397
520.416
474.591
439.16
420.182
581.18
643.85
722.371
659.788
469.788
402.286
373.353
408.863
416.608
389.014
349.085
314.456
429.932
399.755
316.574
297.204
314.38
498.552
584.645
493.731
568.191
664.011
661.132
645.352
673.567
408.709
360.009
438.668
504.721
498.25
522.866
1320.78
1312.56
1294.83
1272.74
1251.47
1232.57
1212.42
1189.14
1162.03
1131.14
1096.05
1053.79
1006.71
969.668
931.211
892.322
849.572
793.577
783.609
767.545
786.742
787.27
787.296
526.859
615.417
683.312
706.703
483.729
459.364
337.32
308.506
290.411
392.009
578.356
509.015
520.765
633.23
677.28
634.673
680.809
556.829
340.082
397.822
448.259
511.448
511.18
772.98
714.359
656.334
599.786
545.843
496.471
455.206
427.36
436.11
379.138
385.394
418.827
404.502
365.788
343.425
289.859
)
;
    }
    atmosphere
    {
        type            calculated;
        value           nonuniform List<scalar> 
92
(
-5.72904
-16.0275
-7.51102
-5.77053
-18.0092
-5.72905
-5.72932
-5.72905
-5.72904
-5.72904
-5.72904
-5.72904
-5.72904
-5.72904
-5.73076
-5.74268
-5.76079
-5.78201
-5.80705
-5.83777
-5.87083
-5.89879
-5.91974
-5.92946
-5.93591
-5.94149
-5.94641
-5.95504
-5.96469
-5.97615
-5.99097
-6.00663
-6.01303
-6.0253
-6.0431
-6.05449
-6.0572
-6.05278
-6.04354
-6.03156
-6.01849
-6.00567
-5.99412
-5.9846
-5.9772
-5.96741
-5.7294
-10.8243
-12.9044
-5.84349
-12.9095
-11.4657
-5.7295
-5.72911
-5.72904
-5.72904
-5.72904
-5.72904
-5.72904
-5.72904
-5.72904
-5.73561
-5.75125
-5.77104
-5.7939
-5.82171
-5.85453
-5.88572
-5.91009
-5.92585
-5.9328
-5.9388
-5.94402
-5.95018
-5.95978
-5.97007
-5.98311
-5.99959
-6.01708
-6.01586
-6.03447
-6.04988
-6.05688
-6.05573
-6.04862
-6.03778
-6.02507
-6.01198
-5.99968
-5.98907
-5.9808
-5.97655
)
;
    }
    defaultFaces
    {
        type            empty;
    }
}


// ************************************************************************* //
