/*--------------------------------*- C++ -*----------------------------------*\
| =========                 |                                                 |
| \\      /  F ield         | OpenFOAM: The Open Source CFD Toolbox           |
|  \\    /   O peration     | Version:  v1912                                 |
|   \\  /    A nd           | Website:  www.openfoam.com                      |
|    \\/     M anipulation  |                                                 |
\*---------------------------------------------------------------------------*/
FoamFile
{
    version     2.0;
    format      ascii;
    class       volScalarField;
    location    "0.85";
    object      p_rgh;
}
// * * * * * * * * * * * * * * * * * * * * * * * * * * * * * * * * * * * * * //

dimensions      [1 -1 -2 0 0 0 0];


internalField   nonuniform List<scalar> 
9072
(
1321.53
1312.56
1294.83
1272.74
1251.47
1232.57
1212.42
1189.14
1162.03
1131.14
1096.05
1053.79
1006.71
969.668
931.211
892.322
849.572
793.577
783.609
767.545
786.742
787.27
787.296
1320.7
1312.87
1294.36
1271.13
1250.81
1232.69
1212.72
1189.37
1162.33
1131.49
1096.52
1053.21
1006.83
967.522
927.55
887.688
847.429
796.102
767.102
747.152
782.234
785.11
786.995
1317.07
1311.41
1292.16
1268.08
1249.7
1232.43
1213.26
1190.53
1163.8
1133.11
1098.39
1058.75
1011.77
965.482
921.361
881.422
846.003
796.967
751.32
755.753
776.594
781.898
786.93
1311.32
1307.57
1283.88
1260.15
1248.75
1232.65
1214.16
1192.1
1165.92
1135.48
1100.92
1061.72
1014.3
961.734
913.156
872.559
839.928
813.568
773.293
762.09
770.181
778.212
787.535
1303.67
1300.01
1268.91
1249.18
1248.85
1233.68
1215.42
1194.06
1168.63
1138.49
1103.63
1063.4
1013.49
955.204
902.109
860.414
830.683
808.055
780.221
760.072
761.734
773.551
789.392
1294.71
1289.7
1254.28
1241.88
1250.52
1235.26
1216.89
1196.37
1171.91
1142.06
1106.46
1064.54
1010.91
944.636
886.641
843.642
818.414
802.361
776.799
752.272
749.847
767.114
793.152
1285.55
1279.28
1245.72
1240.32
1249.96
1236.5
1218.18
1198.9
1175.74
1146.08
1109.14
1065
1006.5
927.267
864.066
819.142
802.282
798.7
772.285
738.908
732.252
757.593
799.799
1277.4
1270.77
1245.32
1246.23
1241.11
1236.2
1218.84
1201.5
1180.12
1150.52
1111.35
1064.41
999.564
899.092
834.047
783.837
781.625
801.302
768.498
714.996
705.268
739.928
811.846
479.687
459.364
337.32
308.506
290.411
392.009
578.356
509.015
520.765
633.23
677.28
634.673
680.809
556.829
340.082
397.822
448.259
511.448
511.18
480.816
431.608
218.303
266.824
273.294
365.035
540.296
461.744
506.672
644.813
661.597
603.474
660.568
525.413
302.584
333.714
448.966
505.462
476.25
545.174
342.372
170.598
247.203
201.388
344.51
496.813
384.848
477.349
650.531
637.238
627.348
643.43
258.514
86.0266
240.863
443.68
494.946
409.331
636.637
285.84
171.212
176.886
156.112
186.914
471.023
372.862
467.253
645.779
639.21
649.047
567.416
5.6351
12.898
68.2976
340.445
467.099
377.392
664.335
254.018
173.266
177.374
154.421
146.99
377.591
354.353
376.772
567.083
684.542
732.659
494.14
-36.3973
-3.62415
40.7358
385.829
382.626
429.679
662.225
468.389
330.054
178.813
153.496
152.086
307.916
463.091
447.47
542.985
653.118
804.29
463.145
-45.5197
-8.94658
36.641
366.711
560.687
498.613
465.558
418.519
368.771
290.897
275.129
413.914
388.286
447.479
378.059
469.596
832.329
807.706
577.608
131.51
-0.331161
35.3854
355.323
527.625
615.113
659.437
460.75
242.314
207.459
319.407
415.945
619.07
497.426
272.303
647.376
785.699
816.466
550.976
42.9671
69.6851
214.221
470.916
406.682
679.997
1266.01
1262.74
1249.8
1249.83
1239.73
1232.66
1218.29
1204.8
1186.69
1156.91
1112.62
1058.2
986.187
787.963
600.274
476.325
591.922
740.056
691.361
588.136
572.125
645.866
836.968
1268.81
1251.79
1245.84
1238.61
1226.78
1217.75
1212.27
1209.32
1201
1170.09
1108.34
928.698
503.906
350.071
323.305
752.818
739.269
734.625
526.02
168.324
163.034
140.864
716.863
470.259
1166.08
1157.83
1148.04
1163.65
1194.89
1200.94
1213.53
1227.34
1203.14
1115.71
392.625
333.219
640.82
237.1
533.206
328.602
473.261
149.396
395.113
562.818
186.496
631.245
375.408
375.695
375.34
374.935
375.09
380.288
401.632
890.639
1272.84
1273.15
614.803
316.609
323.126
665.718
562.796
144.609
13.137
13.2397
179.914
787.243
829.672
840.256
504.696
375.153
375.192
374.979
374.825
374.774
378.815
1322.52
1231.25
1278.05
513.604
478.083
231.177
96.5056
126.434
24.4971
9.87432
11.5915
11.5629
10.2326
16.3309
846.858
734.348
251.422
374.696
374.861
374.711
374.631
374.571
374.788
1358.28
1312.65
349.637
499.804
472.759
290.467
87.9992
244.52
31.7321
10.1337
11.0004
11.3311
10.1611
8.82218
7.77328
310.732
205.249
374.334
374.455
374.422
374.426
374.474
454.351
1401.96
112.252
25.5403
22.7927
102.86
298.908
23.2388
208.328
198.674
41.3168
11.6893
11.5769
9.71586
9.01632
8.93419
8.6866
7.14051
373.989
374.05
374.129
374.184
654.754
1200.53
178.193
25.7652
23.5577
21.7276
20.282
18.8462
17.4138
15.6224
68.3521
227.407
226.035
167.523
223.947
9.83233
10.7955
46.394
76.5374
373.598
373.586
374.242
768.804
1072.74
103.655
32.0082
32.2401
26.5793
21.872
19.9699
18.4652
16.7123
14.9396
13.31
12.1919
44.1458
273.243
111.72
164.671
194.038
192.44
95.373
383.179
371.6
677.795
765.51
39.5789
34.0842
31.9373
34.6508
33.4674
51.106
19.543
18.4318
16.0397
13.9104
12.4611
11.5964
11.1784
28.6237
12.1616
2.7852
2.22355
2.01522
2.06395
626.818
700.018
487.284
48.4361
40.7183
35.0563
31.1458
28.2953
28.5845
50.506
23.0788
119.255
125.997
12.0049
11.2404
10.8818
10.4417
49.5157
22.7563
2.40757
2.07566
2.33248
2.30897
564.353
574.55
56.8357
53.1981
48.932
34.4805
30.4989
28.9864
44.4104
7.39861
117.645
137.2
134.527
78.3822
9.49322
11.126
47.328
5.65468
6.59332
1.95908
1.89589
2.03788
1.80762
424.789
28.5403
45.666
140.114
112.617
102.678
89.2877
-4.26197
-1.45165
-0.390252
120.286
142.064
18.9256
5.55908
6.49126
58.3541
54.577
2.18977
2.37868
1.68882
1.70389
1.85332
1.69541
314.332
-3.94974
-0.0857571
94.4245
-16.8502
-12.9684
-15.6569
-8.90399
-4.78193
-3.12836
-3.37589
135.003
19.8554
5.20822
3.85868
51.8207
30.7726
2.34308
1.93637
1.62059
1.60403
1.59466
1.58908
-4.40067
-7.47495
-11.6623
-4.64927
-23.3462
-21.6985
-17.1191
-12.2972
-8.40477
-5.73457
-4.14296
-3.09897
54.989
32.7013
1.96461
3.18211
38.0976
1.9813
1.75781
1.58656
1.5113
1.4849
1.47415
20.8594
-9.96631
-13.5858
-28.8037
-31.663
-26.3903
-19.7569
-14.5498
-10.3239
-6.90901
-4.60273
-3.00731
-1.75305
-0.460488
0.669917
1.211
22.5884
1.4644
1.46826
1.41803
1.37587
1.35559
1.34924
93.8941
-17.4555
-43.9937
-75.2632
-53.1937
-36.9221
-22.5531
-15.0247
-10.3617
-6.92074
-4.55866
-3.03951
-2.01949
-1.14926
91.255
68.4589
0.862035
1.43861
1.21
1.21952
1.2134
1.21086
1.21562
51.541
-25.695
-72.7578
-132.165
-102.044
-49.7907
-23.6023
-13.6821
-8.82423
-5.81761
-3.86793
-2.66406
-1.95772
98.2861
175.292
0.0502981
0.604065
0.915062
0.990219
1.02177
1.0409
1.0573
1.07525
16.8151
9.24463
-59.6047
-106.078
-88.5859
-35.5225
-16.0071
-8.87545
-5.70588
-3.81944
-2.60004
-1.86577
-1.47571
157.698
98.4759
0.393692
0.499811
0.667664
0.765702
0.82385
0.864615
0.898184
0.929653
15.6551
6.31178
-12.5193
-32.5739
-21.5072
-4.36942
-3.22818
-2.42733
-1.94221
-1.43843
-1.03178
-0.833329
0.322363
182.687
0.341188
0.376797
0.408716
0.480311
0.559175
0.627599
0.684518
0.73403
0.77947
33.7433
-1.85055
-7.33908
1.66114
12.9054
8.69079
4.92574
2.39274
1.06847
0.632043
0.478923
0.301138
109.705
145.456
0.188286
0.22864
0.225541
0.265623
0.340103
0.420926
0.495952
0.56348
0.624473
3.1261
5.51907
-4.99501
0.701789
8.97483
10.4022
8.12331
5.04252
2.74195
1.91182
1.71604
8.55688
170.72
-0.215037
-0.112517
-0.104363
-0.0945366
-0.0306877
0.0751264
0.188552
0.293083
0.384739
0.464474
9.46689
5.26592
-3.18973
1.638
7.03572
9.98936
9.70116
6.37522
100.193
2.31907
2.3323
174.934
30.5012
-0.908803
-0.785955
-0.715154
-0.614634
-0.454553
-0.261644
-0.0805791
0.0726402
0.197783
0.300477
8.63982
1.38028
-2.65318
1.42151
5.38485
9.03755
18.9957
200.147
190.485
194.543
25.6597
14.0087
-2.29902
-1.75407
-1.68736
-1.60648
-1.39025
-1.0582
-0.689865
-0.38908
-0.162343
0.00649646
0.135675
14.3122
-2.52247
-1.19651
0.737542
2.60207
5.48741
204.29
164.929
0.863174
3.69471
-3.27306
-3.4891
-2.56584
-0.161498
-2.13761
-2.53207
-2.41703
-1.94306
-1.25365
-0.729042
-0.399763
-0.180246
-0.0242637
26.9697
0.570482
0.0767036
-0.198043
-1.1728
17.361
197.423
40.225
-3.00706
-3.20768
-3.69192
-3.63304
-1.94288
-1.56716
-2.97899
-3.07341
-3.20584
-2.96037
-1.99736
-1.06973
-0.613773
-0.348572
-0.17199
37.0444
1.56802
0.410081
-0.7815
-2.94609
-3.70705
37.7463
122.596
-2.52163
-2.92322
-3.92732
-4.73874
-4.30468
-3.78742
-3.23612
-3.17543
-3.34288
-3.35038
2.33776
-1.28512
-0.760477
-0.483999
-0.301315
41.0912
1.3456
0.198392
-0.984348
-2.61078
-4.99495
-5.35267
-3.55841
19.2705
-2.9321
-3.85722
-4.34718
-2.31568
6.40794
23.2267
19.9341
4.1458
-3.06994
10.0349
-1.24557
-0.8272
-0.586226
-0.4121
48.6153
0.779878
-0.261508
-1.19217
-2.29272
-3.4825
-3.93754
-3.45644
-2.39323
-3.12207
-3.6326
-0.770338
-3.41673
-3.28137
-3.18537
23.7856
24.7156
19.7111
4.87704
-1.15659
-0.878392
-0.675744
-0.510335
48.7969
-0.00849062
-0.845874
-1.44188
-2.19282
-2.79404
-3.04009
-2.92399
-2.81711
-2.22545
-3.35823
-2.6529
-1.79036
-3.41416
-3.19776
-2.95002
2.33433
9.25284
-1.48004
-1.1941
-0.961932
-0.765626
-0.599232
48.9909
34.6048
-1.64707
1.05338
-2.31579
-2.58317
-2.67064
-2.62145
-2.6076
0.00126214
-1.84747
0.473045
-2.61964
-3.42455
-3.19287
-2.86605
-2.46385
-1.99501
-1.59397
-1.29545
-1.05033
-0.845666
-0.674499
18.3689
-1.76328
-2.08687
0.0781155
-0.561243
-2.5703
-2.53614
-2.4966
0.0444993
1.54166
-3.1569
-2.63913
-3.80836
-3.61361
-3.28767
-2.88078
-2.45147
-2.03189
-1.66572
-1.36299
-1.1115
-0.902696
-0.729663
31.9236
-2.24399
-2.08848
-2.21854
-1.34948
-2.62517
-2.55212
-2.59814
21.5963
-3.12969
-1.89942
-4.87996
-4.68349
-4.10536
-3.4915
-2.93456
-2.44964
-2.03176
-1.678
-1.38173
-1.13472
-0.929775
-0.760376
33.1097
-2.08629
-2.13567
-2.27518
2.96226
-2.63568
-2.59236
-2.70737
21.2871
-4.63836
-2.07978
-7.02658
-6.74332
-4.9884
-3.725
-2.95067
-2.39965
-1.97499
-1.63299
-1.35163
-1.11851
-0.925351
-0.765672
34.1138
-2.03025
-2.13985
-2.22125
3.38482
2.28555
-2.55381
-0.391291
16.605
-4.00305
-3.46936
-8.93096
-1.76444
-5.50148
-3.68688
-2.80961
-2.24976
-1.84549
-1.53068
-1.27562
-1.06537
-0.891157
-0.746864
1.30983
-1.87849
-1.70601
-2.11388
2.17851
-1.9754
-2.55705
24.862
-2.60665
-1.17317
-6.15307
-1.19656
1.85435
-4.68588
-3.18236
-2.45677
-1.98534
-1.64354
-1.37667
-1.15985
-0.980407
-0.830964
-0.706526
51.2936
-1.65029
-1.39519
8.33249
-1.85434
-1.85108
-2.35349
26.6569
-2.51666
-2.23113
4.68395
5.73489
-2.24265
-3.24467
-2.42698
-1.9724
-1.64364
-1.39014
-1.1848
-1.01416
-0.870749
-0.74997
-0.648488
54.2639
-1.37459
-1.68954
8.58449
0.984691
8.71063
-1.51624
27.8873
1.45263
-1.51453
-1.54581
-1.54193
-2.36909
-2.0271
-1.71536
-1.47832
-1.28182
-1.11575
-0.973203
-0.850292
-0.744522
-0.653975
-0.576895
11.5433
-0.932809
-1.35149
6.57808
8.72046
9.20932
-1.26416
27.8375
0.358028
-1.70021
-1.55928
-1.48978
-1.39287
-1.27114
-1.15269
-1.04377
-0.941356
-0.845858
-0.758205
-0.679309
-0.609556
-0.548679
-0.496026
-0.294226
1.63018
-0.784965
-1.62327
9.31423
9.98513
9.91728
25.5992
-1.52572
-1.20026
-0.985057
-0.878965
-0.813797
-0.765445
-0.724312
-0.68355
-0.640424
-0.595591
-0.551249
-0.509689
-0.472303
-0.439314
-0.410141
0.0208898
5.44172
-0.395135
-1.22012
-2.23266
0.54994
1.21328
0.843323
-0.217587
-0.432279
-0.460232
-0.440784
-0.418183
-0.403961
-0.396581
-0.389528
-0.380974
-0.369973
-0.35762
-0.346208
-0.337373
-0.330493
-0.323379
-0.382796
13.4386
-1.93358
-1.77463
-1.90249
1.04545
0.857861
0.625926
0.124776
-0.0720145
-0.13254
-0.143005
-0.141649
-0.143137
-0.147122
-0.15089
-0.156845
-0.166843
-0.179772
-0.195579
-0.213259
-0.229378
-0.241283
997.73
1086.29
1148.46
1125.81
620.163
670.924
1062.15
1169.14
844.114
736.276
360.783
587.633
299.933
308.133
626.639
616.119
656.826
636.895
614.353
253.19
10.939
8.8294
8.81512
7.77805
9.08574
9.79993
51.5412
158.652
165.169
197.871
145.847
2.6541
2.26858
2.20033
2.66379
4.03274
2.04721
3.77651
3.60335
2.03325
2.3101
1.89881
1.90971
1.9302
1.80274
1.80125
1.80517
1.80934
1.69602
1.69682
1.69784
1.69874
1.58736
1.58715
1.58768
1.5886
1.4723
1.47275
1.47432
1.47658
1.35124
1.35392
1.35767
1.36214
1.22457
1.2306
1.2374
1.24478
1.09279
1.1029
1.11342
1.12426
0.956637
0.97128
0.98594
1.00062
0.816531
0.83606
0.855195
0.874009
0.672578
0.697419
0.721388
0.744623
0.525102
0.555787
0.584972
0.61288
0.375245
0.412264
0.446955
0.479673
0.225531
0.269049
0.309261
0.346684
0.0799461
0.129473
0.174727
0.216385
-0.0567289
-0.00253705
0.046688
0.091748
-0.18066
-0.123734
-0.0719237
-0.0244382
-0.290991
-0.232885
-0.179577
-0.130443
-0.389385
-0.330487
-0.276107
-0.225783
-0.476377
-0.416461
-0.361178
-0.310109
-0.549317
-0.488661
-0.433016
-0.381967
-0.604268
-0.543905
-0.48887
-0.438779
-0.638436
-0.579807
-0.526543
-0.478297
-0.650866
-0.59564
-0.545488
-0.500078
-0.642619
-0.59253
-0.546964
-0.505621
-0.616181
-0.572672
-0.533025
-0.49701
-0.574278
-0.538419
-0.50567
-0.475907
-0.519951
-0.492294
-0.466948
-0.443857
-0.456534
-0.437171
-0.419305
-0.40294
-0.387505
-0.376153
-0.365518
-0.355654
-0.316461
-0.31258
-0.308708
-0.304955
-0.248065
-0.250729
-0.252811
-0.25447
856.503
273.328
-82.4819
-14.5042
-99.4655
-55.2438
533.066
563.027
242.704
643.675
723.286
811.504
359.906
57.4145
66.0151
253.395
312.44
780.028
638.113
1006.45
397.058
-70.4865
-99.8986
-97.106
-90.5226
347.258
261.332
232.802
679.542
542.02
673.111
25.9504
349.82
339.785
570.594
711.87
554.725
689.91
678.109
757.761
659.269
607.162
455.834
449.106
489.887
167.695
742.634
285.96
599.655
135.575
18.5136
17.8844
434.277
440.969
341.317
419.573
302.996
413.782
26.1497
839.552
864.313
736.28
332.285
171.165
229.525
805.385
55.9886
394.162
18.129
18.0493
17.5831
17.2494
119.841
98.463
18.8017
363.796
79.783
63.015
30.4027
989.266
1015.26
504.745
620.976
924.852
85.4634
5.09199
46.1653
264.266
260.638
15.7364
16.7607
153.057
24.6629
17.4991
12.9035
5.87696
4.4055
4.53412
3.71604
275.495
652.099
222.826
10.3049
8.90101
12.69
8.66966
48.7239
291.29
98.1995
173.161
84.0582
7.79387
16.095
15.577
140.774
2.2146
5.54973
3.58591
6.61447
6.91409
6.71962
7.74584
3.98735
2.44094
9.24732
5.06483
3.32557
231.639
68.8473
2.43056
4.67294
5.85687
24.2952
2.28288
2.27019
1.60108
1.79318
2.18557
8.18227
2.94118
2.11081
2.12614
2.02763
9.0459
4.57998
2.49718
1.21358
0.330258
0.958014
1.70921
3.94755
14.8416
3.88288
2.44187
2.17284
2.10304
3.62271
1.8571
1.772
1.76394
1.86727
1.46952
8.13528
1.74634
1.31203
0.503688
0.0872487
0.352973
0.34837
-0.167846
139.744
2.05318
4.16727
4.1272
3.94879
1.81937
1.80739
1.73144
1.66913
1.57063
6.24766
3.70634
0.571864
0.227001
-0.459635
-0.744455
0.0182185
-0.167429
-0.458412
0.476171
2.033
2.04484
1.89415
1.81361
1.77379
1.75018
1.70502
1.65576
1.4371
5.54659
2.77479
0.49093
0.0400691
-1.19235
-1.43258
0.440275
-0.00840967
-0.590376
3.5499
1.80926
1.83798
1.87013
1.78308
1.71013
1.6868
1.65949
1.63699
1.4697
5.56833
0.70923
0.910706
-0.144571
-0.859185
-0.9896
0.921993
0.109736
0.0219469
1.38439
1.69854
1.69364
1.67753
1.65727
1.64015
1.62371
1.60825
1.59564
1.54263
6.38092
1.97917
1.64857
1.16627
1.43333
1.21737
0.327
0.211153
0.606128
0.895157
1.58948
1.589
1.58323
1.57489
1.56688
1.56053
1.5579
1.54931
2.20853
3.4952
2.20582
1.84964
1.21144
0.921062
0.644834
6.48975
8.60469
0.916026
2.3553
1.47986
1.48514
1.48798
1.48923
1.49043
1.49339
1.50047
1.50252
1.92183
2.59711
4.94526
3.81726
2.11174
4.88149
4.49144
9.5172
9.96115
1.14462
2.86766
1.3686
1.38038
1.39095
1.40042
1.40958
1.41962
1.43222
1.44432
1.45839
2.29825
2.0295
1.68059
3.02841
0.876692
0.731722
0.765368
8.54115
1.18611
2.47252
1.25511
1.27383
1.29165
1.30827
1.32395
1.33909
1.35388
1.36703
1.37651
1.39224
1.69704
1.778
1.59069
1.11548
0.750428
1.02829
0.884735
1.2799
5.80462
1.13902
1.16503
1.18979
1.21285
1.23403
1.25297
1.26869
1.27925
1.28229
1.27671
1.25565
1.36318
1.70599
0.926054
0.501413
0.592901
0.669563
3.1723
11.0909
1.02022
1.0538
1.08539
1.11452
1.14074
1.16314
1.17995
1.18848
1.18571
1.17075
1.13958
1.54461
1.44777
7.616
0.0787511
0.294565
0.802432
0.0852962
3.09729
0.89877
0.94014
0.978555
1.01366
1.04494
1.07118
1.09014
1.09829
1.09158
1.06656
1.10633
1.13476
1.40293
10.1824
2.66537
0.27972
1.30971
2.65996
1.86771
0.774798
0.824148
0.869409
0.910539
0.947159
0.978106
1.00085
1.01095
1.00305
0.972709
0.922138
0.804349
0.888199
4.33599
8.87755
1.59652
0.680307
5.7186
1.13912
0.648646
0.706063
0.758152
0.80537
0.847708
0.884452
0.913136
0.92844
0.923578
0.895625
0.847182
0.783672
0.721205
3.84814
0.0313628
0.326695
1.08858
1.07799
5.84486
0.521046
0.58642
0.645171
0.698398
0.746675
0.790305
0.827798
0.881243
0.855354
0.829417
0.808555
0.775286
2.17457
9.81104
0.338779
1.24104
1.58726
5.88902
6.17408
0.393396
0.466275
0.531217
0.589944
0.643578
0.702673
0.855494
0.888245
0.894045
0.791759
0.727038
0.724522
3.14368
7.80245
0.797956
1.36056
0.262572
6.71491
0.244051
0.26782
0.347328
0.417512
0.480443
0.53764
0.708177
0.760328
0.76701
0.743547
0.642173
0.57325
0.579376
0.530676
10.1093
1.31707
3.23726
1.35007
0.534712
0.083344
0.147027
0.231981
0.306136
0.371322
0.478693
0.58842
0.54846
0.647429
4.47898
3.68563
0.413003
0.389622
0.365643
0.172278
8.54627
2.92762
0.495191
-0.0513747
0.169977
0.0337772
0.123059
0.200294
0.266816
0.318141
0.333125
0.419593
6.72232
6.66248
6.60398
5.56133
0.280897
0.257902
0.184693
0.00150232
1.09306
4.89319
4.92173
0.437874
-0.0700238
0.0227385
0.103026
0.173426
0.304269
0.203176
1.83766
6.4917
0.0641873
0.233513
6.54271
6.1598
0.200299
0.191045
0.183525
0.0748872
0.0605852
0.277003
0.648853
-0.163816
-0.0688319
0.0129077
0.0826247
6.62965
6.78106
-0.0393186
-0.16125
0.290686
0.215476
-0.0410995
6.5851
6.13976
0.184543
0.127241
0.0802467
0.704213
0.617167
3.92452
-0.247467
-0.152253
-0.0711313
-0.000126246
1.35936
9.63712
-0.200523
-0.318946
-0.158844
0.45918
-0.0741688
-0.0707603
4.24296
6.05394
1.86878
1.21787
2.15947
1.00709
4.19603
-0.319904
-0.227615
-0.151707
-0.0850886
0.431501
7.04306
8.28708
-0.432234
-0.266734
-0.141686
-0.0936469
-0.0894065
-0.0944342
0.560221
5.31093
5.22926
2.23827
4.03094
1.82554
-0.378466
-0.291632
-0.226505
0.998939
1.30817
0.749935
4.12969
0.294181
-0.187172
0.119268
-0.113291
-0.104582
-0.105201
-0.118974
-0.141061
-0.153163
-0.145836
-0.0799189
0.113037
-0.420524
-0.339324
-0.250354
1.30072
-0.261993
-0.26596
-0.209954
-0.157438
0.0887865
-0.047962
-0.13118
-0.119633
-0.11356
-0.111354
-0.107967
-0.0957051
-0.0641578
-0.0265389
0.0686377
-0.445677
-0.369336
-0.314769
-0.00266402
-0.288713
-0.166878
-0.101556
-0.10688
-0.188797
-0.168896
-0.150043
-0.135387
-0.124247
-0.114788
-0.103682
-0.0872127
-0.0639693
-0.0445193
-0.034906
-0.45598
-0.385802
-0.334806
-0.324299
-0.196657
-0.281903
-0.289514
-0.240676
-0.21124
-0.187778
-0.167963
-0.15172
-0.138107
-0.125593
-0.112342
-0.0970211
-0.0806237
-0.06819
-0.0613666
-0.453762
-0.392781
-0.350279
-0.345794
-0.286039
-0.428932
-0.355568
-0.270687
-0.229861
-0.204151
-0.184615
-0.168555
-0.15457
-0.141547
-0.12859
-0.115414
-0.103092
-0.0942537
-0.0884248
-0.440182
-0.39015
-0.356475
-0.346674
-0.414792
-0.473294
-0.414205
-0.293326
-0.241639
-0.217486
-0.200449
-0.186084
-0.173024
-0.160661
-0.148717
-0.137361
-0.127418
-0.120287
-0.115184
-0.416094
-0.377226
-0.350934
-0.340179
-0.171165
0.215391
0.292649
-0.13082
-0.245133
-0.22946
-0.21676
-0.204779
-0.193111
-0.181726
-0.170779
-0.160661
-0.152029
-0.145703
-0.141079
-0.383159
-0.355209
-0.335709
-0.324922
-0.322482
-0.275267
0.349625
-0.1353
-0.2529
-0.244148
-0.234975
-0.225057
-0.214616
-0.20403
-0.19375
-0.184302
-0.176272
-0.170289
-0.166054
-0.343603
-0.326402
-0.314338
-0.307291
-0.304665
-0.306005
-0.313925
-0.277178
-0.268606
-0.262567
-0.255583
-0.247097
-0.237439
-0.227224
-0.217124
-0.207787
-0.199807
-0.193827
-0.189918
-0.30024
-0.293559
-0.28969
-0.288857
-0.291085
-0.293914
-0.296714
-0.288182
-0.285678
-0.283083
-0.278262
-0.270858
-0.261508
-0.251132
-0.240647
-0.230862
-0.222432
-0.216064
-0.212374
-0.256302
-0.259343
-0.263696
-0.270286
-0.279139
-0.287815
-0.292306
-0.297462
-0.30324
-0.305582
-0.303113
-0.296396
-0.286748
-0.27556
-0.264057
-0.253243
-0.243885
-0.236603
-0.232453
1317.94
1304.63
1283.94
1261.73
1241.95
1222.81
1201.24
1176.08
1147.04
1114.18
1076.09
1029.23
987.67
950.454
912
872.19
821.267
782.187
772.341
778.326
788.008
787.122
787.695
1318.17
1305.04
1282.43
1260.58
1241.73
1223.1
1201.49
1176.33
1147.38
1114.54
1076.1
1029.86
987.064
947.362
907.617
868.15
822.17
780.404
744.974
771.201
784.661
786.012
787.932
1315.88
1303.92
1278.97
1258.71
1241.06
1223.24
1202.38
1177.67
1148.95
1116.25
1079.48
1035.75
988.686
942.888
900.825
863.252
825.725
775.482
736.412
769.497
779.681
784.505
788.766
1311.6
1299.01
1268.48
1255.24
1240.94
1223.81
1203.62
1179.54
1151.23
1118.7
1082.09
1039.13
988.105
936.495
891.836
855.315
826.168
794.681
765.547
766.025
773.982
783.107
791.077
1304.82
1288.47
1252.7
1251.53
1242.01
1224.9
1205.19
1181.9
1154.16
1121.64
1084.38
1039.93
984.66
927.298
879.779
844.15
819.093
795.181
767.13
759.203
766.618
781.768
795.992
1295.93
1275.65
1239.89
1250.21
1244.07
1226.27
1207
1184.74
1157.71
1124.96
1086.47
1039.73
978.288
913.667
863.15
828.882
810.506
791.107
762.432
748.292
756.271
780.279
805.479
1286.34
1265.21
1234.66
1246.15
1245.75
1227.33
1208.82
1188
1161.82
1128.49
1088.08
1038.65
967.682
892.649
838.959
806.968
801.487
788.807
753.644
731.85
742.368
778.21
823.073
1277.53
1259.39
1238.56
1244.21
1245.15
1227.32
1210.38
1191.62
1166.52
1132.06
1088.77
1036.6
949.78
862.692
805.287
775.815
794.377
792.133
739.055
703.959
717.105
773.284
854.086
429.932
399.755
316.574
297.204
314.38
498.552
584.645
493.731
568.191
664.011
661.132
645.352
673.567
408.709
360.009
438.668
504.721
498.25
522.866
413.325
313.215
240.212
293.086
279.341
478.864
527.974
459.275
567.769
683.271
609.883
620.685
655.73
376.504
288.561
419.053
512.486
472.262
524.753
440.013
178.193
228.462
209.104
218.732
457.617
454.216
411.003
558.365
702.73
605.862
672.461
494.065
87.4199
163.446
325.102
531.721
376.916
497.819
492.111
166.836
205.321
156.947
155.856
399.633
419.861
424.321
536.668
711.002
654.522
633.867
210.685
-1.02764
31.9408
129.88
506.204
304.432
549.373
573.402
176.219
235.711
154.384
153.716
201.372
406.777
352.84
472.095
637.382
682.657
706.053
36.1753
-25.0686
25.4915
183.074
509.345
315.206
562.826
567.964
375.109
289.758
153.743
153.686
159.225
522.33
372.099
489.62
599.806
811.066
738.217
181.132
-30.7039
22.0157
231.809
559.719
359.695
618.968
519.103
415.373
309.013
272.273
399.843
459.708
638.217
334.187
391.029
712.949
829.027
717.055
331.934
-11.3632
19.9732
40.2131
625.69
471.174
680.309
631.733
300.438
233.77
242.054
378.786
499.653
756.907
315.164
317.914
763.853
808.192
771.181
147.246
23.5307
189.713
93.5452
692.771
629.636
721.261
1268.29
1255.85
1250.65
1239.98
1240.79
1225.16
1211.69
1196.8
1173.59
1136.5
1086
1029.48
900.131
702.519
507.531
506.297
684.922
738.801
631.186
565.004
591.192
740.095
940.506
1257.65
1247.85
1242.89
1232.87
1221.73
1214.7
1210.56
1206.89
1189.34
1142.68
1066.09
591.873
529.677
328.542
637.025
735.631
747.616
693.081
222.448
166.764
151.758
323.925
744.602
1118.64
1168.31
1148.56
1153.57
1181.62
1198.89
1204.16
1222.95
1221.9
1168.01
843.208
345.916
565.756
344.369
225.251
578.329
307.905
322.096
160.084
615.265
255.973
250.338
829.701
375.86
375.54
375.105
374.911
375.639
388.777
435.172
1248.78
1284.4
1163.82
349.91
340.605
315.887
620.584
504.654
27.232
13.3403
13.2876
705.446
807.571
842.223
835.261
292.577
375.203
375.083
374.888
374.784
374.88
852.259
1254.5
1250.23
947.14
494.572
458.397
94.7162
108.483
80.1466
9.58641
10.4806
11.7924
10.9799
9.69782
403.042
905.208
266.922
500.309
374.89
374.771
374.665
374.599
374.611
599.96
1375.89
872.592
375.16
495.54
437.498
86.9929
192.731
195.751
10.3607
10.4596
11.3768
10.8718
9.47315
8.01437
105.548
328.482
10.6109
374.489
374.418
374.426
374.445
374.235
1273.21
1035.42
25.1973
36.7873
21.6475
324.923
46.0969
157.658
204.097
191.634
13.4485
11.8336
10.7611
9.13044
9.06657
8.7638
7.80537
7.94384
374.065
374.042
374.137
374.107
1221.15
1065.15
27.3956
24.6302
22.5347
21.0363
19.5196
18.2453
16.384
14.8613
197.346
226.216
192.92
227.988
84.0566
10.3271
11.1739
132.585
15.3365
373.606
373.858
373.296
1187.94
460.643
32.3581
32.9301
30.935
23.0962
20.9855
19.2167
17.6376
15.8154
14.071
12.6782
11.9659
224.705
269.426
18.4109
193.412
193.106
176.434
19.5288
372.39
408.26
895.29
195.015
35.9757
32.6423
34.8672
32.4839
50.2977
43.7983
19.1824
17.3664
14.8443
13.1126
11.9739
11.2861
22.3375
14.3053
4.82769
2.49623
2.06645
2.03761
2.05825
796.082
600.83
119.365
44.034
37.5926
32.9645
29.5781
27.613
50.7425
38.5093
29.3191
137.497
23.6496
11.5582
11.0758
10.6765
16.5275
45.321
2.46975
2.218
2.13551
2.31134
2.31326
743.14
101.297
56.3247
48.7169
39.6694
32.4736
31.5056
53.8755
29.2934
17.1199
140.461
134.906
137.937
9.31029
9.82136
35.452
19.3567
8.31864
1.98123
1.91707
2.04825
1.96717
1.79933
441.547
35.6107
90.59
124.736
107.75
93.5237
48.4189
-2.27632
-0.64167
14.0874
140.938
133.894
5.02082
6.26339
20.1981
57.0648
36.6556
2.18146
1.83811
1.69847
1.73411
1.72611
1.69542
5.36096
-13.581
84.3639
77.0528
-17.3289
-17.0028
-12.3521
-6.44114
-3.69114
-3.19273
17.4262
133.119
8.60257
5.7088
8.00394
58.3156
2.70643
2.07691
1.81018
1.60649
1.59873
1.59156
1.58781
-5.17924
-10.4234
-6.34698
-12.0479
-23.1667
-19.5094
-14.6359
-10.2252
-6.89563
-4.8399
-3.59082
-1.29009
68.0942
1.73487
1.95977
32.8346
8.00275
1.87152
1.66403
1.53854
1.49518
1.47815
1.47256
-10.2546
-10.496
-20.8637
-31.7869
-29.741
-22.8826
-17.0136
-12.3413
-8.49055
-5.65066
-3.73847
-2.3599
-1.12821
0.170832
1.02721
3.57482
17.143
1.4824
1.44638
1.39357
1.36364
1.35096
1.34981
-12.4156
-27.2988
-67.0119
-62.6367
-46.0679
-28.5074
-18.242
-12.51
-8.5042
-5.61269
-3.71658
-2.48526
-1.61949
16.192
106.628
24.2458
1.61547
1.18159
1.21847
1.21668
1.21127
1.21236
1.22034
21.3921
-42.5096
-111.458
-124.24
-71.7895
-33.7485
-17.6331
-10.9105
-7.16442
-4.73132
-3.1906
-2.25594
-1.00161
175.248
125.394
0.418373
0.76005
0.971893
1.00848
1.03211
1.04907
1.06597
1.08514
29.2465
-23.0945
-89.9661
-104.591
-61.7756
-23.8351
-11.6102
-7.04059
-4.66209
-3.13961
-2.18188
-1.63324
11.0595
186.003
0.546599
0.422527
0.58911
0.724268
0.7979
0.845614
0.881884
0.914016
0.945213
12.5343
0.916273
-25.4314
-30.4477
-10.7424
-4.16563
-2.74531
-2.18286
-1.68871
-1.21341
-0.906771
-0.803397
107.6
148.604
0.376911
0.387839
0.441459
0.520525
0.594977
0.657268
0.709936
0.757152
0.801057
2.31702
-5.74155
-3.50878
7.90263
10.9021
6.71648
3.50984
1.58614
0.777403
0.558357
0.39176
1.58625
179.432
0.0157231
0.225342
0.224338
0.239372
0.300591
0.38086
0.459395
0.530597
0.594756
0.652677
26.8834
-5.36533
-3.13602
5.4775
10.4309
9.512
6.5501
3.82233
2.07962
1.84321
1.58979
132.524
103.594
-0.143867
-0.105068
-0.103955
-0.0701061
0.0194503
0.132333
0.242367
0.340502
0.426022
0.500254
-5.26469
-2.53613
-0.961599
4.49042
8.90771
10.253
8.3804
11.2663
18.0245
2.33708
45.1626
175.143
-1.15869
-0.817465
-0.750528
-0.671291
-0.541965
-0.358725
-0.168129
-0.000209365
0.138398
0.251617
0.344923
-5.52253
1.31
-0.646934
3.42408
7.2837
10.3349
169.883
194.122
190.604
123.583
51.8207
-2.60289
-1.9201
-1.69582
-1.66454
-1.51458
-1.23621
-0.870108
-0.529205
-0.26716
-0.0718797
0.0751375
0.189485
-2.35333
-2.03211
-0.272111
1.68436
3.70217
54.2197
203.508
2.30247
3.0342
-3.19854
-3.43521
-3.37696
-0.375048
-0.138565
-2.48002
-2.5222
-2.22174
-1.60263
-0.957286
-0.546316
-0.279505
-0.0962858
0.03854
0.820577
0.208225
-0.0736891
-0.441353
-3.1835
197.194
199.189
-2.96483
-3.08883
-3.38533
-4.12446
-2.16319
-1.45548
-3.15133
-2.97415
-3.16879
-3.15625
-2.56671
-1.45053
-0.802008
-0.464949
-0.252656
-0.102281
1.78413
0.9705
-0.175184
-1.64718
-4.75778
1.10814
96.8037
24.5946
-2.62377
-3.36893
-4.47668
-4.62833
-4.15664
-3.4702
-3.14998
-3.27816
-3.39614
-2.53897
-1.71743
-0.960451
-0.604295
-0.384924
-0.228453
1.60768
0.763389
-0.394972
-1.70516
-3.65584
-5.5962
-4.83548
18.14
-0.550569
-3.40064
-4.17885
-4.39993
1.34838
22.9563
23.218
5.45339
0.834411
9.39714
-0.789354
-0.989629
-0.694294
-0.493426
-0.339412
1.36027
0.268744
-0.741327
-1.71915
-2.87493
-3.88331
-3.74769
-3.17577
0.622534
-3.40869
-3.73491
2.53732
-3.37707
-3.18688
9.02985
24.3451
24.9743
18.4665
-1.3542
-0.995436
-0.7719
-0.58918
-0.438136
48.3901
-0.648864
-1.15577
-1.76701
-2.52558
-2.97732
-3.00879
-2.90738
-2.74469
-3.25199
-1.76755
-2.92921
-3.50638
-3.30044
-3.07928
-2.75954
13.4964
-1.1905
-1.32947
-1.07209
-0.860008
-0.678906
-0.525947
48.72
-1.36869
1.09971
-2.02038
-2.47513
-2.64804
-2.66683
-2.65086
19.0358
-3.18343
-1.14166
0.54852
-3.48776
-3.32188
-3.04026
-2.67105
-2.24685
-1.77441
-1.43671
-1.16726
-0.94345
-0.756274
-0.599678
7.45331
-1.67701
-2.08839
2.6493
-2.61077
-2.54526
-2.53144
-2.52031
20.2975
-3.43895
0.135195
-3.86476
-3.72246
-3.46604
-3.08977
-2.66664
-2.23797
-1.84008
-1.50732
-1.23142
-1.00223
-0.812123
-0.654574
-2.23019
-2.15248
-2.13412
2.84658
-2.70483
-2.57376
-2.53869
-2.51496
20.1101
-4.14972
-2.5748
-4.83704
-4.41486
-3.79396
-3.20403
-2.68339
-2.23243
-1.84717
-1.52323
-1.25253
-1.02742
-0.840988
-0.687384
-1.18089
-2.09288
-2.19474
3.20752
-2.65279
-2.61152
-2.62781
20.0176
-3.57745
-2.92944
-6.41438
-7.1431
-5.91401
-4.2562
-3.29874
-2.65532
-2.17496
-1.79536
-1.48565
-1.22961
-1.01737
-0.841669
-0.696963
12.3096
-2.06049
-2.19461
1.42145
3.2989
-2.31283
-2.61173
23.3073
-4.45118
-2.07274
-7.74416
-1.07647
-6.44984
-4.38748
-3.19173
-2.50344
-2.03356
-1.67927
-1.39682
-1.16552
-0.974182
-0.815586
-0.684401
-0.701802
-1.94033
-2.01867
-2.23703
3.50017
-2.24679
-2.50039
23.678
-3.69522
-3.45889
-6.61256
2.11741
-5.1663
-3.78545
-2.77418
-2.19917
-1.80272
-1.5027
-1.26297
-1.066
-0.902283
-0.765874
-0.652425
-1.72209
-1.80123
8.4192
-0.308745
-1.56336
-2.01587
-2.10567
-2.19094
-2.16846
1.4419
5.75288
5.84055
-3.8039
-2.7604
-2.17924
-1.79594
-1.50966
-1.28249
-1.0957
-0.939377
-0.807758
-0.696991
-0.604095
2.56724
-1.57014
0.492495
8.13502
-1.59798
-1.63949
28.0187
26.2426
-1.30833
-1.75882
-0.484471
-2.35083
-2.217
-1.85733
-1.59099
-1.37566
-1.19551
-1.04183
-0.909472
-0.795388
-0.69746
-0.613848
-0.542881
18.0174
-1.04906
-1.36214
8.60417
7.75286
-0.975801
28.7089
21.0253
-1.84554
-1.60559
-1.5221
-1.44739
-1.3328
-1.21051
-1.09736
-0.991747
-0.892689
-0.800988
-0.717623
-0.643293
-0.578043
-0.521366
-0.472501
18.0284
-0.438736
-1.20529
3.22886
9.55457
10.6332
26.1021
3.22546
-1.38222
-1.06909
-0.924741
-0.843505
-0.788079
-0.744524
-0.704155
-0.662298
-0.6181
-0.573206
-0.530005
-0.490436
-0.455285
-0.424291
-0.396744
19.068
-0.267912
-0.701983
-1.89188
-1.40908
1.59161
1.33221
0.133816
-0.368452
-0.457324
-0.452497
-0.428704
-0.410039
-0.399936
-0.393198
-0.385521
-0.375764
-0.363826
-0.351658
-0.341437
-0.333834
-0.327053
-0.319438
1.50361
6.54514
-1.69627
-2.50253
7.26545
0.406637
0.878624
0.333273
0.000469015
-0.112476
-0.14082
-0.142576
-0.141545
-0.145751
-0.149847
-0.153246
-0.161432
-0.172957
-0.187325
-0.204358
-0.221749
-0.235907
-0.245575
1052.05
1113.68
1169.21
1058.77
650.749
714.812
1174.95
1127.01
861.577
384.054
364.415
664.381
303.565
369.122
627.323
603.311
652.217
629.908
371.396
176.84
9.84143
25.4956
8.13491
6.92097
9.54289
16.2518
126.549
155.07
197.315
196.609
17.8228
2.53581
2.27194
2.29378
3.92224
3.98325
2.28048
3.98094
2.08822
2.0398
1.9794
1.90265
1.91777
1.98663
1.79945
1.8031
1.80751
1.80871
1.6964
1.69729
1.6984
1.69872
1.58714
1.58732
1.58816
1.58891
1.47236
1.47342
1.4754
1.47775
1.35242
1.35568
1.35984
1.36449
1.22747
1.23391
1.24104
1.24858
1.09779
1.10811
1.11881
1.12974
0.963959
0.978607
0.993281
1.00795
0.826352
0.845674
0.864635
0.883325
0.685121
0.709507
0.733083
0.756031
0.540653
0.570557
0.599063
0.626457
0.394077
0.429882
0.463529
0.495437
0.24775
0.289539
0.32828
0.364534
0.105305
0.152593
0.195958
0.236083
-0.0289449
0.0226447
0.0696883
0.112941
-0.151498
-0.0972416
-0.0476873
-0.00212357
-0.261299
-0.205672
-0.154526
-0.107302
-0.359348
-0.30276
-0.250467
-0.202056
-0.445822
-0.388267
-0.335143
-0.286098
-0.518344
-0.460239
-0.406941
-0.358112
-0.573401
-0.515745
-0.463227
-0.41552
-0.608433
-0.552527
-0.501812
-0.455972
-0.622601
-0.569952
-0.522208
-0.479056
-0.616996
-0.569202
-0.52578
-0.486454
-0.593937
-0.552382
-0.514576
-0.480313
-0.555961
-0.521662
-0.490424
-0.462112
-0.50584
-0.479333
-0.455126
-0.433144
-0.446676
-0.428048
-0.410938
-0.395322
-0.381752
-0.370741
-0.360489
-0.351028
-0.31453
-0.310634
-0.306812
-0.303159
-0.24948
-0.251833
-0.253684
-0.25519
600.087
-10.2715
-9.36216
-90.9405
-95.3872
182.969
744.327
264.554
356.921
701.187
778.864
726.484
100.314
43.0126
182.463
191.672
570.47
785.328
657.68
766.057
16.5802
-97.3514
-98.3161
-94.8034
-81.4889
673.838
227.163
719.542
548.458
645.915
263.242
193.907
361.564
355.493
672.067
623.467
508.132
808.828
749.152
702.825
630.274
552.313
410.498
503.978
197.81
209.139
773.622
440.223
609.299
18.5059
17.3842
207.748
454.088
346.182
348.845
310.109
536.605
121.042
325.976
871.095
865.235
479.007
189.518
166.857
642.472
414.458
246.774
132.076
19.0378
18.205
17.4914
31.8497
126.936
28.351
227.89
132.673
43.0887
9.21726
562.346
1035.32
708.106
484.59
883.018
769.424
21.9087
5.24983
264.251
267.947
108.538
16.4095
18.8708
196.018
18.4658
14.0115
41.0977
6.68513
4.80638
4.19388
12.8011
574.938
514.997
73.7387
9.7369
10.9036
10.722
8.48563
201.717
288.921
30.6681
198.029
7.22862
12.4136
16.2778
15.9055
18.4923
2.41982
6.34671
2.82747
10.7902
6.83953
6.68555
7.60897
2.47525
2.25008
11.7113
3.88299
61.2251
239.275
0.617322
3.87662
5.41004
7.60161
29.3126
2.26514
1.94705
1.6006
2.01963
2.25671
9.77973
2.27816
2.05002
2.20669
1.92952
9.66677
2.73054
1.94106
0.569979
0.53001
1.2039
2.68127
7.87185
41.0879
3.40898
2.36267
2.09506
3.51098
3.11289
1.80456
1.75586
1.77005
2.61811
2.52608
5.46892
1.30978
1.07067
0.140285
0.205873
0.405985
0.101343
2.99725
162.938
3.22616
4.18498
4.03798
2.54734
1.8218
1.77181
1.69813
1.60199
5.22923
6.01638
0.469639
0.791478
-0.105079
-0.7127
-0.428101
-0.159594
-0.4054
-0.969446
152.992
2.04399
1.96537
1.84705
1.79238
1.76392
1.72913
1.68275
1.58491
1.78161
5.76112
0.27827
0.490972
-0.768929
-1.46299
-0.482578
0.776132
-0.432418
0.679649
163.504
1.82767
1.85772
1.86396
1.72144
1.69918
1.67253
1.65064
1.59241
3.12939
1.5127
0.677307
0.515575
-0.531114
-1.03038
0.410713
1.1583
0.00520227
1.05599
174.951
1.69737
1.68694
1.66706
1.64844
1.63201
1.61527
1.60305
1.57982
4.47303
5.82913
1.76238
1.71134
1.52648
1.26804
1.13897
0.165697
0.419567
0.846777
0.905693
1.58989
1.58672
1.57912
1.57078
1.56342
1.55862
1.5553
1.78535
2.6698
4.34415
2.01566
1.56259
1.05855
0.756469
1.05474
9.30927
1.85512
1.13428
1.52148
1.48279
1.48686
1.4887
1.48975
1.49152
1.49635
1.50362
1.52537
2.23925
3.54162
5.54171
2.02083
3.65411
4.69175
5.14349
9.94185
6.23541
1.49567
2.01899
1.37461
1.38583
1.39578
1.40497
1.41439
1.42552
1.43897
1.44893
1.51537
2.51627
1.57888
3.75498
1.03554
0.77202
0.726539
7.3119
1.68011
4.09274
2.32426
1.26454
1.28289
1.3001
1.3162
1.33157
1.34654
1.36085
1.37212
1.38271
1.39299
1.42128
1.73235
1.38812
0.866234
0.795505
0.946434
0.908301
1.29722
32.9619
1.15213
1.17761
1.20155
1.22369
1.24382
1.26133
1.27477
1.2817
1.28166
1.27139
1.23541
1.76673
1.29216
0.660336
0.508583
0.890095
1.50173
0.808262
33.9237
1.03721
1.06988
1.10028
1.12804
1.15251
1.17239
1.18546
1.18862
1.17968
1.15783
1.50591
1.25699
1.65135
3.28729
0.0941016
1.01758
4.81208
0.38563
35.0255
0.919787
0.959738
0.996542
1.02983
1.0588
1.08176
1.09583
1.09702
1.08153
1.044
1.43645
1.02007
10.4078
9.92547
-0.0365846
0.659313
4.7326
3.63637
34.1671
0.799969
0.847285
0.8905
0.929462
0.963459
0.990734
1.00782
1.00956
0.991049
0.947223
0.862957
0.777081
0.556137
10.2746
1.03173
0.504238
5.19486
5.6506
1.21666
0.678043
0.73273
0.782357
0.827175
0.866869
0.900063
0.922873
0.928866
0.912419
0.873726
0.816933
0.744203
0.750401
0.22107
-0.0173418
2.50302
4.23298
1.47338
1.77268
0.554632
0.616532
0.672432
0.723129
0.769069
0.810056
0.849893
0.871258
0.844066
0.818733
0.79486
0.770491
10.5027
0.167802
1.4148
2.19124
1.40457
6.91927
1.05494
0.430955
0.499598
0.561286
0.617334
0.668907
0.809186
0.874229
0.895523
0.863709
0.735161
0.726036
0.718947
10.771
0.509598
2.65063
0.238082
2.83076
6.74602
0.245577
0.308911
0.383415
0.449805
0.509474
0.594612
0.733114
0.782899
0.75439
0.698651
0.595161
0.567169
0.565352
2.31211
10.0056
1.47876
2.17144
3.84422
0.0106826
0.170088
0.191046
0.270229
0.339845
0.400287
0.569525
0.547589
0.600381
1.53041
5.44893
0.751859
0.393549
0.3888
0.294769
5.06936
8.29181
1.17365
0.221043
0.0630082
0.23687
0.0801208
0.163011
0.234946
0.295133
0.321948
0.370212
1.55336
6.71208
6.62819
6.58577
0.882977
0.271437
0.233047
0.104482
-0.0828613
4.08367
5.34503
0.557585
0.498355
-0.0218498
0.0642035
0.139401
0.230663
0.422576
0.193458
6.48671
1.12949
0.0712677
5.11265
6.58476
1.10174
0.189504
0.185363
0.138964
0.0308408
0.141592
0.410437
4.28386
-0.11443
-0.0265011
0.0489406
0.17933
9.53781
0.0449057
-0.144827
-0.127295
0.486001
0.00234267
2.44969
6.61693
0.996594
0.164085
0.101227
0.0540569
1.21283
0.330499
4.33771
-0.197828
-0.110143
-0.034888
0.0281054
9.77461
6.04644
-0.286177
-0.281299
0.379537
0.470106
-0.0712744
-0.0682437
6.02835
6.0393
0.173371
1.94138
2.1238
3.88474
2.90365
-0.271415
-0.187913
-0.117779
0.0319105
0.477791
9.48739
-0.438741
-0.372718
-0.194534
-0.110886
-0.0914519
-0.0903208
-0.103995
3.63532
5.29634
4.41656
3.2405
4.05322
0.226299
-0.332287
-0.256379
-0.134012
1.32005
1.2972
0.201493
3.39662
-0.242104
0.090697
-0.0959052
-0.107446
-0.103777
-0.110144
-0.129254
-0.149162
-0.136109
-0.1155
-0.0302234
0.179916
-0.376928
-0.307952
1.08799
1.03806
-0.263603
-0.248593
-0.179928
0.0789066
0.0919482
-0.125622
-0.124772
-0.116023
-0.112195
-0.110234
-0.103514
-0.0828302
-0.0458843
0.0509254
0.00588389
-0.404683
-0.339531
-0.208166
-0.291281
-0.213393
-0.125269
-0.0796429
-0.17627
-0.17942
-0.158962
-0.142238
-0.129458
-0.119491
-0.109677
-0.0963297
-0.0761774
-0.0527928
-0.038692
-0.0329112
-0.418412
-0.358063
-0.31963
-0.261702
-0.195562
-0.319428
-0.261695
-0.224659
-0.199003
-0.177407
-0.159455
-0.14467
-0.131828
-0.119167
-0.104969
-0.0887102
-0.0736041
-0.0641573
-0.0622001
-0.421033
-0.369113
-0.338153
-0.328728
-0.431543
-0.402578
-0.306592
-0.247214
-0.215871
-0.193852
-0.176261
-0.161378
-0.148002
-0.135099
-0.122005
-0.109005
-0.098056
-0.0912382
-0.0883679
-0.413197
-0.371035
-0.347595
-0.36691
-0.4532
-0.463391
-0.348779
-0.260739
-0.228022
-0.208515
-0.193058
-0.179438
-0.166781
-0.15464
-0.142931
-0.132137
-0.123359
-0.117706
-0.114065
-0.395099
-0.362283
-0.343366
-0.342555
0.132469
0.267146
0.340362
-0.256847
-0.236622
-0.223001
-0.210723
-0.198912
-0.187378
-0.17618
-0.165582
-0.156113
-0.148434
-0.14318
-0.139191
-0.368107
-0.344334
-0.329202
-0.322362
-0.321265
0.0963052
0.385285
-0.258458
-0.248573
-0.239666
-0.2301
-0.21988
-0.209315
-0.198821
-0.188887
-0.180075
-0.172854
-0.167595
-0.163466
-0.334351
-0.319723
-0.310233
-0.30473
-0.302105
-0.322684
-0.288467
-0.272491
-0.265606
-0.259264
-0.251517
-0.242378
-0.232358
-0.222118
-0.212321
-0.203597
-0.196377
-0.19084
-0.186637
-0.296581
-0.29124
-0.288922
-0.289068
-0.290797
-0.301596
-0.291946
-0.286832
-0.284567
-0.281008
-0.274853
-0.266371
-0.256389
-0.245849
-0.235621
-0.226445
-0.218834
-0.212806
-0.208157
-0.257749
-0.261273
-0.266698
-0.274361
-0.282539
-0.290695
-0.294721
-0.300601
-0.304984
-0.304941
-0.30021
-0.29185
-0.281264
-0.269778
-0.258509
-0.248344
-0.239921
-0.23319
-0.22744
1320.78
1313.11
1294.81
1271.81
1251.28
1232.92
1212.7
1189.17
1161.99
1130.97
1096.06
1052.78
1007.72
968.918
929.768
889.934
847.416
788.35
777.154
755.855
784.807
786.393
787.021
1321.5
1312.31
1293.63
1269.98
1250.29
1232.54
1212.93
1189.87
1162.97
1132.17
1097.32
1054.57
1006.82
965.039
924.774
884.965
847.523
802.242
752.98
743.781
779.448
783.558
786.92
1319.18
1309.91
1289.06
1264.83
1249.17
1232.44
1213.66
1191.27
1164.79
1134.22
1099.63
1060.56
1013.87
963.928
917.511
877.293
843.393
807.629
751.686
760.082
773.555
780.128
787.109
1314.45
1304.25
1276.85
1254.64
1248.61
1233.07
1214.75
1193.03
1167.2
1136.91
1102.25
1062.63
1014.12
958.874
908.087
866.982
835.705
810.882
780.524
761.933
766.302
776.056
788.273
1307.71
1295.04
1261.11
1244.86
1249.5
1234.44
1216.15
1195.17
1170.2
1140.21
1105.04
1064.04
1012.42
950.545
895.067
852.743
824.914
805.07
778.71
756.81
756.312
770.608
790.985
1299.29
1284.34
1249.01
1239.8
1251.15
1236
1217.58
1197.61
1173.76
1144.01
1107.84
1064.87
1008.91
937.023
876.247
832.486
810.969
800.125
774.582
746.365
742.095
762.943
796.032
1290.07
1274.72
1244.61
1243.38
1245.57
1236.61
1218.62
1200.2
1177.86
1148.24
1110.33
1064.96
1003.64
915.179
851.05
803.892
792.493
798.632
770.122
729.074
722.661
750.263
804.849
1281.25
1267.33
1246.99
1247.33
1239.05
1235.21
1218.8
1202.81
1182.58
1152.94
1112.09
1062.34
994.113
873.605
807.228
738.882
767.448
806.213
757.016
673.598
665.513
724.217
820.365
483.729
455.963
291.302
297.647
286.988
388.178
566.438
498.68
515.414
635.209
676.007
608.374
667.795
539.436
320.189
385.771
442.795
508.063
500.304
474.913
392.477
177.442
248.279
237.961
361.893
504.294
413.759
494.087
650.792
639.14
597.649
682.712
412.483
229.861
286.67
453.483
506.821
444.247
504.083
311.275
168.923
216.897
172.701
274.441
489.353
400.611
460.52
644.545
629.604
677.27
604.519
85.2055
19.3361
147.449
382.607
482.323
353.506
597.688
218.61
181.563
168.285
155.409
156.033
417.623
342.98
446.017
640.498
656.853
662.796
525.838
-19.8319
4.76332
44.6665
357.555
376.071
424.664
663.383
296.566
182.755
179.925
153.7
146.267
339.289
391.047
446.778
574.389
662.215
807.268
433.04
-47.2507
-8.97423
38.0852
387.236
504.87
438.679
665.402
530.528
358.027
204.224
153.979
332.671
341.475
422.215
456.943
476.327
789.1
805.772
480.944
-14.3215
-5.01769
35.9991
337.928
600.804
560.183
554.045
371.457
339.665
420.747
464.549
418.087
504.13
477.234
283.341
481.416
809.105
809.805
586.56
136.134
6.61274
132.675
422.012
394.582
662.994
559.009
407.622
10.4726
33.3515
13.7501
327.842
602.189
537.035
258.849
679.828
761.276
819.388
457.15
50.2553
102.875
158.45
259.357
551.079
629.954
1271.86
1257.98
1252.58
1250.3
1239.35
1226.22
1216.06
1207.3
1193.21
1162.78
1111.04
1045.87
861.68
457.454
324.825
301.755
347.181
704.768
674.148
446.119
346.145
443.908
789.322
1264.18
1237.28
1225.92
1218.8
1212.47
1208.56
1207.8
1211.37
1212.15
1182.11
1107.83
577.369
370.029
526.622
301.67
725.714
713.777
702.871
153.174
164.958
176.317
163.485
538.643
1063.55
613.216
610.334
588.098
622.319
734.752
1045.04
1172.61
1228.93
1237.06
1058.22
335.028
330.029
655.034
499.105
84.8011
19.0846
139.71
250.377
760.781
777.722
748.841
779.023
376.182
375.332
375.073
374.897
375.001
375.861
947.152
1130.65
1285.13
1155.77
424.322
366.527
208.015
409.709
134.789
12.3116
12.5528
12.3283
10.6196
611.735
867.483
883.099
350.072
375.335
375.051
374.858
374.724
374.631
374.794
1335.45
1271.94
899.866
467.318
514.163
144.281
93.6867
178.846
21.8275
9.34656
10.6302
11.2373
10.1353
9.17935
162.104
698.508
229.502
374.906
374.655
374.563
374.534
374.52
374.362
1441.23
847.12
58.7038
385.633
392.666
396.378
66.0556
224.693
166.121
10.7274
11.6005
11.6876
10.1633
8.7954
7.40691
6.95081
6.32376
374.511
374.256
374.272
374.322
374.282
1276.53
1124.79
25.4531
23.0248
21.5993
20.3365
18.9825
17.4361
135.454
209.83
210.744
29.5896
23.3012
53.4699
10.2287
10.4423
10.3559
7.21979
374.156
373.855
374.093
373.838
1209.63
901.114
30.0117
26.456
23.8088
21.7267
20.1017
18.6369
17.036
15.249
13.6872
41.9502
246.572
256.812
241.639
46.7225
14.5119
194.579
188.507
373.83
373.06
373.615
1077.99
254.489
33.8332
31.8843
54.3168
51.4185
46.8561
19.6041
18.3777
16.4176
14.5196
12.9324
11.8969
11.5278
133.804
76.0677
14.867
43.7806
2.05121
1.98498
372.832
703.474
704.851
142.448
39.3109
34.6778
31.2062
28.3448
26.9355
52.6616
27.1215
29.3954
31.0772
13.1172
11.9006
11.2526
10.8071
43.2097
3.71493
2.61908
2.37891
2.33604
2.33681
484.507
669.593
105.012
50.1018
41.843
35.064
30.8614
27.8018
55.7398
32.7035
27.0946
139.457
136.205
11.3139
10.4644
10.6173
11.4789
22.8558
4.46948
2.15442
2.00829
1.94883
2.15522
589.997
151.175
55.2989
73.9458
133.761
105.89
116.411
46.8775
11.7368
1.87606
140.101
137.574
136.645
34.4654
8.27154
35.1424
55.0079
2.59731
3.65913
1.80707
1.81076
1.98542
1.7589
530.074
7.78024
41.6539
115.234
88.0948
83.5296
-4.76343
-7.10732
-2.96022
-1.5498
20.193
145.248
4.92833
5.38436
5.05492
57.9323
53.0613
2.21269
2.29306
1.61996
1.64633
1.64425
1.64305
378.839
-7.33413
-12.5182
60.5409
-21.5161
-20.3971
-16.0612
-10.6945
-6.78769
-4.58597
-3.83261
0.507319
83.9907
18.119
2.85484
14.7141
27.2583
2.24687
1.84168
1.62709
1.56215
1.54204
1.53287
56.2303
-8.07296
-10.4876
-23.5031
-26.5219
-23.7127
-18.45
-13.6418
-9.61268
-6.46675
-4.41737
-2.9575
-1.66941
-0.123284
1.21521
1.38524
38.4934
1.70564
1.62151
1.51211
1.44857
1.42264
1.4129
-10.4746
-13.2227
-24.9751
-42.942
-40.0973
-30.4369
-21.0409
-14.9876
-10.5783
-7.08633
-4.65633
-3.05918
-1.88962
-0.782421
0.660486
2.08094
12.6975
1.2496
1.32803
1.31829
1.29658
1.28468
1.28339
71.5375
-23.5984
-62.3508
-109.927
-75.4502
-45.1709
-23.8542
-14.685
-9.7923
-6.49459
-4.29579
-2.91342
-2.07654
15.6675
168.885
88.3387
0.776158
1.41506
1.10354
1.12117
1.12786
1.1349
1.14616
92.3228
-7.93441
-71.8173
-129.267
-105.986
-46.2859
-21.0917
-11.69
-7.43477
-4.9084
-3.29128
-2.30528
-1.73409
142.646
176.523
0.286259
0.542817
0.774266
0.874942
0.922345
0.953095
0.978348
1.00304
19.0482
13.677
-32.4172
-72.0913
-55.3788
-19.8986
-9.57005
-5.62051
-3.8078
-2.63299
-1.83193
-1.36982
-1.22149
178.186
38.26
0.404522
0.461416
0.573174
0.6617
0.72605
0.775262
0.816788
0.855135
13.5862
1.39386
-4.59921
-8.57792
2.02146
4.41696
1.71014
0.2969
-0.278873
-0.322285
-0.247987
-0.283704
25.0156
186.634
0.325572
0.323552
0.331425
0.380214
0.453446
0.526568
0.591676
0.649681
0.7026
36.7746
-2.66179
-6.7425
1.25597
11.4429
10.1774
6.91593
3.90485
1.97596
1.39386
1.12463
0.786902
167.959
40.0105
0.0660356
0.0891506
0.0860721
0.130546
0.215165
0.308796
0.396616
0.475203
0.545078
31.6706
5.96344
-3.70472
1.40444
7.82687
10.2429
8.9612
5.64438
2.4814
2.23074
2.23083
75.6331
150.457
-0.538345
-0.407045
-0.36998
-0.32523
-0.223856
-0.083009
0.05898
0.18505
0.292153
0.382833
1.22309
3.90554
-2.96266
1.61482
6.27266
9.65624
10.349
128.981
183.057
17.4209
93.0078
160.872
-1.89552
-1.31288
-1.22739
-1.1363
-0.968717
-0.729235
-0.462916
-0.230158
-0.0435475
0.102253
0.217879
10.5058
-3.35376
-2.00774
1.12788
4.19497
7.64423
128.736
200.773
146.368
138.496
-3.10009
-3.29785
-2.636
-1.62366
-2.06095
-2.08268
-1.8801
-1.45804
-0.94906
-0.556082
-0.28195
-0.0882087
0.0546552
9.91205
-0.740031
-0.44924
0.271363
0.66483
7.9877
200.13
16.7754
-3.04128
-3.28231
-3.4485
-3.91333
-1.33689
-0.590099
-2.75942
-2.90103
-2.90669
-2.48578
-1.6126
-0.903396
-0.512089
-0.267715
-0.10012
16.8559
1.31632
0.346629
-0.563698
-2.43516
0.398007
198.495
133.86
-2.81104
-3.07997
-3.86069
-4.31596
-2.26235
-2.69596
-3.14776
-3.15706
-3.32328
-3.22485
-2.32878
-1.20769
-0.698286
-0.420985
-0.239157
36.6466
1.5253
0.342757
-0.898827
-2.88023
-5.83074
-5.77731
16.7276
10.3367
-2.84257
-3.91781
-4.65063
-4.51977
-3.33279
8.11399
-1.26536
-3.31129
-3.29969
9.56139
-1.29201
-0.80081
-0.538274
-0.358716
36.9469
1.0769
-0.00583728
-1.07901
-2.41321
-4.14338
-4.67861
-3.82205
13.081
-3.0743
-3.75646
-4.01438
7.70102
9.87708
20.1891
23.8058
23.9372
1.43706
9.26345
-1.19494
-0.850941
-0.631148
-0.462399
48.0734
0.617913
-0.568036
-1.31864
-2.21955
-3.04467
-3.38567
-3.15245
-2.87263
-2.91168
-3.50903
-0.576805
-3.56104
-3.38966
-3.20468
0.529503
25.3832
25.7824
-0.681403
-1.15695
-0.916371
-0.720943
-0.556088
48.8294
13.9182
-1.24628
0.368498
-2.24154
-2.65591
-2.81854
-2.75259
-2.7399
-1.63309
-3.08693
-1.51307
-0.309628
-3.40886
-3.18578
-2.89266
-2.47614
-1.95076
-1.53767
-1.24628
-1.00826
-0.807834
-0.638994
48.8503
17.1757
-1.96623
0.906146
-2.18902
-2.55756
-2.57918
-2.5303
-2.48781
1.89364
-2.0722
0.397999
-3.61982
-3.48958
-3.22642
-2.86498
-2.45234
-2.0142
-1.63725
-1.33504
-1.08531
-0.877578
-0.704945
39.3201
-2.41038
-2.08456
-1.41444
-0.42684
-2.59854
-2.53196
-2.523
14.4356
-0.184104
-3.83871
-4.27357
-4.13283
-3.81184
-3.37711
-2.90649
-2.45349
-2.03759
-1.67893
-1.37855
-1.12808
-0.92018
-0.748269
28.0829
-2.13639
-2.10858
-2.26758
0.855255
-2.64492
-2.57878
-2.66792
21.7163
-4.43347
-1.42776
-5.80473
-5.55851
-4.50966
-3.61742
-2.95395
-2.43432
-2.01172
-1.6627
-1.37266
-1.13145
-0.931434
-0.765791
32.5305
-2.06631
-2.15683
-2.26312
3.19655
-1.73855
-2.5778
-2.68674
21.4489
-4.83081
-2.65617
-8.19568
-6.61126
-5.38717
-3.77782
-2.90716
-2.33944
-1.91984
-1.58885
-1.31907
-1.09629
-0.911785
-0.759186
33.6389
-1.96899
-2.08152
-2.16546
3.51974
0.749945
-2.54905
17.6247
0.904732
-1.19207
-5.92701
-7.91026
1.35791
-5.22962
-3.48443
-2.65706
-2.13053
-1.75267
-1.45944
-1.22216
-1.02646
-0.864007
-0.729156
34.6856
-1.75863
-1.31624
2.63049
-1.75466
-2.24265
-2.50769
25.7977
-3.07978
-3.22969
-5.56114
4.04605
0.795256
-3.98899
-2.81554
-2.2229
-1.82051
-1.52139
-1.28436
-1.09002
-0.928164
-0.792708
-0.679464
11.2058
-1.53449
-1.69461
8.44865
-1.87538
7.28498
-1.97521
27.0273
-1.40225
-0.61332
5.25155
6.43337
-3.06869
-2.56505
-2.05399
-1.72056
-1.46206
-1.25374
-1.08035
-0.933763
-0.809198
-0.703483
-0.614124
53.2397
-1.1471
-1.54524
8.80141
8.47344
8.99206
-1.52206
28.0937
2.27975
-1.75736
-1.79578
-1.87305
-1.81055
-1.60688
-1.41523
-1.25184
-1.10732
-0.979057
-0.86528
-0.765075
-0.677684
-0.602149
-0.537343
54.497
0.633538
-1.09338
0.374942
9.00269
9.53848
-0.00631469
28.3921
-1.78997
-1.54078
-1.28007
-1.15837
-1.07267
-0.995792
-0.92389
-0.854574
-0.785504
-0.717747
-0.653281
-0.593959
-0.540879
-0.494214
-0.453479
-0.241938
1.56085
-0.49983
-1.45402
0.881752
10.4654
4.45914
2.2474
-0.815409
-0.784715
-0.70226
-0.641222
-0.598774
-0.570348
-0.549819
-0.529214
-0.505677
-0.479479
-0.452524
-0.427026
-0.404309
-0.384462
-0.366499
-0.125818
15.3007
-0.774882
-1.32945
-1.62436
-0.612771
1.26533
0.888947
0.071453
-0.20211
-0.27178
-0.275217
-0.266099
-0.261074
-0.262084
-0.265039
-0.267158
-0.266834
-0.266148
-0.26794
-0.27312
-0.278723
-0.281651
0.130827
2.43568
3.0787
-1.49105
1.88762
2.73656
-0.061664
0.172698
0.0422102
-0.0128247
-0.0291561
-0.0309663
-0.0297489
-0.0261581
-0.012953
-0.0166115
-0.0469858
-0.0772212
-0.103263
-0.128646
-0.155512
-0.181067
-0.201369
940.946
1150.77
834.803
813.771
610.296
1016.24
965.396
988.702
312.317
317.076
321.831
326.283
295.317
647.091
634.343
601.662
640.209
619.98
52.3604
7.00057
11.1183
9.90957
9.70267
44.8234
10.6977
67.497
180.152
155.944
202.925
93.6581
2.69649
2.77926
1.94025
3.88666
4.03386
3.69999
2.05041
1.93318
1.95338
1.981
1.95745
1.85125
1.85827
1.87471
1.74841
1.75028
1.75204
1.75367
1.64245
1.64256
1.64314
1.64383
1.53063
1.53053
1.53141
1.53286
1.41249
1.41389
1.41642
1.41969
1.28858
1.29282
1.298
1.30385
1.15927
1.16727
1.17586
1.18492
1.02522
1.03756
1.0501
1.06282
0.887069
0.904109
0.920964
0.937677
0.745029
0.767153
0.788656
0.809646
0.599236
0.62693
0.653461
0.679006
0.450348
0.484152
0.516066
0.546375
0.300152
0.340434
0.37791
0.413014
0.151926
0.198563
0.241394
0.281018
0.010205
0.062285
0.109689
0.153168
-0.120425
-0.0646212
-0.0139336
0.0324569
-0.237447
-0.179804
-0.12715
-0.0787653
-0.341573
-0.28309
-0.229228
-0.179452
-0.434408
-0.375015
-0.320148
-0.26938
-0.514853
-0.45448
-0.398917
-0.347743
-0.579262
-0.518588
-0.463109
-0.412424
-0.624039
-0.564356
-0.510057
-0.460779
-0.647467
-0.590227
-0.538318
-0.491346
-0.649169
-0.59632
-0.548282
-0.504742
-0.631508
-0.584526
-0.541805
-0.502974
-0.596978
-0.557193
-0.520899
-0.487927
-0.54847
-0.516674
-0.487593
-0.461141
-0.489151
-0.465655
-0.444063
-0.424347
-0.422532
-0.407227
-0.393021
-0.379946
-0.351906
-0.34438
-0.337204
-0.33046
-0.281864
-0.281384
-0.280607
-0.279665
-0.214252
-0.219838
-0.224579
-0.228662
829.409
327.647
-82.2261
-97.3504
-98.0323
-91.141
287.393
484.682
232.559
647.704
643.91
750.139
196.312
136.106
322.821
505.624
667.935
796.236
684.967
919.712
649.016
541.121
214.347
-38.9278
-30.9165
470.768
187.559
492.836
646.831
494.006
518.39
18.8718
276.958
437.872
335.753
491.569
363.816
380.469
288.735
509.261
772.772
715.86
712.69
788.813
174.767
160.103
788.288
88.3846
751.001
17.964
18.0124
17.5378
60.4476
147.873
98.2683
263.575
391.357
562.363
24.0419
362.383
978.585
726.188
192.169
182.688
653.611
669.181
13.6128
248.743
117.645
58.0727
16.7522
16.9683
82.2069
169.589
17.6561
88.9156
6.05669
6.36219
4.96503
304.343
1050.04
1056.65
1033.53
400.402
5.46543
7.27173
8.67586
275.028
278.041
15.7967
23.5609
164.396
10.6464
17.6625
12.0305
65.1561
2.83774
4.90631
6.75785
6.21653
12.0645
6.4426
6.94741
10.561
6.79721
11.0298
18.2337
129.149
293.629
235.752
3.76647
5.92326
6.08327
21.5382
17.8422
2.17884
3.16334
1.8724
4.74341
11.5029
11.11
5.53661
2.26342
2.2623
5.08185
4.627
3.17975
1.15056
-0.294638
1.46911
3.87132
5.55446
14.7088
2.67395
2.34278
1.85413
1.87305
3.28461
1.90429
1.81124
1.85969
1.97539
1.78031
10.8603
3.30873
1.99189
0.935329
0.313926
0.630201
0.792325
0.449894
81.3614
3.73265
4.10085
2.32694
3.43439
3.15989
1.82159
1.74363
1.70038
1.72653
4.18693
6.27177
0.77104
0.663658
0.0112413
-0.254346
0.0521837
0.04786
-0.189679
98.1301
2.00118
2.01623
2.53831
1.93166
1.8025
1.78263
1.7208
1.6569
1.47722
6.20938
4.0901
0.37174
0.126845
-0.923306
-1.22675
0.523282
-0.307047
-0.69236
0.297723
2.0001
1.99877
1.96159
1.82635
1.74283
1.71851
1.68407
1.65076
1.45365
5.51531
0.338842
0.752925
-0.163544
-1.17222
-1.33805
0.618194
0.291037
-0.31828
3.8719
1.75359
1.7473
1.72457
1.69651
1.67574
1.65511
1.63374
1.6167
1.49588
5.92777
1.06591
0.830487
0.209732
-0.328087
0.533702
1.26227
0.0811906
0.350596
0.638677
1.64392
1.641
1.6304
1.61652
1.60379
1.59235
1.5833
1.57651
1.61174
6.79125
2.17142
2.14956
1.51381
1.10619
0.673438
0.672848
1.43543
0.805796
1.18236
1.53482
1.53711
1.53579
1.53245
1.52915
1.52769
1.53051
1.52719
2.31372
2.85795
4.83572
1.75436
1.40183
1.23056
1.68786
9.7352
9.64562
1.01257
2.72982
1.42448
1.43294
1.43972
1.44523
1.4506
1.45737
1.46774
1.47602
1.49464
2.54988
2.21653
7.75629
7.58371
6.77904
0.672438
1.40479
10.3455
1.1475
2.77168
1.31216
1.32736
1.34161
1.35476
1.36735
1.38016
1.3941
1.40765
1.41957
1.45889
2.40685
1.4028
1.248
0.955301
0.762879
0.85036
0.87466
1.80739
2.51406
1.1974
1.21973
1.24104
1.26095
1.27948
1.29661
1.31192
1.32386
1.33012
1.3327
1.30675
1.82
1.71073
1.12179
0.664322
0.801159
0.802812
2.77672
10.0473
1.07996
1.10972
1.1379
1.16402
1.18775
1.20841
1.22459
1.23395
1.23396
1.22372
1.20035
1.33181
1.70326
1.02077
0.281208
0.559852
0.703571
2.73643
6.68228
0.959822
0.997269
1.03227
1.06439
1.09311
1.11735
1.13506
1.14316
1.13821
1.11804
1.09903
1.46457
1.36357
10.2289
0.173795
0.129781
0.924143
0.103439
2.20473
0.837085
0.882426
0.924262
0.962369
0.99627
1.02474
1.04535
1.05414
1.04637
1.01766
1.06651
0.841342
0.946002
10.3318
9.7559
1.69262
0.667883
5.09378
1.62326
0.711962
0.765343
0.814027
0.858198
0.897633
0.931332
0.956738
0.968977
0.962052
0.932188
0.875884
0.787783
0.759254
0.387184
0.358126
0.8705
0.76789
2.04384
3.06351
0.584956
0.646382
0.701839
0.75209
0.797392
0.837467
0.870137
0.889552
0.88758
0.861971
0.827575
0.782178
0.832213
9.56298
0.00558002
1.47093
3.21766
1.2757
6.09644
0.457111
0.526319
0.588253
0.644337
0.695466
0.742664
0.841956
0.927739
0.894636
0.794697
0.776623
0.759676
3.4004
6.80392
0.644373
0.192749
0.414395
6.94199
2.83714
0.330189
0.406516
0.474229
0.535278
0.590812
0.736895
0.808724
0.847081
0.844907
0.762107
0.654954
0.662418
1.02063
9.97865
1.04987
3.07028
1.82586
6.34783
0.141687
0.206645
0.28903
0.361356
0.425651
0.505453
0.65097
0.671354
0.680541
0.764865
0.599023
0.486794
0.477106
0.441567
7.5535
6.66453
0.382058
-0.12498
-0.180947
0.0988699
0.0893095
0.176542
0.252282
0.318052
0.411382
0.424343
0.493067
1.91337
6.74875
6.64773
0.856558
0.324928
0.303431
0.174116
2.90498
7.83283
7.21523
2.82196
0.282831
-0.0193668
0.0717712
0.150569
0.218961
0.270399
0.264084
0.781764
6.64256
3.2047
6.15912
6.56597
0.985833
0.225603
0.188313
0.104203
-0.0182413
-0.0382006
0.935639
0.562598
-0.118173
-0.0240997
0.0572125
0.127434
3.52631
1.0655
0.997039
1.44645
-0.00322542
0.0537425
3.8189
6.61566
1.0729
0.189914
0.177997
0.118329
0.080871
0.271478
2.49668
-0.20694
-0.111523
-0.0298396
0.0399824
5.63404
9.56941
-0.1372
-0.234451
0.360561
0.484076
-0.0579555
0.903599
6.11707
3.2136
0.092645
0.437459
2.17678
1.04954
4.23224
-0.285222
-0.191031
-0.1116
-0.0405306
0.0113898
9.66948
0.575359
-0.4085
-0.25503
0.286679
-0.0875059
-0.0804668
-0.0840164
6.0181
5.98441
2.83829
1.79839
3.12624
4.12649
-0.351117
-0.2614
-0.190645
-0.0267801
1.36878
0.686868
8.35784
-0.0884457
-0.237814
-0.0981991
-0.105549
-0.0972371
-0.101008
-0.124948
0.358865
2.16676
2.40326
2.12312
0.101307
-0.401649
-0.31771
-0.251849
1.30587
1.09772
0.535255
-0.230333
0.0227608
-0.0188391
0.118711
-0.121866
-0.111973
-0.109161
-0.113371
-0.120214
-0.118429
-0.0938438
-0.0402486
0.130328
-0.435127
-0.356414
-0.277511
1.26643
-0.27537
-0.268183
-0.13144
-0.0734561
0.0401621
-0.159175
-0.140667
-0.127446
-0.118524
-0.112098
-0.103775
-0.0880186
-0.0605212
-0.0351087
-0.0222371
-0.452512
-0.378886
-0.325171
-0.310312
-0.187438
-0.159251
-0.219547
-0.226508
-0.200766
-0.178575
-0.159162
-0.14349
-0.130801
-0.119376
-0.106719
-0.0905015
-0.0710918
-0.0557157
-0.047984
-0.45634
-0.390427
-0.343382
-0.336693
-0.225285
-0.380337
-0.317176
-0.255346
-0.221044
-0.196333
-0.176439
-0.160072
-0.146058
-0.133074
-0.119812
-0.105562
-0.091455
-0.0811544
-0.0748849
-0.448346
-0.39274
-0.354702
-0.34438
-0.430574
-0.469044
-0.396557
-0.285156
-0.23701
-0.211178
-0.192571
-0.177208
-0.163577
-0.1508
-0.138319
-0.126121
-0.115155
-0.107327
-0.101892
-0.429377
-0.384953
-0.355165
-0.345423
-0.340477
-0.364201
-0.0398804
-0.269424
-0.243899
-0.223396
-0.208441
-0.195253
-0.182878
-0.171003
-0.159586
-0.148921
-0.13974
-0.133088
-0.128246
-0.40059
-0.367207
-0.344274
-0.332929
-0.218698
0.309741
0.330982
-0.0340675
-0.2477
-0.236281
-0.225574
-0.214706
-0.203697
-0.192754
-0.182193
-0.172478
-0.164223
-0.158113
-0.153688
-0.364074
-0.341516
-0.325624
-0.316318
-0.312797
-0.31263
0.221801
-0.266018
-0.260267
-0.252986
-0.244987
-0.23585
-0.22586
-0.215525
-0.205403
-0.196081
-0.188141
-0.182203
-0.178143
-0.32214
-0.310249
-0.302222
-0.298064
-0.297549
-0.299744
-0.303403
-0.283035
-0.277187
-0.272653
-0.266701
-0.258782
-0.249334
-0.239108
-0.228886
-0.219392
-0.211247
-0.205129
-0.20135
-0.278349
-0.276668
-0.276957
-0.27972
-0.285037
-0.290488
-0.293719
-0.292845
-0.294166
-0.293891
-0.29027
-0.283304
-0.273916
-0.263241
-0.252346
-0.242134
-0.23331
-0.226554
-0.22279
-0.233438
-0.240926
-0.249261
-0.260013
-0.273379
-0.286675
-0.28976
-0.302489
-0.314028
-0.319344
-0.317858
-0.311046
-0.30077
-0.288723
-0.276301
-0.264617
-0.254519
-0.246602
-0.241994
1318.54
1305.11
1283.3
1261.09
1242.1
1223.19
1201.37
1176.05
1146.97
1114.09
1075.72
1028.83
988.391
949.252
909.977
869.859
818.947
776.886
762.311
774.158
786.674
786.634
787.758
1317.25
1304.7
1281.22
1259.78
1241.4
1223.13
1201.86
1176.91
1148.05
1115.26
1078.02
1030.1
984.718
945.333
904.572
866.199
826.782
777.457
738.594
771.187
782.227
785.258
788.233
1314.02
1302.17
1274.78
1257.18
1240.87
1223.46
1202.96
1178.55
1150.01
1117.41
1080.84
1038.14
988.864
939.965
896.6
859.612
828.537
774.435
743.406
768.09
776.962
783.793
789.674
1308.53
1294.33
1260.71
1253.21
1241.32
1224.3
1204.36
1180.66
1152.62
1120.11
1083.26
1039.67
986.702
932.341
886.285
850.205
822.896
796.904
767.34
763.105
770.588
782.446
793.117
1300.57
1282.03
1245.55
1250.52
1242.97
1225.58
1206.07
1183.27
1155.86
1123.26
1085.46
1039.94
981.897
921.175
872.186
837.1
814.901
792.994
765.304
754.309
761.907
781.057
799.994
1291.11
1269.91
1236.15
1248.61
1245.08
1226.88
1207.92
1186.32
1159.69
1126.71
1087.36
1039.28
973.62
904.221
851.995
818.952
806.025
789.602
758.54
740.93
750.671
779.385
813.029
1281.76
1261.72
1235.65
1246.55
1245.88
1227.5
1209.65
1189.76
1164.09
1130.27
1088.59
1037.96
960.095
879.594
824.588
793.07
797.297
789.258
747.389
720.552
731.769
776.364
836.457
1273.62
1257.84
1242.74
1241.45
1242.44
1226.75
1210.98
1193.58
1169.16
1133.83
1088.11
1033.75
935.207
834.413
767.645
742.998
792.441
793.548
710.675
658.68
693.347
767.102
876.337
419.985
377.768
283.977
295.966
315.898
491.622
565.681
483.755
563.829
669.091
638.67
625.689
653.765
389.421
327.466
437.939
502.794
489.909
522.805
421.268
250.713
228.62
227.533
263.994
462.817
483.155
430.867
567.038
694.911
605.766
616.494
594.661
266.287
266.427
386.632
528.598
435.805
502.166
468.703
166.359
222.432
186.858
172.592
439.157
454.086
408.42
543.893
707.188
613.402
684.077
376.645
12.2809
62.0887
228.995
522.027
332.665
550.524
521.375
170.006
194.102
155.032
154.597
280.436
370.392
342.103
534.847
653.945
674.879
655.827
88.099
-13.7657
28.5996
122.201
499.581
300.107
548.434
567.928
191.57
245.362
153.995
153.444
158.647
481.776
382.429
491.534
634.898
689.709
719.161
88.8903
-33.6438
22.4357
254.922
532.02
335.222
587.259
647.739
450.025
268.705
153.748
184.948
272.305
577.805
371.422
441.914
594.056
838.551
717.817
245.249
-21.3348
19.558
118.825
590.248
417.957
651.711
471.253
334.684
376.165
450.647
429.644
498.258
687.059
331.221
300.984
785.395
819
765.853
354.027
-1.39282
93.4655
75.392
661.584
573.718
703.174
617.455
138.597
39.0435
-3.51108
122.773
469.537
763.38
295.201
358.984
737.196
796.9
758.581
99.4234
36.0389
189.835
118.921
491.201
709.18
710.277
1262.54
1253.62
1253.83
1242.64
1232.5
1220.79
1211.73
1201.64
1180.58
1139.33
1079.78
989.267
670.798
334.17
316.233
292.206
567.981
713.144
593.623
361.277
377.4
588.139
922.967
1249.73
1230.53
1221.98
1215.67
1209.93
1208.12
1208.46
1213.89
1202.35
1150.98
1017.24
362.446
572.153
314.172
669.402
718.093
712.318
450.303
160.28
177.318
160.975
388.193
500.32
532.952
630.651
591.211
600.765
658.309
880.955
1137.89
1187.62
1251.09
1199.84
536.669
330.003
397.732
629.632
282.764
35.5318
37.2469
180.766
566.503
769.011
782.637
754.802
655.147
375.321
375.212
374.953
374.899
375.227
503.356
1072.53
1253.35
1295.35
604.08
362.466
272.65
198.905
431.278
26.0203
13.0389
12.4954
11.522
145.137
835.794
890.994
748.701
283.727
375.075
374.945
374.783
374.673
374.626
643.013
1314.91
1264.56
453.288
503.949
459.017
91.0555
125.365
105.692
10.4939
9.37501
11.2591
10.7959
9.6332
8.8194
605.06
283.73
313.289
374.691
374.591
374.546
374.518
374.545
699.191
1383.07
96.8569
331.609
389.959
403.641
221.396
172.341
203.749
13.2222
11.1162
11.8662
11.0474
9.38035
8.20866
6.93311
6.69516
12.8369
374.278
374.238
374.29
374.382
484.978
1275.83
184.297
23.9754
22.2385
21.0242
19.6346
18.4596
27.8511
206.646
209.204
165.662
24.1575
58.1519
18.2474
9.93266
10.6998
11.3359
8.048
373.843
373.859
374.074
849.585
1115.78
149.89
27.9687
25.0859
22.6954
20.8702
19.3596
17.9003
16.0911
14.46
13.0875
204.104
251.968
252.992
226.99
10.4253
57.304
191.285
114.757
373.225
374.027
662.996
951.245
37.8803
32.3612
45.6278
53.044
49.5232
23.0757
19.1005
17.4628
15.4199
13.7059
12.3654
11.4852
13.9809
215.042
6.71021
44.4606
9.6748
2.01623
1.95445
478.747
688.574
589.009
43.4757
36.8103
32.8361
29.663
27.5864
39.0874
49.9847
19.3729
57.1612
13.8614
12.4357
11.5667
10.9845
17.162
29.9079
3.36868
2.34337
2.38992
2.33775
2.34201
798.265
490.908
53.853
46.2135
37.8598
32.8498
29.1166
28.971
47.2484
20.3038
125.614
136.788
123.031
10.5599
10.5034
10.5846
10.1706
46.1436
2.08928
2.06355
1.96877
2.00534
2.26122
619.669
49.0669
57.3813
139.275
127.178
102.019
106.998
7.09851
3.05725
41.3158
139.331
136.047
108.402
7.77283
9.35984
57.3436
41.2105
3.09817
1.85817
1.79894
1.99104
1.96762
1.74674
72.1779
5.65459
118.151
104.464
86.5462
6.64512
-8.57669
-4.36763
-1.87461
-2.06526
142.133
69.9406
5.13722
5.55436
24.7811
57.8389
4.52197
2.11289
2.01497
1.63317
1.64568
1.6438
1.64249
-2.89899
-13.2987
3.36265
47.8066
-21.9455
-18.1301
-13.4056
-8.51251
-5.4757
-4.10603
-3.58761
65.6009
81.6371
5.18538
2.58245
58.3852
2.55463
2.01059
1.71746
1.58309
1.54992
1.53652
1.53116
-7.5491
-9.25835
-15.3053
-26.8282
-25.7777
-21.0838
-15.9587
-11.5157
-7.91731
-5.36047
-3.63342
-2.31293
-0.950624
1.3451
1.39189
15.1523
9.80266
1.67953
1.56577
1.47314
1.43286
1.41622
1.41208
-13.5068
-16.6977
-37.5504
-43.1576
-36.1754
-25.2022
-17.7121
-12.659
-8.69426
-5.74535
-3.7789
-2.44444
-1.34891
-0.151534
1.64038
7.39436
13.4396
1.30649
1.32701
1.3067
1.28923
1.28284
1.28586
-8.94677
-36.7971
-96.3741
-97.0414
-60.9418
-32.2503
-18.4073
-11.9676
-7.99137
-5.27276
-3.52243
-2.43537
-1.88743
143.189
169.404
0.54714
1.24922
1.08645
1.11462
1.12493
1.13097
1.13996
1.15339
28.8458
-40.9527
-109.161
-125.41
-75.9929
-31.0037
-15.3258
-9.23251
-6.03265
-4.00646
-2.73558
-1.97422
4.74612
181.763
15.0014
0.417394
0.667455
0.837354
0.901897
0.93889
0.965999
0.990615
1.01572
17.5102
-6.73112
-58.1485
-71.4043
-35.9523
-13.9532
-7.14132
-4.5871
-3.16985
-2.18724
-1.56233
-1.25082
31.4486
188.768
0.452401
0.418959
0.517873
0.621032
0.696322
0.752025
0.796624
0.836215
0.873658
6.7257
-4.51404
-7.84038
-4.27159
6.86304
2.87863
0.877408
-0.0789365
-0.342069
-0.278905
-0.248637
-0.389798
170.96
66.1903
0.320814
0.32376
0.350706
0.415719
0.490854
0.560151
0.621414
0.676712
0.727399
30.8852
-5.94532
-5.08206
8.37213
11.2961
8.63085
5.28914
2.7418
1.58352
1.26679
0.981724
31.828
184.134
-0.00389439
0.0894465
0.0846334
0.101312
0.170065
0.262169
0.353803
0.437061
0.511194
0.576933
-4.46596
-3.50099
-1.66492
4.90668
9.60503
9.95086
7.46979
3.6957
2.01006
2.30847
2.00032
172.426
-0.756968
-0.435624
-0.385455
-0.352922
-0.282095
-0.155531
-0.0106452
0.124421
0.240855
0.339381
0.422819
-5.96117
-1.79052
-0.733649
4.025
8.19231
10.4455
9.59371
190.344
162.97
2.11729
160.248
24.2437
-1.49529
-1.25403
-1.1904
-1.06173
-0.856925
-0.594486
-0.340878
-0.131105
0.0337891
0.163276
0.266969
-4.35179
0.649307
-0.489175
2.64699
5.84678
9.94451
204.846
197.505
148.003
37.1332
-3.2824
-2.99855
-2.31015
-1.61239
-2.09706
-2.01259
-1.69187
-1.19941
-0.733792
-0.406535
-0.177033
-0.0117878
0.113106
-0.512053
-0.813399
-0.118639
0.609323
0.481676
154.267
194.818
-2.91013
-3.17351
-3.33136
-3.70357
-2.86103
-0.923846
-1.5184
-2.79353
-2.94793
-2.76147
-2.0815
-1.20133
-0.681118
-0.376531
-0.177018
-0.0334811
1.5487
0.783648
-0.104448
-1.25313
-4.85586
117.226
201.334
-2.84525
-2.89772
-3.388
-4.42381
-2.50177
-1.75488
-3.34981
-3.09633
-3.25938
-3.33526
-2.93352
-1.64546
-0.89795
-0.541589
-0.322113
-0.167351
1.74206
0.92233
-0.271326
-1.72559
-4.2841
-6.41474
-4.79771
44.0748
-2.41354
-3.36659
-4.37879
-4.68387
-4.2047
2.69284
5.70071
-3.23737
-3.34915
0.169231
-1.57791
-0.987971
-0.653697
-0.441581
-0.285684
1.47387
0.541854
-0.553155
-1.69957
-3.19936
-4.71023
-4.29458
-1.90972
3.21238
-3.43139
-3.94331
3.15662
8.10792
9.34597
23.8551
23.7611
21.7372
15.7323
-1.34073
-0.985994
-0.732342
-0.542157
-0.390114
28.5939
-0.122991
-0.948896
-1.75919
-2.65425
-3.31395
-3.30384
-3.02424
-2.8061
-3.33513
-2.30168
-3.00835
-3.48989
-3.27505
-3.11675
15.2182
25.6155
13.6344
-1.306
-1.02595
-0.814935
-0.634975
-0.483518
48.33
-1.19844
-0.10487
-1.59362
-2.47329
-2.77512
-2.80838
-2.77491
6.66353
-3.19978
-1.77576
0.380122
-3.48046
-3.30153
-3.05026
-2.69359
-2.02282
-1.71411
-1.38351
-1.12196
-0.903842
-0.719759
-0.564879
48.3925
-1.85876
-0.987661
0.241214
-2.52349
-2.574
-2.57634
-2.56254
19.8439
-3.25423
0.433091
-3.65581
-3.56765
-3.37415
-3.05465
-2.66276
-2.23482
-1.81391
-1.47875
-1.20437
-0.976696
-0.787403
-0.629743
-2.30389
-1.9134
-2.11248
2.73116
-2.68355
-2.5506
-2.52239
-2.50681
20.2896
-3.75104
-0.722718
-4.21328
-3.98834
-3.60446
-3.14186
-2.67617
-2.2392
-1.85052
-1.52202
-1.24754
-1.01924
-0.830063
-0.673839
-2.14268
-2.09877
-2.15275
3.00339
-2.69325
-2.59921
-2.57841
2.69899
8.54315
-4.60708
-4.41476
-5.82691
-5.06246
-4.02657
-3.263
-2.6801
-2.21264
-1.82906
-1.51103
-1.24646
-1.02673
-0.844736
-0.69541
8.56309
-2.08696
-2.23237
3.37511
0.845284
-2.54814
-2.54166
22.8764
-4.72726
-1.80484
-7.32643
-6.58104
-6.64239
-4.38741
-3.28662
-2.59883
-2.11593
-1.74544
-1.44739
-1.20242
-0.99969
-0.831829
-0.693264
6.34037
-2.00542
-2.13096
-1.98298
3.41203
-2.22876
-2.60336
23.4044
-3.95556
-2.05548
-7.37005
0.447133
-5.46016
-4.173
-3.01696
-2.36854
-1.92826
-1.59776
-1.33491
-1.11972
-0.94147
-0.793421
-0.670662
-1.77289
-1.86784
4.99153
-2.27107
2.98554
-2.24328
-2.34328
11.1244
-3.27868
-5.02845
-2.11632
3.78163
-4.71531
-3.28874
-2.48617
-2.00459
-1.6614
-1.39663
-1.18263
-1.00547
-0.857426
-0.733526
-0.630092
-0.995569
-1.7217
3.99938
7.83644
-1.70167
-1.7607
17.2614
2.35712
-1.04669
1.62797
7.18689
-0.54147
-2.89045
-2.27248
-1.876
-1.58361
-1.35283
-1.1633
-1.00406
-0.868948
-0.754151
-0.656893
-0.574874
7.86041
-1.33167
-0.412328
8.31857
-1.47341
-1.53108
28.308
28.334
-1.77946
-1.75226
-1.83031
-1.87764
-1.71163
-1.50671
-1.33094
-1.17739
-1.0413
-0.920425
-0.813527
-0.71983
-0.638506
-0.568465
-0.508587
18.1033
-0.736224
-1.44441
9.01424
9.33982
8.34353
29.5022
8.72044
-1.75996
-1.37608
-1.21244
-1.11401
-1.03359
-0.959253
-0.889163
-0.819984
-0.751342
-0.684977
-0.622885
-0.566609
-0.516764
-0.473143
-0.435092
18.4109
-0.288913
-0.909312
-1.87947
6.55835
10.1072
2.96455
-0.0733162
-0.839698
-0.74055
-0.669124
-0.618021
-0.582924
-0.559715
-0.539823
-0.517842
-0.492817
-0.465948
-0.439482
-0.415284
-0.394075
-0.375309
-0.357936
16.6802
-0.592501
-0.895992
-1.98914
-1.20137
0.681942
1.26406
0.402685
-0.107023
-0.250924
-0.277171
-0.270652
-0.262806
-0.261382
-0.26359
-0.266393
-0.26723
-0.266339
-0.266601
-0.270205
-0.276141
-0.280574
-0.282001
-0.437607
5.04289
-0.254017
-2.09634
6.07132
-0.578296
0.209031
0.0966668
0.00788471
-0.0240205
-0.030893
-0.0304256
-0.0287118
-0.0206209
-0.00797459
-0.0309008
-0.062685
-0.0906039
-0.11579
-0.141957
-0.168764
-0.191978
-0.209314
1071.68
933.164
833.414
853.664
996.541
998.205
967.851
973.879
314.404
320.486
326.119
371.53
577.15
643.135
615.392
587.586
648.738
319.1
7.24553
6.41625
9.69654
9.91179
14.6035
70.4411
31.3837
165.573
178.955
80.3516
205.859
2.75051
2.65184
2.93189
2.58282
3.99504
4.02929
3.26489
1.95277
1.94022
1.96968
1.99002
1.84849
1.85445
1.86217
1.96076
1.74946
1.75102
1.75303
1.75375
1.64244
1.64279
1.64354
1.64386
1.53043
1.53086
1.53211
1.53355
1.41302
1.41503
1.418
1.42142
1.29057
1.29531
1.30087
1.30689
1.16319
1.17149
1.18035
1.18953
1.03136
1.0438
1.05645
1.06921
0.895618
0.912557
0.929336
0.945986
0.756179
0.777978
0.799204
0.819995
0.613244
0.640333
0.666337
0.691493
0.467513
0.50033
0.531393
0.561049
0.320683
0.359498
0.395721
0.429843
0.175774
0.220419
0.261562
0.299833
0.0368944
0.0865238
0.13187
0.173663
-0.0918175
-0.03869
0.00974893
0.0542526
-0.20795
-0.1529
-0.102467
-0.0560058
-0.311724
-0.255615
-0.203862
-0.155988
-0.404126
-0.347044
-0.294279
-0.245463
-0.484048
-0.426124
-0.372805
-0.32375
-0.548256
-0.490225
-0.43719
-0.38882
-0.593505
-0.536557
-0.48481
-0.437947
-0.618155
-0.563632
-0.514235
-0.469617
-0.622127
-0.57172
-0.525967
-0.484569
-0.607485
-0.56269
-0.52191
-0.484971
-0.576646
-0.538619
-0.504009
-0.472645
-0.532236
-0.501797
-0.474046
-0.448878
-0.477175
-0.45462
-0.433974
-0.415187
-0.414753
-0.399982
-0.386343
-0.373841
-0.348111
-0.340741
-0.333774
-0.327274
-0.281672
-0.281023
-0.280149
-0.279175
-0.217162
-0.222303
-0.226692
-0.230511
697.569
-18.6435
-86.8882
-98.2954
-96.0655
-74.9209
703.002
237.229
416.331
637.579
727.794
550.253
134.581
155.679
428.402
569.111
778.277
735.738
650.99
785.56
576.223
382.655
64.4052
-80.5529
214.256
594.831
209.429
764.199
504.345
621.217
45.444
36.8635
399.586
366.041
349.462
535.077
325.547
815.737
250.828
767.825
743.104
702.213
743.611
506.941
158.181
440.985
548.16
478.012
287.531
18.3061
17.3913
17.1009
232.813
116.553
73.6582
379.093
184.919
303.477
12.8762
948.91
989.054
196.992
188.111
243.16
787.014
239.298
67.8916
265.436
77.4545
29.0657
17.122
17.5607
191.598
28.3593
15.6423
86.92
6.86451
7.41053
4.27502
905.274
1066.61
1050.05
891.75
12.6833
5.84991
7.11642
45.1533
284.209
232.611
16.0134
124.494
49.3087
16.8778
15.156
14.4376
26.345
3.21466
6.81881
5.9214
8.40579
8.55814
6.32201
9.17016
9.9617
6.38139
8.77419
4.67159
286.222
245.629
135.363
5.37683
6.09808
15.084
17.942
2.04158
2.1398
1.92624
2.13389
10.9525
11.3762
11.1466
2.20097
2.36794
2.15749
11.2214
3.36073
2.50132
3.80085
0.304848
2.59057
4.75306
8.22843
26.8722
2.29715
2.13366
1.76659
2.3062
2.42641
1.84124
1.81127
1.90934
2.01164
2.35103
8.97904
2.02559
1.57406
0.426495
0.437869
0.745657
0.644965
4.87264
145.134
4.00542
2.81201
2.36044
3.58343
1.85819
1.7821
1.71694
1.65523
5.39196
2.7701
0.470061
0.777667
0.375709
-0.218752
-0.126376
0.120237
-0.227948
0.582353
158.056
2.00732
2.16824
2.59558
1.81177
1.79717
1.75408
1.69006
1.5793
1.45846
5.78433
0.326715
0.619979
-0.513522
-1.21487
-0.236686
0.179362
-0.487951
-0.703606
157.06
2.00239
1.9864
1.92764
1.76158
1.73173
1.70149
1.66998
1.59188
2.73288
2.83701
0.474679
0.538934
-0.775646
-1.38372
-0.50758
0.898303
-0.247491
1.74348
170.07
1.75215
1.73806
1.70949
1.68568
1.66586
1.64355
1.62732
1.58783
3.59257
4.49538
1.00126
0.775411
-0.105079
-0.410028
1.06235
0.209467
0.246901
0.662675
90.5094
1.64339
1.63659
1.6234
1.61
1.59794
1.58725
1.57854
1.59148
3.84512
3.18214
1.86127
2.00237
1.33797
0.887091
0.618899
2.88677
0.606749
1.00056
1.11169
1.53641
1.53687
1.53421
1.5307
1.52804
1.52849
1.5309
1.9177
2.36833
4.80575
2.97092
1.5557
1.29494
1.26576
6.95743
9.67104
5.21698
1.24761
1.89086
1.42889
1.43655
1.44257
1.44785
1.45367
1.46206
1.47319
1.47883
2.01995
2.27327
5.61153
7.72927
7.26725
4.2127
0.661543
10.3101
4.18232
3.78487
2.10319
1.31985
1.33464
1.3483
1.36108
1.37367
1.38696
1.40126
1.41312
1.43308
2.41315
1.45281
1.33588
1.11074
0.826593
0.771438
1.52432
0.95221
3.68487
20.346
1.20864
1.23055
1.25117
1.27038
1.28823
1.30456
1.31846
1.3277
1.33273
1.32827
1.43095
1.77802
1.61127
0.776085
0.672155
0.873458
1.03926
0.946749
33.4284
1.09499
1.12405
1.15124
1.17622
1.19853
1.21718
1.2303
1.23521
1.22973
1.21536
1.20929
1.73239
1.28305
0.493429
0.294732
0.825174
3.6546
0.646658
34.4315
0.978807
1.0151
1.04871
1.07922
1.10589
1.12719
1.14055
1.14246
1.12998
1.09986
1.50594
1.13501
8.05514
9.70855
-0.0168648
0.902358
4.72907
0.24125
35.5175
0.860166
0.903792
0.943798
0.9799
1.0113
1.03624
1.05152
1.0526
1.035
0.992591
1.0913
0.913879
2.6347
10.1717
0.67651
0.584412
4.97295
5.1557
4.05713
0.739242
0.790249
0.836676
0.878547
0.915308
0.945322
0.964878
0.968222
0.950161
0.907989
0.83623
0.725337
0.632792
1.81897
0.0934716
1.87068
5.57917
4.7528
1.37809
0.616462
0.674791
0.727587
0.775362
0.818143
0.855002
0.881959
0.891603
0.877434
0.842688
0.803898
0.763537
6.63226
0.151245
0.922104
2.57185
1.16252
2.45023
1.94864
0.492725
0.558079
0.616967
0.670467
0.719443
0.771077
0.900175
0.933816
0.821834
0.790717
0.767862
0.758983
10.6625
0.289711
2.38456
0.156227
2.30799
6.9692
0.381064
0.369582
0.441291
0.505507
0.563678
0.617926
0.785257
0.830601
0.85335
0.824288
0.670329
0.658334
0.646678
9.63529
5.05262
2.86943
1.94859
5.87913
1.74086
0.196421
0.24928
0.326275
0.394456
0.454838
0.620096
0.677867
0.643066
0.705532
0.88429
0.521776
0.475251
0.474305
0.359727
9.90999
0.567909
0.130361
0.0492287
0.00620642
0.176986
0.134557
0.215673
0.286445
0.346622
0.491324
0.440677
0.5499
6.5187
6.69566
5.03395
0.334267
0.318232
0.259457
0.0508422
7.80578
7.69571
5.16007
0.222547
0.353563
0.0279547
0.112519
0.186063
0.250273
0.266298
0.286365
5.66283
6.51623
2.8879
6.56205
5.84733
0.238042
0.210712
0.151517
0.0402442
-0.0565227
1.51599
0.45194
2.16519
-0.0692974
0.0179039
0.0936744
0.197845
6.94235
0.119497
3.8868
-0.0524696
0.0876509
0.0360054
6.57772
6.33025
0.168499
0.206714
0.145223
0.0556152
0.158539
0.382975
4.33233
-0.157278
-0.0691228
0.00603139
0.0946047
9.64482
0.588801
-0.206418
-0.180907
0.444514
0.159193
-0.0590065
5.72426
5.84258
1.52795
0.0689129
1.08142
2.23043
0.741483
4.31787
-0.23597
-0.149779
-0.0755574
-0.00933012
2.83084
9.46464
-0.385449
-0.345051
-0.173203
0.0398537
-0.0822881
-0.0805825
2.77406
6.04074
3.90397
2.79539
1.96315
4.12341
1.36707
-0.303696
-0.223806
-0.160248
1.0854
0.740434
7.29756
2.83231
-0.331911
-0.0313375
-0.115082
-0.0994281
-0.0975584
-0.109397
-0.140611
1.82401
2.37172
1.46686
0.423846
0.17333
-0.356767
-0.284656
0.505286
1.29213
0.638816
0.23788
-0.206021
-0.0273306
0.103141
-0.0839307
-0.115966
-0.109831
-0.110442
-0.116982
-0.120942
-0.111594
-0.0676518
0.0656856
0.153116
-0.392802
-0.32606
0.702228
-0.241837
-0.273743
-0.229257
-0.114136
0.0689198
-0.145758
-0.149195
-0.133504
-0.12252
-0.115222
-0.108514
-0.097182
-0.0756431
-0.0460116
-0.029409
-0.0150556
-0.413061
-0.34978
-0.309553
-0.306354
-0.169858
-0.184821
-0.234451
-0.212581
-0.189393
-0.168414
-0.150901
-0.136858
-0.125079
-0.113364
-0.0991546
-0.0808965
-0.0624142
-0.0508494
-0.0482536
-0.421031
-0.364578
-0.329622
-0.25743
-0.318801
-0.354599
-0.281511
-0.236326
-0.2079
-0.185889
-0.167896
-0.152852
-0.139525
-0.126546
-0.112804
-0.0982993
-0.0856013
-0.0777348
-0.075413
-0.418425
-0.371356
-0.343993
-0.380788
-0.459468
-0.448653
-0.333746
-0.256077
-0.222645
-0.201346
-0.184615
-0.17024
-0.157125
-0.144541
-0.132153
-0.120382
-0.110694
-0.104581
-0.101256
-0.405378
-0.367978
-0.347363
-0.331907
-0.366097
-0.265028
-0.18417
-0.260146
-0.232358
-0.215624
-0.201719
-0.18899
-0.176887
-0.165228
-0.154124
-0.144088
-0.135958
-0.130573
-0.126729
-0.38258
-0.35429
-0.337066
-0.332153
0.167374
0.313029
0.369639
-0.255438
-0.241858
-0.230958
-0.220165
-0.209209
-0.198201
-0.1874
-0.177196
-0.16813
-0.160744
-0.155527
-0.151443
-0.351942
-0.332716
-0.320164
-0.313299
-0.31033
-0.330694
-0.0484363
-0.264951
-0.256653
-0.249133
-0.24055
-0.230933
-0.220701
-0.210401
-0.200605
-0.191907
-0.184738
-0.17937
-0.175219
-0.315721
-0.30574
-0.299705
-0.296668
-0.295841
-0.3115
-0.290245
-0.279877
-0.274991
-0.269926
-0.26297
-0.254206
-0.244269
-0.233948
-0.224006
-0.21512
-0.207754
-0.201996
-0.197635
-0.277323
-0.276513
-0.278039
-0.281774
-0.286449
-0.295238
-0.2932
-0.29355
-0.294382
-0.292531
-0.287157
-0.278842
-0.268669
-0.25776
-0.247105
-0.237515
-0.22956
-0.223204
-0.218159
-0.237202
-0.244868
-0.254278
-0.266422
-0.27917
-0.286739
-0.296004
-0.308861
-0.317572
-0.319378
-0.315001
-0.306228
-0.294874
-0.282483
-0.270308
-0.259328
-0.250252
-0.243114
-0.235565
)
;

boundaryField
{
    leftWall
    {
        type            fixedFluxPressure;
        gradient        uniform 0;
        value           nonuniform List<scalar> 
100
(
1320.78
1321.5
1319.18
1314.45
1307.71
1299.29
1290.07
1281.25
1271.86
1264.18
1063.55
376.182
375.335
374.906
374.511
374.156
373.83
372.832
484.507
589.997
530.074
378.839
56.2303
-10.4746
71.5375
92.3228
19.0482
13.5862
36.7746
31.6706
1.22309
10.5058
9.91205
16.8559
36.6466
36.9469
48.0734
48.8294
48.8503
39.3201
28.0829
32.5305
33.6389
34.6856
11.2058
53.2397
54.497
-0.241938
-0.125818
0.130827
1321.53
1320.7
1317.07
1311.32
1303.67
1294.71
1285.55
1277.4
1266.01
1268.81
470.259
375.408
375.153
374.696
374.334
373.989
373.598
383.179
626.818
564.353
424.789
314.332
-4.40067
20.8594
93.8941
51.541
16.8151
15.6551
33.7433
3.1261
9.46689
8.63982
14.3122
26.9697
37.0444
41.0912
48.6153
48.7969
48.9909
18.3689
31.9236
33.1097
34.1138
1.30983
51.2936
54.2639
11.5433
-0.294226
0.0208898
-0.382796
)
;
    }
    rightWall
    {
        type            fixedFluxPressure;
        gradient        uniform 0;
        value           nonuniform List<scalar> 
100
(
522.805
502.166
550.524
548.434
587.259
651.711
703.174
710.277
650.99
815.737
184.919
86.92
14.4376
17.942
26.8722
145.134
158.056
157.06
170.07
90.5094
1.11169
1.89086
2.10319
20.346
33.4284
34.4315
35.5175
4.05713
1.37809
1.94864
0.381064
0.196421
0.176986
0.353563
2.16519
4.33233
4.31787
1.36707
0.17333
0.153116
-0.0150556
-0.0482536
-0.075413
-0.101256
-0.126729
-0.151443
-0.175219
-0.197635
-0.218159
-0.235565
522.866
524.753
497.819
549.373
562.826
618.968
680.309
721.261
657.68
808.828
536.605
132.673
41.0977
15.9055
29.3126
41.0879
162.938
152.992
163.504
174.951
0.905693
1.52148
2.01899
2.32426
32.9619
33.9237
35.0255
34.1671
1.21666
1.77268
1.05494
0.245577
0.170088
0.23687
0.498355
4.28386
4.33771
2.90365
0.226299
0.179916
0.00588389
-0.0329112
-0.0622001
-0.0883679
-0.114065
-0.139191
-0.163466
-0.186637
-0.208157
-0.22744
)
;
    }
    lowerWall
    {
        type            fixedFluxPressure;
        gradient        uniform 0;
        value           nonuniform List<scalar> 
124
(
1317.94
1304.63
1283.94
1261.73
1241.95
1222.81
1201.24
1176.08
1147.04
1114.18
1076.09
1029.23
987.67
950.454
912
872.19
821.267
782.187
772.341
778.326
788.008
787.122
787.695
787.758
788.233
789.674
793.117
799.994
813.029
836.457
876.337
1052.05
1113.68
1169.21
1058.77
483.729
474.913
504.083
597.688
663.383
665.402
554.045
559.009
429.932
399.755
316.574
297.204
314.38
498.552
584.645
493.731
568.191
664.011
661.132
645.352
673.567
408.709
360.009
438.668
504.721
498.25
522.866
1320.78
1312.56
1294.83
1272.74
1251.47
1232.57
1212.42
1189.14
1162.03
1131.14
1096.05
1053.79
1006.71
969.668
931.211
892.322
849.572
793.577
783.609
767.545
786.742
787.27
787.296
997.73
1086.29
1148.46
1125.81
483.729
459.364
337.32
308.506
290.411
392.009
578.356
509.015
520.765
633.23
677.28
634.673
680.809
556.829
340.082
397.822
448.259
511.448
511.18
787.695
787.932
788.766
791.077
795.992
805.479
823.073
854.086
479.687
480.816
545.174
636.637
664.335
662.225
465.558
659.437
)
;
    }
    atmosphere
    {
        type            totalPressure;
        rho             rho;
        psi             none;
        gamma           1;
        p0              uniform 0;
        value           nonuniform List<scalar> 
92
(
0
0
0
0
0
-7.95286e-06
0
0
0
0
0
0
0
0
-0.00172039
-0.0136405
-0.0317528
-0.0529678
-0.0780144
-0.108726
-0.141793
-0.169754
-0.190703
-0.200419
-0.206869
-0.212453
-0.217366
-0.226003
-0.235648
-0.24711
-0.26193
-0.27759
-0.283989
-0.296257
-0.314062
-0.325448
-0.328158
-0.323737
-0.314501
-0.302518
-0.289452
-0.276627
-0.265079
-0.255565
-0.248162
-0.238374
-0.000356316
0
0
0
0
0
0
0
0
0
0
0
0
0
0
-0.00656866
-0.0222118
-0.0420047
-0.0648609
-0.0926732
-0.125485
-0.15668
-0.181046
-0.196812
-0.203764
-0.209756
-0.214981
-0.221145
-0.230736
-0.241029
-0.254069
-0.270553
-0.288035
-0.286815
-0.305434
-0.320843
-0.327838
-0.326693
-0.319581
-0.308739
-0.29603
-0.282938
-0.270639
-0.26003
-0.251764
-0.247514
)
;
    }
    defaultFaces
    {
        type            empty;
    }
}


// ************************************************************************* //
