/*--------------------------------*- C++ -*----------------------------------*\
| =========                 |                                                 |
| \\      /  F ield         | OpenFOAM: The Open Source CFD Toolbox           |
|  \\    /   O peration     | Version:  v1912                                 |
|   \\  /    A nd           | Website:  www.openfoam.com                      |
|    \\/     M anipulation  |                                                 |
\*---------------------------------------------------------------------------*/
FoamFile
{
    version     2.0;
    format      ascii;
    class       volScalarField;
    location    "0.75";
    object      p;
}
// * * * * * * * * * * * * * * * * * * * * * * * * * * * * * * * * * * * * * //

dimensions      [1 -1 -2 0 0 0 0];


internalField   nonuniform List<scalar> 
9072
(
520.821
550.453
554.259
562.092
579.937
606.047
633.662
663.042
693.297
723.938
755.373
788.282
823.23
860.207
895.66
923.597
964.94
1003.92
1000.06
1020.34
1042.01
1091.05
1100.99
460.071
490.285
494.392
500.967
519.09
546.695
574.588
603.864
634.042
664.685
696.097
728.955
763.912
800.942
839.385
866.301
898.436
942.673
952.339
952.279
966.509
1021.1
1034.79
397.664
428.75
432.602
435.226
453.077
486.777
515.13
544.258
574.326
604.938
636.265
668.986
703.751
740.667
778.986
808.588
841.769
889.157
913.263
897.928
908.765
951.311
964.02
334.493
365.935
368.392
361.549
378.643
426.826
456.269
484.526
514.262
544.716
575.89
608.433
643.042
679.983
718.624
754.418
791.723
834.616
862.194
856.467
861.284
885.234
893.808
271.412
301.566
301.998
288.124
309.083
368.977
397.761
424.597
453.879
484.116
515.064
547.346
581.774
618.902
658.556
698.697
739.971
781.67
811.761
816.19
814.252
821.487
824.792
209.256
235.332
234.608
223.592
249.503
310.445
337.985
364.103
393.178
423.205
453.84
485.736
519.888
557.245
598.247
642.05
687.53
731.166
763.173
771.609
763.574
758.21
756.202
147.682
167.417
166.348
166.312
196.261
243.542
275.139
302.699
332.169
362.054
392.269
423.6
457.281
494.767
537.242
584.74
635.193
682.894
717.198
725.619
710.774
693.877
686.798
85.3183
97.5744
95.9144
111.183
141.194
174.445
209.936
240.572
270.976
300.764
330.411
360.926
393.814
431.166
475.053
526.543
583.093
636.919
674.68
681.082
656.237
626.147
615.076
377.759
355.668
294.575
256.903
265.773
335.904
823.327
1026.02
1095.65
1155.6
1108.3
1042.77
1035.46
800.271
1188.42
998.033
872.575
720.311
820.582
400.68
259.824
223.267
223.194
223.098
235.975
757.062
965.604
1048.27
1067.12
1052.2
941.334
708.495
702.107
1025.93
882.906
868.731
613.306
690.787
367.754
228.906
222.775
223.138
222.925
223.287
636.38
886.95
1047.91
1017.88
988.182
714.704
689.45
695.186
813.287
773.353
723.003
518.684
510.584
308.91
225.346
221.938
223.046
222.824
190.5
443.347
776.682
1059.46
1026.97
835.876
674.46
687.587
694.217
718.518
678.703
454.783
469.055
614.93
263.712
238.184
222.714
222.912
183.772
98.2488
141.897
580.927
1044.67
1035.39
656.322
666.076
684.411
685.345
653.393
515.329
394.633
405.456
697.151
227.158
223.141
222.113
198.288
92.3308
-0.755089
5.58141
268.011
963.373
980.522
605.93
656.323
668.341
677.995
496.042
433.229
366.769
360.155
704.222
223.208
223.391
206.692
130.269
-0.912955
-13.0808
-3.03894
85.48
806.946
792.909
578.564
644.784
760.519
749.147
364.499
393.381
340.116
329.427
670.122
183.439
206.676
154.318
65.4734
-25.3368
-15.089
-4.95277
-1.17595
639.007
604.899
544.394
772.826
743.651
785.315
327.941
386.877
324.467
342.631
603.646
18.086
22.3994
21.9257
33.7495
52.413
89.2389
126.324
160.943
192.656
222.149
250.771
279.83
311.1
347.669
392.962
450.088
516.467
581.416
626.07
628.444
587.118
537.328
513.357
9.79516
9.84516
9.68098
9.47187
9.63038
9.86671
17.5363
38.2491
65.0291
93.4938
118.875
143.53
169.199
201.187
245.441
313.122
404.155
499.726
567.613
549.536
428.224
348.699
327.982
9.36829
9.45063
9.32032
9.26935
9.29533
9.29634
9.31859
9.12263
8.78273
11.0122
17.0615
25.3064
32.7043
46.7127
71.1348
146.083
274.481
421.689
554.506
527.445
395.257
336.189
315.935
8.91409
9.02984
8.97193
9.00193
9.03781
9.06614
9.01319
8.84896
8.69694
8.78697
8.98109
8.8983
8.46257
8.34863
9.05798
17.4088
136.671
307.841
642.543
418.623
293.364
304.229
183.74
8.56972
8.61438
8.6057
8.70598
8.74988
8.75166
8.7136
8.62103
8.56076
8.64009
8.73654
8.72633
8.48558
8.21839
8.25396
3.64957
-44.5109
50.8013
25.5191
4.27255
31.1475
125.78
92.8837
8.31774
8.36317
8.37806
8.4475
8.47654
8.47311
8.4522
8.42828
8.43173
8.4779
8.52741
8.53476
8.505
8.55561
9.26373
9.66209
46.2164
12.0972
-14.7154
-12.4445
-8.14114
10.9651
34.0908
8.01786
8.14031
8.15658
8.19341
8.20758
8.20543
8.1999
8.2058
8.23274
8.27802
8.32786
8.38149
8.49646
8.79304
9.36484
10.6791
15.9943
-12.3835
-21.5962
-18.9509
-13.9697
-9.36229
13.6947
7.73203
7.90278
7.91315
7.92959
7.934
7.93231
7.93226
7.94483
7.97556
8.01909
8.06968
8.13053
8.22772
8.37487
8.80278
8.97245
-1.65969
-16.5097
-20.2593
-17.3191
-10.9605
-14.2469
26.7175
7.49129
7.64378
7.64849
7.65147
7.6482
7.6441
7.64335
7.65245
7.67609
7.71009
7.74612
7.77505
7.76804
7.57242
7.16022
-0.127273
-9.44902
-7.98058
-10.0573
-13.6616
-13.7839
12.9759
8.4097
7.21714
7.36058
7.36152
7.35743
7.34841
7.33901
7.33263
7.33312
7.34427
7.36366
7.38155
7.38471
7.35135
7.22844
7.18287
0.169218
-6.11325
-1.87202
-5.27072
-7.18941
-5.71796
-3.98698
-2.79738
6.93937
7.07557
7.0697
7.05745
7.03977
7.02069
7.00359
6.99127
6.98724
6.99126
6.9952
6.98961
6.96959
6.95098
7.00652
5.8927
6.92896
-0.198091
-8.28285
-8.60852
-8.66968
-15.2821
-6.17376
6.66656
6.79588
6.78193
6.75885
6.72808
6.69369
6.65989
6.63016
6.60845
6.5964
6.58832
6.57293
6.53638
6.45037
6.21336
5.75789
6.26529
22.9295
-9.10316
-9.76491
-9.16267
-9.34823
-8.3848
6.40321
6.52374
6.50168
6.46613
6.41818
6.36196
6.30372
6.25011
6.20727
6.17902
6.1622
6.14479
6.10672
6.01196
5.78555
5.39136
5.65983
-4.4042
-10.8361
-10.5024
-8.766
-8.06865
-8.41362
6.1527
6.2631
6.23342
6.18466
6.11588
6.03038
5.93709
5.8484
5.77684
5.73162
5.7142
5.71402
5.71043
5.67728
5.59733
5.52348
5.53234
-7.47868
-8.23822
-10.1822
-7.88728
-7.50478
-7.80043
5.91664
6.01782
5.98322
5.92269
5.83056
5.70711
5.56274
5.41791
5.30011
5.23227
5.22448
5.26843
5.33459
5.38454
5.38384
5.30044
4.98813
1.5155
-7.415
-7.24496
-7.48697
-7.26827
-7.54235
5.69305
5.79019
5.75752
5.69172
5.57745
5.40557
5.18395
4.94186
4.74213
4.634
4.64742
4.77973
4.96959
5.14204
5.24528
5.24706
5.04198
4.69429
-1.63569
-6.93603
-7.10166
-7.05001
-7.81227
5.47151
5.57761
5.56036
5.50613
5.38076
5.15036
4.80683
4.3946
4.02635
3.83796
3.87414
4.18311
4.59254
4.95972
5.26399
5.38873
5.09984
4.9691
4.742
-2.28285
-7.00092
-7.69808
-6.9347
5.22513
5.36608
5.38781
5.3801
5.2766
4.98693
4.45052
3.70115
2.95826
2.57698
2.58316
3.30391
4.1072
4.83401
5.5103
5.71757
4.9811
5.10119
4.7472
-1.43361
-6.01768
-8.89179
-5.7555
4.90283
5.12017
5.21433
5.31245
5.30535
4.98504
4.12959
2.60382
1.0801
-0.997089
-0.454029
1.80993
3.08458
4.2527
5.47899
5.52249
-0.878552
1.49654
-1.72564
-3.96959
-4.80205
-5.85716
-6.04181
4.42893
4.77179
4.96775
5.2454
5.46715
5.19952
3.99926
-0.612274
-5.25077
-8.28542
-6.24548
-2.14957
-0.324546
0.462542
0.298302
-5.81105
-7.60554
-6.64287
-7.47842
-8.43576
-7.60002
-7.02764
-6.58251
3.72616
4.21985
4.50169
4.9741
5.56788
5.22635
1.53965
-4.18311
-4.99402
-6.57414
-6.8236
-5.15519
-6.48562
-12.3448
-9.58251
-7.87225
-8.42598
-8.67492
-8.8023
-8.81025
-8.3611
-7.67348
-7.03259
2.77474
3.37102
3.614
4.05741
4.55406
2.2003
-2.52711
-5.27569
-5.06277
-5.53345
-5.09187
-4.58008
-8.0484
-12.732
-11.4511
-9.36917
-8.94826
-8.85567
-8.9523
-9.03127
-8.63275
-7.93721
-7.18734
1.67295
2.24224
2.23151
2.034
0.188114
-5.22218
-9.20138
-4.93915
-4.9761
-4.46999
-2.86606
-2.32218
-6.29657
-10.7255
-10.3478
-9.46778
-9.06765
-8.86643
-8.87597
-8.81514
-8.46509
-7.82688
-7.10133
0.601841
1.03719
0.759949
0.0122769
-2.14408
-6.35651
-8.67491
-5.9619
-5.39
-4.1778
-3.07438
-1.43908
-5.47526
-8.30601
-9.21046
-9.89946
-9.26561
-8.95164
-8.87057
-8.63246
-8.16104
-7.53621
-6.92152
-0.313175
-0.018006
-0.38542
-1.16433
-2.70624
-5.26654
-6.47954
-5.80679
-5.18707
-4.20212
-3.49034
-3.5365
-6.57022
-7.57834
-9.03427
-9.96467
-9.18727
-8.912
-8.75295
-8.31828
-7.75403
-7.20731
-6.71948
-1.06238
-0.85115
-1.18931
-1.80538
-2.75326
-3.92583
-4.75537
-4.86547
-4.59667
-4.10964
-3.705
-3.65033
-5.60734
-6.954
-7.70969
-8.37455
-8.56489
-8.58663
-8.30434
-7.79478
-7.30972
-6.88473
-6.50324
-1.66185
-1.49417
-1.76692
-2.22088
-2.84085
-3.53193
-4.07365
-4.30984
-4.30704
-4.17652
-4.07801
-4.28509
-6.1157
-8.10249
-7.83135
-7.98829
-8.16805
-8.00723
-7.62704
-7.23542
-6.89011
-6.57464
-6.28203
-2.14556
-2.00135
-2.20939
-2.5387
-2.96157
-3.4163
-3.80757
-4.06457
-4.19615
-4.26769
-4.39477
-4.80732
-5.96712
-7.91069
-8.21855
-7.77035
-7.51948
-7.24161
-6.98531
-6.74474
-6.51215
-6.28631
-6.06964
-2.54584
-2.41585
-2.5714
-2.81142
-3.11202
-3.43587
-3.7353
-3.97476
-4.15398
-4.30795
-4.50282
-4.84184
-5.48777
-6.34614
-6.7442
-6.73744
-6.67677
-6.58264
-6.46574
-6.33051
-6.18334
-6.03027
-5.87652
-2.8877
-2.76712
-2.88342
-3.06013
-3.28032
-3.5213
-3.75644
-3.96638
-4.14889
-4.32094
-4.51527
-4.77379
-5.12878
-5.5456
-5.86363
-6.01776
-6.08465
-6.09166
-6.0571
-5.99346
-5.90961
-5.81287
-5.70934
-3.18976
-3.07477
-3.16212
-3.29385
-3.45845
-3.64189
-3.82821
-4.00586
-4.17234
-4.33466
-4.50769
-4.70922
-4.94824
-5.20608
-5.43135
-5.58948
-5.68778
-5.73779
-5.74941
-5.73152
-5.69174
-5.63654
-5.57136
-3.46342
-3.35254
-3.41848
-3.51785
-3.64273
-3.78404
-3.93189
-4.07911
-4.22305
-4.36577
-4.51331
-4.673
-4.84726
-5.02756
-5.19409
-5.32953
-5.42884
-5.49365
-5.52818
-5.53739
-5.52653
-5.50043
-5.46328
-3.71603
-3.60893
-3.65962
-3.73539
-3.83116
-3.94111
-4.05878
-4.17936
-4.30013
-4.42093
-4.54382
-4.67165
-4.80508
-4.93998
-5.06769
-5.17895
-5.26839
-5.33468
-5.37825
-5.40203
-5.4089
-5.40206
-5.38449
-3.954
-3.84974
-3.88952
-3.94762
-4.02144
-4.10765
-4.2016
-4.29949
-4.39882
-4.49867
-4.59954
-4.70241
-4.80727
-4.91193
-5.01202
-5.10244
-5.17933
-5.24073
-5.28618
-5.31652
-5.33326
-5.33833
-5.33371
-4.1822
-4.0798
-4.11122
-4.15568
-4.21263
-4.28028
-4.35497
-4.43356
-4.51397
-4.59526
-4.6773
-4.7602
-4.84361
-4.92617
-5.00548
-5.07868
-5.14325
-5.1975
-5.24058
-5.27249
-5.29382
-5.30556
-5.30898
-4.40394
-4.30273
-4.32738
-4.3614
-4.40527
-4.45787
-4.51642
-4.57856
-4.6427
-4.70795
-4.77388
-4.84022
-4.90651
-4.97183
-5.03479
-5.09372
-5.14699
-5.19334
-5.23193
-5.26243
-5.28493
-5.29986
-5.30792
-4.62221
-4.52142
-4.54015
-4.56602
-4.59947
-4.63965
-4.68461
-4.73276
-4.78292
-4.83427
-4.88626
-4.93849
-4.99051
-5.04171
-5.09123
-5.13803
-5.18109
-5.2195
-5.2526
-5.28003
-5.30169
-5.31766
-5.32823
-4.83897
-4.7376
-4.75079
-4.76983
-4.79463
-4.82453
-4.85817
-4.89446
-4.93256
-4.97179
-5.01161
-5.05163
-5.09147
-5.1307
-5.16877
-5.20504
-5.23886
-5.26965
-5.29694
-5.32047
-5.34012
-5.35585
-5.36763
-5.05378
-4.95123
-4.95969
-4.9729
-4.9904
-5.01172
-5.03589
-5.06214
-5.08986
-5.1185
-5.14767
-5.17703
-5.2063
-5.23516
-5.26329
-5.29027
-5.31574
-5.33933
-5.36078
-5.37996
-5.39688
-5.4115
-5.4236
-5.26489
-5.16132
-5.16665
-5.17522
-5.18664
-5.20076
-5.21693
-5.23462
-5.25339
-5.27285
-5.29271
-5.31275
-5.33277
-5.35257
-5.37194
-5.39066
-5.40851
-5.4253
-5.44094
-5.45545
-5.46898
-5.48169
-5.49346
-5.47221
-5.36784
-5.37166
-5.37673
-5.38323
-5.39136
-5.40075
-5.4111
-5.42214
-5.43364
-5.4454
-5.45729
-5.46921
-5.48103
-5.49264
-5.50393
-5.51479
-5.52515
-5.53499
-5.54443
-5.55384
-5.56383
-5.57462
-5.67965
-5.57261
-5.5756
-5.57764
-5.58012
-5.58329
-5.58697
-5.59106
-5.59545
-5.60004
-5.60475
-5.60952
-5.61432
-5.61909
-5.62379
-5.62838
-5.63283
-5.63709
-5.64118
-5.64521
-5.64961
-5.65563
-5.66482
487.706
459.589
428.454
372.466
334.251
346.255
344.635
325.263
305.509
293.008
283.52
249.882
81.0978
34.8778
31.6599
29.0471
33.2968
30.49
29.8814
29.6183
22.0746
29.2362
28.8654
28.7314
2.40465
8.10304
27.7172
27.9467
12.9067
4.42003
6.4354
13.3808
1.17634
-0.308945
-3.1123
4.03226
-1.67051
-1.80498
-2.21689
-2.57926
-1.7461
-2.26364
-2.75099
-3.31809
-8.13144
-6.46358
-7.50707
-5.99944
-8.30736
-7.92162
-7.48738
-6.56442
-8.5521
-5.73269
-3.21059
-3.1724
-6.41163
-4.02855
-3.60439
-3.49827
-4.11584
-4.10644
-4.00574
-3.87519
-4.77762
-4.62544
-4.44194
-4.26422
-5.2996
-5.09262
-4.87491
-4.67543
-5.73301
-5.50531
-5.27247
-5.05406
-6.15342
-5.87934
-5.61094
-5.36931
-6.44334
-6.12644
-5.8426
-5.59794
-6.55248
-6.24192
-5.97748
-5.74859
-6.53829
-6.2732
-6.04096
-5.83431
-6.46457
-6.24576
-6.0442
-5.86034
-6.35009
-6.16769
-5.99646
-5.83768
-6.20599
-6.05643
-5.91506
-5.78261
-6.04874
-5.92961
-5.81619
-5.70901
-5.89219
-5.80016
-5.71175
-5.62737
-5.74635
-5.67752
-5.61053
-5.54585
-5.61773
-5.56803
-5.51884
-5.47073
-5.50992
-5.47548
-5.44078
-5.40635
-5.42464
-5.40205
-5.37883
-5.3553
-5.36253
-5.34882
-5.33424
-5.31894
-5.32335
-5.31592
-5.30745
-5.29809
-5.30619
-5.30292
-5.2986
-5.2934
-5.30986
-5.30929
-5.30774
-5.30533
-5.33314
-5.33433
-5.33459
-5.33397
-5.37443
-5.37682
-5.37833
-5.37893
-5.43163
-5.43495
-5.43745
-5.43909
-5.5023
-5.50636
-5.50974
-5.51237
-5.58383
-5.58841
-5.59249
-5.59597
-5.67388
-5.67872
-5.68326
-5.68734
233.325
162.489
99.8164
68.1755
-47.0758
-30.7394
-4.59474
10.0038
492.049
587.232
521.442
819.229
717.398
642.281
287.493
347.176
376.224
466.932
463.632
252.829
118.697
84.0988
55.7773
-4.96454
-213.534
-69.648
62.1635
498.239
759.529
593.502
722.791
702.033
472.385
332.349
324.465
409.551
445.516
447.029
157.341
40.49
29.7365
20.6931
-13.357
-66.1358
-59.3381
272.397
577.963
593.003
639.699
683.745
674.34
334.426
332.766
330.42
414.494
444.62
444.238
29.8675
25.3218
11.5853
-1.61433
-10.8871
-18.2653
19.5932
190.383
316.873
487.22
594.672
636.868
520.386
333.977
331.053
331.984
375.326
412.939
439.196
29.152
27.9728
31.2847
49.1635
-13.1042
-17.708
-73.5087
70.5616
216.612
413.037
537.788
521.667
412.274
335.84
332.772
330.521
320.109
271.266
364.877
28.4319
27.043
25.0032
22.5749
22.1864
10.2575
-16.699
-23.8947
62.6466
272.874
323.19
315.615
294.276
323.245
330.804
318.373
162.577
18.2004
76.9671
27.8849
26.8357
24.9297
22.6113
20.5247
14.8356
5.30119
-14.7167
25.9154
83.6869
83.6235
91.498
89.2126
109.712
147.233
52.1784
6.87072
7.12609
9.20858
26.4846
26.7444
26.1684
25.2692
24.0219
13.0487
-10.5132
29.3573
27.7406
5.53059
3.10874
2.34746
2.15872
2.22823
4.25413
3.58863
4.06058
5.50545
5.55705
-5.75987
14.7066
26.9282
27.9215
27.1813
25.5596
15.1603
1.68059
2.3156
2.80136
2.18277
2.053
2.20815
2.19078
2.4696
1.9008
3.13407
4.16975
-0.957188
-3.24274
-1.53202
19.3492
28.7108
7.63559
-5.09972
0.258086
0.730202
1.63089
2.41466
1.91385
1.79543
1.95611
1.97958
1.8801
1.71589
1.92235
2.43029
4.17757
-3.6675
-3.15289
1.1808
4.78528
-0.921372
-3.71441
0.13996
0.444103
0.93077
1.41286
1.68597
1.57677
1.73254
1.67735
1.50613
1.10613
1.1398
1.99415
1.87811
-3.94771
-3.24827
-2.73787
-1.92938
-2.22475
-2.04628
-0.43113
-0.219579
0.116547
0.664138
0.866539
1.04963
1.25611
1.12511
0.830639
0.476809
0.116605
0.214145
0.27969
-3.57578
-3.3627
-2.98279
-2.49877
-2.77105
-2.56405
-2.02925
-1.70624
-1.30541
-0.674561
-0.430983
0.519893
0.638448
0.467634
0.163366
-0.174529
-0.711208
-0.573769
0.0918476
-3.21807
-3.57838
-3.19162
-2.71059
-2.90421
-2.97505
-2.72225
-2.43328
-2.24889
-2.03484
-1.52039
-0.0298054
0.0734203
-0.17945
-0.485389
-0.685283
-0.974013
-0.72669
-0.0863933
-3.40762
-3.46139
-3.3454
-3.07689
-3.01967
-3.02951
-2.84795
-2.63035
-2.50283
-2.42107
-2.25611
-1.72314
-0.400418
-0.668414
-1.01538
-1.08566
-1.13006
-0.87589
-0.677189
-3.70685
-3.61627
-3.54196
-3.38206
-3.2531
-3.14974
-3.00386
-2.83978
-2.70616
-2.59316
-2.4231
-2.32151
-0.927178
-0.786481
-1.12969
-1.0937
-0.983392
-0.795982
-0.620515
-4.07044
-3.89129
-3.7634
-3.60888
-3.45909
-3.31867
-3.17273
-3.02321
-2.87949
-2.73416
-2.56176
-2.26732
-0.987106
-0.728782
-0.832682
-0.792673
-0.654625
-0.57757
-0.523055
-4.44947
-4.19401
-4.00202
-3.82169
-3.65237
-3.49488
-3.34187
-3.19136
-3.04532
-2.8953
-2.72521
-2.38237
-1.93576
-1.0015
-0.86604
-0.781434
-0.514169
-0.391992
-0.460947
-4.8017
-4.4811
-4.23557
-4.02587
-3.83977
-3.66998
-3.50971
-3.35593
-3.20699
-3.06041
-2.85082
-2.57315
-2.3996
-1.82843
-1.13251
-1.0244
-0.667828
-0.562763
-0.830115
-5.09371
-4.73234
-4.45226
-4.2209
-4.02087
-3.84108
-3.67486
-3.51832
-3.3668
-3.22051
-3.00007
-2.79212
-2.62235
-2.42192
-1.69464
-1.45685
-1.17002
-0.904804
-1.09586
-5.32058
-4.94284
-4.64583
-4.40116
-4.19077
-4.00399
-3.83432
-3.67697
-3.52988
-3.39129
-3.19513
-3.01919
-2.8477
-2.66381
-2.44264
-1.94311
-1.75866
-1.49748
-1.24332
-5.4839
-5.10792
-4.80784
-4.5585
-4.34397
-4.15499
-3.98438
-3.82692
-3.68096
-3.54652
-3.38252
-3.22924
-3.0919
-2.93886
-2.98485
-2.57129
-2.32275
-2.02946
-1.32036
-5.58703
-5.22611
-4.93378
-4.68849
-4.47734
-4.29138
-4.1232
-3.96777
-3.82178
-3.67981
-3.53711
-3.39003
-3.27423
-3.19633
-3.27857
-3.05397
-2.27008
-2.09557
-0.834359
-5.6358
-5.30188
-5.02632
-4.79312
-4.59171
-4.41355
-4.25206
-4.10211
-3.95858
-3.81666
-3.67453
-3.50221
-3.3517
-3.2193
-3.18203
-2.85587
-2.03228
-1.72035
0.807917
-5.64148
-5.34371
-5.09283
-4.87809
-4.69127
-4.5252
-4.3742
-4.23265
-4.09417
-3.95488
-3.80183
-3.61013
-3.41838
-3.17893
-3.00778
-2.74447
-2.30991
-3.82146
-0.615335
-5.61708
-5.36053
-5.13993
-4.94837
-4.78008
-4.62963
-4.49205
-4.36184
-4.23279
-4.10119
-3.94686
-3.74717
-3.53064
-3.30228
-3.24328
-3.19286
-4.55004
-5.16862
-6.36226
-5.57357
-5.35937
-5.17165
-5.00612
-4.85914
-4.72696
-4.60576
-4.49123
-4.37779
-4.25784
-4.11705
-3.92687
-3.68774
-3.49302
-3.64714
-4.12065
-4.78568
-4.97107
-5.18101
-5.51964
-5.34592
-5.19085
-5.05204
-4.92762
-4.81565
-4.7143
-4.62152
-4.53274
-4.43909
-4.32594
-4.16578
-3.9547
-3.84977
-4.93539
-5.17975
-4.71445
-4.67157
-4.57064
-5.46251
-5.32547
-5.20076
-5.08762
-4.98572
-4.89497
-4.81619
-4.75071
-4.69695
-4.65091
-4.5982
-4.51573
-4.41851
-4.49941
-5.52501
-6.29027
-4.94965
-4.76863
-4.57617
-5.40812
-5.30298
-5.20538
-5.11589
-5.0353
-4.96502
-4.90873
-4.87325
-4.86832
-4.89679
-4.92154
-4.92792
-4.91826
-4.96435
-5.44067
-5.99144
-5.29809
-4.9858
-5.00109
-5.36087
-5.28264
-5.20872
-5.14048
-5.07904
-5.02661
-4.98878
-4.98102
-5.03777
-5.14951
-5.20559
-5.2275
-5.19456
-5.1603
-5.53707
-5.79173
-5.66281
-5.02556
-4.86452
-5.3235
-5.26749
-5.21402
-5.16471
-5.12003
-5.08033
-5.04992
-5.05591
-5.17235
-5.36929
-5.31191
-5.25689
-5.17415
-5.19635
-5.35845
-5.19461
-5.42569
-4.87262
-4.69349
-5.2977
-5.25961
-5.22348
-5.19114
-5.1614
-5.12987
-5.08932
-5.05734
-5.18944
-5.51664
-5.35777
-5.18507
-5.03328
-5.04628
-5.0049
-4.70729
-4.88968
-4.85588
-4.81059
-5.28473
-5.26047
-5.23837
-5.22138
-5.20899
-5.19272
-5.14109
-5.01832
-5.1014
-5.57911
-5.54435
-5.30986
-4.91309
-4.97113
-4.82226
-4.71975
-4.87858
-4.97034
-4.98952
-5.28563
-5.27119
-5.25942
-5.25582
-5.26489
-5.28936
-5.29255
-5.23129
-5.50084
-5.9132
-5.86176
-5.60534
-5.40874
-5.34538
-5.25863
-5.12803
-5.07422
-5.08528
-5.06068
-5.30123
-5.29284
-5.28714
-5.29208
-5.31936
-5.4005
-5.4748
-5.47877
-5.60098
-5.84155
-5.84329
-5.60832
-5.48348
-5.41515
-5.36274
-5.27552
-5.21365
-5.18186
-5.17395
-5.33211
-5.32684
-5.32296
-5.3295
-5.36095
-5.48006
-5.54807
-5.53324
-5.56239
-5.7037
-5.75157
-5.60666
-5.53627
-5.48413
-5.4338
-5.3793
-5.3342
-5.30221
-5.28258
-5.37855
-5.37495
-5.37037
-5.37224
-5.40343
-5.50648
-5.56922
-5.54895
-5.57576
-5.66885
-5.69952
-5.65246
-5.60695
-5.56526
-5.52434
-5.48487
-5.45157
-5.42698
-5.412
-5.44004
-5.43815
-5.43344
-5.43176
-5.45579
-5.57285
-5.65103
-5.62676
-5.6576
-5.71005
-5.73048
-5.71363
-5.68417
-5.65202
-5.61991
-5.58995
-5.56468
-5.54592
-5.53492
-5.51471
-5.51515
-5.51203
-5.51114
-5.53004
-5.71777
-5.81526
-5.77491
-5.77951
-5.79487
-5.79968
-5.78792
-5.76641
-5.74145
-5.71619
-5.69297
-5.67352
-5.65917
-5.65076
-5.5996
-5.6024
-5.60143
-5.60334
-5.62355
-5.88345
-5.97534
-5.92716
-5.90162
-5.89138
-5.88305
-5.86994
-5.85211
-5.83205
-5.81197
-5.79367
-5.77862
-5.76763
-5.76129
-5.69189
-5.69618
-5.69555
-5.69287
-5.73514
-6.01426
-6.23789
-6.0816
-6.02117
-5.98982
-5.97135
-5.95625
-5.94065
-5.92419
-5.90798
-5.89346
-5.88172
-5.87327
-5.86842
550.06
551.835
557.526
569.367
592.742
619.629
648.162
678.122
708.555
739.515
771.601
805.482
841.46
879.093
908.799
942.436
987.127
1005.81
1005.99
1029.47
1065.17
1101.66
1095.18
489.964
491.882
497.248
507.9
532.861
560.439
589.051
618.89
649.298
680.257
712.299
746.143
782.194
820.289
855.019
878.654
923.298
949.982
953.41
951.836
996.035
1032.92
1032.11
428.177
430.415
434.147
440.391
470.492
501.131
529.578
559.206
589.57
620.476
652.404
686.087
721.959
759.861
795.784
821.65
866.564
905.247
909.172
894.268
932.984
961.31
964.206
365.257
367.372
366.47
362.76
404.64
442.718
470.212
499.267
529.421
560.181
591.942
625.447
661.232
699.219
737.248
771.813
813.614
851.961
862.468
853.87
875.014
891.502
894.929
301.175
302.593
296.712
288.41
342.625
385.446
410.787
439.048
468.923
499.473
530.986
564.245
599.988
638.482
678.72
718.912
761.336
799.31
816.941
813.874
818.293
823.953
825.814
236.392
235.648
229.88
227.168
283.557
326.735
350.486
378.433
408.129
438.419
469.572
502.464
538.121
577.303
619.898
664.638
710.06
749.477
770.576
768.043
760.52
757.102
756.644
172.596
166.343
165.591
175.945
219.206
262.344
288.534
317.32
347.096
377.083
407.728
440.055
475.463
515.335
560.441
609.802
659.946
702.57
725.104
719.854
701.767
689.288
686.64
108.154
94.7336
100.422
126.568
154.817
194.495
225.266
255.84
285.941
315.546
345.486
376.947
411.799
452.176
499.892
554.583
611.063
658.824
682.463
671.336
640.496
618.306
616.523
344.396
338.834
264.499
261.861
270.574
552.809
949.154
1078.48
1114.74
1126.81
1083.09
1085.18
890.787
921.455
1235.49
949.687
776.878
723.494
925.759
279.463
228.183
223.072
223.21
223.158
415.773
888.348
1022.63
1069.42
1021.86
1040.57
831.039
693.449
768.868
1118.75
901.78
735.902
572.083
868.813
262.721
223.293
222.966
223.109
222.91
315.787
792.965
976.982
1091.99
975.886
894.05
688.156
691.183
700.791
1017.38
771.292
645.705
452.197
747.012
263.197
221.281
222.908
223.018
214.555
258.325
615.252
934.038
1104.82
944.575
695.206
681.652
690.478
698.802
902.368
510.322
486.827
501.913
786.023
258.933
231.618
222.62
217.38
133.134
97.7769
305.79
858.727
1112.95
822.367
648.97
678.77
684.794
674.429
710.365
382.997
397.114
484.167
863.501
223.051
222.768
219.159
150.874
33.1075
-2.52599
24.8691
725.601
1098.67
628.452
628.019
663.071
666.627
569.581
501.149
391.838
365.749
412.274
862.797
219.067
221.105
175.326
80.5281
-22.0482
-6.78154
4.07551
538.661
995.203
573.368
607.916
762.923
761.62
511.409
371.56
380.145
338.939
401.329
742.057
211.468
188.168
110.453
20.6728
-25.9394
-8.1035
-4.30446
315.729
830.523
516.16
568.758
755.746
780.689
488.334
342.465
369.596
338.208
487.317
629.432
32.0345
20.9383
27.2656
41.4149
68.723
108.705
143.998
177.132
207.621
236.465
265.18
295.004
328.524
368.984
419.998
482.635
550.138
607.71
633.531
611.824
560.335
521.445
506.972
9.8339
9.78168
9.54872
9.53271
9.57273
12.5222
26.6005
50.8561
79.8675
106.206
131.374
155.871
184.17
221.175
275.709
356.591
452.794
540.14
573.67
497.57
372.541
336.744
325.03
9.52815
9.37165
9.28476
9.27616
9.31102
9.27923
9.3067
8.75689
9.80207
13.2451
21.7323
28.5032
39.6261
56.4435
97.5789
207.412
347.14
496.117
570.661
462.381
354.575
324.73
311.563
9.08758
8.98509
8.98236
9.02044
9.05416
9.05447
8.94681
8.74973
8.71642
8.89149
8.99189
8.69694
8.31654
8.54574
11.1129
67.0765
197.924
478.693
573.66
327.294
310.544
256.3
114.638
8.65634
8.58665
8.65533
8.73611
8.75459
8.73918
8.67353
8.57342
8.59037
8.69211
8.75607
8.63325
8.3191
8.20553
7.71571
-11.3166
-107.353
51.2026
11.1838
7.79324
86.8716
126.486
46.5741
8.37463
8.35615
8.41251
8.46851
8.47731
8.46428
8.43925
8.42401
8.45144
8.5054
8.53733
8.52388
8.49143
8.81952
9.47112
16.1792
52.2314
-12.3055
-13.5911
-10.6615
-3.15642
27.2188
17.1735
8.15187
8.13999
8.17579
8.20382
8.20768
8.20218
8.2006
8.21642
8.25388
8.30315
8.35252
8.4248
8.61317
9.03946
9.8672
11.7188
18.4092
-20.9708
-21.2233
-16.3404
-11.1225
-11.3637
3.05906
7.88519
7.90549
7.92228
7.93336
7.93348
7.93144
7.93632
7.95811
7.99621
8.04357
8.09813
8.17142
8.29717
8.51683
9.15399
6.46612
-11.6533
-19.2704
-19.4154
-14.207
-8.91456
25.203
19.4986
7.63081
7.64616
7.65098
7.65028
7.64604
7.64297
7.6462
7.66251
7.69232
7.72831
7.76256
7.77968
7.7045
7.452
5.55519
-6.09003
-9.37244
-9.13346
-11.7573
-13.5142
-2.98875
31.693
2.83954
7.3585
7.36119
7.36039
7.3532
7.34354
7.33524
7.33171
7.33731
7.35344
7.37348
7.38624
7.3737
7.30374
7.23126
6.17695
-4.88593
-3.71672
-2.5473
-7.0197
-7.12291
-0.218333
-11.5957
-1.5659
7.0772
7.07312
7.06443
7.04903
7.03016
7.01173
6.99661
6.98807
6.98859
6.9939
6.99404
6.98101
6.96029
6.95632
6.85965
2.95514
11.8692
-8.11061
-8.57742
-8.56907
-9.6943
-13.5476
-2.77646
6.79996
6.78996
6.77148
6.74419
6.71105
6.67651
6.64427
6.61807
6.60142
6.59249
6.58229
6.55854
6.50255
6.36014
6.02941
5.36839
14.0025
-5.73992
-9.52667
-9.5021
-9.32051
-8.45089
-9.86805
6.53016
6.51433
6.48556
6.4435
6.39073
6.33267
6.27594
6.227
6.1913
6.16977
6.1546
6.13002
6.06994
5.92102
5.59813
5.37929
5.44284
-25.0837
-10.3123
-10.0171
-8.01158
-8.27618
-8.6633
6.27172
6.25046
6.21153
6.15268
6.07478
5.98397
5.89137
5.80977
5.75058
5.71981
5.71305
5.71423
5.69923
5.6418
5.55482
5.59579
4.14414
-15.7509
-9.07037
-9.51542
-7.4088
-7.66182
-8.11031
6.0277
6.00327
5.95661
5.88075
5.77235
5.63646
5.48883
5.35394
5.25898
5.2209
5.24132
5.30121
5.36392
5.3919
5.35915
5.18613
4.70443
-1.85353
-7.15198
-7.49799
-7.31987
-7.32423
-8.25542
5.79901
5.77694
5.72974
5.64147
5.49876
5.29953
5.06427
4.83361
4.67445
4.62479
4.70122
4.8725
5.06203
5.20322
5.26586
5.16845
5.00846
1.61409
-5.50776
-7.09605
-7.01958
-7.37171
-6.67418
5.58122
5.57163
5.53983
5.45467
5.28021
4.99135
4.60404
4.19504
3.90635
3.82081
4.00484
4.38528
4.78668
5.11843
5.37403
5.27551
4.97227
4.95969
2.37477
-7.19519
-7.03528
-8.33345
-4.85322
5.35787
5.37745
5.39104
5.34566
5.16072
4.74931
4.0941
3.29707
2.75498
2.46277
2.90763
3.71167
4.47907
5.18883
5.7176
5.45208
4.75585
5.21054
2.82155
-2.55025
-10.0569
-6.20577
-5.46453
5.09155
5.16264
5.26772
5.33256
5.20158
4.62409
3.39607
1.6789
0.439389
-1.10598
0.95531
2.57901
3.63968
4.78892
6.10311
3.40912
1.93367
-0.385346
-3.30454
-4.09327
-5.4461
-6.19016
-5.8802
4.7166
4.85627
5.10079
5.38161
5.42635
4.7886
2.53641
-3.70136
-6.68779
-8.30523
-4.79471
-0.777439
0.0183341
0.470145
-2.63732
-6.71985
-7.51728
-6.5675
-8.28044
-8.0808
-7.25296
-6.7869
-6.35478
4.14506
4.33731
4.71526
5.27483
5.62282
4.0449
-2.86981
-4.50975
-5.80371
-7.09599
-5.97575
-5.22552
-8.81896
-10.5597
-8.65331
-8.06029
-8.55623
-8.77156
-8.82595
-8.661
-8.00437
-7.35795
-6.69829
3.30796
3.47047
3.81037
4.33424
4.02081
-0.405158
-4.04244
-5.02166
-5.29829
-5.51146
-4.55806
-5.67265
-12.1163
-12.0368
-10.2562
-9.1563
-8.85884
-8.8918
-9.02093
-8.89568
-8.29578
-7.56653
-6.81624
2.23504
2.24419
2.17895
1.61616
-1.95192
-8.26466
-6.83039
-5.0308
-4.80728
-3.80698
-2.15482
-3.73779
-9.25653
-10.7169
-9.74009
-9.2772
-8.92399
-8.86238
-8.86961
-8.68409
-8.17108
-7.4615
-6.76418
1.09332
0.933109
0.477539
-0.74621
-4.04771
-9.18441
-6.56888
-5.7634
-4.84353
-3.58209
-2.2575
-3.19319
-7.20816
-8.62935
-9.96089
-9.6314
-9.03034
-8.91766
-8.78027
-8.42431
-7.85726
-7.2196
-6.64643
0.0629342
-0.163066
-0.707502
-1.8062
-3.90843
-6.2224
-6.14884
-5.54824
-4.71253
-3.76681
-3.41244
-4.45289
-7.21814
-8.06505
-10.0243
-9.58323
-8.97025
-8.86197
-8.56709
-8.03917
-7.47465
-6.95528
-6.49934
-0.772316
-0.989243
-1.45858
-2.2375
-3.33392
-4.42889
-4.8783
-4.7682
-4.36578
-3.87443
-3.63844
-4.29032
-6.76891
-7.19028
-8.15411
-8.48538
-8.60378
-8.49152
-8.05677
-7.54374
-7.09102
-6.689
-6.32737
-1.4269
-1.6083
-1.97127
-2.51335
-3.18879
-3.83688
-4.22872
-4.3316
-4.24948
-4.10832
-4.09837
-4.8451
-7.4211
-7.99936
-7.88774
-8.10985
-8.13064
-7.82857
-7.42561
-7.05788
-6.72945
-6.42542
-6.14467
-1.9481
-2.08973
-2.35998
-2.74128
-3.19057
-3.62589
-3.95411
-4.14295
-4.23365
-4.314
-4.54131
-5.26434
-6.85407
-8.45111
-7.92871
-7.64629
-7.38012
-7.11048
-6.86379
-6.62764
-6.39828
-6.17662
-5.96574
-2.37512
-2.48261
-2.68198
-2.95615
-3.27391
-3.59154
-3.86344
-4.07046
-4.23079
-4.39469
-4.64565
-5.11367
-5.92791
-6.63473
-6.75602
-6.71249
-6.6328
-6.5268
-6.40006
-6.25799
-6.10721
-5.95317
-5.80081
-2.73597
-2.81745
-2.9651
-3.16604
-3.39989
-3.64111
-3.86517
-4.0604
-4.2345
-4.41284
-4.63364
-4.93865
-5.33697
-5.72785
-5.95554
-6.05983
-6.09445
-6.07866
-6.02832
-5.95357
-5.86244
-5.76163
-5.6565
-3.05127
-3.11267
-3.2231
-3.37282
-3.54884
-3.73559
-3.91852
-4.09027
-4.25322
-4.41873
-4.60391
-4.82432
-5.07754
-5.3262
-5.51884
-5.64527
-5.71817
-5.7478
-5.74364
-5.71394
-5.6657
-5.60491
-5.53635
-3.3351
-3.38112
-3.46449
-3.5776
-3.71197
-3.85769
-4.00586
-4.15148
-4.29427
-4.43844
-4.5913
-4.75851
-4.93773
-5.1139
-5.26626
-5.38366
-5.46536
-5.51441
-5.53562
-5.53416
-5.51511
-5.483
-5.44164
-3.59555
-3.63096
-3.69473
-3.78106
-3.8848
-3.99932
-4.11892
-4.23979
-4.36044
-4.48192
-4.60698
-4.73779
-4.87282
-5.00538
-5.12582
-5.22656
-5.30438
-5.35907
-5.39245
-5.40738
-5.407
-5.39444
-5.37253
-3.83897
-3.86718
-3.91652
-3.98269
-4.0633
-4.15392
-4.25024
-4.34908
-4.44867
-4.54891
-4.65068
-4.75467
-4.85986
-4.96287
-5.05872
-5.14274
-5.21203
-5.26541
-5.30316
-5.32647
-5.33713
-5.3371
-5.32843
-4.0713
-4.09376
-4.13192
-4.18262
-4.24535
-4.31696
-4.39394
-4.47363
-4.55453
-4.63618
-4.71865
-4.80189
-4.88512
-4.96641
-5.04302
-5.11217
-5.17174
-5.22046
-5.25791
-5.28443
-5.30082
-5.30822
-5.30802
-4.29649
-4.31391
-4.34323
-4.38209
-4.43065
-4.48657
-4.54716
-4.61045
-4.67522
-4.74085
-4.80702
-4.87341
-4.93936
-5.00371
-5.06487
-5.12115
-5.17109
-5.21363
-5.24819
-5.27466
-5.2933
-5.3047
-5.30965
-4.51685
-4.53003
-4.55221
-4.58177
-4.61884
-4.66165
-4.70837
-4.75765
-4.80849
-4.86022
-4.91237
-4.96456
-5.01626
-5.06674
-5.11504
-5.16009
-5.20092
-5.23674
-5.26704
-5.29158
-5.31037
-5.3236
-5.3316
-4.73374
-4.74356
-4.75966
-4.7815
-4.80903
-4.84096
-4.87604
-4.91333
-4.95208
-4.99166
-5.03162
-5.0716
-5.1112
-5.14992
-5.18717
-5.2223
-5.25466
-5.28375
-5.30919
-5.33079
-5.34848
-5.36224
-5.37201
-4.94758
-4.95486
-4.96581
-4.98111
-5.00064
-5.0235
-5.0488
-5.07585
-5.10409
-5.13305
-5.16234
-5.19169
-5.2208
-5.24934
-5.27695
-5.30322
-5.32779
-5.35033
-5.37065
-5.3887
-5.40448
-5.41788
-5.42858
-5.15812
-5.16357
-5.17062
-5.18055
-5.1934
-5.20863
-5.22562
-5.2439
-5.26305
-5.28274
-5.30272
-5.32277
-5.34271
-5.36233
-5.3814
-5.39971
-5.41704
-5.43326
-5.44833
-5.46234
-5.47544
-5.48773
-5.49879
-5.36542
-5.36959
-5.3741
-5.37975
-5.38711
-5.39591
-5.40582
-5.41655
-5.42785
-5.43949
-5.45134
-5.46326
-5.47514
-5.48687
-5.49833
-5.50942
-5.52003
-5.53013
-5.53974
-5.5491
-5.55872
-5.56916
-5.58003
-5.57059
-5.57424
-5.57667
-5.57878
-5.58164
-5.58507
-5.58897
-5.59322
-5.59772
-5.60238
-5.60713
-5.61192
-5.61671
-5.62145
-5.6261
-5.63062
-5.63498
-5.63915
-5.64319
-5.64732
-5.65224
-5.65991
-5.67001
473.519
445.462
405.244
327.833
342.829
345.055
340.562
300.85
297.822
286.071
270.827
215.658
54.222
32.0011
31.2438
28.3681
31.4654
30.0182
29.7776
29.4378
28.4281
29.0232
28.7801
28.6487
3.24074
19.6893
27.9793
27.948
9.43448
4.41837
11.3554
17.4833
0.347125
-1.56899
-1.4491
-1.06591
-1.75331
-1.94857
-2.42262
-2.81446
-1.51226
-2.45628
-3.12451
-3.46656
-7.07936
-6.43961
-8.41374
-4.88802
-8.28782
-7.61759
-7.37093
-4.63952
-6.87912
-4.42681
-3.10336
-3.1615
-5.72168
-3.67197
-3.54708
-3.45366
-4.2016
-4.0581
-3.94386
-3.80629
-4.70365
-4.53818
-4.34855
-4.18626
-5.2022
-4.98174
-4.77305
-4.5843
-5.62057
-5.3886
-5.15982
-4.95499
-6.01751
-5.74254
-5.48636
-5.26066
-6.28063
-5.98019
-5.71523
-5.48963
-6.39001
-6.10515
-5.85881
-5.64602
-6.40117
-6.15354
-5.93474
-5.73912
-6.35346
-6.14255
-5.95028
-5.7742
-6.25779
-6.08044
-5.9156
-5.76265
-6.13037
-5.98459
-5.84777
-5.71952
-5.98863
-5.87208
-5.76187
-5.65757
-5.84585
-5.75542
-5.66909
-5.58659
-5.7118
-5.64373
-5.57791
-5.5144
-5.59289
-5.54331
-5.49464
-5.44718
-5.49279
-5.45812
-5.42352
-5.38933
-5.41346
-5.39049
-5.3671
-5.34346
-5.3558
-5.34163
-5.32667
-5.31108
-5.31976
-5.31182
-5.30286
-5.29317
-5.30469
-5.30089
-5.29609
-5.29057
-5.3097
-5.30864
-5.30663
-5.30388
-5.33385
-5.33458
-5.33438
-5.33337
-5.37573
-5.3777
-5.37874
-5.3789
-5.43338
-5.43631
-5.43838
-5.43957
-5.50441
-5.50814
-5.51115
-5.51337
-5.58617
-5.59052
-5.59431
-5.59744
-5.67633
-5.68104
-5.68537
-5.68915
196.705
126.94
78.9519
24.0336
-72.2135
-8.61186
-3.79646
189.178
665.617
515.46
622.536
738.028
721.144
342.303
312.81
357.35
440.171
467.553
459.516
180.223
87.4558
76.6371
35.5287
-123.605
-194.405
-28.2555
263.753
714.055
682.867
627.527
726.764
676.205
329.25
328.397
331.969
444.338
446.159
447.474
93.3281
21.7765
38.38
5.00628
-34.1787
-108.451
89.4847
446.829
633.687
621.298
654.204
692.436
495.284
334.046
331.282
328.207
438.897
445.738
446.937
32.6543
14.7641
23.3044
-8.2569
-13.3372
-16.5266
112.384
217.333
396.735
555.967
621.599
615.623
359.851
332.452
330.801
342.484
388.593
437.546
434.872
28.7014
26.975
45.625
25.667
-27.1781
-28.6091
12.0615
130.334
319.168
493.098
542.739
485.109
333.3
334.174
331.645
329.253
292.409
293.072
306.532
27.8676
26.0925
23.7772
21.3631
18.4935
-3.34114
-22.9576
-5.58318
173.372
311.353
320.977
309.27
287.776
331.014
328.863
263.885
105.669
48.3199
114.934
27.4486
25.9877
23.7269
21.7172
18.3338
10.573
-3.75293
-31.98
67.654
81.3762
87.6258
91.5916
91.6098
138.804
117.02
18.4349
5.61257
8.50588
77.3688
27.0883
26.5047
25.751
24.738
21.4458
-2.15134
16.6788
32.2181
16.5206
3.52615
2.78002
2.10883
1.95495
2.95987
4.78037
3.45879
4.84889
5.57402
29.0197
9.53771
18.2819
27.6057
27.7116
28.7092
20.6631
2.56087
1.78142
2.71441
2.48613
2.06217
2.12934
2.19209
2.31235
2.12546
2.7159
3.72239
3.28535
21.3563
-3.40836
6.07044
27.0183
20.7687
-6.10863
-2.10174
0.504154
1.06333
2.27833
2.13464
1.79895
1.86792
1.97135
1.98822
1.70344
1.75151
2.20625
2.40361
10.8113
-3.66628
-1.85917
4.15834
2.7917
-3.37662
-1.16272
0.278935
0.601097
1.25982
1.61088
1.59975
1.65664
1.72638
1.6156
1.30535
1.03472
1.59312
2.36119
4.06748
-3.44848
-3.0149
-2.48662
-1.86668
-2.54271
-1.04539
-0.335426
-0.0389992
0.35709
0.990862
0.89633
1.15255
1.24435
0.982955
0.659457
0.282762
-0.0893165
0.957595
1.17756
-3.36472
-3.23836
-2.72847
-2.53679
-2.77787
-2.24294
-1.87034
-1.5479
-1.01409
-0.418561
0.30786
0.582334
0.611083
0.31474
0.00981271
-0.418956
-0.908392
0.0289739
0.0256619
-3.45901
-3.45073
-2.91942
-2.7338
-3.00834
-2.86721
-2.56809
-2.33228
-2.15656
-1.91354
-0.680546
0.106192
-0.016724
-0.3541
-0.584818
-0.817975
-1.05552
-0.271581
-0.164999
-3.42615
-3.43416
-3.2127
-3.01103
-3.04703
-2.95476
-2.73525
-2.54877
-2.47286
-2.35574
-2.03683
-0.663467
-0.491084
-0.874968
-1.06806
-1.11193
-1.18583
-0.711984
-0.657777
-3.63918
-3.59216
-3.46383
-3.30935
-3.20272
-3.08348
-2.92078
-2.76605
-2.65628
-2.53161
-2.33206
-1.44734
-0.731335
-0.982204
-1.15712
-1.03895
-0.909129
-0.696399
-0.519696
-3.96499
-3.82943
-3.68723
-3.5321
-3.38859
-3.2471
-3.09739
-2.95043
-2.8091
-2.67901
-2.37795
-1.93101
-0.750568
-0.783941
-0.835846
-0.721409
-0.600247
-0.53403
-0.410757
-4.30833
-4.09524
-3.91085
-3.73534
-3.57258
-3.41821
-3.26605
-3.11778
-2.97031
-2.81669
-2.4899
-2.29958
-1.31547
-0.885449
-0.858927
-0.648292
-0.428895
-0.438249
-0.189867
-4.62859
-4.35225
-4.12731
-3.93034
-3.75331
-3.58892
-3.43206
-3.28118
-3.13319
-2.97663
-2.68634
-2.49466
-2.26706
-1.23215
-1.11705
-0.842485
-0.429632
-0.803805
-0.446499
-4.89966
-4.58461
-4.33186
-4.11774
-3.92895
-3.75654
-3.59548
-3.44228
-3.29604
-3.14095
-2.87792
-2.71423
-2.51621
-2.2014
-1.54017
-1.29411
-0.931176
-1.05703
-1.05058
-5.11807
-4.78659
-4.51823
-4.29249
-4.09487
-3.9174
-3.7542
-3.60173
-3.46561
-3.29024
-3.10145
-2.93289
-2.75442
-2.62221
-2.10981
-1.84425
-1.67383
-1.32235
-1.2373
-5.28358
-4.95043
-4.67797
-4.44755
-4.24678
-4.06779
-3.90416
-3.75257
-3.61321
-3.46701
-3.30563
-3.15945
-3.00529
-2.92965
-2.86318
-2.39427
-2.3787
-1.70529
-1.33422
-5.39589
-5.07311
-4.80615
-4.57927
-4.38172
-4.20542
-4.04412
-3.89381
-3.75085
-3.60903
-3.46568
-3.32414
-3.23865
-3.23975
-3.28115
-2.6095
-2.22382
-1.57683
-0.587769
-5.46006
-5.15806
-4.90512
-4.68904
-4.50015
-4.33106
-4.17597
-4.02986
-3.8872
-3.74726
-3.59087
-3.41775
-3.31559
-3.22167
-3.10576
-2.41268
-1.99391
-0.545508
-0.48499
-5.48572
-5.21322
-4.98149
-4.78166
-4.60602
-4.44816
-4.30263
-4.16344
-4.02407
-3.88197
-3.70695
-3.50724
-3.31996
-3.0607
-2.96283
-2.38965
-3.07352
-3.40152
-0.583042
-5.48363
-5.24628
-5.04088
-4.86166
-4.70296
-4.55955
-4.4264
-4.29756
-4.16707
-4.03274
-3.85011
-3.63946
-3.40781
-3.26037
-3.20106
-3.5763
-5.17971
-4.63862
-3.02273
-5.46274
-5.26255
-5.08632
-4.93056
-4.79144
-4.66523
-4.54796
-4.43479
-4.31918
-4.19198
-4.02802
-3.81279
-3.60995
-3.57435
-3.66445
-4.56782
-4.86454
-4.61192
-3.89203
-5.43021
-5.26626
-5.11951
-4.98816
-4.8702
-4.76376
-4.66702
-4.5771
-4.48722
-4.38635
-4.25357
-4.06177
-3.89838
-4.12445
-5.44971
-4.88611
-4.67827
-4.56389
-3.91052
-5.39233
-5.26166
-5.14275
-5.03528
-4.93893
-4.85398
-4.78178
-4.72256
-4.67345
-4.6269
-4.56194
-4.46436
-4.41746
-4.75007
-6.12918
-5.60285
-4.82319
-4.68924
-3.78371
-5.3546
-5.25323
-5.15957
-5.07442
-4.99871
-4.93482
-4.88785
-4.86622
-4.87993
-4.912
-4.92614
-4.92599
-4.90364
-5.12654
-5.70626
-5.55897
-5.12564
-4.86686
-4.90118
-5.32129
-5.24506
-5.17381
-5.10885
-5.05147
-5.0053
-4.97928
-4.99922
-5.0933
-5.18892
-5.21496
-5.22992
-5.12597
-5.33986
-5.62858
-5.86406
-5.40319
-4.74933
-4.67487
-5.2953
-5.24032
-5.18878
-5.14179
-5.09939
-5.0632
-5.04475
-5.09604
-5.28162
-5.37151
-5.27146
-5.22807
-5.11762
-5.31223
-5.2605
-5.33067
-5.25953
-4.59981
-4.1478
-5.27858
-5.24115
-5.20679
-5.17632
-5.1463
-5.11103
-5.06701
-5.07991
-5.39978
-5.46357
-5.26746
-5.09874
-5.01073
-5.06418
-4.81194
-4.72231
-4.87686
-4.77063
-4.55216
-5.27254
-5.24894
-5.22913
-5.21473
-5.20257
-5.17508
-5.08833
-4.99014
-5.34882
-5.60901
-5.46573
-5.07039
-4.9338
-4.92916
-4.72882
-4.78584
-4.92931
-4.97158
-5.1067
-5.27837
-5.26465
-5.25628
-5.25839
-5.27491
-5.29962
-5.26648
-5.29176
-5.76371
-5.91371
-5.7571
-5.44363
-5.39468
-5.26789
-5.20621
-5.09188
-5.07144
-5.0858
-5.09929
-5.29707
-5.28922
-5.28771
-5.30189
-5.34898
-5.45068
-5.48058
-5.50613
-5.7335
-5.87054
-5.76722
-5.52258
-5.44676
-5.38811
-5.32226
-5.23683
-5.19679
-5.1764
-5.15554
-5.32967
-5.32429
-5.324
-5.3423
-5.41006
-5.53047
-5.54551
-5.53093
-5.627
-5.74765
-5.68736
-5.56463
-5.50926
-5.45932
-5.40656
-5.3538
-5.3164
-5.28986
-5.27328
-5.37715
-5.37245
-5.36984
-5.38006
-5.44671
-5.55225
-5.56234
-5.55044
-5.61892
-5.69668
-5.6819
-5.62863
-5.58598
-5.54476
-5.50417
-5.4667
-5.43731
-5.41767
-5.40973
-5.43964
-5.43591
-5.43157
-5.43706
-5.49944
-5.63261
-5.63667
-5.63522
-5.6854
-5.72523
-5.72536
-5.69953
-5.66824
-5.63583
-5.60449
-5.57638
-5.55402
-5.53921
-5.53335
-5.51551
-5.51386
-5.51042
-5.51559
-5.59222
-5.80968
-5.7859
-5.77557
-5.78758
-5.79937
-5.79565
-5.77788
-5.75413
-5.72872
-5.70418
-5.68262
-5.66542
-5.65407
-5.649
-5.60158
-5.6022
-5.60111
-5.60958
-5.68212
-6.01321
-5.9532
-5.91545
-5.89594
-5.8876
-5.87722
-5.86147
-5.8422
-5.82189
-5.80251
-5.78563
-5.77253
-5.76356
-5.75944
-5.69468
-5.69638
-5.69431
-5.69242
-5.64056
-6.35599
-6.13586
-6.04765
-6.00309
-5.97973
-5.96373
-5.94859
-5.93248
-5.91596
-5.90043
-5.8872
-5.87704
-5.87015
-5.86571
550.301
520.593
524.571
531.837
549.82
576.451
604.243
633.602
663.755
694.364
725.799
758.72
793.786
830.63
867.692
895.331
930.661
972.141
970.433
987.038
1000.52
1056.9
1068.98
490.723
459.668
463.755
468.98
487.188
516.808
544.967
574.077
604.227
634.879
666.256
699.049
733.902
770.899
809.492
836.984
868.392
915.623
934.326
922.187
935.904
985.755
999.511
429.011
397.515
400.829
399.236
416.438
456.681
485.631
514.407
544.336
574.879
606.138
638.778
673.464
710.362
748.698
781.434
816.78
862.002
888.491
876.915
884.526
917.862
928.742
366.128
333.969
335.383
323.972
342.478
397.6
427.047
454.603
484.109
514.459
545.53
577.955
612.48
649.502
688.596
726.774
766.051
807.791
836.528
836.582
838.158
853.203
859.188
302.866
268.69
268.391
254.664
278.359
340.371
368.164
394.451
423.569
453.695
484.499
516.606
550.914
588.159
628.46
670.447
713.759
756.14
787.277
794.484
789.332
789.868
790.507
240.23
201.513
200.641
194.585
222.431
277.893
306.985
333.52
362.707
392.653
423.095
454.736
488.684
526.126
567.861
613.488
661.335
706.754
739.792
748.526
737.379
726.346
721.75
178.447
132.643
131.406
138.85
170.135
208.278
242.694
271.685
301.574
331.411
361.37
392.335
425.666
463.125
506.327
555.776
609.116
659.61
695.466
703.07
683.625
660.24
651.009
117.412
58.559
58.8801
80.5285
109.204
141.676
177.142
209.396
240.352
270.091
299.398
329.405
361.722
398.829
443.33
496.957
557.079
614.82
654.928
659.992
629.688
593.579
579.191
417.41
312.964
229.316
227.427
232.219
285.783
790.168
999.544
1065.3
1110.5
1078.21
1002.26
870.286
714.355
1113.19
942.651
851.629
681.758
786.658
371.779
230.358
222.864
223.177
222.999
233.771
706.888
928.094
1044.53
1035.19
1024.23
828.112
691.659
697.136
928.368
827.028
799.806
553.669
559.009
403.12
229.946
222.817
223.109
222.907
216.002
547.758
839.021
1053.63
1018.52
925.316
681.694
688.427
694.958
732.13
731.905
611.585
506.492
543.233
336.246
228.623
232.014
222.996
216.962
149.291
313.741
693.269
1058.57
1033.11
725.239
669.579
686.636
692.653
695.758
602.342
408.171
428.791
665.993
287.469
228.559
222.175
218.221
137.641
41.308
21.6528
432.787
1014.41
1021.21
622.996
661.856
674.127
672.686
588.069
470.023
381.4
390.355
708.439
239.949
223.335
218.781
165.456
43.5937
-11.3686
-0.497916
129.189
892.022
905.156
591.664
645.102
702.506
693.896
398.167
405.084
352.87
332.793
687.68
222.596
219.349
182.71
94.6431
-19.7764
-14.2454
-4.2716
49.2248
719.181
675.182
562.968
705.948
779.214
812.099
383.231
389.542
332.265
333.071
642.32
216.789
191.026
127.583
56.5629
-31.9699
-16.496
-5.15381
-4.22961
574.869
586.107
534.402
802.915
725.082
718.409
283.789
381.887
316.77
396.028
548.969
49.5136
10.2533
9.81209
10.6454
14.3094
28.1657
58.4947
95.4446
128.386
157.418
184.641
211.794
240.813
275.805
321.431
383.806
460.887
539.434
593.27
588.118
510.779
424.096
390.059
9.93177
9.63182
9.48714
9.39885
9.42227
9.42991
9.34746
12.0647
21.4203
37.3197
55.5498
75.3462
95.8672
123.452
163.794
236.369
342.578
460.944
554.317
520.86
397.48
343.991
324.951
9.5895
9.25126
9.15841
9.14376
9.1765
9.21278
9.18824
9.04762
8.8334
8.93143
9.17281
8.70327
9.37981
13.2462
16.7964
67.0654
204.631
386.038
540.822
552.497
373.529
322.389
279.932
9.13988
8.80642
8.77544
8.85094
8.89209
8.9046
8.86339
8.7361
8.6057
8.65902
8.74189
8.65046
8.42943
8.29972
8.53212
8.28024
-51.4795
260.798
246.662
78.1758
109.275
180.943
118.735
8.71928
8.47515
8.4811
8.57303
8.61189
8.60948
8.5776
8.52295
8.50211
8.55434
8.60972
8.61072
8.50149
8.34165
8.71899
5.73855
-9.33344
-6.04537
-10.2683
-5.74972
2.90518
48.9298
64.0533
8.44371
8.2551
8.27277
8.32253
8.3422
8.33911
8.32763
8.32295
8.34151
8.38703
8.43566
8.46856
8.52608
8.75388
9.39083
10.6098
35.7698
2.67938
-18.0287
-16.6237
-12.3016
-5.98355
21.4114
8.1754
8.02325
8.03618
8.06251
8.07184
8.07031
8.06842
8.07944
8.11002
8.15507
8.20697
8.26996
8.39327
8.66351
9.14742
10.3268
5.88353
-18.3592
-22.5097
-18.5078
-13.5804
-10.2443
18.4723
7.86505
7.77757
7.78438
7.7929
7.79297
7.79038
7.79065
7.80232
7.83049
7.87027
7.91503
7.96277
8.01007
7.95915
8.16061
4.48575
-7.34312
-14.1613
-15.4316
-16.6804
-7.94253
3.28326
28.2204
7.61621
7.5036
7.50671
7.50586
7.49981
7.49349
7.49054
7.49587
7.51368
7.5406
7.56718
7.57984
7.54472
7.33903
7.00984
-1.10983
-9.43083
-3.89093
-6.62813
-7.9092
-8.76446
4.4535
1.00859
7.3561
7.21749
7.21534
7.2076
7.19481
7.18121
7.17013
7.16476
7.16863
7.18035
7.19083
7.18923
7.16614
7.11954
7.2476
2.75141
-0.0892255
-1.39492
-6.59498
-7.96474
-7.99974
-9.40734
-3.70173
7.07795
6.93501
6.9251
6.90768
6.884
6.85803
6.83339
6.81302
6.80052
6.79655
6.79433
6.78388
6.75722
6.71034
6.59009
6.05722
8.99121
12.5958
-8.82955
-9.28663
-9.07529
-11.4118
-8.69769
6.80205
6.65864
6.64061
6.61147
6.57261
6.52817
6.48325
6.44259
6.41092
6.39077
6.37753
6.35922
6.31748
6.21365
5.94062
5.46615
5.92
9.33297
-9.88492
-10.0921
-8.99069
-8.42123
-8.22888
6.53348
6.39173
6.3657
6.32355
6.2656
6.19574
6.12156
6.05227
5.99646
5.96003
5.9417
5.93008
5.90501
5.83719
5.69062
5.49702
5.65042
-11.7454
-13.0628
-10.8756
-8.45833
-7.71763
-8.22281
6.2762
6.13833
6.10565
6.05059
5.9703
5.86704
5.75072
5.63746
5.54587
5.49061
5.47663
5.49442
5.52073
5.52607
5.48948
5.42042
5.27561
-1.36623
-5.08754
-8.24729
-7.53398
-7.39337
-7.62043
6.03286
5.90179
5.86696
5.80249
5.69873
5.55246
5.37361
5.18734
5.03452
4.94991
4.95147
5.03214
5.15133
5.25653
5.30021
5.24367
4.93646
2.76535
-5.35432
-7.35989
-7.34973
-7.11462
-7.54756
5.80366
5.68253
5.65533
5.59227
5.47008
5.26991
4.9942
4.68101
4.41146
4.2698
4.29789
4.50201
4.78551
5.04001
5.22868
5.29691
5.09243
5.27627
3.94597
-6.443
-6.90097
-7.20908
-6.17098
5.58324
5.4733
5.47185
5.43507
5.31444
5.05334
4.6248
4.0749
3.55471
3.28592
3.32919
3.80053
4.38054
4.90121
5.35949
5.58203
5.08219
4.91396
4.78275
0.059791
-7.56585
-8.47526
-4.92188
5.354
5.2508
5.30423
5.34051
5.27248
4.95971
4.28803
3.29225
2.15311
1.47053
1.43872
2.66677
3.71328
4.68715
5.51797
6.05889
3.65026
5.33815
2.08241
-3.41609
-4.97153
-8.822
-5.86871
5.07774
4.96452
5.10738
5.28671
5.37426
5.04687
3.95238
2.35628
-0.963807
-6.97747
-3.3307
0.217948
1.89755
3.27742
4.35347
-0.153811
-5.72748
-3.05273
-5.04688
-6.23874
-5.81924
-6.58595
-6.2997
4.69014
4.52822
4.77449
5.15714
5.55629
5.31473
3.61502
-3.22434
-5.09237
-6.9073
-7.28882
-4.12831
-3.5154
-6.4505
-6.17215
-7.19956
-7.90685
-8.57699
-8.701
-8.56449
-8.01412
-7.36956
-6.83886
4.10965
3.83562
4.122
4.63134
5.33715
4.39409
-0.0163233
-4.56335
-5.16986
-6.24602
-6.17707
-5.26452
-7.88854
-13.8074
-11.0424
-8.93516
-8.79154
-8.79794
-8.89921
-9.00139
-8.58468
-7.86323
-7.14843
3.27849
2.83286
2.97204
3.1775
2.61638
-1.42036
-5.97877
-4.971
-4.93393
-4.87259
-3.79581
-3.43253
-7.38715
-11.7682
-11.1066
-9.42072
-9.01241
-8.85997
-8.92407
-8.92933
-8.57254
-7.91673
-7.16491
2.23184
1.63217
1.46973
0.919603
-1.32701
-6.23385
-9.54968
-5.38874
-5.17526
-4.2808
-2.66789
-1.67074
-5.51592
-9.37861
-9.57872
-9.60344
-9.14888
-8.90481
-8.86808
-8.72646
-8.32723
-7.6926
-7.0161
1.12244
0.482583
0.13992
-0.6682
-2.57348
-6.22325
-7.55718
-6.09718
-5.40961
-4.2176
-3.30555
-2.75548
-5.80864
-7.84245
-9.0388
-10.135
-9.31707
-8.97579
-8.84359
-8.5052
-7.96797
-7.37194
-6.82239
0.123078
-0.461745
-0.823141
-1.52752
-2.73104
-4.4006
-5.45
-5.3183
-4.86568
-4.14232
-3.61204
-3.6991
-6.20842
-7.34932
-8.39584
-9.18415
-8.87591
-8.78396
-8.57276
-8.07305
-7.53147
-7.04474
-6.61281
-0.708057
-1.19285
-1.49974
-2.03051
-2.79229
-3.67827
-4.34079
-4.53632
-4.41834
-4.12853
-3.86523
-3.92984
-5.51669
-6.78516
-7.67151
-8.00893
-8.34723
-8.33023
-7.97559
-7.50934
-7.0951
-6.72772
-6.39235
-1.3789
-1.76173
-2.00093
-2.38777
-2.89698
-3.45008
-3.90539
-4.15972
-4.23858
-4.22766
-4.26681
-4.62182
-6.16897
-8.7091
-8.07959
-7.98473
-7.91479
-7.62909
-7.29158
-6.98031
-6.69552
-6.427
-6.17398
-1.91591
-2.21802
-2.3981
-2.67888
-3.0339
-3.41502
-3.7558
-4.00648
-4.16953
-4.29343
-4.46767
-4.85402
-5.77114
-7.11369
-7.47405
-7.24456
-7.07082
-6.88848
-6.71089
-6.5281
-6.3411
-6.15376
-5.97018
-2.35437
-2.59799
-2.73242
-2.93806
-3.19452
-3.47276
-3.73754
-3.96301
-4.14754
-4.31585
-4.51489
-4.80954
-5.26578
-5.83782
-6.21667
-6.32769
-6.35093
-6.31831
-6.24812
-6.15229
-6.03943
-5.9165
-5.78941
-2.72277
-2.92542
-3.02615
-3.17851
-3.36849
-3.57832
-3.78757
-3.98135
-4.15722
-4.32642
-4.51131
-4.73926
-5.0278
-5.34927
-5.6146
-5.77775
-5.86609
-5.89927
-5.89144
-5.85349
-5.79382
-5.71956
-5.63661
-3.04287
-3.21675
-3.29255
-3.4068
-3.54994
-3.71073
-3.87669
-4.03873
-4.19427
-4.34738
-4.50772
-4.68676
-4.8891
-5.10239
-5.29512
-5.44277
-5.54382
-5.60368
-5.62899
-5.62654
-5.60285
-5.5636
-5.5136
-3.32961
-3.48299
-3.54066
-3.62733
-3.73657
-3.86107
-3.99291
-4.12628
-4.25852
-4.39031
-4.52529
-4.66804
-4.81987
-4.97486
-5.12017
-5.24321
-5.33825
-5.40464
-5.44519
-5.46293
-5.46212
-5.44671
-5.42028
-3.5919
-3.73095
-3.77578
-3.84212
-3.92618
-4.02348
-4.12861
-4.23739
-4.34715
-4.45722
-4.56871
-4.68332
-4.80134
-4.9198
-5.03262
-5.13299
-5.21624
-5.2805
-5.32574
-5.35358
-5.36619
-5.36608
-5.35571
-3.83651
-3.96588
-4.00121
-4.05205
-4.1169
-4.1933
-4.27716
-4.36503
-4.45456
-4.5448
-4.63588
-4.72825
-4.8217
-4.91455
-5.00357
-5.08497
-5.15559
-5.21358
-5.25821
-5.28981
-5.30938
-5.31832
-5.31823
-4.06912
-4.19197
-4.21984
-4.25873
-4.30874
-4.3685
-4.43477
-4.5048
-4.57677
-4.64974
-4.72343
-4.79769
-4.87212
-4.94559
-5.01628
-5.08203
-5.14081
-5.19114
-5.23216
-5.26365
-5.28589
-5.29956
-5.30564
-4.29369
-4.41247
-4.43409
-4.46382
-4.50221
-4.54831
-4.59976
-4.65462
-4.71151
-4.76956
-4.82828
-4.8873
-4.94615
-5.0041
-5.06005
-5.11268
-5.16072
-5.20307
-5.239
-5.2681
-5.29037
-5.30603
-5.31554
-4.51335
-4.62979
-4.64569
-4.66802
-4.69696
-4.73176
-4.7708
-4.81277
-4.85669
-4.90177
-4.94748
-4.99338
-5.03909
-5.08408
-5.12766
-5.16902
-5.20734
-5.24189
-5.2721
-5.29766
-5.31842
-5.3344
-5.34569
-4.73077
-4.84479
-4.85546
-4.87145
-4.89245
-4.91787
-4.94657
-4.97764
-5.01035
-5.04411
-5.07842
-5.11293
-5.14731
-5.18118
-5.21411
-5.2456
-5.27514
-5.30227
-5.32664
-5.34804
-5.36641
-5.38168
-5.39371
-4.94672
-5.05675
-5.06343
-5.07416
-5.08847
-5.10603
-5.12604
-5.14784
-5.17092
-5.19481
-5.21916
-5.2437
-5.26819
-5.29238
-5.31599
-5.33873
-5.3603
-5.38044
-5.39898
-5.41587
-5.43118
-5.44495
-5.45696
-5.15986
-5.26497
-5.26937
-5.27608
-5.2849
-5.29589
-5.30852
-5.32241
-5.33717
-5.3525
-5.36817
-5.384
-5.39984
-5.41552
-5.4309
-5.44581
-5.46008
-5.47361
-5.48635
-5.49838
-5.50995
-5.52142
-5.53278
-5.36881
-5.47062
-5.47372
-5.47731
-5.48173
-5.48727
-5.49368
-5.50077
-5.50834
-5.51625
-5.52434
-5.53254
-5.54076
-5.54892
-5.55697
-5.56481
-5.57239
-5.57966
-5.58662
-5.5934
-5.60045
-5.60867
-5.61873
-5.57444
-5.67901
-5.67803
-5.67902
-5.67995
-5.68094
-5.68205
-5.68324
-5.68449
-5.68579
-5.68711
-5.68845
-5.6898
-5.69116
-5.69253
-5.6939
-5.69527
-5.69662
-5.69796
-5.69939
-5.70108
-5.70466
-5.71257
398.069
396.493
383.666
354.478
323.169
321.568
318.298
296.834
231.69
144.59
95.921
71.8431
47.3866
31.2245
30.0992
29.6753
34.9675
29.6841
29.2013
29.0824
6.184
25.511
28.514
28.3038
8.98887
6.68496
16.1831
27.0215
5.09762
2.53443
1.82154
0.998266
-0.812981
-1.29297
-1.69018
-3.53212
-1.97138
-2.083
-1.95192
-2.40668
-5.45451
-3.91639
-3.77808
-4.09184
-7.99232
-7.95635
-8.57857
-10.249
-8.80905
-6.73586
-4.7241
-3.2196
-6.79711
-5.24388
-3.37049
-3.29635
-6.11066
-3.94951
-3.8206
-3.7027
-4.45771
-4.34315
-4.21373
-4.05815
-5.05773
-4.86406
-4.66057
-4.47321
-5.51845
-5.29877
-5.07653
-4.86966
-5.94911
-5.70418
-5.45356
-5.22196
-6.32114
-6.02121
-5.74063
-5.4945
-6.51844
-6.19789
-5.92034
-5.68185
-6.55574
-6.26553
-6.0171
-5.79931
-6.50692
-6.26647
-6.04977
-5.8543
-6.41198
-6.21215
-6.02571
-5.8541
-6.28071
-6.11497
-5.95885
-5.81323
-6.12804
-5.99408
-5.86698
-5.7474
-5.96966
-5.86454
-5.76406
-5.66863
-5.81744
-5.73752
-5.66029
-5.58616
-5.6796
-5.62085
-5.56319
-5.50717
-5.56108
-5.51947
-5.47792
-5.437
-5.4644
-5.43628
-5.40769
-5.37906
-5.39069
-5.37288
-5.35433
-5.33523
-5.34012
-5.32985
-5.31861
-5.30653
-5.31209
-5.30697
-5.30078
-5.29369
-5.3055
-5.30372
-5.30093
-5.29727
-5.31914
-5.31954
-5.31899
-5.31758
-5.35165
-5.3535
-5.35443
-5.35446
-5.40119
-5.40407
-5.40609
-5.40722
-5.46544
-5.46915
-5.47211
-5.47425
-5.54187
-5.54622
-5.54998
-5.55305
-5.62793
-5.63267
-5.63702
-5.64084
-5.72116
-5.72596
-5.73058
-5.73484
272.348
122.755
83.6746
75.2751
-67.0206
-210.936
-8.04121
24.3312
445.877
655.951
577.939
748.895
716.477
571.565
322.104
313.658
394.092
446.053
447.404
213.158
93.7296
63.0188
36.8177
-14.9471
-164.534
-173.79
169.302
585.834
761.832
645.229
704.121
688.949
373.188
332.496
328.308
438.888
445.083
446.29
56.1094
15.0909
3.28168
5.26125
-11.2015
-29.1807
41.362
269.102
411.924
514.201
621.944
660.069
593.203
331.702
332.43
332.363
397.288
441.204
441.077
29.5466
27.4295
31.2144
24.8232
-12.4179
-30.3674
-6.42701
111.738
268.343
457.494
569.46
600.09
465.494
335.247
331.887
329.786
347.21
357.141
430.056
28.752
27.5187
26.2361
34.3444
35.5732
11.5279
-33.1799
5.76872
145.864
362.021
450.415
424.284
357.799
332.412
331.754
331.086
263.904
108.274
237.994
28.1363
26.8401
24.7411
22.211
19.9604
14.1065
-0.0173988
-26.1831
11.7935
171.996
198.671
199.396
200.872
245.187
302.539
215.778
46.9572
10.282
18.12
27.7579
26.853
25.4899
23.6056
21.6172
13.9201
2.28191
4.00047
33.1361
18.4593
16.7086
26.5106
17.9301
16.1187
16.1499
4.85708
4.24293
5.89897
6.88341
17.0507
26.8226
26.3597
27.0279
26.6878
15.1206
20.5545
16.3551
8.39698
3.04118
2.51323
2.18776
2.20156
2.25046
3.39848
3.17454
3.72015
5.08398
-0.838278
-2.27579
14.9365
23.9432
18.0393
15.5087
18.567
1.14283
1.10744
2.0465
2.67705
1.99521
1.91199
2.07482
2.06557
1.94868
1.70131
2.45449
2.9594
4.10831
-3.31193
-2.50623
6.78234
8.88393
1.93577
-4.16115
0.347678
0.599354
1.27613
1.93983
1.79992
1.71151
1.86433
1.86945
1.78916
1.4374
1.57056
2.34707
3.22201
-3.84478
-3.28945
-1.9321
0.848741
-2.03281
-2.62307
-0.157143
0.177743
0.577708
1.05716
1.47832
1.34127
1.5266
1.4225
1.16732
0.806698
0.633348
0.897873
0.581769
-3.99488
-3.23399
-2.84999
-2.52378
-2.50171
-2.07446
-1.04034
-0.874106
-0.484025
0.0706224
0.163423
0.77561
0.943702
0.802645
0.493124
0.128263
-0.380358
-0.410248
0.19458
-3.15335
-3.53652
-3.10914
-2.58262
-2.90965
-2.9006
-2.60475
-2.24759
-2.04483
-1.56379
-0.88211
0.252845
0.353134
0.138656
-0.162795
-0.435674
-0.888267
-0.677335
0.02006
-3.3021
-3.49543
-3.26138
-2.88763
-2.93163
-2.99613
-2.78332
-2.53006
-2.3755
-2.26071
-2.02336
-0.554157
-0.205457
-0.460193
-0.787679
-0.910111
-1.06935
-0.81644
-0.259896
-3.55065
-3.51326
-3.43815
-3.24179
-3.13445
-3.07924
-2.92295
-2.73662
-2.61226
-2.52403
-2.35781
-2.31712
-0.685584
-0.787803
-1.15002
-1.15743
-1.10138
-0.851615
-0.71966
-3.88487
-3.75052
-3.65098
-3.49922
-3.35932
-3.23202
-3.08802
-2.93475
-2.79381
-2.65906
-2.48295
-2.31557
-0.898329
-0.73602
-0.951103
-0.922912
-0.812017
-0.695191
-0.5102
-4.26019
-4.04128
-3.88182
-3.71657
-3.55676
-3.40672
-3.25741
-3.10811
-2.96324
-2.81406
-2.64414
-2.31364
-1.42705
-0.790201
-0.843463
-0.755704
-0.552312
-0.466407
-0.481928
-4.63201
-4.34185
-4.12052
-3.9248
-3.7467
-3.58271
-3.426
-3.27391
-3.12654
-2.97741
-2.78761
-2.46466
-2.25326
-1.2533
-0.950433
-0.873458
-0.545885
-0.423713
-0.563384
-4.9561
-4.61142
-4.34637
-4.12479
-3.93135
-3.75628
-3.5928
-3.43741
-3.28662
-3.14123
-2.92047
-2.68445
-2.50664
-2.21343
-1.40645
-1.2205
-0.891669
-0.707345
-1.01518
-5.21512
-4.84304
-4.55247
-4.31341
-4.10759
-3.9238
-3.75553
-3.59839
-3.44846
-3.30516
-3.09403
-2.9029
-2.73213
-2.55383
-2.11652
-1.71216
-1.46512
-1.1702
-1.17018
-5.41004
-5.03124
-4.73123
-4.48309
-4.26973
-4.08119
-3.91071
-3.75323
-3.60779
-3.47655
-3.29038
-3.13098
-2.97061
-2.78873
-2.68149
-2.21909
-2.06085
-1.75563
-1.31482
-5.54269
-5.17274
-4.8753
-4.62691
-4.41319
-4.22508
-4.05517
-3.89833
-3.75198
-3.61195
-3.46345
-3.31627
-3.19458
-3.09039
-3.19385
-2.89151
-2.37545
-2.19508
-1.16412
-5.61762
-5.26882
-4.9838
-4.74366
-4.53669
-4.35405
-4.18869
-4.0356
-3.89055
-3.74833
-3.60695
-3.44948
-3.32385
-3.24013
-3.26702
-2.99289
-2.11146
-1.84853
-0.0999695
-5.64318
-5.32646
-5.06238
-4.83771
-4.64304
-4.47042
-4.31378
-4.16767
-4.02621
-3.88494
-3.73893
-3.55461
-3.37908
-3.18445
-3.07251
-2.74101
-2.07602
-2.1975
1.12752
-5.63229
-5.35477
-5.1185
-4.91488
-4.73689
-4.57825
-4.43361
-4.29729
-4.16291
-4.02743
-3.86956
-3.67232
-3.46925
-3.22416
-3.07246
-2.8951
-3.24514
-4.93053
-4.64338
-5.59712
-5.36181
-5.15753
-4.97877
-4.82088
-4.67928
-4.54947
-4.42643
-4.30421
-4.17699
-4.03022
-3.83261
-3.60314
-3.38934
-3.3639
-3.61018
-4.84547
-5.14475
-5.8281
-5.54742
-5.35385
-5.18263
-5.0305
-4.89473
-4.77245
-4.66074
-4.5563
-4.45397
-4.34504
-4.21471
-4.03516
-3.79899
-3.63322
-4.24827
-4.50326
-4.71822
-4.7364
-4.75969
-5.49107
-5.33625
-5.19672
-5.07096
-4.95788
-4.85648
-4.76622
-4.68654
-4.61385
-4.54073
-4.45331
-4.3259
-4.16353
-4.16017
-5.41197
-5.97084
-4.77826
-4.68176
-4.45976
-5.43466
-5.31419
-5.20347
-5.10244
-5.01142
-4.93113
-4.86384
-4.8132
-4.78186
-4.77011
-4.7573
-4.72348
-4.68325
-4.76975
-5.49035
-6.07534
-5.16352
-4.88242
-4.92418
-5.3834
-5.29232
-5.20699
-5.12842
-5.05773
-4.99684
-4.95062
-4.92983
-4.95481
-5.0258
-5.0769
-5.10327
-5.09458
-5.09127
-5.48665
-5.98683
-5.47242
-5.04461
-4.96282
-5.34083
-5.27426
-5.21096
-5.15246
-5.09966
-5.05438
-5.02215
-5.02426
-5.1123
-5.26414
-5.28551
-5.27754
-5.21781
-5.18404
-5.48248
-5.49884
-5.63595
-4.97674
-4.74471
-5.30907
-5.26254
-5.21813
-5.17752
-5.14041
-5.1049
-5.0718
-5.06912
-5.20433
-5.45608
-5.32417
-5.21377
-5.11529
-5.15339
-5.21803
-4.92804
-5.11371
-4.81581
-4.73169
-5.28954
-5.25887
-5.23019
-5.20571
-5.1841
-5.15813
-5.10825
-5.02822
-5.12776
-5.5942
-5.41528
-5.21478
-4.91472
-4.94819
-4.81788
-4.6345
-4.81883
-4.90938
-4.89816
-5.28339
-5.26453
-5.2481
-5.23817
-5.23611
-5.23626
-5.20155
-5.08653
-5.23844
-5.70088
-5.76387
-5.48884
-5.16885
-5.13331
-4.99711
-4.93863
-4.97689
-5.03377
-5.01997
-5.29156
-5.28057
-5.2724
-5.27392
-5.29338
-5.34715
-5.39309
-5.38157
-5.60068
-5.92241
-5.87996
-5.63405
-5.47337
-5.39194
-5.34244
-5.23511
-5.1484
-5.1309
-5.11999
-5.31473
-5.30819
-5.30387
-5.31037
-5.34112
-5.45272
-5.52524
-5.52214
-5.57512
-5.75852
-5.79698
-5.59222
-5.50464
-5.44692
-5.39215
-5.32747
-5.27462
-5.24092
-5.22438
-5.35338
-5.34903
-5.3449
-5.34944
-5.38272
-5.49393
-5.55767
-5.53854
-5.56237
-5.6763
-5.71461
-5.63228
-5.57074
-5.52374
-5.47781
-5.43193
-5.3933
-5.36488
-5.34732
-5.4075
-5.40468
-5.39984
-5.39942
-5.42731
-5.53194
-5.59759
-5.57595
-5.60658
-5.67865
-5.70697
-5.68111
-5.64485
-5.60818
-5.57188
-5.53761
-5.50869
-5.48721
-5.47441
-5.4759
-5.47511
-5.47098
-5.46929
-5.48945
-5.63525
-5.72749
-5.69836
-5.71847
-5.75041
-5.76256
-5.74954
-5.72474
-5.69651
-5.66807
-5.64176
-5.61961
-5.6032
-5.59366
-5.55607
-5.55776
-5.55586
-5.55643
-5.57526
-5.80233
-5.89478
-5.84954
-5.84012
-5.84212
-5.84021
-5.82818
-5.80887
-5.78659
-5.76411
-5.74354
-5.72645
-5.71389
-5.70655
-5.64498
-5.64865
-5.64801
-5.64846
-5.68405
-5.96068
-6.09628
-6.00797
-5.96313
-5.94144
-5.92739
-5.91304
-5.89631
-5.87813
-5.8601
-5.84379
-5.83049
-5.82083
-5.81533
-5.73973
-5.74451
-5.74341
-5.74037
-5.77239
-6.18729
-6.28186
-6.14361
-6.07136
-6.03262
-6.01168
-5.99706
-5.98305
-5.96833
-5.95382
-5.94096
-5.93081
-5.92376
-5.91968
520.319
522.065
527.662
538.95
562.987
590.106
618.769
648.626
678.988
709.942
742.028
775.962
812.029
849.698
882.377
910.797
955.165
975.011
976.923
989.677
1029.67
1068.28
1064.39
459.219
461.338
466.165
475.387
502.183
530.757
559.322
589.076
619.491
650.44
682.428
716.193
752.146
790.23
825.689
848.965
893.804
928.383
931.391
920.271
964.996
997.053
998.543
396.857
399.095
400.903
402.448
437.698
471.751
499.876
529.27
559.543
590.384
622.237
655.837
691.656
729.52
766.359
796.895
840.042
879.318
886.465
873.23
903.4
926.069
929.577
333.358
335.221
331.463
324.183
372.787
414.021
440.546
469.197
499.212
529.874
561.523
594.917
630.68
668.887
708.03
745.705
787.36
825.206
839.443
834.46
846.735
857.531
860.346
268.771
269.417
262.782
255.842
313.517
356.529
380.81
408.799
438.56
468.986
500.334
533.43
569.141
607.968
649.361
691.862
735.56
774.065
793.927
791.557
789.469
790.536
791.268
204.322
201.273
197.659
201.283
251.982
295.352
319.732
347.937
377.635
407.781
438.703
471.344
506.903
546.441
590.274
637.281
684.854
725.65
747.559
744.059
731.373
723.472
721.855
140.517
130.649
133.188
150.926
188.254
228.485
256.998
286.598
316.515
346.328
376.656
408.597
443.77
483.929
530.335
582.219
635.348
680.281
703.357
695.531
671.308
654
651.008
71.182
56.4146
67.7317
94.0632
122.538
160.786
193.447
225.038
255.349
284.723
314.242
345.127
379.515
419.995
469.022
526.619
587.073
638.229
662.612
647.926
610.277
583.181
584.383
289.046
275.63
225.638
230.479
236.88
496.602
922.191
1051.58
1079.89
1078.46
1062.39
994.82
729.787
845.719
1186.88
904.309
755.066
681.405
903.672
277.237
223.545
223.004
223.181
222.921
326.171
848.588
997.679
1076.43
985.943
994.016
712.183
691.678
714.659
1057.18
849.85
700.304
467.148
804.531
264.254
223.382
222.977
223.073
222.763
299.615
717.373
957.439
1101.61
968.016
771.107
683.217
690.795
698.945
969.329
662.937
580.137
475.074
747.162
263.022
235.808
222.815
222.951
179.802
189.812
481.57
901.996
1108.41
892.848
662.332
680.699
689.536
695.641
814.198
387.55
411.681
504.542
827.634
242.604
222.433
221.856
189.87
85.399
16.5302
123.55
799.83
1112.83
720.856
637.202
674.611
665.71
631.136
603.412
391.163
384.326
449.605
880.789
218.484
222.539
204.791
113.811
-10.0198
-5.58386
9.76572
641.204
1060.51
588.817
620.59
705.423
697.862
505.949
413.623
387.736
348.206
389.64
808.662
218.486
209.98
142.69
49.0662
-23.5271
-7.5799
-0.396835
424.34
913.148
546.468
589.697
767.415
806.013
556.6
362.481
375.422
336.12
437.794
687.107
198.567
164.218
85.3032
13.3982
-32.9673
-8.275
-4.28883
248
759.789
504.618
565.677
747.996
748.899
390.437
324.26
361.412
348.67
499.211
551.499
11.0056
9.98547
9.89258
11.8661
20.3177
42.7331
76.8614
112.503
143.334
171.06
198.202
225.807
257.329
296.89
350.295
421.208
501.421
571.492
599.945
557.179
462.072
399.155
394.189
9.71568
9.55314
9.42911
9.40551
9.44136
9.27926
10.093
15.4775
29.5973
45.6001
65.8699
84.8508
108.835
141.18
194.458
286.784
401.86
514.21
560.997
459.624
363.21
332.325
321.318
9.31398
9.19184
9.14337
9.15643
9.19745
9.2051
9.1443
8.92063
8.84727
9.06849
9.0734
8.56148
10.9788
15.2462
23.9609
133.013
287.166
467.296
607.264
441.196
341.123
300.971
262.963
8.86106
8.77006
8.81134
8.87684
8.90124
8.89416
8.81225
8.65163
8.6167
8.70901
8.72673
8.53928
8.34554
8.32359
8.99546
4.48065
70.5227
316.173
159.649
44.1861
198.171
140.09
76.2666
8.49284
8.45238
8.52631
8.60071
8.61416
8.59724
8.55154
8.50218
8.52341
8.58539
8.61998
8.57561
8.3966
8.45326
8.45078
-0.910114
-54.6204
-8.4004
-7.60827
-3.21045
22.0077
66.2925
38.7634
8.26824
8.25438
8.29733
8.33679
8.34237
8.33357
8.32341
8.32835
8.36209
8.41267
8.45356
8.48891
8.60057
9.01371
9.83109
13.1534
52.5287
-16.4774
-17.6625
-14.7302
-8.87311
1.15824
9.33747
8.01976
8.02333
8.05028
8.06959
8.0718
8.06861
8.07158
8.09238
8.13132
8.18042
8.23558
8.31844
8.50582
8.86788
9.62216
10.4198
-8.13838
-21.6004
-21.7459
-15.532
-11.325
-4.3539
16.8776
7.75958
7.78061
7.7896
7.79381
7.79173
7.7897
7.79449
7.81447
7.84942
7.89223
7.93879
7.98696
8.0069
7.9911
7.88549
-0.74283
-16.2051
-14.7152
-15.6914
-14.5608
0.405237
40.7225
10.0833
7.49768
7.50525
7.50726
7.50312
7.49648
7.49134
7.49179
7.5032
7.52655
7.55458
7.5767
7.57185
7.46879
7.2575
5.76039
-7.56562
-5.62417
-4.81685
-8.1363
-6.70345
-5.04501
10.341
-0.316993
7.21752
7.21667
7.21235
7.20155
7.18787
7.17518
7.16648
7.16542
7.17395
7.18645
7.19228
7.1799
7.14778
7.14934
6.6442
-1.27506
2.15588
-3.61761
-7.70763
-7.99322
-7.0387
-12.0884
-1.79769
6.93792
6.93082
6.91731
6.89638
6.87103
6.84537
6.82246
6.80557
6.79771
6.7959
6.79066
6.77305
6.73744
6.66082
6.46791
5.64588
20.5548
-6.65889
-9.24692
-9.11539
-9.77476
-12.0544
-6.54895
6.66389
6.65096
6.62738
6.59303
6.55075
6.50547
6.4621
6.42537
6.39947
6.38387
6.36997
6.34291
6.27741
6.1096
5.70863
5.38132
7.65955
-8.33383
-9.87367
-9.75505
-8.55512
-8.16181
-8.68894
6.3993
6.38063
6.34667
6.2964
6.23175
6.15862
6.08574
6.02222
5.97567
5.94908
5.93611
5.92083
5.87875
5.77432
5.59306
5.55902
4.77568
-28.1731
-10.5162
-10.1255
-7.65615
-7.96964
-8.55784
6.14777
6.12448
6.08115
6.01361
5.9211
5.80959
5.69255
5.58787
5.51311
5.47871
5.48273
5.50833
5.52786
5.5126
5.46157
5.39469
4.33415
-5.7727
-7.52162
-8.06983
-7.32934
-7.48745
-7.66051
5.91152
5.88734
5.83908
5.75596
5.63066
5.46585
5.27951
5.10431
4.98217
4.93964
4.9837
5.09039
5.20871
5.28822
5.29029
5.12275
4.99478
-0.615532
-7.30262
-7.37442
-7.19939
-7.2101
-7.36028
5.6894
5.67193
5.6297
5.54
5.38032
5.14001
4.83832
4.53482
4.32116
4.2602
4.38237
4.64113
4.92175
5.14124
5.29281
5.22049
5.00808
6.07115
-0.43322
-6.8661
-6.89804
-8.32007
-4.20646
5.472
5.47444
5.46052
5.38883
5.20451
4.85899
4.35841
3.7954
3.38634
3.25231
3.53845
4.08895
4.6518
5.1371
5.5413
5.39924
4.86412
5.01543
3.82906
-4.63602
-7.64985
-6.34819
-5.2592
5.2335
5.27591
5.32871
5.32717
5.15679
4.66921
3.8136
2.69371
1.83495
1.26926
2.04295
3.22722
4.19559
5.16931
5.74671
5.84457
3.94015
5.18004
-1.21393
-3.50652
-8.72661
-5.72464
-5.65395
4.92288
5.02732
5.19753
5.3559
5.29519
4.55729
3.44091
-0.0304784
-3.88408
-5.50903
-1.35364
1.37639
2.48579
3.91489
3.48992
-4.60435
-3.64179
-3.79176
-6.18171
-6.00681
-6.37001
-6.46557
-6.12176
4.46099
4.63254
4.95184
5.37459
5.57721
4.83771
0.115884
-4.3236
-6.01497
-7.6476
-6.10969
-3.30952
-4.3796
-7.18046
-7.08236
-7.55378
-8.20358
-8.73912
-8.65648
-8.35092
-7.66242
-7.10691
-6.55232
3.7612
3.95343
4.34849
4.9807
5.25821
2.35068
-3.17872
-4.8729
-5.69344
-6.49736
-5.5363
-5.95475
-11.5076
-11.5713
-9.81593
-8.89064
-8.76239
-8.84175
-8.97226
-8.87792
-8.22281
-7.51009
-6.78505
2.79318
2.89193
3.07169
3.16472
0.994842
-4.1755
-6.09303
-4.86813
-4.96529
-4.48592
-3.24388
-4.80231
-10.8055
-11.6918
-10.0569
-9.18572
-8.89509
-8.87922
-8.95848
-8.80189
-8.26725
-7.54271
-6.80416
1.65945
1.57515
1.27694
0.246411
-3.65509
-9.68801
-5.69103
-5.42297
-4.78699
-3.61931
-1.73667
-2.96325
-7.99446
-9.49414
-9.70326
-9.41331
-8.97312
-8.88579
-8.82388
-8.56336
-8.02872
-7.34747
-6.70945
0.556744
0.348932
-0.181719
-1.40453
-4.24137
-7.54094
-6.62092
-5.82017
-4.8488
-3.65657
-3.07657
-4.02871
-7.21832
-8.28406
-10.2893
-9.76734
-9.03172
-8.92149
-8.70658
-8.25261
-7.66916
-7.08777
-6.57646
-0.379947
-0.606917
-1.12336
-2.0577
-3.5414
-5.09084
-5.45279
-5.13516
-4.5172
-3.81936
-3.56378
-4.47269
-7.0272
-7.66117
-9.06446
-9.02885
-8.80849
-8.71999
-8.34395
-7.79684
-7.2808
-6.82231
-6.41574
-1.11921
-1.31988
-1.7359
-2.38456
-3.23569
-4.06353
-4.49013
-4.50724
-4.28441
-3.97741
-3.80436
-4.2823
-6.58983
-7.23633
-7.82113
-8.21249
-8.38511
-8.18596
-7.73989
-7.29468
-6.90697
-6.5562
-6.23636
-1.70137
-1.86268
-2.17664
-2.63045
-3.17591
-3.69922
-4.05856
-4.21652
-4.23732
-4.22784
-4.37631
-5.15125
-7.72361
-8.6456
-7.98502
-7.97522
-7.79054
-7.45862
-7.1319
-6.83545
-6.55944
-6.29841
-6.05401
-2.17133
-2.29495
-2.52706
-2.84952
-3.2252
-3.59455
-3.89353
-4.09684
-4.23188
-4.36644
-4.61833
-5.2234
-6.42361
-7.49379
-7.35725
-7.16298
-6.97801
-6.80003
-6.62026
-6.43488
-6.24723
-6.06123
-5.88103
-2.56241
-2.65597
-2.82736
-3.06152
-3.33309
-3.60892
-3.85594
-4.05941
-4.2313
-4.40776
-4.64553
-5.01395
-5.55298
-6.07103
-6.29036
-6.34707
-6.34042
-6.28703
-6.20284
-6.09751
-5.97884
-5.85314
-5.72578
-2.8983
-2.9691
-3.09667
-3.26979
-3.47222
-3.68419
-3.88691
-4.07113
-4.24148
-4.41525
-4.61817
-4.87603
-5.18905
-5.4946
-5.70756
-5.82972
-5.88863
-5.89972
-5.87566
-5.82589
-5.75812
-5.67886
-5.59329
-3.19651
-3.24962
-3.34544
-3.47538
-3.62894
-3.79376
-3.95851
-4.1172
-4.27062
-4.42591
-4.59433
-4.78528
-4.99605
-5.20346
-5.37503
-5.49881
-5.57849
-5.62023
-5.6308
-5.61698
-5.58484
-5.53968
-5.48578
-3.46781
-3.50802
-3.58079
-3.67951
-3.79744
-3.92649
-4.05963
-4.19257
-4.32429
-4.45708
-4.59549
-4.74299
-4.89767
-5.04964
-5.18501
-5.29435
-5.37498
-5.42803
-5.45664
-5.46459
-5.456
-5.43467
-5.4039
-3.71898
-3.7505
-3.80657
-3.88215
-3.97354
-4.07536
-4.18275
-4.29224
-4.40211
-4.51267
-4.62554
-4.742
-4.86083
-4.97737
-5.08472
-5.17693
-5.25078
-5.30539
-5.34172
-5.36163
-5.36757
-5.36203
-5.34742
-3.95625
-3.98145
-4.02487
-4.08279
-4.15392
-4.23455
-4.32078
-4.40968
-4.49961
-4.59021
-4.68189
-4.7749
-4.86837
-4.95978
-5.04545
-5.12177
-5.18624
-5.23758
-5.27559
-5.30102
-5.31508
-5.3193
-5.31536
-4.18463
-4.20447
-4.23795
-4.28234
-4.3376
-4.40101
-4.46946
-4.54062
-4.61316
-4.6865
-4.7605
-4.83494
-4.90907
-4.98142
-5.04991
-5.1124
-5.1671
-5.21285
-5.24909
-5.27589
-5.29374
-5.30348
-5.30619
-4.40717
-4.42236
-4.44795
-4.48191
-4.52444
-4.5735
-4.62686
-4.68287
-4.74043
-4.79887
-4.85778
-4.91678
-4.9753
-5.0324
-5.08686
-5.13735
-5.18266
-5.22187
-5.2544
-5.28008
-5.299
-5.31152
-5.31819
-4.62568
-4.63707
-4.6561
-4.68165
-4.71373
-4.75084
-4.79149
-4.83454
-4.87912
-4.92458
-4.97043
-5.01629
-5.06171
-5.1061
-5.14867
-5.18861
-5.22513
-5.25756
-5.28548
-5.30864
-5.327
-5.34062
-5.34963
-4.84105
-4.8495
-4.86289
-4.88132
-4.90468
-4.93187
-4.96185
-4.99383
-5.02713
-5.06122
-5.09567
-5.13016
-5.16433
-5.19779
-5.23006
-5.26064
-5.28903
-5.31482
-5.33772
-5.3576
-5.37443
-5.38812
-5.39843
-5.05327
-5.05957
-5.06839
-5.08086
-5.09689
-5.11577
-5.13675
-5.15925
-5.18278
-5.20694
-5.23142
-5.25597
-5.28034
-5.30427
-5.32749
-5.34968
-5.37056
-5.38992
-5.40763
-5.4237
-5.43826
-5.4512
-5.46214
-5.26216
-5.26688
-5.27252
-5.28019
-5.29016
-5.30203
-5.31533
-5.3297
-5.34478
-5.36031
-5.37608
-5.39193
-5.40771
-5.42326
-5.43842
-5.45303
-5.46695
-5.48008
-5.49244
-5.50421
-5.51568
-5.52714
-5.53818
-5.46868
-5.47207
-5.47549
-5.47936
-5.48437
-5.49037
-5.49715
-5.5045
-5.51226
-5.52027
-5.52843
-5.53665
-5.54485
-5.55297
-5.56092
-5.56864
-5.57606
-5.58317
-5.59001
-5.59684
-5.60433
-5.61351
-5.62407
-5.67942
-5.67801
-5.6785
-5.67949
-5.68043
-5.68148
-5.68263
-5.68386
-5.68514
-5.68645
-5.68778
-5.68912
-5.69048
-5.69185
-5.69322
-5.69459
-5.69594
-5.69729
-5.69866
-5.70019
-5.70237
-5.70819
-5.71742
398.758
391.413
372.351
330.557
324.185
318.208
314.839
266.941
192.781
98.4278
86.2066
61.3173
35.2736
30.367
29.8764
29.5726
31.596
29.3222
29.1424
28.9854
12.5347
28.8732
28.323
28.273
6.1306
9.15445
25.3936
27.5565
2.87308
7.32187
-4.42542
7.9604
-1.07781
-1.45771
-2.25005
-4.73272
-2.06526
-1.99048
-2.06548
-2.82461
-4.50791
-3.56394
-4.63368
-3.92126
-7.95704
-8.13751
-9.48971
-8.86576
-8.09795
-5.71753
-3.65537
-3.2806
-6.14821
-3.52987
-3.36834
-3.27835
-4.21325
-3.86776
-3.76571
-3.63922
-4.39831
-4.28296
-4.13431
-3.98877
-4.96065
-4.76239
-4.56447
-4.38702
-5.4125
-5.18607
-4.9705
-4.7753
-5.82864
-5.57806
-5.33411
-5.11742
-6.16984
-5.87724
-5.61306
-5.38477
-6.35177
-6.05446
-5.79621
-5.57615
-6.40424
-6.13719
-5.90465
-5.70027
-6.38386
-6.15516
-5.94966
-5.76337
-6.31082
-6.11694
-5.93819
-5.77331
-6.19685
-6.03554
-5.88478
-5.74415
-6.06037
-5.92954
-5.8063
-5.69023
-5.91667
-5.81363
-5.71576
-5.62268
-5.77725
-5.6985
-5.62285
-5.55022
-5.65018
-5.59182
-5.53497
-5.47985
-5.54034
-5.49864
-5.45736
-5.41688
-5.45044
-5.42201
-5.39337
-5.36479
-5.3819
-5.36368
-5.34484
-5.32552
-5.33511
-5.32434
-5.31266
-5.30026
-5.30966
-5.30401
-5.29733
-5.28991
-5.30473
-5.30245
-5.29918
-5.29521
-5.31946
-5.31939
-5.31838
-5.3166
-5.35268
-5.35408
-5.35455
-5.35416
-5.40273
-5.4052
-5.40677
-5.40745
-5.46738
-5.47073
-5.47329
-5.47499
-5.54411
-5.54818
-5.55161
-5.5543
-5.63034
-5.63491
-5.639
-5.6425
-5.72357
-5.7283
-5.73277
-5.73677
188.984
93.439
78.2589
49.0074
-182.022
-61.9937
-6.4458
190.574
634.579
603.144
642.525
731.554
706.991
364.07
321.315
327.448
452.162
446.659
447.785
152.932
68.0428
58.5331
21.9505
-68.4696
-247.21
-12.9192
374.465
736.906
716.981
643.822
721.049
597.759
332.902
330.237
339.238
442.841
445.808
447.015
41.5687
-2.87619
20.0004
-4.66084
-18.1033
-23.35
155.873
351.461
434.542
582.365
644.029
658.7
408.504
333.063
331.672
332.343
420.632
445.117
443.63
29.0862
34.6627
49.2639
-11.4696
-20.2347
-32.3335
55.8637
162.24
377.183
523.215
598.095
554.372
336.502
333.479
330.449
340.241
329.595
391.065
388.632
28.2078
26.8121
26.87
37.6709
19.0664
-9.18723
-28.9635
54.8706
258.887
423.138
441.573
403.535
314.178
332.151
331.239
328.434
220.296
136.089
192.179
27.6174
25.8849
23.4449
21.1446
17.7785
7.94569
-9.7522
-41.6269
117.967
191.738
199.169
200.52
210.047
288.992
293.038
126.447
13.9475
16.6262
85.9323
27.3524
26.2178
24.5979
22.6839
19.3219
4.83896
13.3413
20.332
30.6022
11.6185
20.9499
23.844
16.5109
16.8137
12.3091
3.88854
5.03042
6.11026
60.6771
18.9216
26.3218
26.7349
27.1146
23.5965
2.55114
17.5389
11.7819
3.45792
2.8566
2.30719
2.15898
2.18003
2.69953
3.45829
3.2114
4.49132
4.84972
-7.66948
9.61011
26.2319
16.6746
18.5685
16.3257
3.96902
0.749458
1.41065
2.56819
2.28384
1.89702
1.99606
2.07162
2.05653
1.81953
2.13249
2.74936
2.5809
22.678
-3.40766
0.656817
9.86634
6.30314
-3.38344
-1.2183
0.524612
0.798291
1.77743
1.88892
1.71338
1.77782
1.87082
1.86535
1.60213
1.39684
2.01696
2.42894
5.96248
-3.52603
-2.79988
-0.151753
-0.91468
-2.89203
-1.16609
0.00529417
0.385126
0.821957
1.4429
1.32904
1.44659
1.52014
1.30802
0.986618
0.676565
0.762801
1.73035
2.54542
-3.41927
-3.06345
-2.72572
-2.32241
-2.49794
-1.44459
-0.976337
-0.678926
-0.229108
0.282061
0.516348
0.853871
0.930757
0.650286
0.325237
-0.114588
-0.627411
0.310717
0.358075
-3.39542
-3.41373
-2.7961
-2.67244
-2.98122
-2.78121
-2.4076
-2.14618
-1.8731
-1.21015
-0.00869149
0.34529
0.290455
-0.022798
-0.290875
-0.618644
-0.990582
-0.0856919
0.0102025
-3.42998
-3.41798
-3.06653
-2.85502
-3.01217
-2.90752
-2.65192
-2.43682
-2.32549
-2.18647
-1.46459
-0.266288
-0.290654
-0.650717
-0.854419
-0.991187
-1.10148
-0.527306
-0.422853
-3.50904
-3.49768
-3.34412
-3.17058
-3.11394
-3.01282
-2.82756
-2.66118
-2.57764
-2.45747
-2.31314
-0.963888
-0.661312
-1.00227
-1.18485
-1.13421
-1.05857
-0.7328
-0.634779
-3.79996
-3.70494
-3.57628
-3.4256
-3.29583
-3.16327
-3.01071
-2.86166
-2.73084
-2.60469
-2.33677
-1.46254
-0.725159
-0.849539
-0.959993
-0.865591
-0.749879
-0.611013
-0.409943
-4.13621
-3.96114
-3.79952
-3.63527
-3.48098
-3.33249
-3.18221
-3.03509
-2.88952
-2.74666
-2.42817
-2.22056
-0.920538
-0.816488
-0.822407
-0.651413
-0.489395
-0.468796
-0.308135
-4.47354
-4.22646
-4.02036
-3.83363
-3.66336
-3.50378
-3.34931
-3.19976
-3.05161
-2.89158
-2.5786
-2.37394
-1.88132
-0.977472
-0.961597
-0.709662
-0.406972
-0.542485
-0.186304
-4.77043
-4.47182
-4.23136
-4.02516
-3.84207
-3.67334
-3.51417
-3.36192
-3.21405
-3.06352
-2.78581
-2.61019
-2.43434
-1.67953
-1.29752
-1.04375
-0.579536
-0.965549
-0.769341
-5.01547
-4.6899
-4.42781
-4.2072
-4.01342
-3.83803
-3.67567
-3.52244
-3.38114
-3.21224
-2.98584
-2.81886
-2.6312
-2.46366
-1.85965
-1.56817
-1.30173
-1.17198
-1.18717
-5.20754
-4.87361
-4.60192
-4.37283
-4.1728
-3.9941
-3.83049
-3.67869
-3.54392
-3.38121
-3.20713
-3.05189
-2.8751
-2.75924
-2.41419
-2.12989
-2.08012
-1.49742
-1.35786
-5.34618
-5.01688
-4.74602
-4.51635
-4.31645
-4.13825
-3.97531
-3.82401
-3.68212
-3.53826
-3.39226
-3.25023
-3.1354
-3.1132
-3.17356
-2.5676
-2.3728
-1.7531
-1.01399
-5.43348
-5.11983
-4.85891
-4.63665
-4.44282
-4.26956
-4.11087
-3.96233
-3.81926
-3.67893
-3.53041
-3.37789
-3.29488
-3.27751
-3.21796
-2.55765
-2.0663
-1.02107
-0.457993
-5.47699
-5.18884
-4.94572
-4.73715
-4.55437
-4.39044
-4.23977
-4.09676
-3.95513
-3.81395
-3.64862
-3.45817
-3.31428
-3.1121
-3.00646
-2.30497
-2.19027
-1.26214
-1.30445
-5.48754
-5.23213
-5.01305
-4.82307
-4.65549
-4.50451
-4.36481
-4.23028
-4.09475
-3.95503
-3.77296
-3.56762
-3.35068
-3.13899
-3.03843
-2.7213
-4.42278
-4.5173
-1.66754
-5.47506
-5.25623
-5.06523
-4.8975
-4.74833
-4.6132
-4.48746
-4.3656
-4.24145
-4.1095
-3.93552
-3.72122
-3.49848
-3.38589
-3.40723
-4.35109
-5.12728
-4.58596
-3.7586
-5.44752
-5.26572
-5.10434
-4.96076
-4.83209
-4.71547
-4.60786
-4.50531
-4.40101
-4.28414
-4.13237
-3.92174
-3.73568
-3.83968
-4.4094
-4.65236
-4.7003
-4.59266
-3.93643
-5.41157
-5.26472
-5.13218
-5.0129
-4.90577
-4.80997
-4.72516
-4.64972
-4.57795
-4.50018
-4.39639
-4.24394
-4.12911
-4.43313
-6.08759
-5.28084
-4.72316
-4.57561
-3.86633
-5.37315
-5.25765
-5.15172
-5.05565
-4.96984
-4.89563
-4.83624
-4.79495
-4.77419
-4.76572
-4.74338
-4.70114
-4.68463
-4.97056
-5.90158
-5.58631
-4.965
-4.8191
-4.89787
-5.33718
-5.24889
-5.16678
-5.09202
-5.0258
-4.97147
-4.93587
-4.93512
-4.9881
-5.05678
-5.09107
-5.10976
-5.05204
-5.25068
-5.67371
-5.78258
-5.27164
-4.83984
-4.87429
-5.30724
-5.2421
-5.18103
-5.12531
-5.07587
-5.036
-5.01638
-5.05477
-5.19126
-5.29721
-5.27229
-5.26637
-5.13083
-5.36056
-5.47343
-5.65308
-5.42889
-4.64903
-4.22832
-5.28568
-5.23994
-5.19731
-5.15869
-5.12261
-5.08753
-5.06204
-5.11012
-5.3595
-5.41905
-5.26011
-5.16344
-5.08662
-5.20994
-5.05548
-4.95025
-5.01494
-4.66801
-4.30286
-5.27415
-5.24411
-5.21736
-5.19487
-5.1724
-5.13803
-5.06741
-5.01686
-5.38254
-5.5514
-5.31851
-5.05009
-4.90868
-4.92821
-4.68299
-4.68778
-4.86821
-4.87661
-4.80904
-5.27391
-5.25575
-5.24212
-5.23615
-5.2369
-5.22834
-5.15283
-5.0803
-5.50703
-5.74044
-5.66205
-5.24914
-5.15575
-5.06923
-4.95519
-4.94852
-4.99743
-5.03851
-5.09869
-5.28605
-5.27575
-5.27149
-5.28059
-5.31353
-5.37941
-5.38826
-5.43407
-5.80398
-5.93325
-5.78989
-5.52086
-5.43272
-5.35941
-5.30509
-5.17329
-5.13607
-5.12832
-5.11705
-5.31156
-5.3053
-5.30507
-5.32196
-5.37849
-5.50334
-5.52977
-5.52605
-5.66392
-5.80214
-5.72562
-5.53715
-5.47408
-5.42012
-5.36052
-5.29669
-5.25649
-5.22912
-5.20815
-5.35151
-5.34656
-5.34524
-5.35914
-5.43201
-5.5401
-5.55186
-5.53635
-5.61445
-5.71518
-5.67585
-5.59689
-5.54679
-5.50091
-5.45449
-5.41056
-5.37691
-5.35421
-5.34282
-5.40657
-5.40223
-5.39849
-5.40602
-5.46642
-5.57947
-5.58846
-5.58136
-5.64251
-5.70115
-5.69866
-5.66298
-5.62655
-5.58993
-5.55429
-5.52198
-5.49638
-5.47943
-5.47296
-5.47608
-5.47326
-5.46904
-5.47381
-5.54298
-5.71135
-5.70593
-5.70475
-5.73546
-5.75976
-5.75852
-5.7379
-5.71083
-5.68218
-5.6545
-5.62993
-5.61032
-5.59738
-5.59183
-5.55749
-5.55709
-5.55493
-5.56119
-5.64642
-5.91067
-5.86731
-5.84545
-5.84113
-5.84234
-5.83545
-5.81913
-5.7979
-5.77525
-5.75347
-5.73443
-5.71943
-5.70934
-5.70488
-5.64742
-5.64872
-5.64744
-5.65524
-5.72494
-6.13388
-6.04823
-5.98422
-5.95079
-5.93413
-5.92049
-5.90495
-5.8873
-5.86899
-5.85165
-5.83669
-5.82513
-5.81723
-5.81305
-5.74281
-5.74468
-5.74139
-5.74261
-5.82582
-6.31473
-6.20638
-6.10304
-6.04885
-6.02079
-6.00406
-5.99013
-5.97574
-5.96095
-5.9471
-5.93551
-5.92688
-5.92114
-5.916
)
;

boundaryField
{
    leftWall
    {
        type            calculated;
        value           nonuniform List<scalar> 
100
(
550.301
490.723
429.011
366.128
302.866
240.23
178.447
117.412
49.5136
9.93177
9.5895
9.13988
8.71928
8.44371
8.1754
7.86505
7.61621
7.3561
7.07795
6.80205
6.53348
6.2762
6.03286
5.80366
5.58324
5.354
5.07774
4.69014
4.10965
3.27849
2.23184
1.12244
0.123078
-0.708057
-1.3789
-1.91591
-2.35437
-2.72277
-3.04287
-3.32961
-3.5919
-3.83651
-4.06912
-4.29369
-4.51335
-4.73077
-4.94672
-5.15986
-5.36881
-5.57444
520.821
460.071
397.664
334.493
271.412
209.256
147.682
85.3183
18.086
9.79516
9.36829
8.91409
8.56972
8.31774
8.01786
7.73203
7.49129
7.21714
6.93937
6.66656
6.40321
6.1527
5.91664
5.69305
5.47151
5.22513
4.90283
4.42893
3.72616
2.77474
1.67295
0.601841
-0.313175
-1.06238
-1.66185
-2.14556
-2.54584
-2.8877
-3.18976
-3.46342
-3.71603
-3.954
-4.1822
-4.40394
-4.62221
-4.83897
-5.05378
-5.26489
-5.47221
-5.67965
)
;
    }
    rightWall
    {
        type            calculated;
        value           nonuniform List<scalar> 
100
(
903.672
804.531
747.162
827.634
880.789
808.662
687.107
551.499
447.785
447.015
443.63
388.632
192.179
85.9323
60.6771
-7.66948
22.678
5.96248
2.54542
0.358075
0.0102025
-0.422853
-0.634779
-0.409943
-0.308135
-0.186304
-0.769341
-1.18717
-1.35786
-1.01399
-0.457993
-1.30445
-1.66754
-3.7586
-3.93643
-3.86633
-4.89787
-4.87429
-4.22832
-4.30286
-4.80904
-5.09869
-5.11705
-5.20815
-5.34282
-5.47296
-5.59183
-5.70488
-5.81305
-5.916
925.759
868.813
747.012
786.023
863.501
862.797
742.057
629.432
459.516
447.474
446.937
434.872
306.532
114.934
77.3688
29.0197
21.3563
10.8113
4.06748
1.17756
0.0256619
-0.164999
-0.657777
-0.519696
-0.410757
-0.189867
-0.446499
-1.05058
-1.2373
-1.33422
-0.587769
-0.48499
-0.583042
-3.02273
-3.89203
-3.91052
-3.78371
-4.90118
-4.67487
-4.1478
-4.55216
-5.1067
-5.09929
-5.15554
-5.27328
-5.40973
-5.53335
-5.649
-5.75944
-5.86571
)
;
    }
    lowerWall
    {
        type            calculated;
        value           nonuniform List<scalar> 
124
(
564.775
566.55
572.24
584.082
607.457
634.343
662.876
692.837
723.27
754.23
786.316
820.196
856.175
893.808
922.875
956.651
1001.84
1020.49
1020.6
1044.19
1079.89
1116.37
1109.89
1064.39
998.543
929.577
860.346
791.268
721.855
651.008
584.383
504.8
476.74
436.514
359.075
417.41
371.779
403.12
336.246
287.469
239.949
222.596
216.789
358.149
352.997
278.702
276.442
285.232
567.496
963.841
1093.01
1129.12
1141.48
1097.61
1099.55
905.145
935.18
1249.01
963.187
789.186
736.049
938.722
565.015
565.167
568.974
576.806
594.652
620.762
648.376
677.757
708.012
738.652
770.087
802.997
837.945
874.922
910.309
937.524
979.654
1018.63
1014.68
1034.99
1056.72
1105.76
1115.7
518.991
490.868
459.729
403.725
431.162
369.694
308.762
271.111
280.411
350.574
838.014
1040.71
1110.03
1170.12
1122.98
1057.01
1049.83
814.332
1201.99
1011.53
884.897
732.619
833.545
1095.18
1032.11
964.206
894.929
825.814
756.644
686.64
616.523
377.759
400.68
367.754
308.91
263.712
227.158
223.208
183.439
)
;
    }
    atmosphere
    {
        type            calculated;
        value           nonuniform List<scalar> 
92
(
-5.72904
-5.72904
-5.72904
-5.72904
-5.72904
-5.72904
-5.72904
-5.72904
-5.72904
-5.72904
-5.72904
-5.72904
-5.72904
-5.72904
-5.72904
-5.72904
-5.72904
-5.72904
-5.72904
-5.72904
-5.7291
-5.73332
-5.74168
-5.74758
-5.75223
-5.7567
-5.76079
-5.76707
-5.7689
-5.76311
-5.75243
-5.75928
-6.21602
-6.25222
-6.12592
-6.06659
-6.03732
-6.02135
-6.0087
-5.99541
-5.98152
-5.9685
-5.95778
-5.95005
-5.94514
-5.93888
-5.72904
-5.72904
-5.72904
-5.72904
-5.72904
-5.72904
-5.72904
-5.72904
-5.72904
-5.72904
-5.72904
-5.72904
-5.72904
-5.72904
-5.72904
-5.72904
-5.72904
-5.72904
-5.72904
-5.72904
-5.72904
-5.73045
-5.73719
-5.74526
-5.74991
-5.7545
-5.75881
-5.76383
-5.76886
-5.76696
-5.75749
-5.75154
-6.48133
-6.33728
-6.16852
-6.09088
-6.04937
-6.02846
-6.01499
-6.00221
-5.98847
-5.97479
-5.96278
-5.95355
-5.94742
-5.94432
)
;
    }
    defaultFaces
    {
        type            empty;
    }
}


// ************************************************************************* //
