/*--------------------------------*- C++ -*----------------------------------*\
| =========                 |                                                 |
| \\      /  F ield         | OpenFOAM: The Open Source CFD Toolbox           |
|  \\    /   O peration     | Version:  v1912                                 |
|   \\  /    A nd           | Website:  www.openfoam.com                      |
|    \\/     M anipulation  |                                                 |
\*---------------------------------------------------------------------------*/
FoamFile
{
    version     2.0;
    format      ascii;
    class       volScalarField;
    location    "0.75";
    object      p_rgh;
}
// * * * * * * * * * * * * * * * * * * * * * * * * * * * * * * * * * * * * * //

dimensions      [1 -1 -2 0 0 0 0];


internalField   nonuniform List<scalar> 
9072
(
564.965
565.167
568.974
576.806
594.652
620.762
648.376
677.757
708.012
738.652
770.087
802.997
837.945
874.922
910.309
937.524
979.654
1018.63
1014.68
1034.99
1056.72
1105.76
1115.7
563.073
563.859
567.965
574.54
592.664
620.269
648.161
677.438
707.615
738.258
769.67
802.529
837.485
874.515
911.322
935.8
972.009
1016.25
1025.87
1024.63
1028.83
1094.67
1108.36
559.526
561.182
565.034
567.658
585.509
619.209
647.562
676.69
706.758
737.37
768.697
801.418
836.184
873.099
911.418
940.484
974.079
1021.59
1045.62
1010.05
1020.89
1083.74
1096.45
555.213
557.226
559.683
552.839
569.934
618.117
647.56
675.817
705.553
736.006
767.181
799.724
834.333
871.273
909.915
945.709
983.014
1025.91
1053.46
1035.39
1052.57
1076.52
1085.1
550.991
551.715
552.147
538.274
559.233
619.127
647.91
674.747
704.029
734.265
765.214
797.495
831.923
869.051
908.705
948.846
990.121
1031.82
1061.91
1066.34
1064.4
1071.64
1074.94
547.694
544.341
543.617
532.6
558.512
619.453
646.994
673.112
702.187
732.213
762.849
794.745
828.897
866.253
907.256
951.059
996.539
1040.17
1072.18
1080.62
1072.58
1067.22
1065.21
544.979
535.284
534.215
534.179
547.884
608.346
643.006
670.566
700.036
729.921
760.136
791.467
825.148
862.634
905.109
952.607
1003.06
1050.76
1085.07
1093.49
1078.64
1061.74
1054.67
533.8
524.3
522.64
537.909
534.585
601.171
636.662
667.298
697.702
727.489
757.137
787.652
820.54
857.892
901.778
953.269
1009.82
1063.64
1101.41
1107.81
1082.96
1052.87
1041.8
419.034
369.694
308.762
271.111
280.411
350.574
838.014
1040.71
1110.03
1170.12
1122.98
1057.01
1049.83
814.332
1201.99
1011.53
884.897
732.619
833.545
497.866
319.02
223.346
223.272
223.181
259.807
830.324
1039.04
1121.67
1140.55
1125.4
1014.26
738.085
705.111
1085.16
937.689
936.57
678.83
753.426
509.557
229.171
222.917
223.279
223.066
254.403
768.519
1019.13
1180.09
1150
1117.52
805.529
690.135
695.882
907.095
854.308
821.063
606.146
556.382
512.982
270.017
239.68
223.259
224.546
380.328
634.268
967.611
1250.39
1217.9
1025.17
675.55
688.577
695.373
851.219
821.247
573.474
604.417
680.921
522.21
464.78
260.473
223.974
423.229
344.106
360.843
830.602
1294.35
1285.01
853.803
668.39
689.725
752.747
894.15
722.567
406.484
536.726
790.022
281.004
226.244
224.433
460.619
390.493
155.638
7.05479
551.267
1271.79
1288.42
610.852
660.244
962.645
975.375
793.54
643.872
381.271
447.952
834.426
233.005
226.747
478.256
484.221
211.707
-11.5711
-1.73093
429.895
1174.02
1149.42
585.557
941.246
1106.23
1101.27
718.353
439.332
357.079
350.471
911.928
598.15
621.865
569.221
376.14
-22.3073
-13.861
-3.72476
227.525
1064.72
958.252
552.989
1105.27
771.718
1031.56
480.996
405.183
408.351
608.415
1026.04
159.506
232.534
220.106
375.863
492.695
591.407
628.492
663.111
694.825
724.318
752.94
781.998
813.269
849.838
895.131
952.256
1018.64
1083.58
1128.24
1130.61
1089.28
1039.45
1015.5
10.5106
10.4796
10.3103
10.104
10.2593
16.4734
189.391
514.893
683.159
720.857
746.238
770.894
796.562
828.55
872.804
940.485
1031.52
1127.09
1194.98
1176.86
980.895
569.117
513.893
10.1839
10.2033
10.0729
10.0219
10.0495
10.0497
10.0712
9.87521
17.5927
64.5125
200.27
386.114
512.177
641.491
755.15
898.64
1027.04
1174.17
1306.93
1010.35
635.605
558.418
417.622
9.85444
9.90759
9.84968
9.87969
9.91561
9.96423
9.89097
9.72673
9.57472
9.66476
9.85891
9.77677
9.34487
9.28806
10.7752
230.409
1006.45
1179.54
1452.26
824.157
930.794
949.445
572.381
9.63601
9.61733
9.60865
9.70892
9.75283
9.75978
9.73994
9.62404
9.56564
9.64945
9.74901
9.73053
9.48894
9.23268
9.33133
5.89881
121.082
968.36
45.3006
64.965
208.546
791.476
508.757
9.50854
9.53986
9.51666
9.57576
9.60468
9.60125
9.58057
9.55673
9.55995
9.60668
9.66142
9.66293
9.63322
9.68514
10.4425
12.2362
197.494
22.3046
-11.3387
-8.67781
-0.757574
461.426
761.397
9.33384
9.52658
9.43173
9.44695
9.46092
9.45877
9.45325
9.45915
9.48674
9.53254
9.58121
9.63485
9.74989
10.0469
10.6298
12.2505
72.8388
-8.56863
-17.9881
-15.2847
-9.46726
29.372
812.264
9.17321
9.35997
9.29175
9.30817
9.31253
9.31083
9.31079
9.32343
9.35502
9.39796
9.44823
9.50908
9.60646
9.76248
10.4545
58.5703
72.7615
16.0566
-16.2973
-13.3444
-4.88414
488.989
70.4774
9.05761
9.14759
9.15221
9.1552
9.15192
9.14782
9.14708
9.15625
9.17981
9.21382
9.24986
9.2788
9.2725
9.11463
17.8424
79.0844
70.192
-3.6448
-5.7355
-8.72447
187.95
699.687
222.405
8.90866
8.98949
8.99044
8.98635
8.97733
8.96792
8.96155
8.96203
8.97319
8.99258
9.01047
9.01363
8.98053
8.86961
9.1984
77.4663
74.3769
3.39457
14.4718
-4.08141
139.644
739.897
191.604
8.75608
8.82969
8.82381
8.81156
8.79388
8.7748
8.75771
8.74538
8.74135
8.74537
8.74931
8.74372
8.72377
8.70853
8.91755
30.35
100.687
84.6566
-2.413
-6.30688
-5.30732
201.575
21.3517
8.60846
8.67519
8.66124
8.63815
8.60739
8.573
8.5392
8.50947
8.48775
8.47571
8.46763
8.45224
8.4157
8.33038
8.12806
7.91921
22.4297
139.207
-6.73708
-7.43602
-6.57993
45.2997
15.6204
8.47031
8.52824
8.50618
8.47063
8.42268
8.36646
8.30822
8.25462
8.21177
8.18352
8.1667
8.1493
8.11123
8.01653
7.79185
7.41734
7.93236
141.102
100.592
-8.04078
-6.28726
-0.143542
-3.09613
8.345
8.3928
8.36312
8.31435
8.24557
8.16008
8.06678
7.9781
7.90654
7.86132
7.84389
7.84371
7.84013
7.80698
7.72714
7.65764
11.5317
153.899
5.9518
-7.56751
-5.27263
-4.8812
-4.69894
8.23413
8.27271
8.23811
8.17759
8.08545
7.962
7.81763
7.6728
7.555
7.48716
7.47937
7.52332
7.58948
7.63943
7.63875
7.55916
8.54595
172.38
129.377
-4.47653
-4.71845
-4.47781
5.7823
8.13573
8.17028
8.13761
8.07181
7.95754
7.78566
7.56404
7.32195
7.12221
7.01409
7.02751
7.15982
7.34968
7.60505
7.9062
7.69239
7.67532
160.004
180.238
-4.01424
-4.17031
-3.79482
157.444
8.03939
8.08289
8.06564
8.01141
7.88604
7.65564
7.31211
6.89988
6.53163
6.34324
6.37943
6.68839
7.13084
7.8274
8.13128
7.92035
7.66823
7.65966
48.8113
203.522
-3.67215
43.7531
175.723
7.91821
7.99656
8.01828
8.01057
7.90708
7.61741
7.081
6.33163
5.58874
5.20746
5.21363
5.93445
7.11552
7.84499
8.15851
8.3632
7.62673
7.7547
8.16732
233.779
227.877
215.253
-3.12467
7.7211
7.87585
7.97
8.06812
8.06103
7.74071
6.88526
5.35949
3.83577
5.57265
2.30164
4.58173
5.96216
7.10786
8.28564
150.061
203.664
217.04
244.54
242.451
241.587
125.751
-3.28612
7.3724
7.65266
7.84862
8.12627
8.348
8.08033
17.4584
41.301
35.3509
13.4344
1.77966
1.13226
2.65797
7.04283
117.171
58.7468
3.94405
201.244
143.434
8.27216
-2.60701
-4.14686
-3.70164
6.79482
7.22591
7.50775
7.98051
8.6072
15.0119
54.5227
-0.689226
-1.88814
-3.41063
-3.21918
-1.88012
-3.06439
54.6988
7.12139
4.83923
-4.05093
-5.53288
-5.72715
-5.73452
-5.31566
-4.66741
-4.02652
5.96859
6.50227
6.74527
7.19478
8.15751
61.1824
56.2043
34.7994
-1.83906
-2.30889
-1.83656
-1.27325
-3.67478
7.72973
-2.86429
3.65363
-5.81263
-5.71925
-5.81676
-5.83238
-5.41534
-4.80585
-4.05592
4.99199
5.49868
5.48798
5.2961
4.80616
56.1182
52.0551
7.31373
-1.61416
0.651864
1.16936
1.10167
-2.04441
-6.90876
1.65341
-6.20685
-5.80788
-5.60662
-5.61579
-5.54126
-5.17539
-4.57038
-3.84484
4.04608
4.41883
4.14162
3.40348
2.00825
1.90471
21.6228
-2.49306
-1.92116
-0.733371
1.94647
13.5899
-1.80048
-4.57655
3.25214
-6.51416
-5.88052
-5.44878
-5.30448
-5.17727
-4.77937
-4.15457
-3.53988
3.25626
3.48883
3.12142
2.34257
0.808611
-1.60075
-2.77579
-2.1283
-1.57009
-0.644077
0.0393606
21.9695
19.6149
-3.73378
-1.94559
-6.40186
-5.65328
-5.1917
-5.22817
-4.81141
-4.24719
-3.70048
-3.21264
2.63225
2.78088
2.44272
1.82666
0.879353
-0.28307
-1.10906
-1.22732
-0.963469
-0.476721
-0.072329
11.5749
26.9664
-0.188458
-3.46716
-4.71918
-4.80344
-4.92234
-4.6723
-4.16275
-3.67769
-3.2527
-2.87121
2.15797
2.26306
1.99031
1.53634
0.916407
0.225887
-0.315633
-0.552237
-0.549708
-0.41926
-0.320762
-0.524091
27.5195
25.4214
-1.49798
-4.22787
-4.40901
-4.24996
-3.86981
-3.47819
-3.13288
-2.81741
-2.5248
1.79946
1.88107
1.67303
1.34372
0.920855
0.466142
0.0748879
-0.182125
-0.313724
-0.385266
-0.512346
-0.925025
-1.94552
5.3191
-1.17704
-3.82813
-3.63398
-3.35905
-3.10289
-2.86232
-2.62973
-2.40389
-2.18722
1.52437
1.59177
1.43622
1.19619
0.895592
0.571748
0.27232
0.0328584
-0.146363
-0.300332
-0.495203
-0.834216
-1.47522
-2.32448
-2.73068
-2.72662
-2.66912
-2.57502
-2.45813
-2.32289
-2.17573
-2.02266
-1.86891
1.30771
1.36569
1.24939
1.07268
0.852494
0.611515
0.376372
0.166434
-0.0160767
-0.188131
-0.382463
-0.640984
-0.995875
-1.41259
-1.73075
-1.88493
-1.95184
-1.95885
-1.92429
-1.86065
-1.7768
-1.68006
-1.57653
1.13085
1.18323
1.09588
0.964153
0.799561
0.616121
0.429794
0.252146
0.085668
-0.0766514
-0.249686
-0.451217
-0.69023
-0.948071
-1.17335
-1.33147
-1.42977
-1.47978
-1.4914
-1.47351
-1.43373
-1.37854
-1.31336
0.982375
1.03067
0.964721
0.865349
0.740471
0.599163
0.451308
0.30409
0.160152
0.0174336
-0.130108
-0.289798
-0.464054
-0.644362
-0.810889
-0.946324
-1.04564
-1.11045
-1.14498
-1.15419
-1.14333
-1.11723
-1.08007
0.854962
0.899465
0.84878
0.773008
0.677234
0.567289
0.44962
0.329037
0.208262
0.0874675
-0.0354274
-0.16325
-0.296681
-0.431589
-0.559291
-0.670549
-0.759994
-0.826281
-0.869854
-0.893633
-0.900502
-0.893664
-0.876093
0.742188
0.783847
0.74407
0.685976
0.612151
0.525942
0.431996
0.334097
0.234768
0.134926
0.0340489
-0.0688171
-0.173679
-0.27834
-0.378424
-0.468844
-0.545742
-0.607143
-0.652586
-0.682924
-0.699666
-0.704737
-0.70012
0.63918
0.678991
0.64757
0.603109
0.546153
0.478508
0.403815
0.325224
0.244813
0.163523
0.0814853
-0.00141055
-0.0848184
-0.167381
-0.246696
-0.319896
-0.384466
-0.438714
-0.481792
-0.513706
-0.535034
-0.546775
-0.550189
0.542632
0.581239
0.55659
0.522571
0.478699
0.4261
0.367551
0.305414
0.241275
0.176026
0.110094
0.0437547
-0.0225335
-0.0878545
-0.150818
-0.209745
-0.263017
-0.309363
-0.347956
-0.378461
-0.400956
-0.415891
-0.423947
0.449551
0.487747
0.469018
0.443149
0.409701
0.369519
0.324555
0.27641
0.226247
0.174894
0.122904
0.0706805
0.0186567
-0.0325425
-0.0820628
-0.128867
-0.171919
-0.210332
-0.243437
-0.270862
-0.292521
-0.308497
-0.319062
0.357987
0.396767
0.383574
0.364536
0.339733
0.309834
0.276197
0.239903
0.201798
0.162571
0.122749
0.0827335
0.0428908
0.00365966
-0.0344115
-0.0706803
-0.104498
-0.135285
-0.16258
-0.186106
-0.20576
-0.221492
-0.233267
0.268376
0.308332
0.299869
0.286655
0.269162
0.24784
0.223669
0.197415
0.169702
0.141054
0.111887
0.0825274
0.05326
0.0243932
-0.00372762
-0.0307165
-0.0561795
-0.079768
-0.101218
-0.120403
-0.137322
-0.151937
-0.164038
0.18246
0.223434
0.218107
0.209532
0.198117
0.183992
0.167822
0.150131
0.131366
0.111906
0.092044
0.0720038
0.0519825
0.0321818
0.0128092
-0.00591054
-0.0237552
-0.0405465
-0.0561824
-0.0706959
-0.0842291
-0.0969417
-0.108706
0.100339
0.142105
0.138289
0.133218
0.126722
0.118592
0.109201
0.098846
0.0878041
0.0763111
0.06455
0.0526543
0.0407396
0.0289195
0.0173062
0.00601696
-0.00484277
-0.0151989
-0.0250367
-0.0344786
-0.0438887
-0.0538803
-0.0646759
0.0180949
0.0625368
0.0595398
0.0575019
0.0550202
0.0518524
0.0481729
0.044083
0.0396955
0.035107
0.0303969
0.0256208
0.0208259
0.0160568
0.0113532
0.00676111
0.00231792
-0.00194631
-0.00603818
-0.0100712
-0.0144665
-0.02049
-0.0296745
989.655
961.457
930.252
874.014
628.338
655.888
586.471
523.207
432.543
812.011
621.522
933.813
753.178
110.444
71.7812
53.4286
40.5752
31.9289
31.2332
30.9751
737.138
41.6231
30.3874
30.257
556.49
665.881
83.0748
29.6545
28.7467
667.512
668.784
657.774
2.92087
1.72864
4.67326
472.223
0.126936
-0.00447135
-0.468123
-0.853978
0.328488
70.8245
17.7714
-1.45422
150.399
152.094
150.927
152.432
18.426
161.193
161.017
160.95
169.161
173.072
159.243
-1.02827
180.115
133.214
-1.3431
-1.23201
125.033
-1.72317
-1.62399
-1.36275
-2.25872
-2.08928
-1.93665
-1.75893
-2.64472
-2.45427
-2.24436
-2.04495
-2.97265
-2.74963
-2.51657
-2.29838
-3.27255
-2.99847
-2.73007
-2.48844
-3.43726
-3.12037
-2.83654
-2.59188
-3.42121
-3.11067
-2.84623
-2.61734
-3.28184
-3.01676
-2.78451
-2.57786
-3.08293
-2.86412
-2.66256
-2.4787
-2.84326
-2.66085
-2.48962
-2.33085
-2.57396
-2.4244
-2.28303
-2.15058
-2.29151
-2.17239
-2.05897
-1.95178
-2.00977
-1.91774
-1.82933
-1.74495
-1.73873
-1.66991
-1.60292
-1.53824
-1.48492
-1.43522
-1.38603
-1.33792
-1.25191
-1.21747
-1.18278
-1.14835
-1.04144
-1.01885
-0.995632
-0.972102
-0.854133
-0.840423
-0.825844
-0.810543
-0.689754
-0.682328
-0.673861
-0.664497
-0.5474
-0.544135
-0.539816
-0.534611
-0.425892
-0.425316
-0.423766
-0.421358
-0.323973
-0.325164
-0.325426
-0.324805
-0.240065
-0.242461
-0.24397
-0.244567
-0.172073
-0.175387
-0.177895
-0.179528
-0.117551
-0.121605
-0.124991
-0.127613
-0.0738823
-0.0784587
-0.082545
-0.0860177
-0.0387369
-0.0435771
-0.048119
-0.0521952
734.158
652.44
431.1
88.2354
48.5257
97.9013
-3.05925
46.8278
992.936
1042.77
692.167
1120.65
735.659
839.234
296.888
472.884
812.666
912.596
716.846
375.198
148.451
107.73
258.761
511.2
266.984
386.902
575.972
1121.61
1145.45
1044.67
851.501
726.663
856.428
334.665
560.814
798.631
446.6
448.091
851.631
736.452
725.698
433.133
9.68529
249.712
595.396
873.945
1030.74
1070.96
658.068
704.727
1167.53
587.237
334.652
342.775
798.572
446
447.583
33.0296
659.694
816.778
320.149
14.9072
8.19081
144.513
657.315
605.075
503.333
610.821
714.857
1366.6
337.447
333.261
441.961
635.721
901.578
443.851
30.5046
29.4136
224.218
925.063
779.325
739.521
460.938
102.389
237.609
431.447
845.728
1505.63
1396.48
338.444
335.226
335.799
768.344
1100.89
1157.88
29.9573
28.5639
26.5288
28.1509
37.3634
20.8318
-5.29982
-2.58813
250.83
1353.74
1430.39
1423.39
1401.5
1093.71
348.256
735.299
1077.11
177.986
538.88
29.5796
28.5301
26.6231
24.3078
22.3124
17.6443
14.0264
395.204
1236.91
1302.36
1298.65
1316.6
1315.37
1309.17
1297.68
978.875
112.091
8.53011
309.026
148.32
28.613
28.0411
27.2027
26.4857
20.1573
658.944
1275.69
1229.59
102.961
4.56258
3.80824
8.28581
3.69791
5.7771
4.98085
5.45181
6.90993
145.882
713.176
758.754
58.6428
30.1359
31.1218
670.772
710.554
3.31003
3.94463
4.38738
3.76864
3.67288
3.89417
3.70977
11.5683
10.5322
4.64645
5.70495
135.643
-1.5039
6.24258
253.684
655.169
229.771
-1.9107
2.01431
2.4834
10.5784
7.8119
3.63462
3.70632
4.24604
3.60858
3.50925
3.36115
3.55587
4.08528
6.11872
-1.85353
-1.2406
17.5376
17.7721
6.04484
-1.02494
2.04254
4.55051
10.5659
11.068
6.78033
3.4012
4.00685
3.43154
3.26063
2.86064
2.95118
6.25297
8.29867
-2.03328
-1.33598
-0.822122
11.2569
0.0325505
0.168918
6.99214
10.1194
8.30107
8.92673
17.2361
3.03766
3.17469
3.00448
2.71115
2.35812
2.02436
27.6967
3.62753
-1.53782
-1.32476
-0.943074
-0.452556
0.7823
7.5868
8.81284
9.00254
14.4315
16.5109
17.0531
4.15838
2.71369
2.4722
2.16793
1.83004
1.29338
28.7185
3.63224
-1.06602
-1.41316
-1.02349
-0.478493
-0.76802
-0.845083
-0.592492
-0.303524
-0.119123
0.0981078
15.0069
13.5226
2.76762
1.95032
1.64437
1.44451
1.15578
29.8766
4.01947
-1.12768
-1.06413
-0.575401
-0.0280384
-0.0945319
-0.756943
-0.592987
-0.37539
-0.247878
-0.166081
0.153935
18.1357
2.8828
1.59162
1.27046
1.17129
1.12494
3.35008
33.0715
-0.501138
-0.410551
-0.365726
-0.737537
-0.597773
-0.769648
-0.623671
-0.459589
-0.326
-0.210928
0.398585
16.8052
3.11285
1.60385
1.2908
1.33057
1.39702
1.58454
48.3649
-1.56516
-1.38601
-1.25812
-1.1036
-0.953803
-0.813386
-0.667357
-0.517922
-0.366758
-0.224209
1.50744
0.693035
13.272
1.79382
1.68752
1.82869
1.85149
1.92857
2.06324
-1.81898
-1.56353
-1.37153
-1.1912
-1.02189
-0.864403
-0.711358
-0.560877
-0.40596
-0.264477
1.5602
0.340036
15.139
15.7548
3.03905
1.85215
2.11691
5.93439
2.32846
-2.04602
-1.72542
-1.47989
-1.2702
-1.0841
-0.914303
-0.754037
-0.600117
-0.451305
-0.304716
1.70751
0.27792
0.381364
17.8769
3.42829
1.7325
2.08847
11.8261
2.94512
-2.21284
-1.85147
-1.57139
-1.34003
-1.14
-0.960211
-0.793994
-0.6372
-0.485927
-0.318637
1.76535
0.143876
0.284921
0.485639
16.1742
1.42865
1.71158
12.0469
2.17765
-2.31452
-1.93678
-1.63976
-1.3951
-1.18471
-0.997923
-0.828255
-0.670906
-0.52381
1.466
0.708923
0.606005
0.276386
0.380509
14.545
1.07629
1.24866
6.67398
2.18601
-2.35265
-1.97667
-1.6766
-1.42725
-1.21272
-1.02374
-0.853132
-0.695668
-0.549703
-0.415261
-0.251237
0.55616
0.191886
3.55322
1.09474
3.03292
1.91509
8.60915
6.87141
-2.33058
-1.96966
-1.67733
-1.43205
-1.2209
-1.03494
-0.866751
-0.711327
-0.564863
-0.423359
-0.151621
0.3422
0.418128
5.10952
0.556267
2.32347
1.00649
4.53184
13.2106
-2.25416
-1.92024
-1.64468
-1.41148
-1.21007
-1.03191
-0.870418
-0.720464
-0.576836
-0.43502
0.432882
0.621887
0.0335946
5.39163
0.851722
0.546361
1.36945
17.4262
13.3485
-2.13464
-1.83688
-1.58599
-1.37126
-1.18443
-1.01836
-0.867365
-0.725812
-0.587332
-0.448042
0.471737
0.267027
0.0905055
2.77168
1.15882
0.786445
13.9602
16.3823
58.484
-1.98505
-1.7285
-1.5079
-1.31634
-1.14805
-0.997605
-0.860019
-0.729811
-0.600761
-0.469161
0.452242
-0.110168
0.102446
1.31141
2.88084
14.0551
15.2786
-1.53532
18.3214
-1.81634
-1.60214
-1.41443
-1.2489
-1.10192
-0.969731
-0.848529
-0.733997
-0.620562
-0.500453
-0.359017
-0.168843
0.070404
1.50235
4.66351
20.3949
-1.0237
-1.2138
3.20606
-1.63722
-1.4635
-1.30843
-1.16962
-1.0452
-0.933231
-0.831876
-0.739091
-0.649674
-0.538139
-0.436829
-0.2824
-0.0709995
2.47948
12.2576
4.31173
-0.831967
-0.789102
-0.0696506
-1.45489
-1.31785
-1.19314
-1.08
-0.978105
-0.887358
-0.808539
-0.743053
-0.670561
-0.624175
-0.588813
-0.392679
-0.373907
2.01257
-0.35283
17.3038
13.9507
-0.760905
1.1097
-1.27531
-1.17017
-1.07257
-0.983079
-0.902493
-0.832185
-0.764967
-0.717666
-0.725933
-0.762797
-0.730291
-0.613326
-0.768091
1.83387
-0.607272
13.2199
-1.12199
-0.848512
1.98128
-1.10286
-1.02463
-0.950714
-0.882473
-0.821034
-0.720571
-0.527035
-0.68041
-0.779186
-0.889084
-0.850931
-0.955311
-0.922369
2.24933
0.580072
-0.454618
0.409985
0.585565
-0.511971
-0.940296
-0.884286
-0.830815
-0.781505
-0.736824
-0.488002
-0.477057
-0.672399
-0.788763
-0.858738
-0.91106
-0.858552
0.826034
0.0757797
-0.345936
-0.196041
9.69927
11.1986
-0.0156593
-0.789304
-0.751216
-0.71508
-0.682741
-0.448622
-0.4153
-0.580649
-0.548672
-0.663716
-0.398754
-0.0590873
-0.575892
4.92953
2.8132
1.53086
1.56727
11.4544
3.2004
-0.301624
-0.651139
-0.626875
-0.604776
-0.587786
-0.561322
-0.558864
-0.507213
-0.384434
-0.449601
17.0081
17.5621
17.8535
18.2214
7.10973
1.93828
10.0765
8.05745
-0.336728
-0.355714
-0.526847
-0.512401
-0.500637
-0.496411
-0.506007
-0.530213
-0.533402
-0.405157
-0.741979
-1.15434
-1.10176
7.96402
2.56589
6.20452
10.7411
4.08959
-0.31543
-0.32649
-0.198217
-0.417261
-0.408869
-0.403162
-0.40807
-0.435355
0.0978308
-0.55484
0.131407
-0.716941
-0.957516
-0.934938
1.9789
-0.599511
-0.531177
-0.478771
-0.391547
-0.329677
-0.297884
0.0324127
-0.322939
-0.317667
-0.313786
-0.320304
-0.210956
1.53486
1.45654
-0.523966
-0.55315
-0.69435
0.148925
2.35357
-0.527036
-0.474948
-0.424626
-0.37013
-0.325035
-0.293041
-0.273414
-0.244185
-0.240582
-0.236005
-0.237874
0.812365
1.66239
-0.433846
-0.413927
-0.380039
0.105897
0.859723
-0.518095
-0.471434
-0.4309
-0.389973
-0.350506
-0.317208
-0.292615
-0.27764
-0.180484
-0.17859
-0.173881
-0.172205
0.257305
-0.250987
-0.2583
0.170067
0.0945394
-0.174093
-0.470921
-0.454068
-0.424614
-0.392464
-0.360349
-0.330397
-0.305123
-0.286365
-0.275366
-0.129962
-0.130395
-0.127277
-0.126387
-0.0240211
0.356276
-0.190847
-0.390161
-0.394758
-0.410112
-0.414922
-0.403172
-0.381654
-0.356694
-0.331437
-0.308222
-0.288766
-0.274414
-0.266005
-0.0896472
-0.0924503
-0.0914781
-0.0933914
0.239713
0.324174
-0.46539
-0.417214
-0.391676
-0.381431
-0.3731
-0.359993
-0.342157
-0.322101
-0.30202
-0.28372
-0.268674
-0.257679
-0.251345
-0.0567512
-0.0610345
-0.060407
-0.0577275
-0.0722115
0.725211
-0.602746
-0.446455
-0.38603
-0.354678
-0.336202
-0.321106
-0.30551
-0.289047
-0.272841
-0.25832
-0.246573
-0.23813
-0.233273
564.775
566.55
572.24
584.082
607.457
634.343
662.876
692.837
723.27
754.23
786.316
820.196
856.175
893.808
922.875
956.651
1001.84
1020.49
1020.6
1044.19
1079.89
1116.37
1109.89
563.538
565.455
570.822
581.473
606.434
634.013
662.624
692.463
722.872
753.831
785.873
819.717
855.767
893.859
924.519
950.483
996.871
1023.55
1026.94
1016.39
1061.62
1106.5
1105.68
560.609
562.847
566.579
572.823
602.924
633.563
662.01
691.638
722.002
752.908
784.836
818.519
854.391
892.293
928.17
953.511
998.992
1037.68
1031.66
1006.39
1064.38
1093.68
1096.64
556.548
558.662
557.761
554.051
595.93
634.009
661.503
690.558
720.712
751.471
783.233
816.738
852.523
890.51
928.538
963.104
1004.9
1043.25
1050.05
1033.84
1066.3
1082.79
1086.22
551.325
552.742
546.861
538.56
592.775
635.596
660.937
689.197
719.073
749.623
781.136
814.395
850.137
888.631
928.87
969.062
1011.49
1049.46
1067.09
1064.02
1068.44
1074.1
1075.96
545.401
544.657
538.889
536.176
592.566
635.741
659.495
687.441
717.137
747.428
778.581
811.473
847.129
886.311
928.906
973.647
1019.07
1058.49
1079.58
1077.05
1069.53
1066.11
1065.65
540.464
534.21
533.458
543.813
568.59
630.211
656.401
685.187
714.963
744.95
775.595
807.922
843.33
883.202
928.308
977.669
1027.81
1070.44
1092.97
1087.72
1069.63
1057.16
1054.51
534.88
521.459
527.148
534.299
572.787
621.22
651.992
682.566
712.666
742.271
772.212
803.673
838.524
878.901
926.618
981.309
1037.79
1085.55
1109.19
1098.06
1067.22
1045.03
1043.25
358.149
352.997
278.702
276.442
285.232
567.496
963.841
1093.01
1129.12
1141.48
1097.61
1099.55
905.145
935.18
1249.01
963.187
789.186
736.049
938.722
349.1
239.533
223.15
223.289
225.347
471.688
961.782
1096.07
1142.86
1094.77
1113.72
899.577
697.947
803.045
1179.24
956.552
803.739
632.519
938.7
328.13
223.436
223.107
223.25
223.056
435.03
925.145
1109.16
1224.17
1105.57
1023.95
690.783
691.874
704.002
1107.44
853.209
740.242
499.026
861.159
364.971
255.054
225.65
223.224
323.917
449.176
806.18
1124.97
1295.75
1135.41
822.533
682.694
691.522
700.676
1085.22
643.482
627.496
568.504
866.775
490.215
390.626
227.3
320.094
378.126
335.476
554.781
1108.4
1362.63
1071.21
651.333
680.611
717.602
860.791
951.159
407.222
408.996
636.832
1058.45
336.192
225.087
280.221
447.635
332.803
3.62587
126.737
1033.99
1407.06
881.666
632.942
838.493
963.674
867.079
798.647
415.649
380.427
592.548
1114.71
224.943
265.634
530.517
433.242
-7.3882
-5.6605
18.5564
905.685
1362.23
710.532
614.342
1096.37
1111.39
864.426
668.825
397.108
355.903
514.62
1105.93
439.289
604.266
524.834
71.0175
-24.5
-6.87707
3.51071
741.456
1256.13
558.605
844.056
839.466
913.754
679.224
381.316
524.452
382.419
907.994
1051.83
361.468
203.868
300.053
423.678
564.615
610.873
646.167
679.3
709.789
738.633
767.349
797.173
830.693
871.153
922.166
984.803
1052.31
1109.88
1135.7
1113.99
1062.48
1023.56
1009.14
10.4871
10.4114
10.1795
10.1652
10.2036
80.8818
344.929
625.222
707.231
733.569
758.738
783.234
811.534
848.538
903.072
983.954
1080.16
1167.5
1201.03
1123.96
744.428
500.741
575.723
10.2811
10.1242
10.0373
10.0289
10.0648
10.0319
10.0593
9.50951
38.4595
113.444
303.393
447.389
581.432
697
822.888
959.969
1099.7
1248.12
1312.69
704.053
634.65
444.596
399.582
9.96534
9.86284
9.86012
9.8982
9.94318
9.94909
9.82458
9.62751
9.59419
9.76927
9.86993
9.57583
9.21154
9.64187
15.8046
786.519
1068.04
1354.39
1057.07
955.779
955.755
715.323
685.357
9.65929
9.5896
9.65828
9.73906
9.75755
9.76585
9.69013
9.57689
9.5954
9.70457
9.76829
9.63636
9.32665
9.23294
8.9834
-6.56564
709.855
351.222
66.797
28.6642
655.25
772.679
89.7673
9.50278
9.54171
9.54066
9.59666
9.60545
9.59245
9.56751
9.55222
9.57969
9.63734
9.668
9.65207
9.61984
9.95591
10.8863
46.431
189.867
-8.14629
-10.1618
-6.00588
31.3789
754.525
744.48
9.53691
9.52624
9.43188
9.45716
9.46102
9.45552
9.45395
9.46978
9.50841
9.55671
9.60588
9.67817
9.86671
10.295
11.1847
20.3549
73.9162
-17.3374
-17.5951
-12.525
-3.37505
486.412
517.739
9.27386
9.28946
9.30084
9.31189
9.31201
9.30997
9.31488
9.33679
9.37604
9.42211
9.47667
9.54999
9.67713
9.94777
21.529
80.8873
62.7753
-15.3078
-15.4528
-10.0545
121.293
565.051
25.0801
9.13454
9.14989
9.15471
9.15401
9.14977
9.14669
9.14998
9.16625
9.19605
9.23205
9.2663
9.28351
9.21374
9.20245
75.1663
74.4065
14.5782
-4.80561
-7.40992
-1.11921
669.221
717.975
4.5609
8.98742
8.99011
8.98931
8.98212
8.97245
8.96415
8.96063
8.96623
8.98236
9.00241
9.01516
9.00265
8.93455
8.92593
21.5248
76.522
22.6046
7.28799
2.97202
-0.383533
683.521
727.617
0.235792
8.83132
8.82723
8.81854
8.80314
8.78427
8.76584
8.75072
8.74219
8.7427
8.74801
8.74816
8.73513
8.71487
8.73455
9.48126
85.5802
110.662
-0.180637
-5.41407
-6.06878
26.8406
257.832
-0.80257
8.67927
8.66927
8.65078
8.6235
8.59036
8.55581
8.52357
8.49738
8.48072
8.4718
8.46159
8.43785
8.38195
8.24541
8.02639
7.89775
98.9834
94.3039
-7.17199
-7.12481
-3.75159
65.388
112.051
8.53466
8.51883
8.49006
8.44801
8.39524
8.33718
8.28044
8.2315
8.1958
8.17427
8.15911
8.13453
8.07446
7.92592
7.60945
7.44749
37.8966
120.97
-7.84752
-7.55493
-4.07087
-0.682189
-2.66327
8.40141
8.38016
8.34123
8.28238
8.20448
8.11367
8.02106
7.93947
7.88028
7.84951
7.84275
7.84393
7.82892
7.77152
7.68508
7.78219
120.461
138.974
-6.45563
-6.90077
-4.79374
-4.95857
37.7888
8.28259
8.25816
8.2115
8.13565
8.02725
7.89135
7.74372
7.60884
7.51388
7.47579
7.49621
7.55611
7.61881
7.6468
7.61431
7.49438
99.9873
169.939
-4.38348
-4.72963
-4.54908
-4.377
149.206
8.1791
8.15703
8.10983
8.02156
7.87884
7.67961
7.44435
7.2137
7.05454
7.00487
7.08131
7.25259
7.44212
7.84336
7.74447
7.62509
24.3577
183.465
141.62
-4.17275
-4.04404
16.8707
182.983
8.0865
8.07691
8.04511
7.95995
7.78549
7.49663
7.10932
6.70033
6.41163
6.32609
6.51012
6.89064
7.65307
7.98591
8.11556
7.79877
7.55666
10.2361
134.151
44.1831
-3.19515
174.739
12.7132
7.98835
8.00793
8.02152
7.97614
7.7912
7.37979
6.72457
5.92755
5.38546
5.09325
5.53811
6.39047
7.4887
7.92447
8.36323
8.0976
7.40307
7.91
166.547
232.331
221.85
131.981
-2.83259
7.84723
7.91831
8.0234
8.08824
7.95725
7.37976
6.15174
4.43457
6.74296
1.6497
3.71103
5.37225
6.53417
7.60788
12.5208
201.924
209.459
244.483
243.189
242.378
240.022
-3.43449
-3.12164
7.59747
7.73714
7.98166
8.26248
8.30715
7.67167
44.7867
37.2958
22.3332
12.4315
0.785743
2.16352
3.29111
78.3323
124.986
1.90669
81.2495
248.093
45.893
-1.33752
-4.32784
-3.90603
-3.47392
7.15113
7.34338
7.72135
8.2848
8.85791
52.1995
34.2979
-1.36519
-2.69261
-3.86536
-2.73082
-2.00094
-3.68346
91.5904
1.86406
1.77416
-5.44848
-5.64664
-5.78031
-5.58201
-4.9793
-4.35184
-3.69222
6.43921
6.60172
6.94207
7.52709
28.6464
58.5721
53.6584
0.682191
-2.07522
-2.27778
-1.28147
-2.31443
7.56947
-6.6983
3.11414
-5.5648
-5.72289
-5.75577
-5.88477
-5.65285
-5.16012
-4.43512
-3.68489
5.49148
5.50063
5.43581
4.93267
37.17
53.0707
53.1571
-1.67968
-1.31469
1.40559
1.25342
-0.303444
-5.25657
-5.29229
1.36197
-6.01739
-5.66422
-5.60238
-5.60938
-5.36808
-4.91303
-4.20502
-3.50772
4.47496
4.31475
3.85983
2.73579
0.0752884
15.3058
1.85385
-2.29426
-1.37915
0.00557121
11.7147
3.49672
-3.48916
-3.26963
-1.19512
-6.24626
-5.59426
-5.38888
-5.21688
-5.04248
-4.47562
-3.83796
-3.26479
3.56977
3.34377
2.79934
1.70147
-0.339889
-2.49577
-2.52439
-1.9109
-1.1089
-0.248497
1.26321
26.9186
-3.3657
-4.21481
-5.58938
-6.07272
-5.25016
-5.1526
-5.06002
-4.53233
-3.96781
-3.44845
-2.9925
2.85971
2.64279
2.17345
1.39459
0.302538
-0.782307
-1.23547
-1.13339
-0.73308
-0.241154
0.0210066
28.2012
25.4358
-3.20259
-4.27612
-4.82701
-4.85517
-4.85942
-4.42473
-3.91171
-3.45898
-3.05697
-2.69534
2.33032
2.14892
1.78595
1.24388
0.568669
-0.0788414
-0.470871
-0.574172
-0.492197
-0.351073
-0.341127
3.44394
26.0024
25.2585
-4.12383
-4.3504
-4.3727
-4.07133
-3.66838
-3.30065
-2.97222
-2.6682
-2.38745
1.93432
1.79269
1.52244
1.14114
0.69186
0.256566
-0.0716581
-0.260521
-0.351224
-0.431581
-0.658893
-1.36964
-0.932751
0.547956
-2.84016
-3.75339
-3.49702
-3.22803
-2.98137
-2.74522
-2.51586
-2.2942
-2.08332
1.6325
1.525
1.32563
1.05147
0.73371
0.41608
0.144173
-0.0628412
-0.223169
-0.387073
-0.638029
-1.10568
-1.90892
-2.61848
-2.74489
-2.70381
-2.62518
-2.51918
-2.39244
-2.25038
-2.09959
-1.94556
-1.79319
1.39684
1.31536
1.16771
0.966767
0.732923
0.491701
0.267644
0.0724122
-0.101687
-0.280025
-0.500827
-0.805829
-1.20397
-1.59487
-1.82269
-1.92701
-1.96164
-1.94585
-1.89551
-1.82075
-1.72963
-1.62882
-1.52369
1.20674
1.14533
1.0349
0.885185
0.70917
0.522421
0.339489
0.167733
0.00478484
-0.160722
-0.345905
-0.566316
-0.819531
-1.06819
-1.26084
-1.38727
-1.46016
-1.4898
-1.48563
-1.45593
-1.4077
-1.3469
-1.27834
1.0481
1.00208
0.918712
0.805596
0.671233
0.525509
0.377337
0.231722
0.0889357
-0.0552391
-0.208104
-0.375314
-0.554527
-0.730704
-0.883055
-1.00046
-1.08216
-1.13121
-1.15242
-1.15096
-1.1319
-1.0998
-1.05843
0.912849
0.877437
0.813665
0.727334
0.623601
0.509077
0.389472
0.268608
0.147956
0.0264731
-0.0985853
-0.229397
-0.36442
-0.496982
-0.617423
-0.718165
-0.795989
-0.85067
-0.884055
-0.89898
-0.898604
-0.886048
-0.864134
0.794619
0.766416
0.717072
0.650902
0.570288
0.479668
0.383353
0.284516
0.184921
0.0846816
-0.0170907
-0.121076
-0.226267
-0.329283
-0.425128
-0.509151
-0.578442
-0.631818
-0.669569
-0.692878
-0.70354
-0.703512
-0.694834
0.687483
0.665025
0.626869
0.576166
0.513441
0.441822
0.364847
0.285161
0.204254
0.122605
0.0401414
-0.0431069
-0.126333
-0.207623
-0.284234
-0.353388
-0.412955
-0.461674
-0.499123
-0.52564
-0.542029
-0.549436
-0.549236
0.58748
0.57006
0.540743
0.501884
0.453318
0.397406
0.336815
0.273525
0.208756
0.143127
0.0769554
0.0105592
-0.0553918
-0.119734
-0.180894
-0.237179
-0.287121
-0.329661
-0.364219
-0.390687
-0.409329
-0.42073
-0.425677
0.492315
0.479133
0.456956
0.427393
0.390325
0.347522
0.300798
0.251521
0.200678
0.14895
0.0967976
0.0446108
-0.00709325
-0.0575763
-0.105871
-0.150921
-0.191752
-0.227577
-0.25787
-0.282412
-0.301204
-0.314437
-0.322433
0.400626
0.390807
0.374705
0.35286
0.325333
0.293408
0.258325
0.221029
0.182287
0.142705
0.102743
0.062766
0.0231676
-0.0155603
-0.0528116
-0.0879332
-0.120302
-0.14939
-0.174823
-0.196424
-0.214116
-0.227881
-0.237644
0.311982
0.304703
0.293748
0.278447
0.258916
0.236058
0.210762
0.183706
0.155465
0.126512
0.0972137
0.0678638
0.0387563
0.0102169
-0.0173872
-0.0436619
-0.0682281
-0.0907724
-0.111096
-0.129139
-0.144926
-0.158325
-0.169022
0.226636
0.221185
0.214128
0.204201
0.191349
0.176127
0.159138
0.140857
0.121702
0.102009
0.0820342
0.0619786
0.0420418
0.022428
0.0033536
-0.0149538
-0.0322912
-0.0485098
-0.0635719
-0.0775895
-0.0906838
-0.102973
-0.114032
0.144524
0.140362
0.135853
0.130195
0.122835
0.114036
0.104126
0.093394
0.0821004
0.0704542
0.0586121
0.0466925
0.0348101
0.0230792
0.0116138
0.000528231
-0.0100863
-0.0201794
-0.0297913
-0.0391557
-0.0487746
-0.0592132
-0.0700825
0.0645548
0.0609081
0.0584709
0.0563638
0.053508
0.0500707
0.046172
0.0419197
0.0374204
0.0327627
0.0280138
0.0232227
0.0184359
0.013694
0.00904084
0.00451876
0.000162362
-0.00401103
-0.00804666
-0.0121744
-0.0170938
-0.0247663
-0.03487
975.404
947.303
906.955
829.1
655.364
626.026
556.85
487.385
675.004
699.989
857.597
904.853
536.323
50.2894
78.5006
35.3221
33.3331
31.373
31.1321
30.795
305.171
31.1158
30.3032
30.1743
690.521
454.373
29.7508
29.6446
338.887
667.851
669.888
578.26
2.18497
0.510073
72.8161
708.575
0.0441308
-0.151348
-0.676934
-1.11812
25.7383
72.5493
1.12372
-1.6492
151.479
152.119
149.919
57.8428
148.053
161.37
160.199
67.6445
171.732
172.479
35.8668
-1.01599
179.978
5.98436
-1.2845
-1.18216
-1.81746
-1.67633
-1.55793
-0.636534
-2.17961
-2.0329
-1.84327
-1.68098
-2.52182
-2.35118
-2.14257
-1.95382
-2.86381
-2.63284
-2.40399
-2.19931
-3.13664
-2.86167
-2.60549
-2.37979
-3.27456
-2.97413
-2.70917
-2.48357
-3.25876
-2.9739
-2.72756
-2.51477
-3.14472
-2.8971
-2.67829
-2.48268
-2.97182
-2.76091
-2.56864
-2.39256
-2.75096
-2.5736
-2.40877
-2.25581
-2.49834
-2.35256
-2.21574
-2.08749
-2.2314
-2.11485
-2.00465
-1.90034
-1.96343
-1.873
-1.78667
-1.70417
-1.70419
-1.63612
-1.57029
-1.50679
-1.46008
-1.4105
-1.36183
-1.31436
-1.23478
-1.20011
-1.16552
-1.13132
-1.03026
-1.00729
-0.983899
-0.960263
-0.847404
-0.833233
-0.818271
-0.802681
-0.686173
-0.678225
-0.669269
-0.659578
-0.5459
-0.542106
-0.537303
-0.531779
-0.425724
-0.424665
-0.422653
-0.419908
-0.32468
-0.325416
-0.325215
-0.324206
-0.241369
-0.243332
-0.244379
-0.244539
-0.173824
-0.176749
-0.178821
-0.180013
-0.119654
-0.123388
-0.1264
-0.128615
-0.0762259
-0.0805705
-0.0843657
-0.0874883
-0.0411855
-0.0458955
-0.0502257
-0.0540075
696.221
572.369
171.138
49.3024
103.744
-5.97027
-2.12267
635.24
1166.43
609.267
985.134
764.698
763.983
476.34
325.859
790.537
880.943
807.835
644.184
216.898
114.071
97.8544
537.011
339.658
354.766
379.546
865.544
1165.48
1076.23
1080.52
745.505
1069.54
488.245
333.56
856.919
451.044
447.221
448.532
789.429
717.919
731.189
34.1577
-5.7057
507.094
743.259
926.556
1092.67
734.517
670.999
719.32
1060.94
335.929
333.268
598.774
460.273
447.017
449.374
200.234
825.642
813.426
17.6092
12.5288
13.102
538.009
686.449
418.521
572.098
638.128
1325.05
930.772
334.646
333.293
684.051
543.257
618.602
1116.24
30.0623
29.0942
802.188
899.587
732.837
695.829
359.231
152.639
338.218
573.007
1262.65
1469.77
935.015
336.719
334.528
356.297
1121
1115.75
1292.16
29.3932
27.6191
25.325
35.9624
26.4615
4.04865
-7.61014
21.4035
946.001
1417.71
1428.74
1416.85
1393.99
389.576
360.574
1118.22
1008.34
59.1899
1235.9
29.1436
27.6811
25.4164
23.4316
20.3928
15.1742
27.3736
1001.91
1285.36
1300.75
1304.97
1318.8
1311.02
1311.85
1229.52
585.49
6.92681
10.3458
1322.73
28.9558
28.3812
27.6428
26.8231
25.0715
82.7073
1187.4
1306.95
703.405
4.97999
4.23516
7.66817
3.41507
4.44153
6.327
4.85069
6.24108
7.23706
1398.06
740.924
409.594
29.7583
30.1125
105.428
852.062
138.02
3.41713
4.30683
4.0719
3.64867
3.89195
3.7571
4.76563
11.2242
4.22877
5.23743
5.00939
1130.08
-1.55756
64.685
508.192
575.769
47.4517
-0.335023
2.25349
4.81079
10.3297
4.01962
3.52958
4.15786
4.24527
3.61727
3.33283
3.38397
3.8422
4.1667
13.2031
-1.85918
5.41123
20.429
13.5902
2.12803
1.46173
2.17553
10.1925
10.9074
10.5758
3.53932
3.47166
3.71939
3.36997
3.05985
2.78952
3.77457
5.91287
39.2383
-1.53704
-1.10123
5.0773
0.479634
-0.402138
1.93719
9.99248
9.64957
8.53879
16.7523
9.17801
3.07838
3.13212
2.86232
2.54178
2.16477
14.991
28.4399
38.8098
-1.32684
-1.19999
-0.686927
-0.494805
6.56681
8.42077
8.91585
8.81687
15.6174
17.0103
17.7919
2.65658
2.6272
2.3193
2.01438
1.58566
4.75449
29.3225
14.35
-1.29379
-1.28514
-0.73664
-0.563669
-0.877589
-0.737446
-0.438334
-0.202523
-0.0266424
1.3081
17.9979
2.65425
2.27896
1.77566
1.54494
1.31182
11.2449
30.3857
25.6137
-1.11542
-0.885366
-0.163843
0.0378295
-0.499928
-0.693075
-0.480294
-0.293818
-0.217901
-0.100149
13.3429
13.6476
1.77393
1.38505
1.2088
1.1431
6.03056
1.54758
45.9019
-0.433464
-0.388727
-0.554022
-0.660425
-0.772137
-0.703388
-0.540502
-0.385896
-0.275333
-0.0877813
1.21192
17.8032
1.66664
1.40608
1.27063
1.35228
1.4713
1.68698
48.6398
-1.4597
-1.32414
-1.18195
-1.02682
-0.883304
-0.741805
-0.592007
-0.445081
-0.295301
-0.0930695
1.02159
11.8881
2.26011
1.73384
1.68773
1.82267
1.90568
1.98896
51.1563
-1.67785
-1.46476
-1.28036
-1.10486
-0.942098
-0.787729
-0.63557
-0.48321
-0.331766
-0.18568
1.82452
0.378959
17.4135
6.58909
1.85668
1.98288
2.20225
3.73187
52.3292
-1.87291
-1.59657
-1.37164
-1.17467
-0.997641
-0.833249
-0.676339
-0.525499
-0.37751
1.24185
1.79139
0.288092
4.13182
17.4912
1.64781
1.91383
2.53599
11.2206
54.2895
-2.01879
-1.70374
-1.45099
-1.23688
-1.04809
-0.875673
-0.714393
-0.561226
-0.41516
1.61543
0.370035
0.20031
0.391073
17.315
2.7143
1.58766
11.9858
2.2429
19.147
-2.11201
-1.78053
-1.51217
-1.28643
-1.08881
-0.911337
-0.748139
-0.59566
-0.454424
1.61544
0.228104
0.687608
0.284758
0.440087
7.70894
1.16342
11.2246
2.15542
2.47261
-2.15233
-1.81918
-1.54672
-1.3163
-1.11553
-0.936538
-0.772911
-0.621317
-0.454614
-0.335747
0.337455
0.0836861
2.37153
0.372059
9.21965
0.767284
10.8412
10.5323
34.3827
-2.13944
-1.81667
-1.5497
-1.32283
-1.12528
-0.948976
-0.787671
-0.636989
-0.494223
-0.352572
0.503429
0.0407391
5.06488
2.62719
2.11807
0.766693
1.06476
12.2751
32.0051
-2.07842
-1.77642
-1.52348
-1.3074
-1.11851
-0.949424
-0.794329
-0.648211
-0.505558
-0.365616
0.533231
0.0938879
2.56269
2.44313
0.562194
0.988944
1.62804
11.1161
29.9916
-1.97888
-1.70638
-1.47465
-1.27483
-1.09918
-0.941329
-0.795798
-0.656605
-0.51724
-0.1111
0.569268
0.00214664
1.74421
2.36838
0.572052
2.24457
17.2358
4.86372
327.901
-1.8516
-1.61425
-1.40885
-1.22963
-1.07093
-0.927524
-0.79437
-0.665524
-0.535036
-0.111264
0.119085
-0.0063555
2.75731
1.36211
2.25757
17.1754
4.85561
-1.00412
337.189
-1.70551
-1.50532
-1.3291
-1.17333
-1.03421
-0.908002
-0.790733
-0.677558
-0.561938
-0.434197
-0.269984
-0.0547591
1.04089
1.2581
21.073
-0.796189
-1.10029
-0.854644
347.885
-1.54779
-1.38384
-1.23709
-1.10574
-0.987775
-0.881335
-0.784593
-0.694666
-0.590131
-0.485436
-0.370282
-0.150742
0.241851
0.850248
19.9619
3.3508
-0.795793
-0.681411
357.245
-1.38472
-1.25405
-1.13514
-1.02767
-0.931315
-0.846363
-0.774135
-0.704292
-0.646845
-0.602014
-0.552871
-0.236433
0.160721
0.326632
3.35326
18.0098
-0.815439
-0.680954
169.064
-1.22179
-1.12042
-1.02676
-0.941614
-0.865902
-0.8016
-0.748295
-0.716488
-0.746238
-0.755842
-0.766728
-0.588785
-0.652312
0.369204
-0.876564
18.4049
-0.986876
-0.708642
1.15979
-1.06328
-0.987053
-0.915802
-0.850843
-0.79341
-0.542908
-0.51754
-0.740692
-0.834679
-0.835627
-0.932142
-0.957724
0.0640425
2.07178
-0.716439
8.20166
2.37532
-0.378249
21.7623
-0.912096
-0.857115
-0.805583
-0.758591
-0.543593
-0.46961
-0.661103
-0.712481
-0.850344
-0.954342
-0.872736
-0.792221
2.29804
-0.0415058
-0.261927
-0.185015
10.8248
2.52881
79.8949
-0.770181
-0.732752
-0.698395
-0.66792
-0.427557
-0.589253
-0.558353
-0.571199
-0.399364
-0.440413
-0.135068
-0.0753885
6.64389
-0.0511375
3.47446
4.85746
11.6668
-0.259832
81.6561
-0.638952
-0.615349
-0.595541
-0.568461
-0.568848
-0.541198
-0.454469
-0.355118
1.37973
17.4276
17.6976
18.093
10.8514
4.16742
3.30418
10.2836
-0.293324
-0.337915
-0.472693
-0.519578
-0.505863
-0.497481
-0.4995
-0.516012
-0.540059
-0.507105
-0.367599
-1.00486
-1.15476
-0.983658
9.96649
1.93589
9.96013
10.2604
-0.33309
-0.312655
-0.326573
-0.29577
-0.413097
-0.405249
-0.403699
-0.417888
-0.463873
0.0176396
-0.0552122
-0.26822
-0.849463
-0.986492
1.20148
-0.638608
-0.562782
-0.504139
-0.438285
-0.352861
-0.312815
-0.292323
-0.135388
-0.320503
-0.31512
-0.314819
-0.332805
1.25682
1.48408
-0.179753
-0.52168
-0.617761
-0.735926
3.32518
-0.552542
-0.500089
-0.450132
-0.397395
-0.344635
-0.307233
-0.280697
-0.264115
-0.242783
-0.238091
-0.235476
-0.245107
1.74019
-0.0674086
-0.427359
-0.40956
-0.275282
0.826583
-0.547532
-0.494167
-0.451621
-0.410389
-0.369803
-0.332341
-0.302945
-0.283311
-0.275368
-0.180079
-0.176354
-0.172013
-0.177335
1.61788
-0.369761
0.126025
0.161608
-0.153236
-0.432838
-0.465803
-0.439974
-0.40868
-0.376271
-0.344937
-0.316821
-0.294464
-0.27965
-0.273794
-0.130757
-0.129109
-0.125668
-0.13077
0.59821
-0.377969
-0.114384
-0.390813
-0.402824
-0.414617
-0.410896
-0.393132
-0.369375
-0.343965
-0.319431
-0.297868
-0.28067
-0.269312
-0.264246
-0.0916281
-0.0922556
-0.0911577
-0.0995613
0.971554
-0.50326
-0.443255
-0.405499
-0.385996
-0.377654
-0.36727
-0.351524
-0.332251
-0.311944
-0.292562
-0.275679
-0.262578
-0.253608
-0.24949
-0.0595315
-0.0612414
-0.0591625
-0.0572777
0.905258
-0.516308
-0.500718
-0.412502
-0.367949
-0.344582
-0.328584
-0.313448
-0.297338
-0.280817
-0.265288
-0.252059
-0.241898
-0.235004
-0.230562
565.015
564.737
568.715
575.981
593.964
620.595
648.387
677.746
707.899
738.508
769.943
802.864
837.93
874.774
910.317
937.115
974.805
1016.18
1014.3
1031.17
1043.95
1101.02
1113.13
564.296
562.67
566.757
571.983
590.191
619.811
647.969
677.08
707.229
737.881
769.259
802.051
836.904
873.902
912.31
934.791
971.286
1018.63
1037.32
1014.01
1023.12
1088.57
1102.51
561.443
559.376
562.691
561.097
578.3
618.543
647.493
676.268
706.198
736.74
767.999
800.64
835.326
872.224
910.56
943.295
978.642
1023.86
1050.24
1013.97
1033.8
1079.72
1090.6
557.419
554.69
556.103
544.692
563.198
618.32
647.767
675.323
704.829
735.179
766.25
798.675
833.2
870.222
909.316
947.494
986.771
1028.51
1057.25
1057.3
1058.88
1073.92
1079.91
553.016
548.269
547.97
534.243
557.938
619.95
647.744
674.03
703.148
733.274
764.078
796.185
830.493
867.738
908.039
950.026
993.338
1035.72
1066.86
1074.06
1068.91
1069.45
1070.09
549.238
539.95
539.078
533.023
560.722
616.33
645.423
671.957
701.144
731.091
761.533
793.174
827.121
864.564
906.298
951.925
999.772
1045.19
1078.23
1086.96
1075.82
1064.78
1060.19
546.315
529.94
528.703
536.147
536.347
604.646
639.991
668.981
698.87
728.708
758.667
789.631
822.962
860.422
903.624
953.072
1006.41
1056.91
1092.76
1100.37
1080.92
1057.54
1048.31
544.138
514.714
493.532
534.244
559.356
597.832
633.297
665.551
696.507
726.246
755.553
785.561
817.877
854.984
899.486
953.112
1013.23
1070.97
1111.08
1116.15
1085.84
1049.73
1035.34
431.162
355.002
243.9
240.448
259.665
325.458
834.228
1043.6
1108.58
1154.56
1122.25
1045.09
912.753
737.261
1149.51
977.383
892.332
722.361
825.121
441.269
252.961
222.973
223.286
223.109
233.991
809.668
1030.9
1147.34
1137.99
1126
927.265
692.208
697.771
1010.84
906.546
883.043
639.02
605.098
524.007
230.241
222.992
223.283
223.082
326.364
709.292
1000.58
1215.18
1180.07
1085.75
719.198
689.265
695.842
809.33
830.804
731.776
570.935
599.237
510.909
423.267
354.008
223.402
321.187
368.003
534.011
913.571
1278.88
1253.4
932.973
671.204
688.064
694.815
884.781
813.326
421.513
583.616
742.685
518.76
353.312
224.722
315.235
408.795
312.304
85.6648
711.797
1293.46
1300.07
722.443
664.498
801.371
937.369
857.234
678.105
394.68
464.943
845.229
426.632
226.149
261.754
489.953
368.617
-3.60765
0.829797
437.185
1229.78
1241.28
597.576
740.936
1024.29
1019.23
723.998
543.561
368.476
441.873
832.677
266.651
324.958
568.513
478.249
7.94709
-13.0351
-3.06085
392.645
1115.56
1026.82
570.52
1034.82
1010.77
1176.75
740.874
406.936
350.586
361.688
1033.08
263.371
638.82
572.056
127.132
-26.3479
-15.1853
-3.84312
118.238
1029.93
974.884
544.596
1078.24
744.631
906.29
318.194
401.753
681.084
843.729
999.789
452.902
10.9148
10.4249
32.8239
89.3449
392.5
592.387
660.21
693.152
722.184
749.407
776.559
805.579
840.571
886.197
948.572
1025.65
1104.2
1158.04
1152.88
1075.44
968.667
916.786
10.7298
10.3224
10.1772
10.089
10.1134
10.1207
10.4459
75.2614
292.118
551.964
686.587
753.129
785.828
813.412
853.754
926.329
1032.54
1150.9
1244.27
1201.55
633.721
370.337
351.226
10.3456
10.0664
9.97357
9.95892
9.99209
10.0427
10.0034
9.86279
9.64857
9.74662
9.98824
9.56008
49.2607
127.891
240.372
503.54
843.408
1196
1352.84
875.62
971.89
922.087
870.606
10.0177
9.74676
9.71579
9.79129
9.83244
9.86565
9.8233
9.67647
9.54824
9.60123
9.68331
9.5916
9.37104
9.25853
9.70482
13.5754
736.477
1192.97
748.294
314.345
302.493
839.739
170.877
9.72276
9.5407
9.54664
9.63858
9.67743
9.67506
9.65916
9.5886
9.56805
9.62151
9.68539
9.67677
9.56721
9.41161
9.89747
9.24528
232.894
371.305
-6.37295
-1.34358
38.0985
735.455
751.003
9.5723
9.57186
9.49179
9.51347
9.53294
9.52985
9.51838
9.51374
9.53237
9.57884
9.62643
9.65932
9.7169
9.94543
10.5988
12.3756
125.417
7.23276
-14.5768
-13.0073
-7.20784
127.963
789.074
9.42878
9.47848
9.35682
9.37861
9.38777
9.38625
9.38436
9.39538
9.42719
9.47212
9.52292
9.58592
9.70925
9.98081
10.5689
13.3359
76.6609
-14.4572
-18.727
-14.6984
-8.81013
114.925
293.305
9.24362
9.21974
9.22551
9.23403
9.2341
9.2315
9.23177
9.24357
9.2717
9.3114
9.35617
9.40392
9.45184
9.43404
15.2446
81.6314
70.4794
4.6662
-11.2897
-12.4751
43.7303
660.997
158.12
9.11996
9.06993
9.07303
9.07218
9.06613
9.05981
9.05686
9.0622
9.08
9.10693
9.13353
9.14618
9.11158
8.93217
9.90951
79.0278
54.9916
0.666102
-1.78765
0.736087
313.907
719.751
250.747
8.98502
8.90901
8.90686
8.89912
8.88633
8.87272
8.86164
8.85628
8.86015
8.87187
8.88235
8.88075
8.85778
8.81721
9.1931
62.7118
85.7563
53.0907
-0.507049
-5.55367
-0.932422
713.204
58.754
8.83206
8.75172
8.74181
8.72439
8.70071
8.67474
8.6501
8.62973
8.61723
8.61326
8.61104
8.60059
8.57396
8.52883
8.49283
8.98947
100.794
120.495
-6.51278
-6.98845
-6.36055
54.4949
12.8282
8.68135
8.60054
8.58252
8.55337
8.51451
8.47008
8.42515
8.38449
8.35282
8.33267
8.31943
8.30113
8.25939
8.1558
7.89077
7.47513
8.53357
118.894
6.65562
-7.70362
-6.49341
16.401
-0.372222
8.53798
8.45883
8.4328
8.39065
8.3327
8.26284
8.18866
8.11937
8.06356
8.02713
8.0088
7.99718
7.97211
7.90431
7.75813
7.57034
8.49149
143.695
61.7891
-8.33774
-5.92058
-3.27037
-4.04817
8.40589
8.33063
8.29795
8.24288
8.16259
8.05933
7.94301
7.82976
7.73816
7.68291
7.66892
7.68671
7.71303
7.71836
7.68182
7.61747
12.0282
165.15
51.4938
-5.55578
-4.84248
-4.69154
-4.14464
8.28775
8.21928
8.18445
8.11998
8.01622
7.86995
7.6911
7.50483
7.35201
7.2674
7.26896
7.34963
7.46882
7.57402
7.61797
7.56829
7.6127
179.327
171.041
-4.51497
-4.50281
-4.18892
75.5503
8.18375
8.12522
8.09801
8.03496
7.91276
7.7126
7.43688
7.12369
6.85414
6.71249
6.74058
6.9447
7.22856
7.83446
8.01806
7.83522
7.74675
29.9649
189.11
67.2692
-3.8614
6.18535
174.523
8.08852
8.04118
8.03973
8.00295
7.88232
7.62122
7.19268
6.64279
6.1226
5.8538
5.89707
6.36842
7.16421
7.84054
8.11934
8.1647
7.66641
7.55457
7.9698
228.554
36.2232
152.927
102.258
7.98448
7.94388
7.99731
8.03359
7.96555
7.65278
6.98111
5.98533
4.84619
4.16361
4.1318
5.35989
6.78183
7.46074
8.24464
8.76737
45.6573
8.10185
227.746
237.484
235.499
228.611
-3.17548
7.83341
7.78279
7.92565
8.10498
8.19253
7.86514
6.77065
20.0857
26.4324
20.7237
0.0720402
3.2563
4.77461
6.27727
75.5465
143.084
151.495
246.074
245.485
237.614
158.682
-0.995385
-3.48143
7.57101
7.47169
7.71795
8.10061
8.50091
8.37448
50.7444
38.776
1.15034
-1.63925
0.764771
-0.855737
-0.334645
35.3998
108.319
1.61442
-2.67893
6.58766
-2.23607
-5.46891
-5.03797
-4.4261
-3.8954
7.11571
6.90427
7.19067
7.70188
8.55934
45.0984
56.5311
-1.35332
-2.01178
-3.07708
-2.9533
-1.974
-4.38237
39.7697
-2.54448
4.02688
-5.70697
-5.70951
-5.81984
-5.86647
-5.40667
-4.79456
-4.07975
6.40974
6.02671
6.16592
6.37974
8.23002
58.7409
54.1775
37.9217
-1.64671
-1.36467
-0.456158
-0.0898038
-2.50815
-7.43883
-1.99271
-2.91329
-5.81523
-5.66264
-5.72652
-5.7098
-5.34777
-4.72268
-3.97085
5.48828
4.95121
4.78881
4.24843
2.99908
39.3446
51.7848
-1.97319
-1.76948
-0.346076
4.36137
1.82963
-1.96497
-5.66612
2.65318
-6.28097
-5.82645
-5.58238
-5.52724
-5.32744
-4.99762
-4.37355
-3.69705
4.50408
3.92682
3.58417
2.7775
0.898238
-2.21947
-3.2253
-2.52087
-1.83466
-0.726997
0.26104
25.2188
0.00526641
-4.05878
3.64537
-6.65588
-5.8691
-5.32189
-5.19992
-5.06077
-4.52373
-3.92771
-3.37815
3.62991
3.10769
2.74629
2.04192
0.840604
-0.788689
-1.82361
-1.65938
-1.26856
-0.544643
-0.0389363
17.9859
25.7231
-3.43395
-4.47687
-5.53211
-5.13405
-5.00727
-5.00296
-4.50361
-3.96204
-3.4753
-3.04338
2.92397
2.50178
2.19489
1.66412
0.902473
0.0189426
-0.642731
-0.84035
-0.723348
-0.433783
-0.170497
2.04938
27.5891
25.0241
-3.02617
-4.30446
-4.64381
-4.63553
-4.28095
-3.81472
-3.40047
-3.0331
-2.69772
2.37832
2.0581
1.8189
1.43206
0.922843
0.369864
-0.0853904
-0.33981
-0.418726
-0.40783
-0.446987
-0.801537
6.68205
25.1029
1.84883
-4.15812
-4.09173
-3.80914
-3.47175
-3.16048
-2.8757
-2.60718
-2.35416
1.96651
1.72699
1.54691
1.26614
0.911121
0.530004
0.18923
-0.0614612
-0.224511
-0.348405
-0.522655
-0.909029
-1.7992
-3.06442
-3.42631
-3.21044
-3.12555
-2.94345
-2.76587
-2.58308
-2.39608
-2.20874
-2.02516
1.65324
1.47222
1.33779
1.13215
0.87569
0.597455
0.332674
0.107202
-0.0773262
-0.245633
-0.44468
-0.739324
-1.19485
-1.76587
-2.14559
-2.25727
-2.28071
-2.2481
-2.1779
-2.08208
-1.96922
-1.84629
-1.7192
1.41004
1.26999
1.16926
1.0169
0.826923
0.617088
0.407838
0.214061
0.0381904
-0.131011
-0.315902
-0.543849
-0.832384
-1.15384
-1.41919
-1.58234
-1.67068
-1.70386
-1.69603
-1.65808
-1.59841
-1.52415
-1.4412
1.21514
1.10385
1.02805
0.913801
0.770659
0.609871
0.443918
0.281876
0.126337
-0.0267806
-0.18712
-0.366161
-0.568497
-0.781784
-0.974516
-1.12217
-1.22321
-1.28307
-1.30839
-1.30593
-1.28224
-1.24299
-1.19299
1.0536
0.962811
0.905136
0.818473
0.709231
0.584725
0.452892
0.319514
0.187278
0.0554893
-0.0794923
-0.22224
-0.374072
-0.529065
-0.674375
-0.797415
-0.892452
-0.958841
-0.999387
-1.01713
-1.01632
-1.00091
-0.974484
0.916493
0.840039
0.795214
0.728877
0.644817
0.547519
0.442381
0.333607
0.223846
0.113778
0.00228607
-0.112326
-0.230342
-0.348804
-0.46163
-0.561995
-0.645248
-0.709502
-0.754746
-0.782587
-0.795191
-0.795088
-0.784714
0.797079
0.73031
0.694978
0.644142
0.57929
0.502889
0.419025
0.331161
0.241628
0.151388
0.0603109
-0.0320572
-0.125511
-0.218359
-0.307384
-0.388778
-0.459404
-0.517396
-0.562025
-0.59362
-0.613189
-0.622131
-0.622043
0.689665
0.629412
0.601543
0.56265
0.512635
0.452884
0.386609
0.316576
0.244613
0.171637
0.0979526
0.0236862
-0.0507367
-0.124206
-0.194904
-0.260651
-0.319432
-0.369764
-0.410783
-0.44227
-0.464506
-0.478184
-0.484257
0.590283
0.534103
0.512479
0.482749
0.444358
0.398263
0.346808
0.291954
0.235063
0.177005
0.118286
0.0592716
0.00041683
-0.0575266
-0.113477
-0.166115
-0.214148
-0.256505
-0.292427
-0.321528
-0.343799
-0.359459
-0.368974
0.495815
0.441972
0.426072
0.403749
0.374808
0.340005
0.300964
0.258991
0.215079
0.169993
0.124289
0.0783841
0.0326765
-0.0123121
-0.0558973
-0.0972572
-0.135576
-0.170125
-0.200339
-0.22589
-0.246651
-0.26263
-0.27393
0.403597
0.352169
0.341497
0.325506
0.304515
0.279092
0.250393
0.219323
0.186609
0.152855
0.118538
0.0840288
0.0496543
0.0157824
-0.0171467
-0.0486353
-0.0781748
-0.105309
-0.12968
-0.151082
-0.169445
-0.184717
-0.196748
0.312836
0.265402
0.258728
0.247992
0.23369
0.216125
0.19612
0.174314
0.151239
0.127348
0.102996
0.0784533
0.053962
0.0297768
0.00616616
-0.016575
-0.0381442
-0.0582878
-0.0768271
-0.0937143
-0.109024
-0.122792
-0.134801
0.224897
0.182377
0.177984
0.171274
0.162448
0.151463
0.138826
0.124945
0.110183
0.0948491
0.0791796
0.0633498
0.0475142
0.0318287
0.0164501
0.00154379
-0.0127331
-0.026264
-0.039
-0.051029
-0.0626021
-0.0740655
-0.0854292
0.141139
0.101927
0.0988294
0.0952406
0.09082
0.0852803
0.0788699
0.0717791
0.0642021
0.0563004
0.048207
0.0400099
0.0317898
0.0236222
0.0155776
0.00773414
0.000155185
-0.00711294
-0.0140729
-0.0208541
-0.0279024
-0.0361216
-0.0461835
0.0607049
0.0187356
0.0197108
0.0187233
0.0177917
0.0167966
0.0156951
0.0145035
0.0132493
0.0119517
0.0106296
0.00929135
0.00793964
0.00657924
0.00520758
0.00383715
0.00247217
0.00112557
-0.000222695
-0.00165098
-0.00333832
-0.00692262
-0.0148331
957.389
958.382
938.776
893.773
349.682
357.19
367.322
409.487
856.076
768.976
705.656
626.455
90.8479
36.3406
31.3694
30.9506
122.861
33.2689
30.6389
30.521
751.494
253.583
32.332
29.9141
435.835
671.787
564.279
34.1486
7.99459
71.3557
690.258
662.433
0.919474
0.402219
-0.0787607
-1.72401
-0.100447
-0.236867
-0.138738
-0.599912
63.1145
149.361
148.916
-2.21151
113.85
155.884
155.132
153.515
120.854
167.515
167.589
30.2231
174.904
176.608
31.2824
-1.09066
183.613
0.611241
-1.49906
-1.34396
-2.01031
-1.89793
-1.77104
-1.59563
-2.46548
-2.24747
-2.09269
-1.90533
-2.8203
-2.60568
-2.38303
-2.17658
-3.12976
-2.88591
-2.63529
-2.40368
-3.37767
-3.07775
-2.79717
-2.55103
-3.44976
-3.12923
-2.85169
-2.61319
-3.36189
-3.07168
-2.82325
-2.60546
-3.18787
-2.94742
-2.73073
-2.53526
-2.96774
-2.76792
-2.58147
-2.40986
-2.71127
-2.54554
-2.38941
-2.2438
-2.43342
-2.29945
-2.17235
-2.05277
-2.14984
-2.04472
-1.94424
-1.84881
-1.87242
-1.79251
-1.71527
-1.64114
-1.60939
-1.55064
-1.49298
-1.43696
-1.36567
-1.32406
-1.28251
-1.24159
-1.1438
-1.11568
-1.08709
-1.05845
-0.944887
-0.927085
-0.908529
-0.889428
-0.769121
-0.758853
-0.747612
-0.735535
-0.615899
-0.610779
-0.604592
-0.5975
-0.484116
-0.482339
-0.479546
-0.475889
-0.372571
-0.372969
-0.372422
-0.371007
-0.279888
-0.281732
-0.282663
-0.282693
-0.204227
-0.207108
-0.209133
-0.210257
-0.143289
-0.146994
-0.149958
-0.152096
-0.0945203
-0.0988686
-0.102632
-0.105704
-0.0553837
-0.0601274
-0.0644775
-0.068289
-0.0234224
-0.0282157
-0.0328395
-0.0370987
771.771
353.221
102.775
94.3754
420.974
274.83
19.7622
131.797
1009.13
1060.58
933.914
1089.63
733.586
902.283
326.221
580.709
860.215
455.985
448.578
469.041
405.064
342.897
481.09
54.0384
363.17
433.106
791.111
1063.3
1184.42
990.981
725.76
817.567
760.172
334.316
425.797
774.457
446.256
447.555
636.207
768.942
756.331
269.992
12.8199
21.6031
245.681
678.911
901.845
573.408
637.295
678.261
1354.1
404.45
334.468
347.342
813.175
460.344
445.209
30.8522
36.5454
885.639
818.472
32.3793
104.171
502.246
597.737
286.204
474.756
587.149
1197.19
1383.12
337.868
334.396
436.634
502.08
1128.96
513.91
30.193
28.9584
28.2193
433.546
639.714
334.057
-10.8538
31.2373
169.561
751.208
1451.26
1470.58
1403.92
458.243
334.361
336.589
1073.6
870.686
1231.78
29.7467
28.4503
26.3455
23.9513
21.9278
17.6405
7.6118
1.70249
985.968
1334.63
1366.41
1368.32
1368.46
1406.52
999.712
1198.54
936.727
12.0301
326.416
30.7272
28.6327
27.2685
25.403
23.5742
17.8888
66.5174
1102.73
1298.88
977.758
592.95
755.209
789.722
601.162
433.989
37.7344
5.57191
7.27196
195.907
697.497
40.3159
28.3263
29.0905
29.7806
97.7404
1004.67
725.176
278.177
4.56098
4.03294
3.70898
3.72798
3.74614
8.1752
8.54593
5.17212
6.54671
143.789
86.8513
790.176
799.183
642.9
933.718
936.776
2.82494
2.78955
4.7196
4.34195
3.64775
3.91035
4.27676
3.63394
7.12738
3.4751
4.02757
4.54649
30.5657
-1.54612
-0.575393
10.2977
15.2186
13.9744
9.7482
2.17659
2.43597
10.5795
11.2432
3.79077
3.51203
4.24226
3.56105
3.48086
3.12946
3.26818
4.16071
7.15083
-1.9716
-1.43572
9.92258
17.79
0.747932
-0.613408
1.85675
10.1616
8.63977
10.0217
11.839
3.21656
3.38389
3.23927
2.98552
2.6243
2.47704
24.6689
5.08054
20.2082
-1.25918
-0.872172
-0.539101
0.034913
6.992
9.58892
9.79781
7.99254
14.1332
17.0783
3.46542
2.93295
2.74461
2.43509
2.07024
1.57011
27.9874
3.62142
-1.05744
-1.43499
-1.00681
-0.471788
-0.829693
0.748468
0.669551
1.10051
3.87678
10.0301
17.1496
5.7152
2.63705
2.20582
1.90437
1.63149
1.17892
29.4165
3.74613
-1.08764
-1.26615
-1.00433
0.048172
-0.655331
-0.792196
-0.590967
-0.337704
-0.183141
-0.0681822
0.963577
18.7369
2.63035
1.73236
1.40569
1.28244
1.12304
26.6122
6.28447
-0.867628
-0.394082
-0.315373
-0.108301
-0.0306023
-0.759941
-0.605095
-0.419058
-0.294708
-0.206358
-0.0302612
18.053
5.0748
1.53754
1.21113
1.18448
1.21626
1.46621
47.1083
-0.84415
-0.872991
-1.14644
-1.05654
-0.916632
-0.78933
-0.645331
-0.49202
-0.350225
-0.211862
1.47761
1.82949
2.18058
1.72004
1.50377
1.59138
1.63126
1.74812
16.5207
-1.6923
-1.4734
-1.31393
-1.14869
-0.988881
-0.838843
-0.689443
-0.540226
-0.386631
-0.241151
1.53129
0.434293
16.1394
2.98433
3.13052
2.04888
2.01623
2.10291
2.23001
-1.93892
-1.64877
-1.42743
-1.23172
-1.05363
-0.889634
-0.732927
-0.580826
-0.427488
-0.284141
1.66483
0.324777
0.976287
18.0044
1.79702
1.82048
2.14781
11.6027
2.78842
-2.13782
-1.79314
-1.5281
-1.30652
-1.11308
-0.938012
-0.774524
-0.618894
-0.468346
-0.322935
1.74141
0.194664
0.337496
10.4545
10.3999
1.60004
1.92726
11.963
2.19146
-2.27166
-1.89958
-1.609
-1.36994
-1.16412
-0.980333
-0.812064
-0.654706
-0.504987
0.802652
1.76726
0.311495
0.290521
0.417791
15.7393
1.24008
1.47926
12.0535
2.17422
-2.34139
-1.96258
-1.66257
-1.41443
-1.20107
-1.01253
-0.842048
-0.684571
-0.539135
0.736859
-0.220158
0.574506
0.210583
0.427834
8.66396
1.31778
2.1103
3.33539
2.73219
-2.34885
-1.97889
-1.68145
-1.43306
-1.21934
-1.03123
-0.861324
-0.704484
-0.557821
-0.418091
-0.268167
0.554129
0.287735
5.05448
0.571996
3.78416
0.965675
10.9151
11.8554
-2.29858
-1.94977
-1.66476
-1.42462
-1.21765
-1.03501
-0.869647
-0.71656
-0.571034
-0.429289
0.251484
0.303046
0.0723174
5.22302
0.820002
0.714893
1.2272
5.88657
12.3722
-2.19894
-1.88222
-1.61814
-1.39347
-1.1988
-1.02619
-0.869545
-0.723431
-0.581976
-0.440703
0.423961
0.645283
0.0674094
5.53495
0.612996
0.725854
1.51174
17.4355
33.7768
-2.06286
-1.78534
-1.54907
-1.34545
-1.16745
-1.00882
-0.864175
-0.727855
-0.593479
-0.457994
0.468317
-0.0395266
0.102024
1.31002
2.92049
1.90061
17.4945
6.31875
55.3473
-1.9025
-1.66719
-1.4629
-1.28414
-1.12625
-0.984648
-0.854837
-0.731796
-0.609585
-0.482349
-0.212836
-0.137189
0.0924897
1.30387
2.36558
20.0887
-1.14889
-1.45003
6.19312
-1.7276
-1.53403
-1.36281
-1.21067
-1.07491
-0.952627
-0.840916
-0.73647
-0.634132
-0.515168
-0.393858
-0.214517
0.0218954
2.58784
10.9326
11.6795
-0.886634
-0.91653
1.0701
-1.54606
-1.39123
-1.2517
-1.12594
-1.01286
-0.911467
-0.821196
-0.741514
-0.654495
-0.576882
-0.500553
-0.363053
-0.210151
2.25227
7.00323
15.991
4.95859
-0.736688
-0.394095
-1.36445
-1.24398
-1.13326
-1.03223
-0.941205
-0.860912
-0.793398
-0.742545
-0.692895
-0.6889
-0.68373
-0.437364
-0.551157
1.88659
-0.702824
17.8873
3.09292
-0.811521
2.03636
-1.18799
-1.09692
-1.01158
-0.933013
-0.862319
-0.801246
-0.587528
-0.684473
-0.758795
-0.829495
-0.786285
-0.878365
-0.885055
1.82819
-0.538664
4.85715
-0.853813
-0.818514
0.138611
-1.02022
-0.95366
-0.890356
-0.831858
-0.779056
-0.526383
-0.494153
-0.696825
-0.791213
-0.893039
-0.904346
-0.942375
-0.882077
2.30602
1.37917
-0.533315
2.07938
9.85483
-0.328469
-0.863268
-0.816741
-0.772331
-0.731719
-0.632018
-0.448185
-0.62023
-0.623026
-0.757092
-0.89912
-0.858121
-0.746984
3.1656
0.723436
-0.274594
2.49992
11.2003
11.4981
-0.133361
-0.718548
-0.687878
-0.659192
-0.634719
-0.443783
-0.571998
-0.53699
-0.456959
-0.551394
7.92962
13.9415
9.40727
6.4324
1.4574
0.411907
1.37112
11.3958
-0.226822
-0.326765
-0.587201
-0.56834
-0.551906
-0.541628
-0.539812
-0.539936
-0.505063
-0.37775
-0.539896
2.20814
14.2184
17.9875
17.354
16.1223
14.2038
13.0589
-0.280702
-0.337579
-0.323693
-0.470176
-0.459194
-0.45102
-0.452144
-0.471936
-0.523494
-0.570831
-0.201276
-0.779231
-1.10097
-1.05686
-0.811812
-0.651985
-0.570563
0.787923
-0.413729
-0.327023
-0.309524
0.0186681
-0.368162
-0.361616
-0.357298
-0.363764
-0.394372
1.47418
0.569864
0.0547973
-0.628479
-0.811877
-0.676798
3.30769
-0.558067
-0.500342
-0.445574
-0.3809
-0.328055
-0.294348
-0.109795
-0.28162
-0.27726
-0.273138
-0.277658
0.382076
1.60828
-0.0724303
-0.46634
-0.490485
-0.57849
1.02149
-0.560516
-0.497837
-0.45197
-0.40604
-0.360167
-0.321531
-0.293116
-0.275557
-0.210536
-0.207718
-0.202878
-0.202458
0.792987
0.451707
-0.399207
-0.188071
0.13794
0.453812
-0.158306
-0.484146
-0.44783
-0.411224
-0.374922
-0.340652
-0.311733
-0.290254
-0.277447
-0.153747
-0.152952
-0.148827
-0.147131
-0.0129706
0.0860964
0.0817375
0.0248533
-0.396313
-0.428258
-0.440409
-0.427382
-0.402589
-0.374359
-0.345919
-0.319606
-0.29745
-0.281047
-0.271507
-0.108723
-0.110411
-0.108509
-0.109078
0.195247
0.221704
-0.447433
-0.402185
-0.392769
-0.394765
-0.392862
-0.380825
-0.361517
-0.339243
-0.316764
-0.29619
-0.279099
-0.266541
-0.259198
-0.0724367
-0.0761014
-0.0754592
-0.0759185
0.164937
0.686832
-0.523734
-0.435419
-0.390589
-0.368893
-0.354841
-0.340493
-0.323762
-0.30558
-0.287551
-0.271248
-0.257941
-0.24828
-0.242783
-0.0419872
-0.0467696
-0.0456726
-0.0426292
-0.074651
0.258634
-0.58412
-0.445871
-0.37362
-0.33488
-0.31394
-0.299317
-0.285305
-0.270584
-0.256076
-0.243218
-0.233072
-0.226014
-0.221935
564.463
566.21
571.806
583.094
607.132
634.25
662.913
692.77
723.132
754.087
786.172
820.106
856.173
893.822
924.077
954.822
999.309
1018.88
1020.84
1033.82
1073.19
1112.42
1108.53
562.222
564.34
569.167
578.389
605.185
633.759
662.324
692.079
722.494
753.442
785.431
819.195
855.149
893.232
925.94
948.173
996.806
1031.39
1033.3
1007.48
1053.51
1100.05
1101.55
558.719
560.957
562.765
564.309
599.56
633.613
661.738
691.131
721.405
752.246
784.099
817.699
853.517
891.381
928.22
958.756
1001.9
1041.18
1034.68
1010.27
1065.26
1087.89
1091.44
554.078
555.941
552.183
544.903
593.507
634.742
661.266
689.917
719.932
750.594
782.243
815.637
851.4
889.607
928.75
966.425
1008.08
1045.93
1060.16
1055.18
1067.45
1078.25
1081.07
548.35
548.996
542.361
535.421
593.096
636.108
660.389
688.379
718.139
748.565
779.914
813.009
848.72
887.547
928.94
971.441
1015.14
1053.64
1073.51
1071.14
1069.05
1070.12
1070.85
542.759
539.711
536.097
539.721
590.219
633.772
658.169
686.375
716.073
746.219
777.141
809.781
845.341
884.879
928.712
975.719
1023.29
1064.09
1086
1082.5
1069.81
1061.91
1060.29
537.814
527.946
530.484
545.707
554.475
625.782
654.294
683.895
713.812
743.625
773.953
805.893
841.067
881.226
927.632
979.516
1032.64
1077.58
1100.65
1092.83
1068.61
1051.3
1048.3
521.145
512.57
494.127
538.178
578.692
616.941
649.602
681.193
711.504
740.878
770.398
801.283
835.67
876.151
925.177
982.774
1043.23
1094.38
1118.77
1104.08
1066.43
1039.33
1040.54
330.875
312.407
234.288
252.148
271.23
538.382
966.251
1095.56
1123.26
1122.51
1105.79
1037.92
758.775
874.938
1225.39
943.453
795.72
719.967
942.932
364.675
223.687
223.113
223.29
223.038
397.89
951.395
1100.49
1179.23
1086.79
1096.11
760.839
692.22
737.975
1139.28
930.762
792.96
507.859
902.372
289.938
223.618
223.172
223.245
227.207
460.898
878.927
1118.99
1263.17
1129.44
915.342
684.055
691.633
700.088
1101.07
775.877
699.656
530.907
828.005
466.961
429.741
228.475
223.291
394.595
409.739
701.871
1122.3
1328.71
1112.86
721.47
681.956
691.363
723.134
1026.38
493.557
491.258
641.307
997.445
492.865
229.568
224.85
450.579
357.688
163.048
346.737
1078.88
1391.87
987.733
640.75
684.971
885.096
900.218
872.557
414.447
397.579
616.109
1100.12
244.497
225.079
466.588
437.072
167.861
-4.19501
21.8228
978.91
1398.23
795.111
625.981
1018.38
1021.97
831.65
739.43
403.757
368.61
531.905
1121.49
227.103
533.745
527.142
313.983
-21.5237
-6.43657
15.4691
820.712
1309.44
587.154
646.363
1082.98
1148.39
915.801
520.694
393.281
354.442
686.308
1080.37
648.609
611.395
454.773
28.3433
-28.4658
-6.96342
-2.89404
703.07
1214.76
579.161
893.513
775.039
788.453
501.009
341.589
657.354
703.986
949.541
1002.51
32.7292
10.597
17.6463
51.4343
214.256
518.528
640.275
677.269
708.099
735.825
762.967
790.573
822.095
861.656
915.06
985.974
1066.19
1136.26
1164.71
1121.93
1025.6
919.332
941.65
10.4087
10.2432
10.1192
10.0958
10.1323
9.96979
26.7988
163.127
437.356
630.357
725.888
773.368
798.795
831.14
884.419
976.744
1091.82
1204.16
1250.87
965.571
407.301
358.6
347.594
10.1292
10.007
9.95852
9.9716
10.0236
10.0203
9.95947
9.73581
9.66245
9.88371
9.88959
21.8905
83.2341
179.192
336.518
672.566
1037.85
1281.72
1215.5
752.984
940.32
900.168
841.404
9.80141
9.71041
9.75169
9.81719
9.84443
9.85675
9.75332
9.59298
9.55931
9.65072
9.66807
9.48002
9.29081
9.32986
10.8141
289.668
1000.94
1222.15
416.013
269.255
710.838
317.989
122.896
9.5584
9.51793
9.59185
9.66625
9.67971
9.66918
9.62458
9.56785
9.58946
9.65995
9.69555
9.64123
9.46295
9.5419
10.0667
10.15
509.758
1.199
-3.97223
3.79895
415.202
753.03
656.04
9.49477
9.57141
9.48968
9.52753
9.53311
9.52432
9.51416
9.51913
9.55373
9.6038
9.64432
9.67968
9.79164
10.2075
11.1243
36.9861
101.786
-12.9229
-14.1711
-10.7723
0.610513
710.985
772.354
9.43603
9.41164
9.36774
9.38552
9.38774
9.38454
9.38752
9.40842
9.4485
9.49637
9.55153
9.63439
9.82197
10.1925
11.2323
28.3051
57.3536
-17.8121
-17.9576
-11.6212
-1.3859
376.541
44.4673
9.20074
9.22179
9.23073
9.23494
9.23286
9.23082
9.23571
9.25571
9.29072
9.33337
9.37993
9.42818
9.45288
9.64417
66.376
76.7829
61.3206
-10.5733
-11.5495
-9.049
419.141
679.584
12.1384
9.06401
9.07157
9.07358
9.06944
9.0628
9.05766
9.05812
9.06953
9.09287
9.12091
9.14303
9.13825
9.0391
8.95348
44.6996
74.1228
0.232105
-0.300239
-3.22896
12.3693
710.253
725.639
1.42394
8.90904
8.90819
8.90386
8.89306
8.87938
8.8667
8.85799
8.85694
8.86547
8.87797
8.8838
8.87143
8.8402
8.88092
13.1112
82.785
91.9747
27.8174
-4.26526
-4.76589
199.632
634.58
0.0823913
8.75463
8.74753
8.73402
8.71309
8.68774
8.66208
8.63917
8.62228
8.61442
8.61261
8.60736
8.58977
8.55438
8.49008
8.69011
37.1125
126.312
2.45836
-6.95965
-6.73166
5.1746
69.5691
-3.63554
8.60579
8.59286
8.56928
8.53493
8.49266
8.44738
8.40401
8.36727
8.34137
8.32578
8.31187
8.28481
8.21935
8.05322
7.67196
7.56927
19.9221
129.612
-7.11776
-7.35126
-1.92674
17.6541
2.64296
8.4664
8.44773
8.41377
8.3635
8.29885
8.22571
8.15284
8.08932
8.04277
8.01618
8.00321
7.98793
7.94585
7.84152
7.66183
7.66358
86.5015
126.252
-7.97764
-7.58772
-4.86128
-3.81655
-0.223072
8.34007
8.31677
8.27344
8.20591
8.1134
8.00188
7.88484
7.78016
7.70541
7.671
7.67503
7.70062
7.72016
7.7049
7.65422
7.65632
127.491
160.348
-4.83004
-5.37833
-4.63727
-4.69686
89.3159
8.22901
8.20483
8.15657
8.07345
7.94815
7.78334
7.597
7.4218
7.29966
7.25713
7.30119
7.40788
7.5262
7.60573
7.61171
7.4746
55.9096
176.482
31.094
-4.52904
-4.34177
-3.5259
178.87
8.13209
8.11462
8.07238
7.98269
7.82301
7.58269
7.281
6.97751
6.76384
6.70289
6.82505
7.08382
7.51081
7.93688
8.07249
7.70565
8.60076
150.079
183.629
-3.85764
-3.65329
139.889
142.606
8.03988
8.04232
8.0284
7.95671
7.77239
7.42687
6.92629
6.36328
5.95422
5.82019
6.10633
6.65916
7.59113
8.07643
8.12637
7.98192
7.45449
7.77322
43.5916
215.678
12.1411
179.004
-2.68773
7.92657
7.96899
8.02178
8.02024
7.84987
7.36228
6.50668
5.38678
4.52803
3.96233
4.73603
6.00042
7.24273
7.91529
8.45794
19.3914
12.2549
71.3548
239.596
237.304
230.792
70.5901
-2.95821
7.74115
7.84559
8.0158
8.17417
8.11346
7.37555
6.26123
31.1916
24.3774
7.37017
3.5368
4.24174
5.42262
7.1657
127.04
122.413
243.589
245.984
245.721
173.282
64.2379
-3.6473
-3.30306
7.40446
7.57601
7.89531
8.31815
8.53291
19.3318
46.0496
4.19873
-1.02187
2.16336
-1.99819
-0.262524
-0.458211
100.481
24.3552
0.276716
-3.90784
11.7065
-5.43727
-5.30723
-4.71895
-4.16345
-3.60885
6.82986
7.02208
7.41728
8.06895
10.6587
59.9081
38.5177
-1.70235
-2.53333
-3.30493
-2.2962
-2.6111
1.66455
8.29307
0.519782
1.87629
-5.67752
-5.75635
-5.89366
-5.70043
-5.08291
-4.4413
-3.71635
5.98702
6.08578
6.26616
6.44568
47.1698
55.9883
53.5013
-1.56804
-1.66455
-1.07092
0.0916932
-1.42832
1.94223
-6.62688
3.58074
-5.98747
-5.69785
-5.68171
-5.7608
-5.54783
-5.07285
-4.34866
-3.61023
4.97849
4.8942
4.59668
3.67601
11.1466
52.746
30.6921
-2.02131
-1.36244
3.12187
3.42339
0.57339
-4.32698
-3.69995
0.691483
-6.09088
-5.6507
-5.56332
-5.43777
-5.18915
-4.70964
-4.02843
-3.39041
4.00098
3.79317
3.2627
2.04392
-0.591264
-3.29453
-3.0299
-2.24104
-1.30761
-0.186246
5.92739
24.7055
-3.41982
-4.30389
-4.41059
-6.31949
-5.42628
-5.26825
-5.24204
-4.80835
-4.22492
-3.64353
-3.13222
3.18949
2.96252
2.44607
1.51195
0.0453179
-1.46353
-1.81981
-1.50697
-0.926752
-0.240406
0.226135
27.5412
5.96043
-3.74748
-5.14066
-5.44958
-5.02616
-5.11481
-4.77446
-4.22741
-3.71137
-3.25288
-2.84631
2.57541
2.37474
1.95873
1.31008
0.459993
-0.365388
-0.79294
-0.811907
-0.589595
-0.282698
-0.109098
26.4938
26.485
7.36211
-4.10592
-4.50032
-4.68831
-4.49132
-4.04526
-3.60005
-3.21234
-2.86157
-2.54173
2.11845
1.95714
1.64318
1.18938
0.643955
0.120778
-0.2386
-0.396642
-0.41748
-0.408006
-0.556477
-1.26766
21.2222
21.1007
-4.12463
-4.15166
-3.96952
-3.63877
-3.31208
-3.01563
-2.73962
-2.47859
-2.23419
1.77369
1.65007
1.41796
1.0955
0.719815
0.350473
0.0514976
-0.151818
-0.286857
-0.421422
-0.673308
-1.27591
-2.40201
-3.4837
-3.25857
-3.2089
-3.03294
-2.85501
-2.67524
-2.48987
-2.30221
-2.11621
-1.93601
1.50781
1.41424
1.24286
1.0087
0.737128
0.461294
0.214277
0.0108083
-0.161085
-0.337543
-0.575321
-0.943669
-1.48125
-1.99963
-2.21964
-2.27677
-2.2702
-2.21681
-2.13263
-2.0273
-1.90862
-1.78293
-1.65557
1.29711
1.22631
1.09874
0.925623
0.723189
0.511217
0.308502
0.124277
-0.0460718
-0.219845
-0.422763
-0.680625
-0.993624
-1.29918
-1.51215
-1.63431
-1.69322
-1.70432
-1.68025
-1.63048
-1.56271
-1.48345
-1.39788
1.12409
1.07098
0.975168
0.845225
0.691668
0.526845
0.362092
0.203402
0.0499815
-0.105307
-0.273727
-0.464681
-0.675442
-0.882855
-1.05443
-1.1782
-1.25789
-1.29963
-1.3102
-1.29637
-1.26424
-1.21907
-1.16518
0.977986
0.937783
0.865012
0.766286
0.648359
0.519306
0.386166
0.253233
0.121504
-0.0112847
-0.149686
-0.297191
-0.451875
-0.603844
-0.739211
-0.848549
-0.929178
-0.982236
-1.01084
-1.01879
-1.0102
-0.988873
-0.958106
0.852012
0.820489
0.764423
0.688845
0.597455
0.495632
0.38824
0.278752
0.168884
0.0583199
-0.0545472
-0.171002
-0.289836
-0.406374
-0.51373
-0.605935
-0.679781
-0.7344
-0.770722
-0.790636
-0.796573
-0.791036
-0.776425
0.739942
0.714738
0.67132
0.6134
0.542274
0.461644
0.375412
0.286506
0.196581
0.105982
0.0143039
-0.0787144
-0.172183
-0.263591
-0.349257
-0.425583
-0.49005
-0.541393
-0.579403
-0.604826
-0.618894
-0.623109
-0.619174
0.63675
0.616908
0.583432
0.539042
0.483784
0.420369
0.351923
0.28076
0.208223
0.134878
0.0608787
-0.0135573
-0.0876904
-0.160035
-0.228531
-0.291019
-0.345724
-0.391466
-0.427708
-0.45451
-0.47236
-0.482105
-0.484811
0.539395
0.524209
0.498624
0.464658
0.422125
0.37307
0.319708
0.263699
0.206143
0.147704
0.0887941
0.0297866
-0.0287287
-0.085831
-0.140293
-0.190781
-0.236092
-0.275302
-0.307832
-0.333512
-0.35243
-0.364951
-0.371623
0.44608
0.434693
0.415662
0.390115
0.358032
0.320923
0.280278
0.237225
0.192642
0.147189
0.101339
0.0554759
0.0100524
-0.0343302
-0.0769071
-0.116846
-0.153361
-0.185799
-0.21371
-0.236874
-0.255232
-0.268859
-0.277867
0.35591
0.347464
0.334068
0.315638
0.292282
0.265089
0.235106
0.203131
0.169831
0.135741
0.101287
0.0668031
0.0326301
-0.000830396
-0.0331034
-0.0636793
-0.0920686
-0.117856
-0.140758
-0.160642
-0.177473
-0.191155
-0.201467
0.268886
0.262589
0.253763
0.241298
0.225263
0.206385
0.185406
0.162904
0.139371
0.115211
0.0907337
0.066186
0.041815
0.0178813
-0.00533266
-0.0275234
-0.0484077
-0.0677646
-0.0854766
-0.101541
-0.116109
-0.129044
-0.139984
0.185187
0.180467
0.174835
0.16716
0.157193
0.145325
0.132018
0.117654
0.102571
0.0870442
0.0712742
0.0554227
0.0396428
0.0240897
0.00892853
-0.00568074
-0.019598
-0.0327288
-0.0450909
-0.056855
-0.0683314
-0.0797929
-0.0908328
0.10387
0.100479
0.097051
0.0931847
0.0881721
0.0821713
0.0753982
0.0680412
0.0602823
0.0522712
0.0441168
0.0358987
0.0276955
0.0195808
0.011626
0.00390777
-0.00351857
-0.0106285
-0.0174674
-0.0242983
-0.0317867
-0.0409668
-0.0515238
0.0183231
0.0197334
0.0192364
0.01825
0.0173088
0.0162577
0.0151086
0.0138829
0.0126046
0.0112933
0.00996216
0.00861678
0.00726091
0.0058946
0.00452153
0.00315142
0.00179637
0.000455011
-0.000918535
-0.00244405
-0.00463341
-0.0104514
-0.0196821
960.821
951.429
920.66
860.844
352.25
360.097
385.707
420.636
817.167
718.191
657.663
609.108
51.9998
32.1796
31.1496
30.8535
38.7792
30.9557
30.5792
30.4263
700.832
54.3368
29.9757
29.8832
696.759
648.731
117.415
33.678
7.35576
473.977
669.319
671.172
0.649743
0.156905
-0.544498
-1.12373
0.00752075
-0.150954
-0.25881
-1.06415
148.742
149.593
83.3741
-2.04339
155.876
155.696
153.753
148.565
165.487
168.026
154.383
-1.18857
176.788
158.389
-1.16691
-1.07064
121.979
-1.54701
-1.44144
-1.15206
-1.95242
-1.83915
-1.69163
-1.24419
-2.34405
-2.18378
-1.99659
-1.81913
-2.7188
-2.49259
-2.27738
-2.08222
-3.01029
-2.75979
-2.51581
-2.29915
-3.22637
-2.93377
-2.6696
-2.44131
-3.2831
-2.9858
-2.72755
-2.5075
-3.21039
-2.94334
-2.71081
-2.50642
-3.06482
-2.83611
-2.63062
-2.44432
-2.86658
-2.6727
-2.49396
-2.32907
-2.62741
-2.46611
-2.31535
-2.17472
-2.36574
-2.23492
-2.11167
-1.9956
-2.09684
-1.99381
-1.89594
-1.80286
-1.83224
-1.75349
-1.67784
-1.60521
-1.57996
-1.52161
-1.46476
-1.40963
-1.34493
-1.30323
-1.26196
-1.22147
-1.12984
-1.1014
-1.07277
-1.04418
-0.936104
-0.917884
-0.899041
-0.879721
-0.764116
-0.753351
-0.741661
-0.729263
-0.613474
-0.60782
-0.601137
-0.593721
-0.483352
-0.48107
-0.477805
-0.473829
-0.372887
-0.372816
-0.37181
-0.370034
-0.280918
-0.282316
-0.282784
-0.282398
-0.205767
-0.208235
-0.209806
-0.210485
-0.145228
-0.148575
-0.151132
-0.152839
-0.0967619
-0.10083
-0.10426
-0.106951
-0.0577973
-0.0623609
-0.0664589
-0.06995
-0.0258292
-0.0305602
-0.0350266
-0.0390297
554.081
164.991
97.3591
216.287
305.972
173.423
0.917726
668.005
1197.72
712.123
1050.32
748.664
925.586
675.077
335.725
808.756
591.825
459.169
448.778
495.037
329.888
495.872
330.718
48.2686
356.756
596.156
1005.85
1160.9
1158.9
774.007
741.952
1115.38
338.362
332.784
733.788
444.106
446.976
448.227
738.713
750.975
751.395
19.3137
6.46609
118.669
398.353
873.787
877.255
597.362
660.591
888.204
1020.9
335.106
333.722
662.826
450.063
446.854
595.805
30.6034
493.581
894.234
274.119
14.005
332.282
564.536
246.876
394.444
540.476
683.472
1477.15
872.647
335.861
350.036
458.839
985.436
1071.94
1280.08
29.6461
28.2481
118.299
627.52
514.125
71.5083
5.84464
80.5777
307.573
1229
1487.88
1449.85
1227.8
334.759
333.847
537.018
1101.71
609.782
1250.95
29.2271
27.4934
25.0758
22.8601
20.5864
13.024
2.51467
296.721
1275.77
1358.94
1367.8
1369.18
1374.82
1230.21
1042.16
1109.32
353.695
21.0444
1269.1
29.1314
27.9979
26.3766
24.5084
21.7899
12.8598
584.358
1274.4
1285.91
658.404
636.798
808.425
677.511
573.876
212.592
5.21754
6.36392
7.58426
1368.16
414.662
28.2867
28.7204
29.4289
29.163
656.318
966.249
471.156
45.7781
4.37645
3.82704
3.6861
3.70436
4.35409
10.7151
4.68866
5.94573
8.05789
1397.59
614.565
801.471
750.867
721.424
934.535
441.752
2.43043
3.11146
4.50027
3.93605
3.55165
4.19473
3.89685
3.67375
9.85409
3.70324
4.32471
4.29022
196.817
-1.60917
3.58608
14.9145
13.4754
10.6655
4.59812
2.34518
9.38125
11.0881
8.04941
3.51781
3.83285
4.16355
3.55699
3.29409
3.09045
3.72422
4.43685
25.2513
-1.67537
0.044699
16.8318
15.2148
-0.882372
0.832521
5.6768
10.3369
9.027
10.7406
5.73766
3.30949
3.40675
3.1254
2.80477
2.49466
8.61886
22.9509
39.0407
-1.44494
-1.08744
-0.745946
-0.319845
4.06441
9.11752
9.70704
9.90108
9.35279
17.1978
12.8032
2.84615
2.87455
2.59225
2.2672
1.8279
13.3429
28.7091
37.8651
-1.29388
-1.31215
-0.691196
-0.571716
-0.910351
1.27349
0.524896
2.69124
6.03172
15.509
18.0119
2.54432
2.41758
2.04436
1.77629
1.44854
3.64568
30.0241
12.1269
-1.1981
-1.18647
-0.484252
-0.172894
-0.779742
-0.712299
-0.459559
-0.244463
-0.133127
0.00917799
17.8264
5.35172
2.09771
1.54166
1.33797
1.20122
17.7732
19.9927
34.4888
-0.544536
-0.380728
-0.213072
-0.0371945
-0.453423
-0.693507
-0.509961
-0.343623
-0.260074
-0.138947
0.986416
19.1162
1.67559
1.32123
1.17903
1.18396
1.2592
1.58774
47.2167
-0.690861
-1.03513
-1.13359
-0.982919
-0.853139
-0.72058
-0.567839
-0.418928
-0.280838
-0.0373578
1.02994
16.8772
1.73557
1.60366
1.50748
1.60819
1.69325
1.83719
50.0239
-1.56833
-1.39325
-1.23163
-1.06739
-0.913104
-0.76459
-0.614321
-0.464578
-0.312872
-0.170684
1.59576
4.98549
12.4267
2.57215
3.08549
1.91848
2.07934
2.16542
51.7696
-1.78046
-1.53338
-1.32728
-1.14055
-0.970285
-0.810708
-0.65623
-0.505996
-0.358052
0.00456262
1.86288
0.34764
17.289
9.59668
1.73549
1.98403
2.29401
10.325
53.5528
-1.95216
-1.65355
-1.41309
-1.20689
-1.02379
-0.855072
-0.695685
-0.543572
-0.395771
1.59723
0.562648
0.233948
0.409613
17.5258
1.6255
1.77524
8.05243
3.63959
54.3428
-2.072
-1.74644
-1.48434
-1.26373
-1.06995
-0.894568
-0.732183
-0.578901
-0.437668
1.61967
0.494957
0.538741
0.339533
5.18804
5.75234
1.37653
11.8045
2.18742
2.17075
-2.13888
-1.80495
-1.53326
-1.30417
-1.10414
-0.925442
-0.761829
-0.610036
-0.429717
0.822696
-0.0585463
0.600608
0.263978
0.375438
9.51702
0.949602
11.0386
3.20058
24.4297
-2.15234
-1.82303
-1.55217
-1.3225
-1.1226
-0.944406
-0.781462
-0.630086
-0.488265
-0.344406
0.491129
0.0499607
5.00996
1.27872
8.30514
0.710623
5.80755
11.5198
35.4867
-2.11444
-1.80079
-1.53986
-1.3176
-1.12378
-0.950519
-0.791832
-0.64292
-0.500009
-0.359889
0.517345
0.0438159
5.15665
3.17089
0.810362
0.794572
1.27326
12.7671
12.0559
-2.03275
-1.7446
-1.50148
-1.29292
-1.11013
-0.946198
-0.795529
-0.652521
-0.510892
-0.369711
0.551819
0.0659815
0.990576
2.09298
0.461428
1.16024
14.4901
7.9171
261.565
-1.91811
-1.6627
-1.44362
-1.25364
-1.08606
-0.935074
-0.795374
-0.660846
-0.525322
0.327408
0.576892
0.00331276
2.70528
1.72058
0.76317
15.5898
16.3169
-0.732234
332.684
-1.78043
-1.56161
-1.37061
-1.20288
-1.0537
-0.918568
-0.792826
-0.670974
-0.546825
-0.410115
-0.240101
-0.0255871
2.75458
1.31604
11.2277
12.2642
-1.4316
-0.891278
342.289
-1.6277
-1.4459
-1.28451
-1.14094
-1.01227
-0.895646
-0.788032
-0.685485
-0.580117
-0.458167
-0.311722
-0.100968
0.0854035
1.20974
20.7688
-0.761737
-0.852214
-0.772792
352.918
-1.46656
-1.3197
-1.18716
-1.06789
-0.960753
-0.864956
-0.780137
-0.70462
-0.614115
-0.536327
-0.450273
-0.116526
0.367956
0.586801
10.9315
17.8425
-0.778077
-0.629847
358.66
-1.30294
-1.18744
-1.08151
-0.985441
-0.899631
-0.825365
-0.765811
-0.706613
-0.686684
-0.689187
-0.671371
-0.407176
-0.31216
0.147996
-1.02902
18.2708
-0.894011
-0.729842
1.85457
-1.14177
-1.05348
-0.971375
-0.896611
-0.83039
-0.722461
-0.591776
-0.738649
-0.79195
-0.770522
-0.820101
-0.893455
-0.842192
2.05002
-0.768162
18.346
-1.03229
-0.612719
0.408469
-0.986635
-0.921499
-0.86043
-0.804703
-0.743071
-0.508006
-0.549381
-0.733787
-0.870067
-0.883798
-0.936767
-0.931372
1.33107
2.15985
-0.546243
-0.644824
10.4128
0.909131
78.5514
-0.839884
-0.794137
-0.751512
-0.712896
-0.466625
-0.43997
-0.615965
-0.664007
-0.666789
-0.934628
-0.796407
-0.506068
5.13291
-0.266475
0.494267
2.71134
11.299
1.457
80.9401
-0.703154
-0.673114
-0.646369
-0.619326
-0.421198
-0.566753
-0.496149
-0.445424
0.115093
13.2412
11.9767
8.16854
6.62145
0.178169
1.26049
10.0186
7.761
-0.305436
51.5131
-0.577716
-0.559564
-0.545935
-0.539856
-0.540602
-0.531882
-0.456346
-0.312847
-0.810769
11.3256
15.3548
18.1979
16.782
15.851
13.5978
7.56017
-0.301237
-0.342236
-0.401527
-0.464666
-0.454372
-0.450099
-0.459126
-0.491949
-0.553623
-0.521056
-0.306092
-0.982536
-1.11178
-0.959156
-0.69946
-0.611341
-0.494414
-0.483711
-0.351909
-0.314689
-0.306324
-0.111449
-0.364995
-0.358726
-0.358467
-0.375354
-0.224897
1.42385
0.400763
-0.466422
-0.717284
-0.855398
3.17429
-0.498019
-0.527513
-0.473531
-0.413946
-0.350117
-0.309925
-0.282549
-0.253369
-0.279741
-0.27479
-0.273468
-0.287036
1.66501
1.51377
-0.47948
-0.464481
-0.542329
-0.172284
0.734748
-0.525044
-0.475028
-0.429127
-0.382721
-0.338797
-0.305143
-0.282445
-0.271054
-0.20961
-0.205271
-0.201533
-0.208575
1.80265
-0.380169
-0.342648
-0.0430346
0.48995
0.365055
-0.501698
-0.466023
-0.429592
-0.392967
-0.35733
-0.325017
-0.299417
-0.282468
-0.276003
-0.153923
-0.151108
-0.146884
-0.151584
0.376388
-0.355925
0.117273
-0.283936
-0.413302
-0.437606
-0.436365
-0.415741
-0.38867
-0.360023
-0.332348
-0.307777
-0.288165
-0.275223
-0.269677
-0.110138
-0.109734
-0.107584
-0.113725
0.925307
-0.463321
-0.419958
-0.398096
-0.393781
-0.394987
-0.388102
-0.371782
-0.350553
-0.327899
-0.306123
-0.287083
-0.272077
-0.261991
-0.257528
-0.0748718
-0.0761725
-0.0748944
-0.0826673
1.00403
-0.56133
-0.475684
-0.411673
-0.378245
-0.36158
-0.347948
-0.332407
-0.314757
-0.296439
-0.279099
-0.264147
-0.252588
-0.244687
-0.240499
-0.0450676
-0.0469437
-0.0436444
-0.0448671
-0.128075
-0.132672
-0.508635
-0.405294
-0.351111
-0.32305
-0.306318
-0.292388
-0.277996
-0.263214
-0.249363
-0.237765
-0.229138
-0.223398
-0.218263
)
;

boundaryField
{
    leftWall
    {
        type            fixedFluxPressure;
        gradient        uniform 0;
        value           nonuniform List<scalar> 
100
(
565.015
564.296
561.443
557.419
553.016
549.238
546.315
544.138
452.902
10.7298
10.3456
10.0177
9.72276
9.5723
9.42878
9.24362
9.11996
8.98502
8.83206
8.68135
8.53798
8.40589
8.28775
8.18375
8.08852
7.98448
7.83341
7.57101
7.11571
6.40974
5.48828
4.50408
3.62991
2.92397
2.37832
1.96651
1.65324
1.41004
1.21514
1.0536
0.916493
0.797079
0.689665
0.590283
0.495815
0.403597
0.312836
0.224897
0.141139
0.0607049
564.965
563.073
559.526
555.213
550.991
547.694
544.979
533.8
159.506
10.5106
10.1839
9.85444
9.63601
9.50854
9.33384
9.17321
9.05761
8.90866
8.75608
8.60846
8.47031
8.345
8.23413
8.13573
8.03939
7.91821
7.7211
7.3724
6.79482
5.96859
4.99199
4.04608
3.25626
2.63225
2.15797
1.79946
1.52437
1.30771
1.13085
0.982375
0.854962
0.742188
0.63918
0.542632
0.449551
0.357987
0.268376
0.18246
0.100339
0.0180949
)
;
    }
    rightWall
    {
        type            fixedFluxPressure;
        gradient        uniform 0;
        value           nonuniform List<scalar> 
100
(
942.932
902.372
828.005
997.445
1100.12
1121.49
1080.37
1002.51
448.778
448.227
595.805
1280.08
1250.95
1269.1
1368.16
1397.59
196.817
25.2513
39.0407
37.8651
12.1269
34.4888
47.2167
50.0239
51.7696
53.5528
54.3428
2.17075
24.4297
35.4867
12.0559
261.565
332.684
342.289
352.918
358.66
1.85457
0.408469
78.5514
80.9401
51.5131
-0.401527
-0.111449
-0.253369
-0.271054
-0.276003
-0.269677
-0.257528
-0.240499
-0.218263
938.722
938.7
861.159
866.775
1058.45
1114.71
1105.93
1051.83
644.184
448.532
449.374
1116.24
1292.16
1235.9
1322.73
1398.06
1130.08
13.2031
39.2383
38.8098
14.35
25.6137
45.9019
48.6398
51.1563
52.3292
54.2895
19.147
2.47261
34.3827
32.0051
29.9916
327.901
337.189
347.885
357.245
169.064
1.15979
21.7623
79.8949
81.6561
-0.472693
-0.29577
-0.135388
-0.264115
-0.275368
-0.273794
-0.264246
-0.24949
-0.230562
)
;
    }
    lowerWall
    {
        type            fixedFluxPressure;
        gradient        uniform 0;
        value           nonuniform List<scalar> 
124
(
564.775
566.55
572.24
584.082
607.457
634.343
662.876
692.837
723.27
754.23
786.316
820.196
856.175
893.808
922.875
956.651
1001.84
1020.49
1020.6
1044.19
1079.89
1116.37
1109.89
1108.53
1101.55
1091.44
1081.07
1070.85
1060.29
1048.3
1040.54
975.404
947.303
906.955
829.1
431.162
441.269
524.007
510.909
518.76
426.632
266.651
263.371
358.149
352.997
278.702
276.442
285.232
567.496
963.841
1093.01
1129.12
1141.48
1097.61
1099.55
905.145
935.18
1249.01
963.187
789.186
736.049
938.722
565.015
565.167
568.974
576.806
594.652
620.762
648.376
677.757
708.012
738.652
770.087
802.997
837.945
874.922
910.309
937.524
979.654
1018.63
1014.68
1034.99
1056.72
1105.76
1115.7
989.655
961.457
930.252
874.014
431.162
369.694
308.762
271.111
280.411
350.574
838.014
1040.71
1110.03
1170.12
1122.98
1057.01
1049.83
814.332
1201.99
1011.53
884.897
732.619
833.545
1109.89
1105.68
1096.64
1086.22
1075.96
1065.65
1054.51
1043.25
419.034
497.866
509.557
512.982
522.21
281.004
233.005
598.15
)
;
    }
    atmosphere
    {
        type            totalPressure;
        rho             rho;
        psi             none;
        gamma           1;
        p0              uniform 0;
        value           nonuniform List<scalar> 
92
(
0
0
0
0
0
0
0
0
0
0
0
0
0
0
0
0
0
0
0
0
-6.39872e-05
-0.00427847
-0.0126427
-0.0185431
-0.0231881
-0.0276622
-0.0317457
-0.0380285
-0.0398589
-0.0340677
-0.0233872
-0.0302431
0
-0.523184
-0.396876
-0.33755
-0.30828
-0.292313
-0.279657
-0.266372
-0.252484
-0.239465
-0.228736
-0.221007
-0.216098
-0.209838
0
0
0
0
0
0
0
0
0
0
0
0
0
0
0
0
0
0
0
0
0
-0.00141285
-0.00815392
-0.0162159
-0.0208738
-0.0254602
-0.0297671
-0.0347892
-0.0398163
-0.0379247
-0.0284504
-0.022502
0
-0.608239
-0.439477
-0.361835
-0.320326
-0.299418
-0.285953
-0.273171
-0.259426
-0.245754
-0.233744
-0.224511
-0.218383
-0.215276
)
;
    }
    defaultFaces
    {
        type            empty;
    }
}


// ************************************************************************* //
