/*--------------------------------*- C++ -*----------------------------------*\
| =========                 |                                                 |
| \\      /  F ield         | OpenFOAM: The Open Source CFD Toolbox           |
|  \\    /   O peration     | Version:  v1912                                 |
|   \\  /    A nd           | Website:  www.openfoam.com                      |
|    \\/     M anipulation  |                                                 |
\*---------------------------------------------------------------------------*/
FoamFile
{
    version     2.0;
    format      ascii;
    class       volScalarField;
    location    "0.4";
    object      p;
}
// * * * * * * * * * * * * * * * * * * * * * * * * * * * * * * * * * * * * * //

dimensions      [1 -1 -2 0 0 0 0];


internalField   nonuniform List<scalar> 
9072
(
839.22
872.149
877.722
875.126
868.039
862.422
859.592
859.155
860.744
864.287
869.98
878.235
889.593
904.704
924.27
948.808
979.096
1013.08
1036.91
1035.46
1042.54
1017.49
1044.4
778.223
811.844
817.602
814.909
808.076
802.78
800.157
799.793
801.372
804.874
810.523
818.735
830.041
844.994
864.133
887.888
916.175
947.087
972.86
976.523
995.863
922.472
926.524
715.605
750.117
755.743
752.979
746.753
742.163
739.968
739.744
741.294
744.706
750.26
758.385
769.592
784.396
803.221
826.226
852.824
880.413
903.168
917.609
942.543
842.899
816.971
651.495
686.909
692.263
689.599
684.317
680.697
679.048
678.982
680.474
683.752
689.169
697.165
708.235
722.844
741.31
763.588
788.82
814.566
836.531
852.244
866.248
805.273
790.318
586.067
622.266
627.422
625.136
621.061
618.511
617.405
617.462
618.857
621.967
627.216
635.051
645.948
660.332
678.433
700.06
724.239
748.761
770.327
786.402
795.544
773.334
792.648
519.578
556.366
561.512
559.95
557.214
555.666
555.007
555.12
556.382
559.304
564.363
572.007
582.701
596.843
614.599
635.691
659.123
682.916
704.364
721.179
731.716
734.632
782.71
452.42
489.5
494.846
494.327
492.897
492.157
491.793
491.887
492.99
495.716
500.574
507.996
518.451
532.338
549.784
570.47
593.433
616.902
638.56
656.311
669.235
682.032
731.778
385.167
421.988
427.63
428.393
428.106
427.909
427.68
427.692
428.621
431.152
435.799
442.96
453.134
466.759
483.936
504.34
527.088
550.588
572.787
591.636
606.158
619.451
648.065
317.974
318.009
318.008
317.997
317.972
317.937
317.895
317.852
317.811
317.777
317.751
317.736
317.731
317.736
317.75
317.769
317.791
317.81
317.822
317.912
317.95
317.951
317.94
317.915
317.879
317.836
317.792
317.751
317.717
317.691
317.676
317.671
317.676
317.69
317.71
317.732
317.752
317.764
317.846
317.89
317.894
317.885
317.859
317.821
317.777
317.731
317.69
317.655
317.629
317.614
317.609
317.615
317.629
317.65
317.673
317.694
317.708
317.774
317.832
317.84
317.833
317.804
317.763
317.717
317.67
317.626
317.591
317.565
317.55
317.545
317.551
317.567
317.589
317.615
317.638
317.653
317.693
317.774
317.785
317.784
317.751
317.706
317.656
317.606
317.562
317.525
317.499
317.484
317.479
317.486
317.503
317.528
317.557
317.583
317.6
317.593
317.721
317.73
317.737
317.697
317.647
317.594
317.542
317.495
317.458
317.431
317.416
317.412
317.42
317.438
317.466
317.499
317.529
317.55
317.477
317.67
317.661
317.686
317.642
317.588
317.531
317.475
317.426
317.388
317.361
317.345
317.342
317.351
317.372
317.403
317.441
317.477
317.502
317.268
317.584
317.525
317.608
317.582
317.527
317.465
317.406
317.355
317.316
317.288
317.273
317.27
317.279
317.303
317.339
317.383
317.427
317.457
263.907
333.876
341.081
343.853
344.396
344.487
344.226
344.057
344.748
347.039
351.427
358.168
367.879
381.123
398.007
418.225
441.01
464.961
488.335
508.806
524.235
531.832
510.961
144.098
184.766
197.907
204.066
203.184
202.629
202.002
201.524
201.894
203.864
207.514
212.832
221.131
233.284
249.713
270.184
293.904
320.066
347.437
372.235
390.544
396.046
378.765
61.8687
62.5382
55.0975
59.7493
56.3785
55.8686
54.9191
53.8618
52.8057
53.5474
58.4489
62.1923
69.6787
83.693
103.4
122.014
143.216
170.048
205.194
238.373
265.664
283.578
292.059
5.65074
1.3706
1.01625
1.03852
1.04499
1.05487
1.0673
1.08504
1.11508
1.13048
1.26446
1.37866
1.40604
1.45251
1.57092
3.74636
9.2856
27.1185
70.2734
112.704
146.848
176.96
204.541
0.776894
0.870629
0.882025
0.889065
0.898861
0.910452
0.924139
0.940311
0.955433
0.9191
1.01675
1.11586
1.17604
1.23095
1.25671
1.28964
1.35306
1.39635
1.55139
5.06012
34.5284
75.7537
113.488
0.637391
0.71699
0.728962
0.738172
0.749037
0.761794
0.77701
0.794242
0.808004
0.761172
0.813763
0.901194
0.95946
1.00414
1.03934
1.08185
1.14071
1.20723
1.20382
1.03434
0.655326
2.19149
23.4458
0.477845
0.564682
0.574814
0.584874
0.596291
0.609644
0.625095
0.642129
0.658395
0.660525
0.679072
0.729382
0.772612
0.807438
0.83577
0.862959
0.885488
0.865202
0.744762
0.452151
0.294979
0.373578
0.42926
0.314437
0.406043
0.41814
0.428928
0.440731
0.454053
0.469028
0.485353
0.502079
0.516992
0.533433
0.561054
0.589027
0.612849
0.629193
0.635381
0.619676
0.541663
0.292485
-0.0937603
-0.0907243
0.16975
0.401008
0.159808
0.247728
0.260158
0.270979
0.282606
0.295419
0.309527
0.324716
0.340475
0.356226
0.372655
0.391874
0.410465
0.425026
0.431556
0.423812
0.387428
0.286733
0.0183332
-0.281211
-0.2016
0.0614008
0.335003
0.00830246
0.0914288
0.101712
0.111544
0.122372
0.134327
0.1474
0.161406
0.176
0.190849
0.205944
0.221285
0.235172
0.24501
0.247288
0.236331
0.201338
0.119702
-0.0698964
-0.248754
-0.156436
0.0297252
0.240906
-0.146301
-0.0649796
-0.0576301
-0.0493773
-0.0396663
-0.0287049
-0.0166437
-0.00368546
0.00989652
0.0238124
0.037799
0.0513903
0.0634554
0.0722525
0.0754043
0.0694209
0.0488992
0.00571826
-0.082168
-0.168473
-0.100739
0.0220303
0.108997
-0.30514
-0.223524
-0.218672
-0.211888
-0.203314
-0.19331
-0.182126
-0.169985
-0.157112
-0.143781
-0.130333
-0.117204
-0.105062
-0.0948386
-0.0877227
-0.0851196
-0.088369
-0.0978406
-0.112319
-0.116993
-0.0751555
0.0151528
0.0777212
-0.467999
-0.385268
-0.381834
-0.376162
-0.368561
-0.35937
-0.348862
-0.337275
-0.324828
-0.311762
-0.298343
-0.284821
-0.271444
-0.258515
-0.24634
-0.234998
-0.22387
-0.210912
-0.191628
-0.15819
-0.106035
-0.0475296
0.0027159
-0.634369
-0.550194
-0.547415
-0.542438
-0.535538
-0.526973
-0.51698
-0.505781
-0.493575
-0.480529
-0.466754
-0.452281
-0.437082
-0.42108
-0.404063
-0.385471
-0.3641
-0.337899
-0.304038
-0.26025
-0.20826
-0.154772
-0.105005
-0.803637
-0.718084
-0.715516
-0.710919
-0.704493
-0.696413
-0.686847
-0.675956
-0.663866
-0.650632
-0.63622
-0.62052
-0.603365
-0.584496
-0.563461
-0.539504
-0.511479
-0.477981
-0.437798
-0.390869
-0.339357
-0.286958
-0.235595
-0.975212
-0.888412
-0.885879
-0.881494
-0.875393
-0.867684
-0.858461
-0.847795
-0.835706
-0.82215
-0.807013
-0.790124
-0.771257
-0.750073
-0.726054
-0.698471
-0.666435
-0.629118
-0.586179
-0.538227
-0.486966
-0.434486
-0.381741
-1.14895
-1.06077
-1.05818
-1.0539
-1.04801
-1.04055
-1.03154
-1.02099
-1.00882
-0.994943
-0.979219
-0.96145
-0.94137
-0.918609
-0.892667
-0.862934
-0.828775
-0.78973
-0.745818
-0.697762
-0.646855
-0.594414
-0.540999
-1.32525
-1.23542
-1.23274
-1.22849
-1.2227
-1.21536
-1.20645
-1.19591
-1.18366
-1.16959
-1.15353
-1.13528
-1.11453
-1.09092
-1.06401
-1.03331
-0.998384
-0.958976
-0.915214
-0.867739
-0.81755
-0.765603
-0.712324
-1.50449
-1.413
-1.41022
-1.40597
-1.40023
-1.39295
-1.3841
-1.37359
-1.36136
-1.34726
-1.33112
-1.31272
-1.29177
-1.26792
-1.24079
-1.21001
-1.17528
-1.13646
-1.0937
-1.04751
-0.99863
-0.947833
-0.89554
-1.68656
-1.59366
-1.59084
-1.58661
-1.58094
-1.57378
-1.56505
-1.5547
-1.54262
-1.52868
-1.5127
-1.49447
-1.47371
-1.45013
-1.42339
-1.39321
-1.3594
-1.32191
-1.28088
-1.23672
-1.18998
-1.14129
-1.09109
-1.87105
-1.77703
-1.77424
-1.77012
-1.76461
-1.75766
-1.74919
-1.73913
-1.72739
-1.71382
-1.69826
-1.68052
-1.66036
-1.63752
-1.61172
-1.58277
-1.55056
-1.51508
-1.47651
-1.43518
-1.39156
-1.3462
-1.29958
-2.05764
-1.96266
-1.96
-1.95608
-1.95083
-1.94419
-1.93611
-1.9265
-1.91528
-1.90232
-1.88748
-1.87058
-1.85142
-1.8298
-1.8055
-1.77841
-1.74847
-1.71576
-1.68044
-1.64284
-1.60345
-1.56285
-1.52164
-2.24618
-2.15034
-2.1479
-2.14425
-2.13934
-2.13312
-2.12554
-2.11654
-2.10604
-2.09393
-2.08008
-2.06437
-2.04663
-2.02671
-2.00447
-1.97987
-1.95294
-1.92377
-1.89258
-1.85977
-1.82592
-1.79177
-1.75811
-2.4366
-2.33998
-2.3378
-2.33448
-2.32998
-2.32427
-2.31732
-2.30907
-2.29946
-2.28842
-2.27586
-2.26166
-2.24573
-2.22797
-2.20833
-2.18685
-2.16363
-2.13883
-2.11275
-2.08593
-2.05918
-2.03349
-2.01003
-2.62886
-2.53151
-2.52963
-2.52667
-2.52263
-2.51752
-2.51129
-2.50393
-2.49539
-2.48563
-2.47458
-2.4622
-2.44843
-2.43324
-2.4167
-2.39892
-2.3801
-2.36048
-2.34056
-2.32109
-2.30318
-2.2883
-2.27838
-2.82289
-2.72487
-2.72326
-2.72067
-2.71715
-2.71269
-2.70729
-2.70094
-2.69361
-2.6853
-2.67599
-2.66567
-2.65436
-2.64212
-2.6291
-2.61554
-2.60173
-2.58809
-2.57534
-2.56455
-2.55731
-2.55587
-2.56345
-3.01851
-2.9199
-2.91853
-2.91633
-2.91336
-2.90962
-2.90512
-2.89988
-2.89389
-2.88717
-2.87976
-2.87171
-2.86309
-2.85408
-2.84494
-2.83601
-2.82772
-2.82071
-2.81598
-2.81503
-2.82013
-2.83471
-2.86416
-3.21553
-3.11641
-3.11525
-3.11346
-3.11107
-3.1081
-3.10456
-3.10049
-3.09593
-3.09091
-3.08552
-3.07987
-3.07412
-3.06854
-3.06349
-3.05946
-3.05703
-3.05707
-3.06091
-3.07057
-3.08919
-3.12179
-3.17708
-3.41373
-3.31418
-3.31323
-3.31185
-3.31007
-3.3079
-3.30536
-3.30252
-3.29942
-3.29617
-3.29287
-3.2897
-3.28689
-3.28481
-3.28395
-3.28492
-3.28845
-3.29564
-3.30817
-3.32863
-3.36101
-3.41214
-3.49479
-3.61285
-3.51295
-3.51222
-3.51128
-3.51013
-3.50877
-3.50726
-3.50566
-3.50406
-3.50257
-3.50138
-3.50068
-3.50081
-3.50221
-3.50547
-3.51132
-3.52064
-3.53474
-3.55562
-3.58631
-3.63144
-3.69916
-3.80502
-3.81255
-3.71245
-3.71197
-3.7115
-3.71099
-3.71046
-3.70997
-3.7096
-3.70947
-3.70973
-3.71058
-3.71229
-3.71525
-3.71997
-3.72714
-3.73756
-3.75225
-3.77268
-3.80112
-3.84078
-3.89654
-3.97653
-4.09507
-4.01247
-3.9124
-3.91222
-3.91225
-3.91239
-3.91268
-3.91319
-3.91402
-3.91531
-3.91724
-3.92004
-3.92402
-3.92961
-3.93738
-3.94809
-3.96259
-3.982
-4.00792
-4.04275
-4.08977
-4.15373
-4.24155
-4.36123
-4.2124
-4.11256
-4.11276
-4.11331
-4.11411
-4.11519
-4.11666
-4.11864
-4.12127
-4.12476
-4.12936
-4.1354
-4.14335
-4.15381
-4.16756
-4.1855
-4.2088
-4.23914
-4.27896
-4.33156
-4.40162
-4.49489
-4.61527
-4.41218
-4.31277
-4.3134
-4.31449
-4.31592
-4.31777
-4.32015
-4.3232
-4.32706
-4.33197
-4.33818
-4.34604
-4.35602
-4.36873
-4.38493
-4.40556
-4.43179
-4.46529
-4.50846
-4.56466
-4.63856
-4.73582
-4.86049
-4.61179
-4.51287
-4.51396
-4.51556
-4.51761
-4.52018
-4.52342
-4.52744
-4.53242
-4.53857
-4.54618
-4.55558
-4.56722
-4.58168
-4.59971
-4.6222
-4.65029
-4.68555
-4.73026
-4.78771
-4.86251
-4.96047
-5.08793
-4.81122
-4.71276
-4.71428
-4.71638
-4.71898
-4.72222
-4.72622
-4.73112
-4.73708
-4.74432
-4.75309
-4.76374
-4.77666
-4.79239
-4.8116
-4.83512
-4.864
-4.89959
-4.94391
-5
-5.07201
-5.16543
-5.2878
-5.01047
-4.91242
-4.91432
-4.91685
-4.91996
-4.92379
-4.92849
-4.93416
-4.94096
-4.94911
-4.95883
-4.97043
-4.98428
-5.00083
-5.02063
-5.04441
-5.07306
-5.10766
-5.14977
-5.20186
-5.26731
-5.3504
-5.45753
-5.20935
-5.1117
-5.11392
-5.11681
-5.12037
-5.12474
-5.13004
-5.13638
-5.14391
-5.15281
-5.16328
-5.17559
-5.19004
-5.20701
-5.22692
-5.25032
-5.27789
-5.31037
-5.3488
-5.39482
-5.45069
-5.51902
-5.60333
-5.40758
-5.31038
-5.31287
-5.31608
-5.32004
-5.32488
-5.33071
-5.33763
-5.34576
-5.35527
-5.36633
-5.37914
-5.39396
-5.41104
-5.43069
-5.45326
-5.47914
-5.50874
-5.54252
-5.58125
-5.62593
-5.67745
-5.73674
-5.60521
-5.50848
-5.51128
-5.51478
-5.5191
-5.52436
-5.53066
-5.53808
-5.54674
-5.55676
-5.56829
-5.58147
-5.59649
-5.61351
-5.6327
-5.6542
-5.67813
-5.70452
-5.73332
-5.76446
-5.79766
-5.83226
-5.86743
-5.79948
-5.70577
-5.70892
-5.71269
-5.71736
-5.72301
-5.72973
-5.73761
-5.74673
-5.7572
-5.76913
-5.78261
-5.79776
-5.81464
-5.83331
-5.85371
-5.87572
-5.89903
-5.92312
-5.94716
-5.9698
-5.98885
-6.00147
-5.99619
-5.89966
-5.9032
-5.90726
-5.91222
-5.91818
-5.92524
-5.93348
-5.94297
-5.9538
-5.96604
-5.97975
-5.99496
-6.01168
-6.02984
-6.04927
-6.06964
-6.0904
-6.11066
-6.12903
-6.14336
-6.15047
-6.14561
233.654
274.5
297.129
317.347
336.852
300.478
297.753
303.59
295.238
302.446
320.005
343.64
231.817
251.644
277.102
312.165
148.627
169.836
192.878
215.907
57.026
78.4029
98.2759
117.897
1.15505
5.20403
15.2874
27.3009
0.532339
0.59028
0.623383
0.639484
0.495434
0.540884
0.564084
0.566748
0.396831
0.433484
0.443208
0.460405
0.225606
0.271447
0.303461
0.336555
0.128389
0.165152
0.200354
0.234331
0.0460153
0.0737982
0.103016
0.133701
-0.0611923
-0.0352639
-0.00816846
0.0203268
-0.190165
-0.164111
-0.137211
-0.109204
-0.334849
-0.308302
-0.281093
-0.252973
-0.493313
-0.466413
-0.438885
-0.410578
-0.664659
-0.637827
-0.610347
-0.58214
-0.848764
-0.822538
-0.795734
-0.76819
-1.04629
-1.02129
-0.99582
-0.969647
-1.25826
-1.23529
-1.21192
-1.188
-1.48569
-1.4659
-1.44585
-1.42557
-1.72992
-1.7149
-1.70001
-1.68545
-1.9927
-1.98455
-1.97726
-1.97138
-2.27603
-2.27762
-2.28137
-2.28856
-2.58152
-2.59706
-2.61718
-2.64435
-2.90951
-2.9449
-2.98942
-3.04723
-3.25708
-3.31952
-3.39944
-3.50359
-3.61411
-3.70993
-3.83794
-4.01257
-3.95628
-4.07999
-4.25288
-4.50476
-4.25405
-4.37988
-4.55519
-4.81169
-4.49924
-4.58951
-4.69625
-4.83402
-4.738
-4.80481
-4.86174
-4.89906
-4.99027
-5.06531
-5.13854
-5.20957
-5.2286
-5.31834
-5.41744
-5.53098
-5.42795
-5.52218
-5.63301
-5.77068
-5.57974
-5.66225
-5.76117
-5.89209
-5.69459
-5.75293
-5.81974
-5.9037
-5.7958
-5.83059
-5.8674
-5.90603
-5.89833
-5.91565
-5.93436
-5.95513
-6.00443
-6.00242
-5.99841
-5.99456
-6.12598
-6.10756
-6.08225
-6.04918
317.108
317.259
317.265
317.475
317.496
317.445
317.379
317.314
317.26
317.22
317.192
317.177
317.173
317.184
317.211
317.254
317.309
317.365
317.404
317.856
317.447
316.759
317.3
317.357
317.31
317.228
317.146
317.086
317.047
317.022
317.007
317.003
317.014
317.046
317.103
317.182
317.271
317.338
339.058
318.747
317.612
317.284
317.245
317.193
317.068
316.95
316.888
316.857
316.841
316.828
316.821
316.826
316.86
316.931
317.045
317.19
317.31
365.834
317.577
317.684
317.3
317.025
317.143
316.906
316.697
316.642
316.63
316.653
316.649
316.627
316.614
316.641
316.72
316.876
317.118
317.352
240.655
229.521
248.693
290.348
316.511
317.09
316.745
316.312
316.336
316.244
316.326
316.519
316.42
316.368
316.376
316.446
316.628
317.019
317.522
142.984
169.679
189.912
230.532
274.14
290.614
308.04
239.553
290.786
315.193
314.016
316.335
316.191
316.028
316.069
316.083
316.195
316.712
317.911
47.4621
78.0883
104.312
135.03
168.997
200.203
202.647
168.052
201.926
252.586
243.683
316.012
316.008
315.398
315.636
315.649
315.42
315.36
317.458
0.820939
8.83877
22.5887
39.1439
62.2069
86.0161
99.3066
97.4212
108.338
132.859
167.635
210.846
237.817
254.584
312.566
315.184
314.26
311.52
303.072
0.59212
0.659518
0.735452
0.911814
1.33494
4.71738
9.60995
13.8177
20.1786
31.4101
53.9806
91.741
133.711
195.472
287.453
311.327
313.122
310.876
306.295
0.495516
0.561698
0.677568
0.790313
0.909122
1.0462
1.16663
1.26231
1.43014
1.58325
1.73771
6.25474
27.9645
77.3483
167.711
262.883
307.606
312.41
312.895
0.375574
0.463173
0.581132
0.69235
0.806971
0.930786
1.05899
1.18638
1.32206
1.45072
1.56904
1.71087
1.83611
3.3797
36.3968
131.355
235.526
306.973
319.802
0.27996
0.370414
0.472301
0.57922
0.69374
0.816971
0.947033
1.08154
1.21765
1.34515
1.47332
1.6311
1.80139
1.95274
2.09475
13.7238
116.97
317.765
628.662
0.176437
0.260288
0.355873
0.460092
0.57384
0.697409
0.829619
0.968717
1.11191
1.25206
1.38751
1.54471
1.7259
1.89222
2.02104
2.13586
10.3935
320.261
880.566
0.0606355
0.140174
0.23142
0.333413
0.446562
0.570902
0.705709
0.8498
1.00129
1.15662
1.31103
1.46997
1.64608
1.82385
1.96422
2.03207
2.25116
89.4699
579.302
-0.0697006
0.00769026
0.0965609
0.197187
0.310143
0.435515
0.573128
0.722479
0.882316
1.05037
1.22319
1.39744
1.57414
1.7523
1.91058
1.9799
2.04532
25.7793
297.757
-0.213637
-0.137315
-0.0498007
0.0499581
0.162828
0.289159
0.429491
0.584101
0.752176
0.931709
1.11993
1.31329
1.50567
1.69014
1.85862
1.96142
1.99587
33.6623
158.275
-0.371254
-0.295676
-0.209249
-0.110339
0.0021493
0.129036
0.27166
0.43096
0.606432
0.796872
1.00078
1.2151
1.43195
1.63805
1.82083
1.95932
2.08574
36.3817
71.036
-0.543115
-0.468676
-0.383749
-0.286294
-0.174939
-0.0484268
0.0953603
0.257834
0.438806
0.63897
0.860656
1.10216
1.35186
1.59305
1.8078
1.97279
2.01007
4.95824
3.48877
-0.730052
-0.657811
-0.575554
-0.480914
-0.372165
-0.247747
-0.104995
0.0578755
0.241104
0.448774
0.691786
0.971856
1.26731
1.55717
1.82477
2.05109
2.31174
31.4834
20.0531
-0.933368
-0.865215
-0.787675
-0.698091
-0.594383
-0.474907
-0.336618
-0.177193
0.00352024
0.212748
0.481687
0.8224
1.17863
1.52896
1.86656
2.15181
2.45789
6.23261
-16.3901
-1.1551
-1.09391
-1.02417
-0.942962
-0.848
-0.737667
-0.60828
-0.456863
-0.287105
-0.0985756
0.191766
0.657306
1.086
1.49793
1.9279
2.31699
2.66571
2.01982
43.4523
-1.39814
-1.34801
-1.29057
-1.22251
-1.14123
-1.0449
-0.929558
-0.793264
-0.652804
-0.537525
-0.234279
0.489867
0.976974
1.4317
2.00406
2.5333
2.84504
11.2267
78.6282
-1.66652
-1.63343
-1.59506
-1.54675
-1.48443
-1.40564
-1.30797
-1.19327
-1.08524
-0.994386
-0.78669
-0.397934
0.487284
1.20659
2.11101
2.78853
2.79408
2.04614
-1.53193
-1.96564
-1.95904
-1.95007
-1.92981
-1.89007
-1.82765
-1.7443
-1.64634
-1.54192
-1.39978
-1.25434
-1.31245
-0.798786
0.227741
2.35674
3.31503
3.6484
4.00463
3.8734
-2.30333
-2.33826
-2.37483
-2.39289
-2.3752
-2.31924
-2.2378
-2.14462
-2.03359
-1.86299
-1.60531
-1.69365
-2.7247
-1.29629
2.26354
3.9868
4.36686
4.54093
11.7708
-2.69086
-2.79247
-2.90297
-2.97501
-2.97061
-2.89505
-2.79172
-2.69021
-2.58188
-2.4226
-2.14959
-2.08269
-2.55327
-1.9705
0.996886
3.67305
4.37901
4.21076
0.846806
-3.14346
-3.35814
-3.6003
-3.75942
-3.73937
-3.57978
-3.41021
-3.28106
-3.18252
-3.09424
-2.72629
-2.63239
-3.89545
-3.47526
-1.38841
1.9571
3.6343
5.23792
27.1222
-3.67921
-4.11229
-4.66151
-4.98809
-4.83626
-4.41159
-4.08855
-3.8944
-3.84091
-4.11881
-4.62675
-5.17439
-5.57034
-5.27918
-3.96541
-0.795335
1.65548
0.265975
11.1736
-4.33013
-5.37634
-6.62348
-7.27318
-6.63292
-5.45598
-4.80316
-4.44554
-4.35758
-4.80185
-5.64136
-6.0709
-6.57263
-6.65698
-6.0024
-2.6352
0.274501
0.445768
-4.07465
-5.03632
-6.46547
-8.27366
-9.32037
-8.17671
-6.13648
-5.40259
-4.79424
-4.47584
-4.59174
-5.84029
-6.62369
-7.4902
-7.77341
-7.39553
-2.54489
1.02594
3.31564
4.05572
-5.41457
-7.2453
-7.83293
-8.53673
-8.04034
-5.62825
-5.64838
-5.05388
-4.6162
-5.47413
-6.09731
-6.57407
-7.51217
-7.61202
-5.99218
-2.0166
1.14455
4.20088
7.45854
-5.17603
-7.01338
-7.96222
-8.61655
-6.76836
-5.68405
-5.66752
-5.55979
-5.75111
-6.20665
-6.15939
-6.4234
-6.96718
-6.70172
-4.65938
-1.57411
-0.0473382
13.6305
150.989
-4.84774
-5.13985
-5.90547
-6.30112
-6.93685
-6.97531
-6.75864
-6.60821
-6.62416
-6.46002
-6.37169
-6.77481
-7.33255
-7.02244
-4.41588
-1.50196
6.45474
27.1483
111.805
-5.3082
-5.76727
-6.55815
-6.82891
-7.586
-7.64996
-7.39416
-7.25615
-7.31711
-6.93779
-7.12918
-8.07227
-8.8121
-9.61701
3.49845
4.4763
1.34139
1.36992
9.54099
-5.72998
-6.06441
-6.51051
-6.92427
-8.06222
-7.99236
-7.69338
-8.11216
-8.26818
-7.63103
-8.09367
-10.2978
-14.1365
-2.84491
-2.68204
-3.31776
-2.60169
-1.46499
0.0926054
-5.99854
-6.23364
-6.02977
-6.50572
-7.75089
-7.72882
-7.7221
-8.31937
-8.36091
-7.34032
-7.78962
-11.6481
-10.9106
-5.07762
-4.59537
-3.90937
-2.98268
-2.10045
-3.73425
-6.09608
-6.34603
-5.94907
-6.28036
-6.96012
-7.01752
-7.10485
-7.41685
-6.73776
-5.64002
-5.56863
-13.5266
-6.52666
-5.73685
-5.0052
-4.36383
-3.48068
-2.24402
0.592683
-6.02428
-6.08474
-6.8792
-7.67422
-5.72294
-5.8335
-6.11681
-6.15387
-5.28453
-4.20708
-3.64643
-12.1079
-7.33152
-6.37379
-5.52604
-5.17653
-4.64571
-3.24635
-3.56424
-5.96916
-6.06364
-6.19289
-6.85826
-4.61989
-4.9097
-5.51891
-5.8842
-5.07119
-3.82948
2.12929
-5.86652
-7.58637
-6.69199
-6.1822
-6.37101
-7.27421
-7.61744
-3.19548
-5.99917
-6.02093
-6.3713
-6.31545
-5.47616
-5.18434
-5.56119
-6.38302
-5.61674
1.74382
3.97387
-2.44364
-6.85406
-8.85694
-7.72948
-7.23792
-9.15756
-7.49019
-10.9506
-5.99515
-6.0653
-6.17329
-5.67385
-5.64174
-5.4654
-5.55584
-5.51795
-5.1982
-3.75964
-0.705498
-0.517603
-6.58567
-12.3351
-10.3382
-7.71339
-9.44183
-13.5775
-13.2915
-5.98689
-5.84918
-4.61278
-5.57607
-5.69387
-5.64216
-5.59486
-5.66255
-6.27023
-6.72079
-3.57113
-4.18854
-6.91785
-10.7766
-10.0731
-7.7029
-10.238
-37.0723
-6.65137
869.615
875.727
877.48
871.647
864.886
860.675
859.104
859.708
862.265
866.843
873.756
883.489
896.627
913.909
935.863
963.219
996.092
1027.66
1039.27
1041.68
1034.35
1003.8
1071.83
809.394
815.794
817.264
811.53
805.092
801.155
799.72
800.347
802.874
807.407
814.277
823.966
837.029
854.028
875.421
901.508
931.578
961.616
978.099
981.456
987.816
883.92
988.929
747.535
753.973
755.284
749.849
744.143
740.793
739.63
740.297
742.754
747.192
753.97
763.57
776.515
793.283
814.21
839.169
866.789
892.827
911.187
927.623
937.997
787.2
900.455
684.15
690.522
691.738
686.883
682.234
679.658
678.827
679.522
681.87
686.167
692.814
702.285
715.072
731.585
751.999
775.939
801.864
826.317
845.027
859.597
856.679
765.751
857.045
619.347
625.704
626.946
622.983
619.572
617.807
617.285
617.97
620.172
624.297
630.78
640.087
652.683
668.917
688.842
711.936
736.65
760.123
779.112
792.165
792.03
763.761
851.278
553.293
559.725
561.261
558.463
556.298
555.248
554.95
555.575
557.604
561.538
567.833
576.944
589.323
605.274
624.769
647.214
671.136
694.104
713.446
727.389
734.188
746.386
833.634
486.211
492.866
495.003
493.531
492.458
491.938
491.754
492.272
494.115
497.851
503.936
512.815
524.949
540.624
559.764
581.759
605.244
628.105
648.02
663.39
674.821
698.437
774.757
418.429
425.385
428.35
428.248
428.003
427.796
427.618
427.997
429.649
433.186
439.037
447.637
459.499
474.914
493.774
515.504
538.866
561.986
582.736
599.423
612.427
630.012
662.708
318.007
318.01
318.004
317.986
317.956
317.917
317.873
317.831
317.793
317.763
317.743
317.733
317.733
317.742
317.759
317.78
317.801
317.817
317.825
317.947
317.951
317.947
317.929
317.898
317.858
317.814
317.771
317.733
317.703
317.682
317.672
317.673
317.682
317.699
317.721
317.742
317.759
317.767
317.886
317.893
317.892
317.874
317.841
317.799
317.754
317.71
317.671
317.641
317.62
317.61
317.611
317.621
317.639
317.662
317.684
317.702
317.711
317.824
317.836
317.84
317.821
317.785
317.74
317.693
317.647
317.608
317.577
317.556
317.546
317.547
317.558
317.578
317.602
317.627
317.647
317.656
317.76
317.778
317.79
317.77
317.729
317.681
317.631
317.583
317.542
317.511
317.49
317.48
317.482
317.494
317.515
317.542
317.571
317.593
317.604
317.696
317.718
317.742
317.719
317.673
317.621
317.567
317.517
317.475
317.443
317.422
317.412
317.414
317.428
317.451
317.482
317.515
317.541
317.554
317.622
317.655
317.684
317.667
317.615
317.56
317.502
317.45
317.406
317.373
317.352
317.342
317.345
317.36
317.386
317.422
317.46
317.492
317.507
317.539
317.543
317.569
317.605
317.555
317.497
317.435
317.379
317.334
317.301
317.279
317.27
317.273
317.289
317.319
317.361
317.406
317.444
317.463
330.46
337.689
343.026
344.207
344.491
344.386
344.085
344.246
345.653
348.957
354.475
362.606
374.043
389.122
407.736
429.373
452.937
476.856
499.08
517.271
529.284
527.328
412.982
188.361
189.356
203.117
203.627
202.889
202.333
201.706
201.555
202.641
205.522
209.89
216.535
226.698
240.941
259.675
281.702
306.703
333.805
360.385
382.511
395.356
390.86
363.203
84.2307
53.5373
61.3053
57.1284
56.2098
55.415
54.371
53.3042
52.5991
55.9046
60.2798
65.1894
75.8049
93.197
113.423
131.773
155.538
187.373
222.175
253.14
275.823
289.044
293.613
12.1144
0.929059
1.03964
1.04043
1.04959
1.06056
1.07534
1.09747
1.12799
1.16885
1.34282
1.39416
1.42431
1.48669
2.2435
5.92463
14.7057
48.7604
91.4272
130.613
162.351
190.868
218.903
0.838306
0.880101
0.884735
0.893659
0.904455
0.916985
0.931783
0.947853
0.951087
0.932567
1.08152
1.14585
1.20436
1.25141
1.2657
1.32122
1.38155
1.44509
1.87222
15.0676
54.9047
94.8546
133.225
0.709282
0.723634
0.733253
0.743261
0.755117
0.769088
0.785446
0.801867
0.797739
0.751914
0.867282
0.931915
0.98317
1.02266
1.0577
1.10964
1.17448
1.22322
1.14314
0.887609
0.805801
9.30388
41.412
0.558403
0.56949
0.579577
0.590305
0.602723
0.617108
0.633512
0.650588
0.662966
0.660641
0.706228
0.751217
0.791277
0.822065
0.849262
0.875945
0.885939
0.821297
0.604897
0.343629
0.315783
0.43132
0.629458
0.397019
0.412114
0.423329
0.434662
0.447186
0.461336
0.477069
0.493736
0.510095
0.523693
0.546834
0.575076
0.601861
0.622
0.633958
0.631639
0.592715
0.454421
0.0710773
-0.142118
0.028546
0.30178
0.480034
0.236684
0.254158
0.265501
0.276664
0.288851
0.30232
0.317013
0.332561
0.348385
0.36414
0.382062
0.401452
0.418497
0.429577
0.430084
0.41064
0.349189
0.191093
-0.192646
-0.270396
-0.0826877
0.205502
0.441064
0.0846777
0.096993
0.106522
0.116823
0.128207
0.140731
0.154304
0.168653
0.183404
0.198346
0.213647
0.228562
0.240787
0.247372
0.24397
0.222848
0.168601
0.046129
-0.193043
-0.216565
-0.0703133
0.132085
0.342059
-0.0674676
-0.0612361
-0.0537088
-0.0446882
-0.0343337
-0.0228008
-0.0102613
0.00304692
0.0168289
0.0308144
0.0446966
0.0577114
0.068392
0.0747175
0.0738367
0.0614141
0.0307047
-0.0278768
-0.143689
-0.151091
-0.0394388
0.0671991
0.174328
-0.224254
-0.221319
-0.215536
-0.207799
-0.198474
-0.187851
-0.176162
-0.163625
-0.150484
-0.137048
-0.123694
-0.110958
-0.0996427
-0.0908084
-0.0857645
-0.0859492
-0.092382
-0.104305
-0.117986
-0.103135
-0.0305781
0.0518893
0.10281
-0.385347
-0.383848
-0.379265
-0.372579
-0.364146
-0.354265
-0.343189
-0.331144
-0.318354
-0.305079
-0.29158
-0.278096
-0.264903
-0.252318
-0.24058
-0.229491
-0.21783
-0.202465
-0.177187
-0.134277
-0.0760526
-0.0210361
0.0261411
-0.550185
-0.5491
-0.545186
-0.539211
-0.531448
-0.52214
-0.511518
-0.499791
-0.487148
-0.473729
-0.459607
-0.444776
-0.42919
-0.412722
-0.395022
-0.37524
-0.351768
-0.322114
-0.283417
-0.234935
-0.181281
-0.129462
-0.0804001
-0.718201
-0.717068
-0.71346
-0.707924
-0.70065
-0.691807
-0.68156
-0.670058
-0.657394
-0.64358
-0.628541
-0.612139
-0.594168
-0.574288
-0.551911
-0.526086
-0.495503
-0.458771
-0.4151
-0.365459
-0.313062
-0.261186
-0.20979
-0.888703
-0.887383
-0.883909
-0.878652
-0.871734
-0.863257
-0.853306
-0.84193
-0.829117
-0.814789
-0.7988
-0.780956
-0.760982
-0.738458
-0.712762
-0.683067
-0.648474
-0.60834
-0.562746
-0.512871
-0.460774
-0.40817
-0.355013
-1.06126
-1.05969
-1.05625
-1.05116
-1.04447
-1.03624
-1.02646
-1.01511
-1.0021
-0.987321
-0.970604
-0.951719
-0.930352
-0.906071
-0.878316
-0.846443
-0.809876
-0.768355
-0.722237
-0.672573
-0.620765
-0.56784
-0.513795
-1.23609
-1.23427
-1.23081
-1.22579
-1.21922
-1.2111
-1.20138
-1.19
-1.17686
-1.16182
-1.1447
-1.12524
-1.10311
-1.07791
-1.04916
-1.0164
-0.979243
-0.937612
-0.891883
-0.842916
-0.791754
-0.739135
-0.685116
-1.4138
-1.41178
-1.40828
-1.40329
-1.39678
-1.38873
-1.37905
-1.3677
-1.35455
-1.33946
-1.32222
-1.30259
-1.28023
-1.25479
-1.22588
-1.19315
-1.15638
-1.11555
-1.07099
-1.02335
-0.973435
-0.921873
-0.868818
-1.59453
-1.59242
-1.5889
-1.58396
-1.57755
-1.56961
-1.56008
-1.54888
-1.53589
-1.52096
-1.50388
-1.48442
-1.46229
-1.43717
-1.40875
-1.37677
-1.34111
-1.30181
-1.25916
-1.21363
-1.16584
-1.11636
-1.06546
-1.77792
-1.77579
-1.77235
-1.76755
-1.76132
-1.75362
-1.74437
-1.73348
-1.72084
-1.7063
-1.68968
-1.67076
-1.64929
-1.625
-1.59765
-1.56708
-1.53322
-1.49616
-1.45616
-1.41362
-1.36906
-1.32303
-1.2759
-1.96351
-1.96147
-1.9582
-1.95362
-1.94768
-1.94033
-1.9315
-1.9211
-1.90903
-1.89515
-1.8793
-1.86129
-1.84093
-1.818
-1.79231
-1.76379
-1.73245
-1.69841
-1.6619
-1.62333
-1.58326
-1.5423
-1.50094
-2.15112
-2.14926
-2.14623
-2.14195
-2.13639
-2.1295
-2.12122
-2.11148
-2.10019
-2.08723
-2.07247
-2.05577
-2.03696
-2.01589
-1.99247
-1.96669
-1.93862
-1.90841
-1.87635
-1.84293
-1.80883
-1.77483
-1.74168
-2.34064
-2.33902
-2.33629
-2.33238
-2.32728
-2.32095
-2.31336
-2.30444
-2.29413
-2.28234
-2.26897
-2.25392
-2.23708
-2.21838
-2.19781
-2.17545
-2.15141
-2.12592
-2.09939
-2.07249
-2.04613
-2.0214
-1.99953
-2.53201
-2.53069
-2.52828
-2.52479
-2.52021
-2.51454
-2.50775
-2.49981
-2.49066
-2.48027
-2.46856
-2.45549
-2.44101
-2.42513
-2.40795
-2.38963
-2.37036
-2.35052
-2.33071
-2.31186
-2.29525
-2.28258
-2.27595
-2.72522
-2.72418
-2.72208
-2.71903
-2.71504
-2.71011
-2.70424
-2.6974
-2.68958
-2.68077
-2.67096
-2.66014
-2.64835
-2.63569
-2.62238
-2.60865
-2.59485
-2.58154
-2.56962
-2.56037
-2.55568
-2.55826
-2.57186
-2.92013
-2.91932
-2.91753
-2.91494
-2.91159
-2.90747
-2.90259
-2.89697
-2.89062
-2.88355
-2.87581
-2.86746
-2.85863
-2.84951
-2.84042
-2.83175
-2.824
-2.81798
-2.81491
-2.81664
-2.82595
-2.84709
-2.88675
-3.11653
-3.11592
-3.11443
-3.11234
-3.10966
-3.1064
-3.10259
-3.09827
-3.09347
-3.08826
-3.08272
-3.077
-3.07129
-3.06592
-3.06131
-3.058
-3.05667
-3.05841
-3.06484
-3.07851
-3.10331
-3.14578
-3.21731
-3.31422
-3.31377
-3.3126
-3.31102
-3.30903
-3.30667
-3.30398
-3.301
-3.29781
-3.29452
-3.29126
-3.28823
-3.28573
-3.2842
-3.28416
-3.28631
-3.2915
-3.3011
-3.3172
-3.343
-3.38362
-3.44832
-3.55467
-3.51295
-3.51263
-3.51179
-3.51074
-3.50947
-3.50803
-3.50647
-3.50485
-3.50329
-3.50193
-3.50095
-3.50062
-3.50132
-3.50356
-3.50802
-3.51548
-3.52699
-3.54417
-3.5695
-3.60668
-3.66174
-3.74588
-3.88127
-3.71241
-3.71224
-3.71177
-3.71126
-3.71072
-3.7102
-3.70976
-3.7095
-3.70954
-3.71007
-3.71131
-3.71359
-3.71735
-3.7232
-3.73189
-3.74429
-3.76163
-3.78572
-3.8193
-3.86624
-3.93284
-4.02972
-4.17706
-3.91227
-3.91234
-3.91227
-3.91232
-3.91251
-3.9129
-3.91356
-3.9146
-3.91618
-3.91852
-3.92186
-3.92658
-3.93318
-3.94232
-3.9548
-3.9716
-3.99401
-4.02404
-4.06448
-4.11925
-4.19414
-4.29699
-4.43599
-4.1123
-4.11271
-4.11307
-4.11369
-4.11461
-4.11587
-4.11758
-4.11986
-4.12289
-4.1269
-4.13217
-4.1391
-4.14822
-4.16022
-4.17594
-4.19639
-4.22296
-4.25769
-4.30341
-4.36405
-4.44501
-4.55166
-4.68465
-4.31233
-4.31315
-4.31398
-4.31517
-4.31679
-4.31889
-4.32159
-4.32502
-4.32937
-4.33489
-4.34188
-4.35073
-4.36199
-4.37634
-4.39463
-4.41789
-4.4475
-4.48549
-4.53467
-4.59905
-4.68392
-4.79461
-4.93267
-4.51229
-4.51351
-4.5148
-4.51654
-4.51882
-4.52171
-4.52532
-4.5298
-4.53533
-4.54218
-4.55063
-4.56109
-4.57406
-4.5902
-4.61033
-4.63546
-4.66691
-4.70655
-4.75714
-4.8226
-4.9082
-5.02006
-5.16439
-4.7121
-4.71366
-4.71537
-4.71762
-4.72051
-4.72412
-4.72855
-4.73396
-4.74053
-4.7485
-4.75816
-4.76988
-4.78414
-4.80151
-4.82276
-4.84882
-4.88085
-4.9205
-4.97025
-5.03371
-5.11563
-5.22239
-5.36295
-4.91179
-4.91356
-4.91562
-4.91833
-4.92178
-4.92603
-4.93119
-4.93741
-4.94486
-4.95376
-4.96438
-4.97705
-4.99219
-5.01028
-5.03197
-5.05807
-5.08953
-5.12765
-5.17437
-5.23267
-5.30633
-5.40045
-5.52313
-5.11119
-5.11304
-5.11539
-5.1185
-5.12245
-5.12727
-5.13307
-5.13999
-5.14818
-5.15783
-5.16919
-5.18252
-5.19819
-5.21656
-5.23814
-5.26354
-5.29346
-5.32876
-5.37073
-5.42137
-5.48311
-5.55893
-5.65312
-5.31005
-5.31188
-5.31447
-5.31796
-5.32234
-5.32767
-5.33403
-5.34153
-5.35033
-5.3606
-5.3725
-5.38628
-5.40219
-5.42052
-5.44158
-5.46576
-5.49345
-5.52507
-5.56121
-5.60279
-5.65077
-5.70609
-5.76975
-5.50834
-5.51015
-5.51298
-5.51682
-5.52161
-5.52738
-5.53423
-5.54225
-5.55157
-5.56233
-5.57466
-5.58874
-5.60474
-5.62282
-5.64315
-5.66586
-5.69102
-5.71862
-5.74861
-5.78084
-5.81483
-5.84983
-5.88515
-5.7058
-5.70756
-5.71071
-5.71491
-5.72006
-5.72623
-5.73352
-5.74201
-5.75179
-5.76298
-5.77567
-5.78997
-5.80598
-5.82376
-5.8433
-5.86453
-5.88724
-5.91102
-5.93522
-5.95877
-5.97992
-5.99619
-6.0044
-5.89923
-5.9015
-5.90513
-5.90962
-5.91507
-5.92157
-5.92921
-5.93806
-5.94821
-5.95974
-5.97271
-5.98716
-6.00314
-6.02059
-6.03941
-6.05937
-6.08002
-6.10067
-6.12019
-6.13688
-6.14806
-6.14989
-6.13675
260.26
269.167
315.385
317.352
314.841
298.314
297.476
312.482
297.684
309.808
333.07
340.946
241.231
263.444
293.054
334.215
158.912
181.235
204.64
226.396
67.8682
88.3932
108.111
127.121
2.21649
10.0036
20.5766
34.571
0.563606
0.613185
0.622932
0.693777
0.521147
0.552089
0.562699
0.576065
0.421127
0.439632
0.448343
0.479146
0.252397
0.287311
0.320104
0.352287
0.146874
0.182933
0.217437
0.251387
0.0597529
0.0881875
0.118213
0.149531
-0.0483867
-0.021875
0.00589585
0.0351559
-0.177254
-0.150774
-0.123368
-0.0946725
-0.32167
-0.294788
-0.267168
-0.238471
-0.479952
-0.452731
-0.424844
-0.396049
-0.651329
-0.624169
-0.596346
-0.567703
-0.835724
-0.809216
-0.782065
-0.754072
-1.03385
-1.00862
-0.982837
-0.956203
-1.24683
-1.22366
-1.20003
-1.17577
-1.47584
-1.4559
-1.43573
-1.41532
-1.72242
-1.70741
-1.69269
-1.67829
-1.98857
-1.98074
-1.97413
-1.96902
-2.27666
-2.27911
-2.2845
-2.29364
-2.58891
-2.60633
-2.62983
-2.66092
-2.9264
-2.96565
-3.01659
-3.08162
-3.28664
-3.35676
-3.44832
-3.56606
-3.65888
-3.76894
-3.91885
-4.12359
-4.01324
-4.15866
-4.36746
-4.68026
-4.31162
-4.46018
-4.6699
-5.00576
-4.54267
-4.64036
-4.75827
-4.94835
-4.77198
-4.83524
-4.88302
-4.90107
-5.02793
-5.10229
-5.17406
-5.23921
-5.27244
-5.36653
-5.47189
-5.59827
-5.47329
-5.57515
-5.69696
-5.85701
-5.61922
-5.70928
-5.82029
-5.97155
-5.72284
-5.785
-5.85862
-5.95239
-5.81297
-5.84871
-5.88622
-5.93041
-5.90689
-5.92474
-5.94442
-5.96859
-6.00372
-6.00061
-5.99608
-5.99393
-6.11756
-6.09583
-6.06671
-6.02889
317.062
317.316
317.348
317.508
317.473
317.414
317.346
317.285
317.238
317.204
317.183
317.173
317.177
317.196
317.231
317.28
317.338
317.388
317.412
319.587
316.797
317.129
317.347
317.331
317.269
317.186
317.113
317.065
317.034
317.013
317.004
317.007
317.027
317.071
317.14
317.227
317.309
317.351
323.838
317.854
317.406
317.304
317.206
317.128
317.007
316.908
316.872
316.849
316.832
316.824
316.821
316.839
316.89
316.983
317.116
317.258
317.336
332.751
317.203
317.388
317.136
317.136
317.004
316.803
316.617
316.673
316.64
316.634
316.64
316.617
316.622
316.672
316.787
316.988
317.248
317.402
238.142
236.646
272.52
314.825
317.242
316.86
316.507
316.013
316.597
316.252
316.36
316.472
316.392
316.364
316.402
316.517
316.792
317.286
317.628
160.609
177.75
209.367
248.788
287.167
305.158
286.328
294.702
311.738
312.388
315.41
316.392
316.125
316.046
316.07
316.113
316.362
317.275
318.188
64.1568
90.7646
119.106
151.563
186.179
208.163
184.582
179.252
221.245
241.31
280.102
316.281
315.797
315.366
315.73
315.523
315.323
316.131
319.327
2.93384
16.021
29.9256
49.9772
74.7618
94.6049
99.378
99.9569
119.859
149.537
192.706
230.788
221.17
290.082
315.522
314.809
313.425
307.828
327.852
0.614724
0.709786
0.823741
0.982001
2.59258
7.24582
11.5908
16.619
24.8123
41.4822
70.8678
112.782
158.728
241.863
309.462
313.922
312.367
308.898
315.34
0.523876
0.619413
0.733122
0.84957
0.975559
1.11197
1.21006
1.33946
1.51325
1.62592
2.47179
13.7769
47.0373
117.711
221.08
294.38
312.197
312.91
319.245
0.413266
0.522372
0.636926
0.748885
0.867531
0.995178
1.12202
1.25356
1.3884
1.50838
1.63608
1.78327
2.11637
12.0581
79.7971
184.488
284.789
313.654
328.756
0.322986
0.420691
0.525023
0.635367
0.754316
0.88136
1.01377
1.14993
1.28287
1.40683
1.54834
1.72035
1.87817
2.02605
3.15446
48.0717
209.729
445.103
917.092
0.216563
0.306967
0.406864
0.515734
0.634441
0.762544
0.898427
1.04013
1.18294
1.31932
1.46168
1.6349
1.81373
1.96397
2.06894
2.53858
91.0629
615.232
1085.59
0.0988594
0.184451
0.281041
0.388578
0.507357
0.63706
0.776687
0.924788
1.07879
1.23407
1.38887
1.556
1.73678
1.90186
2.00396
2.02667
3.62432
372.056
720.356
-0.0323886
0.0506862
0.145366
0.252106
0.371284
0.502814
0.646396
0.801202
0.965504
1.13645
1.31021
1.48528
1.66363
1.83699
1.96628
1.99794
1.97778
206.03
371.584
-0.176753
-0.095031
-0.00151808
0.104733
0.224277
0.35754
0.505037
0.66656
0.840676
1.02491
1.21628
1.41007
1.59928
1.7776
1.93102
1.97548
2.19812
123.487
216.443
-0.334649
-0.253942
-0.161439
-0.0558367
0.0637165
0.198291
0.349229
0.516749
0.699853
0.897257
1.107
1.32394
1.53727
1.73324
1.90105
2.00386
2.10736
77.9174
136.831
-0.506995
-0.427676
-0.336686
-0.232417
-0.113696
0.0211789
0.174256
0.346015
0.536339
0.747026
0.979451
1.22699
1.47461
1.70481
1.89703
2.02197
1.90967
6.72494
109.874
-0.694946
-0.618106
-0.529907
-0.428379
-0.312066
-0.178828
-0.0260899
0.14686
0.341303
0.56518
0.828232
1.1192
1.41395
1.69481
1.94369
2.13207
3.72994
20.3522
93.634
-0.900221
-0.8278
-0.744545
-0.648084
-0.53678
-0.408325
-0.259577
-0.0895701
0.1033
0.337018
0.64641
1.00111
1.35455
1.70089
2.02851
2.3311
3.26313
19.5308
9.47304
-1.12531
-1.0603
-0.985179
-0.897278
-0.794938
-0.675639
-0.535296
-0.373747
-0.196679
0.0215197
0.418973
0.880015
1.2893
1.71322
2.14011
2.53207
2.55612
48.8867
33.0607
-1.3737
-1.32042
-1.25808
-1.18362
-1.09516
-0.989883
-0.863712
-0.721044
-0.593226
-0.443107
0.10548
0.769461
1.18749
1.71116
2.28668
2.77179
2.8946
65.7745
55.187
-1.65029
-1.61517
-1.57247
-1.51752
-1.44727
-1.35924
-1.25218
-1.13533
-1.04329
-0.909544
-0.639353
0.0423161
0.83685
1.65927
2.50282
2.95611
2.59845
0.368042
47.8323
-1.96212
-1.95536
-1.94197
-1.9127
-1.8617
-1.78828
-1.69661
-1.5942
-1.48395
-1.30849
-1.28602
-1.14287
-0.574237
1.52865
2.91172
3.54402
3.81479
4.57639
4.86354
-2.3196
-2.35747
-2.38766
-2.38908
-2.35141
-2.28065
-2.19222
-2.09333
-1.95941
-1.72859
-1.5783
-2.02543
-2.88834
0.617387
3.41437
4.25787
4.61785
3.60306
18.9816
-2.73841
-2.84928
-2.94635
-2.98336
-2.93929
-2.84423
-2.74021
-2.6394
-2.51195
-2.29924
-2.03981
-2.26908
-2.53388
-0.624697
2.5376
4.23697
4.50784
4.48654
-1.74667
-3.24293
-3.48164
-3.698
-3.77346
-3.66827
-3.49107
-3.34006
-3.22978
-3.1458
-2.93424
-2.55032
-3.36847
-3.96583
-2.64992
0.268748
3.17776
4.19766
5.53248
16.2238
-3.87085
-4.38902
-4.87547
-4.97584
-4.62499
-4.23185
-3.97652
-3.84056
-3.96056
-4.30936
-4.87105
-5.43387
-5.53852
-4.74085
-2.61677
0.920561
1.6627
-1.48614
11.0278
-4.78983
-6.0344
-7.07345
-7.14492
-5.99616
-5.07375
-4.59655
-4.35952
-4.4773
-5.27277
-5.89633
-6.29251
-6.76022
-6.33136
-4.80803
-0.919747
0.637618
-2.09508
24.5568
-5.79816
-7.52696
-8.93324
-9.14724
-6.92732
-5.72671
-5.07858
-4.58926
-4.45546
-5.08521
-6.29836
-7.01645
-7.82329
-7.64988
-4.95333
-0.520906
2.13589
2.99379
76.9219
-6.30053
-7.53014
-8.19546
-8.70713
-6.17366
-5.71177
-5.41451
-4.71669
-4.8946
-5.92765
-6.25426
-7.05584
-7.75815
-7.19357
-3.99991
-0.298592
2.61469
8.3483
151.755
-5.55978
-7.70877
-8.18335
-7.60497
-5.7592
-5.59802
-5.77986
-5.54696
-6.07172
-6.20922
-6.20121
-6.71734
-7.0087
-5.92471
-3.09002
-0.720684
-0.194661
62.4847
250.196
-4.97524
-5.32499
-6.30459
-6.56445
-7.06068
-6.84061
-6.63245
-6.62257
-6.53989
-6.36355
-6.52147
-7.09238
-7.34123
-5.85072
-3.01178
10.5182
14.8843
60.9443
187.946
-5.44006
-6.20018
-6.72979
-7.14933
-7.75815
-7.49576
-7.1464
-7.40866
-7.11565
-6.90334
-7.5308
-8.59582
-8.90135
-12.5013
1.69119
1.98939
-0.385923
5.33178
35.8267
-5.87366
-6.28265
-6.64343
-7.57463
-8.16199
-7.82154
-7.71709
-8.39669
-7.92886
-7.62931
-9.04013
-11.7353
-10.848
-1.83257
-3.6148
-3.0084
-2.02583
-0.437283
4.65151
-6.16382
-6.07742
-6.05541
-7.3551
-7.80439
-7.67573
-7.96255
-8.54826
-7.86306
-7.23281
-8.94223
-19.9562
-5.28797
-4.87
-4.28529
-3.47766
-2.42128
-1.55401
5.22563
-6.26538
-6.26111
-6.00591
-6.7493
-7.02403
-7.03453
-7.26438
-7.28857
-6.06609
-5.43893
-8.49774
-8.94848
-6.05661
-5.36758
-4.69014
-3.97876
-2.94895
-2.18045
67.5786
-6.09295
-6.0047
-7.04755
-6.35582
-5.69617
-5.99264
-6.20101
-5.85303
-4.64317
-3.98484
-2.22982
-7.37146
-6.94264
-5.86232
-5.32421
-4.98302
-4.21462
-2.48131
36.1317
-6.00071
-6.13049
-6.27911
-5.70933
-4.52964
-5.22518
-5.70224
-5.68358
-4.22165
-5.24426
5.24062
-10.5637
-7.15619
-6.37118
-6.17884
-6.71816
-7.73982
-5.68742
10.3795
-6.04734
-6.08633
-6.36218
-5.79751
-5.21052
-5.3373
-5.64058
-8.45508
-4.37336
2.00863
1.81045
-4.32652
-8.3802
-8.47528
-7.22984
-7.87443
-10.2833
-8.26311
-10.7072
-6.01961
-6.09813
-5.93
-5.68459
-5.5481
-5.46484
-5.57238
-5.61267
-3.92395
-1.42008
0.0144292
-2.92171
-10.2291
-12.1109
-8.62834
-7.84914
-7.36386
-7.15899
-12.0801
-5.91479
-5.83322
-6.48222
-5.67365
-5.69168
-5.59129
-5.62314
-5.71693
-7.19454
-4.60223
-3.60202
-5.26923
-9.03403
-11.2249
-8.58702
-7.85849
-32.9699
-10.1635
-7.24423
869.03
842.254
847.877
845.246
838.242
832.733
829.973
829.561
831.147
834.675
840.353
848.593
859.931
874.932
894.122
918.222
947.733
981.418
1007.14
1005.05
1013.42
974.881
994.5
808.938
781.154
786.888
784.145
777.572
772.587
770.156
769.856
771.424
774.886
780.494
788.668
799.93
814.816
833.801
857.176
884.561
913.431
937.401
947.931
973.401
877.206
859.09
747.108
718.701
724.19
721.449
715.656
711.527
709.598
709.454
710.98
714.33
719.82
727.885
739.028
753.739
772.388
795.024
820.903
847.49
869.746
885.317
905.309
821.593
796.764
683.727
654.756
659.994
657.479
652.775
649.688
648.318
648.32
649.768
652.966
658.302
666.221
677.209
691.708
709.991
731.93
756.596
781.659
803.394
819.215
829.478
789.241
790.012
618.932
589.46
594.581
592.613
589.201
587.17
586.304
586.398
587.731
590.749
595.904
603.648
614.447
628.712
646.636
667.98
691.749
715.852
737.32
753.74
763.261
755.662
792.671
552.934
523.025
528.258
527.184
525.112
523.999
523.507
523.62
524.804
527.628
532.587
540.125
550.704
564.721
582.317
603.19
626.354
649.939
671.45
688.709
700.469
709.903
762.152
486.052
455.836
461.288
461.381
460.558
460.126
459.85
459.912
460.929
463.557
468.312
475.611
485.931
499.688
516.993
537.524
560.349
583.792
605.679
623.963
637.823
651.706
693.34
418.757
387.877
393.927
395.437
395.556
395.512
395.287
395.235
396.074
398.513
403.055
410.062
420.067
433.548
450.605
470.911
493.635
517.283
539.89
559.338
574.293
585.837
598.78
318.005
317.979
317.979
317.968
317.943
317.908
317.866
317.822
317.781
317.747
317.722
317.706
317.701
317.707
317.72
317.74
317.761
317.781
317.793
317.944
317.92
317.922
317.912
317.887
317.85
317.807
317.762
317.72
317.686
317.66
317.645
317.64
317.646
317.66
317.68
317.703
317.723
317.736
317.88
317.861
317.867
317.859
317.831
317.792
317.747
317.701
317.658
317.623
317.597
317.582
317.577
317.583
317.598
317.62
317.644
317.666
317.68
317.811
317.802
317.812
317.808
317.777
317.734
317.686
317.638
317.594
317.558
317.532
317.517
317.513
317.519
317.535
317.559
317.586
317.61
317.627
317.735
317.746
317.757
317.76
317.724
317.677
317.625
317.574
317.529
317.492
317.465
317.45
317.446
317.453
317.471
317.497
317.528
317.556
317.575
317.646
317.697
317.7
317.713
317.67
317.618
317.563
317.508
317.461
317.423
317.396
317.381
317.377
317.385
317.405
317.435
317.47
317.503
317.526
317.537
317.638
317.604
317.651
317.612
317.558
317.498
317.441
317.391
317.352
317.325
317.309
317.306
317.315
317.337
317.371
317.412
317.452
317.479
317.391
317.473
317.427
317.557
317.549
317.495
317.432
317.371
317.318
317.279
317.251
317.236
317.232
317.243
317.267
317.306
317.354
317.402
317.436
332.985
258.881
268.657
273.55
273.934
273.897
273.491
273.148
273.622
275.657
279.731
285.956
295.127
308.058
324.867
345.078
368.399
393.369
418.311
440.443
456.515
459.858
425.378
199.656
118.759
128.945
133.585
130.909
129.939
129.1
128.403
128.41
130.404
134.707
139.329
147.209
159.041
173.915
193.053
218.051
246.116
277.094
305.09
327.01
338.535
336.581
98.8102
18.245
7.48208
11.0818
9.83967
9.87948
9.54657
9.28523
9.19
9.64631
10.0085
10.6245
12.6258
16.4994
23.9371
39.7457
66.5764
98.1236
135.906
171.474
204.652
229.83
248.332
33.8976
0.971089
0.945132
0.964564
0.972896
0.983576
0.996451
1.0128
1.03636
1.03095
1.15099
1.26748
1.30886
1.35477
1.38314
1.40986
1.5186
2.14079
9.93689
44.7848
92.1267
125.993
159.433
0.839713
0.791672
0.805284
0.813812
0.824148
0.836403
0.851021
0.868001
0.879874
0.818599
0.903141
0.992182
1.05414
1.10883
1.14454
1.18278
1.24481
1.32304
1.35762
1.21859
3.26951
26.9054
66.7593
0.711128
0.642242
0.652311
0.661884
0.673049
0.686183
0.701623
0.718791
0.733673
0.715151
0.744158
0.815254
0.866687
0.9062
0.939032
0.975827
1.01832
1.04601
1.00728
0.753565
0.524947
0.447826
2.11901
0.559064
0.485768
0.496716
0.507197
0.51885
0.532261
0.547544
0.564304
0.581156
0.592848
0.608751
0.644845
0.679973
0.709515
0.731978
0.748372
0.750754
0.698508
0.503112
0.150476
0.0786661
0.262099
0.443618
0.395599
0.32646
0.339253
0.350142
0.361958
0.37508
0.389651
0.405433
0.421738
0.437524
0.454275
0.476833
0.499337
0.517963
0.528811
0.526733
0.497679
0.40221
0.127428
-0.232788
-0.179559
0.101633
0.36611
0.235878
0.169593
0.180987
0.191449
0.202733
0.215147
0.228745
0.243333
0.258506
0.273861
0.289654
0.306583
0.322384
0.334053
0.337724
0.327095
0.289077
0.194001
-0.0434369
-0.277699
-0.186685
0.0404344
0.297524
0.0842779
0.0133495
0.0222131
0.0312691
0.0415594
0.0530244
0.0655805
0.0790372
0.093093
0.107443
0.121917
0.136183
0.148868
0.157801
0.159989
0.150778
0.122078
0.0589733
-0.0777368
-0.208162
-0.124684
0.0225811
0.165187
-0.0684845
-0.14387
-0.137908
-0.130422
-0.121291
-0.110822
-0.0992209
-0.086706
-0.0735174
-0.0599408
-0.0462966
-0.0330634
-0.0211468
-0.0118677
-0.0069824
-0.00886082
-0.0205962
-0.0456049
-0.0902795
-0.134424
-0.0840909
0.0240067
0.0926391
-0.225191
-0.303987
-0.299966
-0.293791
-0.285735
-0.27616
-0.265338
-0.253502
-0.240873
-0.227709
-0.214331
-0.201092
-0.188437
-0.176956
-0.167346
-0.160252
-0.155811
-0.152718
-0.146898
-0.125938
-0.077171
-0.00977045
0.0459205
-0.386097
-0.467344
-0.464311
-0.459034
-0.451818
-0.44296
-0.432725
-0.421347
-0.409037
-0.396008
-0.382456
-0.368509
-0.354264
-0.339802
-0.325127
-0.30993
-0.293176
-0.272654
-0.244559
-0.204351
-0.152109
-0.09666
-0.0476739
-0.550782
-0.633798
-0.631157
-0.626398
-0.619758
-0.611451
-0.601682
-0.590645
-0.578511
-0.565395
-0.551326
-0.536255
-0.52007
-0.502583
-0.483435
-0.461929
-0.436842
-0.406432
-0.368771
-0.322984
-0.271274
-0.218666
-0.16812
-0.718683
-0.802973
-0.800443
-0.795967
-0.78972
-0.78184
-0.772457
-0.761693
-0.749616
-0.736229
-0.721451
-0.705131
-0.68707
-0.666959
-0.644297
-0.618327
-0.588019
-0.552284
-0.51043
-0.462837
-0.411458
-0.359046
-0.306917
-0.889153
-0.974334
-0.971787
-0.967466
-0.961482
-0.953913
-0.944817
-0.93422
-0.922097
-0.908372
-0.892914
-0.875537
-0.855994
-0.833924
-0.808815
-0.779991
-0.746693
-0.708307
-0.664716
-0.61662
-0.565504
-0.512999
-0.459821
-1.06179
-1.14777
-1.14513
-1.14088
-1.13505
-1.12766
-1.11871
-1.10817
-1.09596
-1.08196
-1.06604
-1.04798
-1.0275
-1.00423
-0.977701
-0.947354
-0.91267
-0.873305
-0.829349
-0.781499
-0.730891
-0.678629
-0.625181
-1.23675
-1.32383
-1.32108
-1.31684
-1.31107
-1.30377
-1.29488
-1.28435
-1.27209
-1.25798
-1.24186
-1.22349
-1.20259
-1.17879
-1.15169
-1.12085
-1.08592
-1.04671
-1.00335
-0.956423
-0.906802
-0.855331
-0.802427
-1.4145
-1.50297
-1.50015
-1.49591
-1.49019
-1.48296
-1.47416
-1.46371
-1.45153
-1.43749
-1.4214
-1.40305
-1.38214
-1.35837
-1.33136
-1.3008
-1.26645
-1.2282
-1.18622
-1.14095
-1.09303
-1.04314
-0.991733
-1.5952
-1.68504
-1.68222
-1.67804
-1.67244
-1.66536
-1.65675
-1.64652
-1.63459
-1.6208
-1.605
-1.58697
-1.56646
-1.54319
-1.51685
-1.48721
-1.45412
-1.41754
-1.37765
-1.3348
-1.28949
-1.24229
-1.19368
-1.77853
-1.86958
-1.86684
-1.86281
-1.85742
-1.85061
-1.84232
-1.83247
-1.82096
-1.80767
-1.79243
-1.77507
-1.75536
-1.73306
-1.70795
-1.67985
-1.64868
-1.61449
-1.57744
-1.53786
-1.4962
-1.45303
-1.40887
-1.96409
-2.05625
-2.05369
-2.0499
-2.04481
-2.03837
-2.03052
-2.0212
-2.01031
-1.99775
-1.98337
-1.96702
-1.94853
-1.92769
-1.90436
-1.87843
-1.84991
-1.81886
-1.7855
-1.75015
-1.71334
-1.67575
-1.63801
-2.15167
-2.24492
-2.2426
-2.23912
-2.2344
-2.22843
-2.22115
-2.2125
-2.20243
-2.19082
-2.17759
-2.1626
-2.14571
-2.12682
-2.10581
-2.08269
-2.05753
-2.03044
-2.00168
-1.9717
-1.94119
-1.911
-1.88207
-2.34116
-2.43551
-2.43348
-2.43034
-2.42607
-2.42064
-2.41404
-2.40622
-2.39713
-2.3867
-2.37487
-2.36154
-2.34665
-2.33013
-2.31197
-2.29228
-2.27117
-2.24886
-2.22573
-2.20242
-2.17986
-2.15926
-2.14211
-2.53251
-2.62797
-2.62623
-2.62345
-2.61967
-2.61487
-2.60905
-2.60218
-2.59423
-2.58517
-2.57497
-2.56359
-2.55101
-2.53726
-2.52243
-2.5067
-2.49031
-2.47359
-2.45714
-2.44185
-2.42905
-2.42055
-2.41885
-2.72566
-2.82219
-2.8207
-2.8183
-2.81505
-2.81095
-2.80599
-2.80018
-2.79351
-2.78598
-2.7776
-2.76839
-2.75841
-2.74775
-2.73663
-2.72534
-2.71424
-2.70385
-2.69501
-2.68902
-2.68776
-2.69403
-2.712
-2.92051
-3.01799
-3.01672
-3.01472
-3.01204
-3.00868
-3.00466
-2.99999
-2.9947
-2.98883
-2.98242
-2.97555
-2.96836
-2.96104
-2.95392
-2.94742
-2.94203
-2.93851
-2.93802
-2.94231
-2.95407
-2.97748
-3.01944
-3.11686
-3.21515
-3.2141
-3.21251
-3.21043
-3.20785
-3.20481
-3.20135
-3.19751
-3.19337
-3.18903
-3.18461
-3.18033
-3.17649
-3.17353
-3.172
-3.17256
-3.17618
-3.18438
-3.19946
-3.22501
-3.26695
-3.33601
-3.31449
-3.41345
-3.41261
-3.41145
-3.40998
-3.40822
-3.40619
-3.40397
-3.40162
-3.39925
-3.39701
-3.39508
-3.39375
-3.39342
-3.39464
-3.39807
-3.40454
-3.41523
-3.43201
-3.4577
-3.49666
-3.5565
-3.6517
-3.5132
-3.61263
-3.61201
-3.61131
-3.61048
-3.60953
-3.60853
-3.60755
-3.60669
-3.60608
-3.60592
-3.60644
-3.608
-3.61109
-3.61634
-3.62453
-3.6366
-3.65396
-3.67874
-3.7141
-3.76486
-3.83934
-3.95322
-3.71265
-3.81238
-3.81205
-3.81182
-3.81164
-3.81152
-3.81153
-3.81177
-3.81236
-3.81347
-3.81531
-3.81817
-3.82247
-3.82876
-3.83775
-3.85029
-3.86743
-3.89073
-3.92252
-3.96608
-4.02623
-4.11058
-4.23054
-3.9125
-4.01246
-4.01247
-4.01276
-4.01323
-4.01391
-4.01491
-4.01632
-4.01829
-4.02102
-4.02474
-4.02978
-4.03658
-4.04576
-4.05805
-4.07436
-4.09583
-4.12411
-4.16162
-4.21166
-4.27893
-4.36963
-4.48914
-4.11244
-4.21267
-4.21308
-4.2139
-4.21502
-4.21649
-4.21842
-4.22094
-4.2242
-4.22842
-4.23385
-4.24084
-4.24985
-4.26149
-4.27654
-4.29593
-4.32082
-4.35291
-4.39462
-4.44929
-4.52159
-4.61711
-4.73938
-4.31231
-4.41284
-4.4137
-4.41505
-4.41679
-4.41901
-4.42183
-4.42538
-4.42981
-4.43536
-4.4423
-4.45097
-4.46183
-4.47547
-4.49267
-4.51433
-4.54163
-4.57619
-4.62037
-4.6775
-4.75228
-4.85044
-4.97716
-4.51201
-4.61284
-4.61415
-4.61601
-4.61834
-4.62125
-4.62488
-4.62936
-4.63484
-4.64156
-4.64978
-4.65984
-4.67217
-4.68733
-4.70602
-4.72913
-4.75774
-4.79335
-4.8381
-4.89521
-4.9691
-5.06552
-5.19167
-4.71152
-4.81263
-4.81435
-4.81666
-4.81953
-4.82307
-4.82743
-4.83273
-4.83913
-4.84684
-4.85612
-4.86727
-4.88071
-4.8969
-4.91647
-4.94021
-4.96909
-5.00434
-5.04777
-5.10216
-5.17134
-5.26028
-5.37625
-4.91088
-5.01212
-5.01419
-5.0169
-5.02025
-5.02436
-5.02936
-5.03538
-5.04256
-5.0511
-5.06123
-5.07321
-5.08739
-5.10419
-5.1241
-5.14777
-5.17596
-5.20962
-5.25005
-5.29932
-5.36027
-5.4364
-5.53273
-5.10997
-5.21113
-5.21349
-5.21655
-5.22031
-5.22492
-5.2305
-5.23714
-5.24498
-5.2542
-5.26499
-5.27757
-5.29223
-5.30928
-5.3291
-5.35213
-5.37891
-5.41003
-5.44621
-5.48869
-5.53908
-5.59911
-5.67088
-5.30855
-5.40946
-5.41209
-5.41545
-5.41959
-5.42465
-5.43072
-5.43789
-5.44629
-5.45607
-5.46737
-5.48038
-5.4953
-5.51236
-5.5318
-5.55385
-5.57876
-5.60676
-5.63806
-5.67298
-5.71188
-5.75486
-5.80197
-5.50649
-5.60747
-5.61044
-5.61408
-5.61858
-5.62404
-5.63056
-5.63822
-5.64712
-5.65738
-5.66913
-5.68247
-5.69757
-5.71453
-5.73347
-5.75442
-5.77737
-5.80219
-5.82857
-5.85605
-5.88378
-5.9103
-5.93384
-5.70311
-5.80258
-5.80592
-5.80983
-5.81465
-5.82046
-5.82735
-5.8354
-5.8447
-5.85535
-5.86742
-5.881
-5.89616
-5.91294
-5.93132
-5.95119
-5.9723
-5.99423
-6.01624
-6.03721
-6.05533
-6.06785
-6.07085
-5.89581
-6.00224
-6.00596
-6.01019
-6.01533
-6.02151
-6.02882
-6.03733
-6.04713
-6.05828
-6.07084
-6.08484
-6.10029
-6.11715
-6.1353
-6.15451
-6.17438
-6.19425
-6.21307
-6.22926
-6.24043
-6.24308
-6.23197
300.952
220.178
254.181
303.835
323.101
317.76
327.555
338.593
265.837
280.636
301.758
330.61
192.044
213.726
239.32
269.088
103.283
123.866
145.405
165.984
17.5908
32.8577
51.5529
70.7413
0.578077
0.622863
0.906059
3.50842
0.506299
0.551081
0.583878
0.60896
0.473327
0.515959
0.514753
0.520711
0.298558
0.342457
0.365186
0.394664
0.165108
0.209521
0.248343
0.283691
0.0907592
0.12159
0.152932
0.185272
-0.00454613
0.0218673
0.0496753
0.0789965
-0.123501
-0.0975835
-0.0706898
-0.0425614
-0.260693
-0.23441
-0.207382
-0.179353
-0.412428
-0.385667
-0.358276
-0.330046
-0.577404
-0.550476
-0.522902
-0.494592
-0.75509
-0.728491
-0.701265
-0.673305
-0.945787
-0.920091
-0.893871
-0.866917
-1.1504
-1.1263
-1.10176
-1.07658
-1.36997
-1.34842
-1.32652
-1.3042
-1.6056
-1.58798
-1.57023
-1.55251
-1.85886
-1.84698
-1.83554
-1.82488
-2.13168
-2.12797
-2.12568
-2.12565
-2.42594
-2.43387
-2.44498
-2.46108
-2.74278
-2.76741
-2.79856
-2.83945
-3.08123
-3.12921
-3.1898
-3.26826
-3.43554
-3.51418
-3.61682
-3.75309
-3.78908
-3.90102
-4.05458
-4.2712
-4.11218
-4.24122
-4.42168
-4.68609
-4.38129
-4.49269
-4.64288
-4.86295
-4.61644
-4.69004
-4.76054
-4.82379
-4.86378
-4.93225
-4.99343
-5.04258
-5.11312
-5.19612
-5.28318
-5.37712
-5.33409
-5.42785
-5.53522
-5.66331
-5.50961
-5.60009
-5.70836
-5.84819
-5.6404
-5.71161
-5.79572
-5.90667
-5.74553
-5.79125
-5.84154
-5.89951
-5.84669
-5.87242
-5.89937
-5.92696
-5.95069
-5.95875
-5.9675
-5.97921
-6.06134
-6.05011
-6.03379
-6.01249
-6.2047
-6.18102
-6.14937
-6.1088
316.454
317.187
316.954
317.37
317.423
317.376
317.305
317.233
317.176
317.135
317.109
317.093
317.09
317.101
317.131
317.18
317.246
317.316
317.367
327.817
318.471
317.26
317.285
317.303
317.251
317.15
317.053
316.991
316.955
316.933
316.919
316.914
316.923
316.956
317.02
317.116
317.229
317.318
347.957
319.574
317.728
317.187
317.15
317.155
316.987
316.83
316.774
316.754
316.746
316.737
316.725
316.724
316.755
316.832
316.967
317.154
317.32
308.911
273.749
310.863
316.084
317.073
317.209
316.802
316.524
316.46
316.498
316.541
316.575
316.527
316.496
316.515
316.593
316.767
317.077
317.416
190.916
204.842
214.918
254.154
295.504
316.835
317.176
314.121
314.861
315.731
316.219
316.55
316.351
316.224
316.226
316.277
316.444
316.917
317.679
93.8979
124.472
149.962
184.312
224.433
262.352
270.304
170.291
226.034
291.381
304.397
314.948
316.012
315.747
315.887
315.867
315.867
316.277
318.159
15.0716
35.4372
59.0948
86.6909
115.589
142.036
153.285
143.508
159.043
189.572
214.796
274.411
295.229
310.098
315.573
315.438
314.865
313.503
313.708
0.63377
0.708526
1.96934
8.62516
19.3525
32.7361
43.8365
48.5836
59.4502
80.0832
109.531
148.059
183.828
227.206
300.614
314.86
313.72
310.769
301.466
0.554869
0.609629
0.721542
0.839845
0.941169
1.12038
1.26576
1.24429
1.94119
4.53599
14.2986
37.7683
77.7764
137.835
239.442
303.264
312.669
311.575
310.429
0.429224
0.508757
0.630918
0.743863
0.860443
0.986201
1.11141
1.23249
1.37573
1.50889
1.6103
1.76582
3.43546
26.9176
97.7342
201.269
285.287
313.2
313.701
0.328641
0.420128
0.527948
0.63661
0.751183
0.874673
1.00387
1.13563
1.26993
1.39586
1.52308
1.67064
1.83319
1.977
5.48143
62.0828
178.307
284.487
332.785
0.229539
0.316391
0.414914
0.520489
0.634624
0.757928
0.888976
1.02574
1.16506
1.29787
1.42767
1.58751
1.76503
1.92323
2.05055
2.48601
53.0574
361.194
884.651
0.120297
0.201715
0.29484
0.397834
0.511249
0.635154
0.76862
0.910177
1.0575
1.20547
1.34977
1.50581
1.68554
1.85894
1.99173
2.06383
3.29248
205.022
751.422
-0.00277079
0.0754936
0.16536
0.266579
0.379581
0.504431
0.64064
0.787333
0.942981
1.10496
1.2691
1.43461
1.60899
1.7877
1.93787
1.99997
2.05694
36.5876
419.071
-0.139988
-0.0632171
0.0249056
0.12506
0.237991
0.36387
0.502867
0.654875
0.818882
0.992744
1.17341
1.35713
1.54018
1.71958
1.88169
1.97002
2.01284
25.4473
213.042
-0.290701
-0.214751
-0.127773
-0.0284049
0.0843345
0.211021
0.352584
0.509665
0.681605
0.866678
1.06256
1.26594
1.46969
1.66312
1.83445
1.95782
2.04899
40.4242
116.736
-0.45536
-0.380258
-0.294487
-0.196187
-0.0841325
0.0427316
0.186139
0.347284
0.525822
0.721323
0.933791
1.16062
1.39256
1.61457
1.81111
1.96269
2.05338
20.3537
13.2137
-0.634625
-0.561117
-0.477323
-0.381053
-0.270762
-0.145022
-0.0014009
0.161697
0.344282
0.54859
0.780447
1.03933
1.31008
1.5739
1.81226
2.00206
1.98935
12.7825
33.2852
-0.829545
-0.759062
-0.67885
-0.586398
-0.479792
-0.357397
-0.216378
-0.0547232
0.127976
0.337698
0.593025
0.899275
1.22349
1.54248
1.84318
2.0988
2.39387
28.4709
-12.9694
-1.04177
-0.976673
-0.902575
-0.816682
-0.716796
-0.601293
-0.466861
-0.310788
-0.134036
0.0697381
0.350983
0.741393
1.13304
1.51506
1.89478
2.22361
2.48191
1.00964
-0.834935
-1.27373
-1.21748
-1.1532
-1.07786
-0.989066
-0.885143
-0.762117
-0.61711
-0.45908
-0.302432
-0.00465023
0.593945
1.03779
1.47335
1.96464
2.42414
2.86524
5.88603
79.9261
-1.52886
-1.48634
-1.4374
-1.37828
-1.30586
-1.21805
-1.11142
-0.985765
-0.864501
-0.777125
-0.487542
0.153985
0.82698
1.35874
2.04814
2.6387
2.6266
7.665
10.7301
-1.81182
-1.79051
-1.76526
-1.72983
-1.67854
-1.60853
-1.519
-1.41391
-1.31044
-1.19259
-1.06261
-0.959589
-0.0780856
0.891395
2.18327
3.01716
3.16233
3.26364
2.40525
-2.12906
-2.14086
-2.15207
-2.14952
-2.12127
-2.06407
-1.98382
-1.88989
-1.78205
-1.62535
-1.41356
-1.49162
-1.86334
-0.651318
2.48902
3.68479
4.07855
4.42406
5.05548
-2.49
-2.55415
-2.62297
-2.66548
-2.65622
-2.59527
-2.50682
-2.41128
-2.29998
-2.12659
-1.86312
-1.91523
-2.54529
-2.04167
1.76455
4.03369
4.4877
4.7495
13.1975
-2.90809
-3.05858
-3.22479
-3.33381
-3.32718
-3.22222
-3.09315
-2.98084
-2.87651
-2.73939
-2.40122
-2.20027
-2.88666
-2.44428
-0.0688183
2.95477
4.0767
4.71941
7.15648
-3.39888
-3.69846
-4.05391
-4.28205
-4.23046
-3.97623
-3.74316
-3.58788
-3.50482
-3.51389
-3.38365
-4.05675
-4.93631
-4.51842
-2.7794
0.631117
2.85546
4.00635
30.379
-3.99014
-4.67229
-5.53247
-6.0085
-5.66332
-4.91168
-4.44455
-4.18734
-4.1488
-4.75355
-5.50646
-5.74284
-6.05458
-5.96277
-4.97855
-2.0666
0.585815
-1.19313
-4.82964
-4.68965
-6.02849
-7.78739
-8.72514
-7.54281
-5.91059
-5.13456
-4.64756
-4.44882
-4.66151
-5.53943
-6.42921
-7.09638
-7.27831
-7.02527
-2.76317
0.631805
2.26807
3.26667
-5.284
-7.01264
-8.08415
-9.12982
-7.99753
-5.98993
-5.57301
-4.91917
-4.479
-4.87729
-6.03789
-6.64229
-7.6449
-8.0213
-6.69761
-2.23735
1.22904
4.10328
1.36903
-5.42247
-7.43976
-7.8433
-8.37656
-9.16173
-5.38894
-5.6204
-5.24426
-5.10152
-5.96265
-6.12391
-6.47213
-7.19847
-7.03187
-5.24663
-1.82902
0.642157
2.65981
70.5487
-4.87916
-5.99271
-7.19659
-5.4228
-6.59746
-6.48816
-6.13976
-6.10797
-6.28282
-6.33383
-6.21977
-6.50978
-6.99766
-6.68119
-4.36662
-0.914033
-3.38368
34.9049
170.112
-5.06691
-5.59087
-6.39888
-6.56681
-7.21004
-7.31983
-7.13507
-6.93732
-6.93667
-6.64382
-6.69293
-7.27728
-7.94327
-8.19236
-5.09633
11.6667
4.2395
10.2759
43.8353
-5.53326
-5.89923
-6.6175
-6.98525
-7.91886
-7.89663
-7.587
-7.66039
-7.79278
-7.31027
-7.64233
-9.1419
-10.7037
-4.04625
1.60927
-1.01849
-2.16572
-0.889087
1.48172
-5.88509
-6.16902
-6.21902
-6.71995
-7.98554
-7.92758
-7.7372
-8.36917
-8.52489
-7.7166
-8.2416
-11.4099
-18.0339
-3.23648
-4.31673
-3.71158
-2.81086
-1.7031
-1.81458
-6.06972
-6.27291
-6.00218
-6.33741
-7.41267
-7.4349
-7.51653
-8.0385
-7.7117
-6.56526
-6.92551
-7.26499
-7.40312
-5.39715
-4.79635
-4.10037
-3.21759
-2.37642
-1.61159
-6.07292
-6.18687
-5.94002
-6.49668
-6.38456
-6.46935
-6.60278
-6.67917
-5.82147
-4.77935
-4.24858
-12.9541
-6.97923
-6.08667
-5.25508
-4.70804
-3.88516
-2.27775
-0.0907308
-5.98533
-6.08209
-6.04235
-8.81039
-5.10244
-5.25768
-5.7313
-5.92585
-5.03927
-3.98478
-3.87893
-7.83429
-7.52486
-6.54088
-5.81157
-5.7626
-5.85368
-5.40523
-5.39642
-5.97746
-6.05604
-6.35578
-5.93317
-4.9038
-4.94969
-5.49802
-6.38265
-5.83761
3.91934
4.1859
-4.96845
-7.50292
-7.30022
-6.7584
-6.88056
-8.44864
-8.51619
-5.00647
-6.01037
-6.0623
-6.19425
-5.96652
-5.66866
-5.36665
-5.60573
-5.73651
-6.07641
-2.08169
2.42928
-0.45309
-6.46183
-10.8883
-9.0668
-7.48751
-9.35117
-6.83225
-15.2264
-5.97234
-5.94987
-6.23965
-5.4343
-5.63701
-5.54783
-5.53037
-5.59737
-6.14378
-7.43079
-1.65662
-2.31623
-6.84094
-12.2745
-10.7914
-7.80267
-9.08938
-23.0983
-7.5109
-6.04001
-5.89787
-5.83631
-5.80477
-5.74453
-5.75027
-5.71366
-5.72628
-6.19878
-6.66571
-5.51278
-5.62124
-7.07546
-8.13976
-8.16834
-7.25364
-22.5717
-54.051
-7.45974
839.713
845.925
847.602
841.8
835.146
831.027
829.503
830.115
832.661
837.224
844.121
853.839
866.945
883.944
905.523
932.288
964.379
996.827
1010.08
1007.29
1004.78
951.143
1034.19
778.655
785.115
786.486
780.871
774.752
771.076
769.764
770.411
772.907
777.399
784.229
793.879
806.888
823.764
844.937
870.446
899.118
926.607
944.579
956.36
968.789
824.733
941.535
716.028
722.431
723.688
718.505
713.295
710.317
709.318
710.003
712.41
716.783
723.5
733.04
745.911
762.557
783.227
807.659
834.372
859.519
878.075
894.452
896.56
771.08
872.018
651.916
658.271
659.475
655.027
650.986
648.82
648.151
648.847
651.125
655.34
661.908
671.301
683.997
700.372
720.535
744.028
769.291
793.188
812.033
825.37
822.436
764.95
852.418
586.465
592.847
594.193
590.784
588.006
586.618
586.221
586.883
589.001
593.032
599.423
608.637
621.127
637.219
656.92
679.664
703.935
727.102
746.249
759.607
763.052
758.88
846.585
519.862
526.381
528.193
526.043
524.451
523.692
523.465
524.042
525.978
529.813
536.006
545.006
557.265
573.078
592.385
614.582
638.243
661.111
680.706
695.353
704.858
725.763
810.155
452.391
459.211
461.698
460.926
460.307
459.973
459.805
460.257
462.005
465.642
471.615
480.362
492.364
507.906
526.896
548.737
572.123
595.071
615.371
631.426
644.004
666.135
726.468
384.213
391.33
395.064
395.534
395.555
395.414
395.197
395.495
397.056
400.499
406.222
414.653
426.357
441.641
460.39
482.048
505.459
528.852
550.127
567.4
580.259
591.195
580.117
317.977
317.98
317.975
317.957
317.927
317.887
317.844
317.801
317.763
317.733
317.713
317.703
317.703
317.712
317.729
317.75
317.772
317.788
317.796
317.917
317.922
317.919
317.901
317.869
317.829
317.784
317.74
317.702
317.672
317.651
317.641
317.642
317.652
317.669
317.691
317.713
317.731
317.738
317.855
317.865
317.865
317.847
317.813
317.77
317.724
317.679
317.64
317.609
317.588
317.578
317.579
317.59
317.608
317.632
317.656
317.674
317.683
317.792
317.807
317.814
317.795
317.757
317.711
317.662
317.615
317.575
317.544
317.523
317.513
317.514
317.526
317.546
317.572
317.599
317.62
317.63
317.728
317.748
317.766
317.744
317.701
317.651
317.599
317.55
317.509
317.477
317.456
317.446
317.448
317.461
317.483
317.512
317.543
317.567
317.579
317.661
317.689
317.717
317.693
317.644
317.59
317.535
317.484
317.441
317.408
317.387
317.377
317.38
317.394
317.419
317.452
317.487
317.516
317.53
317.588
317.611
317.635
317.638
317.586
317.528
317.469
317.415
317.37
317.337
317.316
317.306
317.309
317.325
317.353
317.391
317.433
317.468
317.484
317.384
317.462
317.485
317.568
317.524
317.465
317.401
317.343
317.297
317.264
317.242
317.232
317.236
317.253
317.285
317.33
317.379
317.422
317.442
257.672
263.192
272.255
273.848
273.962
273.727
273.266
273.235
274.402
277.435
282.546
290.106
301.101
315.992
334.591
356.418
380.774
405.99
429.918
449.491
460.432
449.401
375.151
129.204
120.532
134.361
131.824
130.379
129.525
128.701
128.257
129.024
132.511
136.808
142.751
152.666
166.177
182.337
205.309
231.535
261.645
291.634
317.096
334.284
339.592
331.218
45.5766
6.66061
11.3499
10.0624
9.92322
9.72078
9.40007
9.22486
9.3284
9.88345
10.1983
11.4223
14.2781
19.4417
29.9088
52.8368
81.2893
117.899
153.252
189.066
218.262
239.633
257.181
0.918695
0.907289
0.958679
0.968202
0.978071
0.989642
1.00405
1.02211
1.0406
1.06501
1.23046
1.28956
1.33004
1.37865
1.38729
1.44197
1.62363
5.02181
21.2549
69.6047
109.792
142.497
177.175
0.78509
0.79921
0.809129
0.818664
0.830005
0.843402
0.859108
0.875014
0.872858
0.818948
0.958655
1.02375
1.08294
1.13019
1.16053
1.21058
1.28696
1.34763
1.31173
1.37947
11.5436
45.3152
88.1167
0.635761
0.647112
0.656793
0.667168
0.679343
0.693609
0.710108
0.7269
0.731758
0.708348
0.786246
0.841741
0.887788
0.922978
0.956154
0.997067
1.03642
1.04785
0.90009
0.625398
0.483993
0.670559
9.54704
0.478288
0.491091
0.501729
0.512803
0.525328
0.539672
0.55581
0.572832
0.588477
0.597165
0.626807
0.662478
0.695861
0.721465
0.741063
0.752585
0.736063
0.625703
0.319595
0.0643402
0.161903
0.356736
0.535826
0.315957
0.33301
0.344539
0.355916
0.368337
0.38219
0.397426
0.413571
0.429803
0.445236
0.465192
0.488269
0.509444
0.524563
0.529949
0.517038
0.462548
0.305829
-0.102602
-0.245346
-0.0520358
0.24853
0.456437
0.159899
0.17561
0.186164
0.196964
0.20879
0.221805
0.235937
0.250877
0.266176
0.281623
0.298058
0.314808
0.328952
0.337187
0.334784
0.312794
0.25194
0.106284
-0.211622
-0.25242
-0.0834347
0.169883
0.41231
0.00914046
0.0180623
0.0265776
0.0362625
0.0471482
0.0591732
0.0722132
0.086011
0.100244
0.114671
0.129131
0.142847
0.153964
0.159973
0.157206
0.139576
0.0961067
0.00556124
-0.172442
-0.180686
-0.0536704
0.0871812
0.2526
-0.145296
-0.141004
-0.134401
-0.126037
-0.11621
-0.105148
-0.0930645
-0.0801789
-0.066759
-0.0531045
-0.0395823
-0.0268671
-0.0160794
-0.00874439
-0.0068995
-0.0132796
-0.0312478
-0.0639215
-0.119718
-0.120391
-0.0298523
0.0647629
0.128963
-0.304294
-0.302253
-0.297143
-0.289973
-0.281119
-0.270892
-0.259534
-0.247272
-0.23434
-0.221025
-0.207669
-0.194659
-0.182508
-0.171872
-0.163457
-0.157732
-0.154272
-0.150529
-0.139435
-0.105445
-0.045284
0.0214506
0.069155
-0.467334
-0.466128
-0.461939
-0.455648
-0.447578
-0.437999
-0.427165
-0.415295
-0.402598
-0.389287
-0.375526
-0.361418
-0.347057
-0.332498
-0.317636
-0.301851
-0.283584
-0.25985
-0.226172
-0.179325
-0.124423
-0.0713703
-0.0238136
-0.633839
-0.632758
-0.629027
-0.623299
-0.615798
-0.606735
-0.596309
-0.584703
-0.57207
-0.558479
-0.543921
-0.528311
-0.511505
-0.49325
-0.47304
-0.449931
-0.422426
-0.38861
-0.346848
-0.297581
-0.244768
-0.193168
-0.142878
-0.803179
-0.801964
-0.798438
-0.793057
-0.785977
-0.77733
-0.767242
-0.755818
-0.743091
-0.729023
-0.713496
-0.696335
-0.677297
-0.655987
-0.631785
-0.603786
-0.570889
-0.532133
-0.487266
-0.437444
-0.385238
-0.332978
-0.280599
-0.974725
-0.973291
-0.969843
-0.964679
-0.957893
-0.949556
-0.939709
-0.928355
-0.915445
-0.900872
-0.88448
-0.866057
-0.845303
-0.821789
-0.794915
-0.763947
-0.728161
-0.68714
-0.641151
-0.591329
-0.539348
-0.486512
-0.432793
-1.14835
-1.14665
-1.1432
-1.13816
-1.13155
-1.12338
-1.11364
-1.10228
-1.08919
-1.07425
-1.05729
-1.03806
-1.01624
-0.991409
-0.963039
-0.930583
-0.89358
-0.851871
-0.805846
-0.756461
-0.704918
-0.652063
-0.597918
-1.32457
-1.32263
-1.31915
-1.31414
-1.30761
-1.29952
-1.28982
-1.27844
-1.26528
-1.25018
-1.23297
-1.21337
-1.19108
-1.16568
-1.13676
-1.10392
-1.06685
-1.02552
-0.98028
-0.93189
-0.881258
-0.82906
-0.775398
-1.50381
-1.50173
-1.49821
-1.49324
-1.48677
-1.47876
-1.46914
-1.45784
-1.44475
-1.42971
-1.41252
-1.39293
-1.37063
-1.34529
-1.31654
-1.28411
-1.24781
-1.20766
-1.16396
-1.11727
-1.06829
-1.01762
-0.965468
-1.68592
-1.68379
-1.6803
-1.67542
-1.66909
-1.66125
-1.65184
-1.64078
-1.62794
-1.61317
-1.59628
-1.57704
-1.55519
-1.53042
-1.50246
-1.4711
-1.43626
-1.39799
-1.35656
-1.31242
-1.2661
-1.21815
-1.16891
-1.87045
-1.86836
-1.86499
-1.86029
-1.8542
-1.84665
-1.83759
-1.82693
-1.81455
-1.8003
-1.78403
-1.76552
-1.74455
-1.72087
-1.69428
-1.66465
-1.63196
-1.59631
-1.55794
-1.51726
-1.47477
-1.43105
-1.38653
-2.05708
-2.05511
-2.05195
-2.04752
-2.04176
-2.03462
-2.02605
-2.01596
-2.00425
-1.9908
-1.97545
-1.95805
-1.93842
-1.91635
-1.89172
-1.86449
-1.83469
-1.80245
-1.76804
-1.73189
-1.6946
-1.65686
-1.61927
-2.24564
-2.24389
-2.24101
-2.23691
-2.23157
-2.22495
-2.217
-2.20765
-2.19682
-2.18442
-2.17032
-2.1544
-2.13652
-2.11658
-2.09451
-2.07036
-2.04421
-2.01625
-1.98681
-1.95646
-1.926
-1.89632
-1.86837
-2.43609
-2.43462
-2.43205
-2.42835
-2.4235
-2.41749
-2.41029
-2.40183
-2.39208
-2.38096
-2.3684
-2.3543
-2.33859
-2.32125
-2.30231
-2.28189
-2.26015
-2.23736
-2.21405
-2.19098
-2.16923
-2.15014
-2.13534
-2.62839
-2.62722
-2.62497
-2.62169
-2.6174
-2.61209
-2.60575
-2.59834
-2.58984
-2.58021
-2.56943
-2.55745
-2.54428
-2.52997
-2.51467
-2.49858
-2.48196
-2.46528
-2.44928
-2.43504
-2.42412
-2.41865
-2.42146
-2.82247
-2.82155
-2.81961
-2.81679
-2.81311
-2.80858
-2.8032
-2.79695
-2.78985
-2.7819
-2.7731
-2.76349
-2.75315
-2.74223
-2.73099
-2.71974
-2.70891
-2.69917
-2.69156
-2.68765
-2.68972
-2.70119
-2.72705
-3.01816
-3.01745
-3.01581
-3.01347
-3.01044
-3.00675
-3.0024
-2.99742
-2.99184
-2.98568
-2.97903
-2.97198
-2.9647
-2.95743
-2.95056
-2.94454
-2.93998
-2.9378
-2.93943
-2.94704
-2.96397
-2.9955
-3.05045
-3.21523
-3.2147
-3.21337
-3.21153
-3.2092
-3.20638
-3.20313
-3.19947
-3.19548
-3.19122
-3.18682
-3.18244
-3.17833
-3.17487
-3.17255
-3.17197
-3.17391
-3.17958
-3.19087
-3.21063
-3.2434
-3.29708
-3.38603
-3.41347
-3.41309
-3.41208
-3.41076
-3.40914
-3.40723
-3.4051
-3.4028
-3.40043
-3.3981
-3.39599
-3.39431
-3.39343
-3.39379
-3.39603
-3.40086
-3.40926
-3.42271
-3.44352
-3.47516
-3.52329
-3.59831
-3.72068
-3.61261
-3.61236
-3.6117
-3.61091
-3.61001
-3.60903
-3.60803
-3.6071
-3.60634
-3.60593
-3.60608
-3.60706
-3.60932
-3.6134
-3.62002
-3.63001
-3.6445
-3.66525
-3.69486
-3.73715
-3.79841
-3.88992
-4.03408
-3.81231
-3.81225
-3.81197
-3.81174
-3.81156
-3.8115
-3.81161
-3.81201
-3.81284
-3.81428
-3.81659
-3.82011
-3.82533
-3.83287
-3.84352
-3.8582
-3.87818
-3.90538
-3.94258
-3.99368
-4.06477
-4.16523
-4.30992
-4.01228
-4.0125
-4.01264
-4.01298
-4.01354
-4.01437
-4.01555
-4.01722
-4.01955
-4.02274
-4.02707
-4.03293
-4.04083
-4.05146
-4.06564
-4.08436
-4.10898
-4.14153
-4.18482
-4.24277
-4.32093
-4.42566
-4.56005
-4.21233
-4.21293
-4.21353
-4.21443
-4.2157
-4.21739
-4.2196
-4.22247
-4.22618
-4.23097
-4.23712
-4.24506
-4.25529
-4.26854
-4.28563
-4.3076
-4.33584
-4.37238
-4.42008
-4.48289
-4.56612
-4.67487
-4.80944
-4.41232
-4.41335
-4.41441
-4.41588
-4.41784
-4.42034
-4.4235
-4.42747
-4.43243
-4.43864
-4.44639
-4.45609
-4.46826
-4.48357
-4.50288
-4.52719
-4.55788
-4.5969
-4.64705
-4.71234
-4.79806
-4.90996
-5.0518
-4.61221
-4.61362
-4.61512
-4.61712
-4.61972
-4.62297
-4.62701
-4.63196
-4.63803
-4.64546
-4.65455
-4.66569
-4.67935
-4.69618
-4.71696
-4.74267
-4.77456
-4.81441
-4.86486
-4.92973
-5.01409
-5.12432
-5.26844
-4.81197
-4.81365
-4.81555
-4.81803
-4.82121
-4.82514
-4.82995
-4.83578
-4.84281
-4.85127
-4.86144
-4.87368
-4.88842
-4.90622
-4.92776
-4.95394
-4.98583
-5.02488
-5.07338
-5.13463
-5.21296
-5.3143
-5.44764
-5.01154
-5.01336
-5.01558
-5.0185
-5.0222
-5.02674
-5.03224
-5.03882
-5.04665
-5.05595
-5.06696
-5.08
-5.09544
-5.11372
-5.13542
-5.16124
-5.19204
-5.22889
-5.27341
-5.32813
-5.39618
-5.48165
-5.59091
-5.21071
-5.21256
-5.21502
-5.21833
-5.2225
-5.22759
-5.23368
-5.2409
-5.24941
-5.25939
-5.27104
-5.28462
-5.30044
-5.31882
-5.34018
-5.36502
-5.39389
-5.42742
-5.46657
-5.51278
-5.56776
-5.63341
-5.71209
-5.40922
-5.41104
-5.41374
-5.41741
-5.422
-5.42755
-5.43416
-5.44193
-5.451
-5.46152
-5.47365
-5.48758
-5.50355
-5.52177
-5.54248
-5.56593
-5.59237
-5.62198
-5.65504
-5.69192
-5.73285
-5.77791
-5.82722
-5.60743
-5.60922
-5.61218
-5.61621
-5.62118
-5.62717
-5.63424
-5.64251
-5.65208
-5.66306
-5.67559
-5.68979
-5.70581
-5.72375
-5.74369
-5.76566
-5.78956
-5.81521
-5.84222
-5.86996
-5.89729
-5.92258
-5.94404
-5.80254
-5.8044
-5.80777
-5.81212
-5.81742
-5.82376
-5.83122
-5.83989
-5.84985
-5.8612
-5.87402
-5.88838
-5.90435
-5.92193
-5.94108
-5.96161
-5.9832
-6.00528
-6.02695
-6.04678
-6.06248
-6.07083
-6.06729
-6.00146
-6.00414
-6.00797
-6.01264
-6.01828
-6.02502
-6.03292
-6.04207
-6.05253
-6.06438
-6.07765
-6.09238
-6.10855
-6.12607
-6.14479
-6.1644
-6.18437
-6.20388
-6.22162
-6.23567
-6.2431
-6.23964
-6.21904
259.553
217.437
279.786
314.475
318.101
321.686
335.604
326.786
272.609
290.245
315.456
339.959
202.493
225.943
253.884
285.542
113.261
134.718
155.841
175.304
24.2146
41.879
61.2589
79.45
0.586828
0.723252
1.5483
6.96749
0.531773
0.5678
0.595896
0.623103
0.502526
0.515789
0.518271
0.534093
0.323323
0.354119
0.379064
0.40872
0.188265
0.229376
0.266416
0.300703
0.106154
0.137103
0.16902
0.201772
0.00847478
0.0355852
0.0641544
0.094226
-0.110674
-0.0842709
-0.0567971
-0.0279321
-0.247654
-0.220996
-0.193514
-0.164859
-0.399134
-0.372055
-0.344284
-0.315525
-0.564027
-0.53677
-0.508852
-0.480088
-0.741872
-0.714961
-0.687386
-0.658991
-0.933005
-0.907056
-0.8805
-0.85308
-1.13841
-1.1141
-1.08927
-1.06367
-1.35925
-1.33752
-1.31541
-1.29285
-1.59682
-1.5791
-1.56137
-1.54364
-1.8529
-1.84116
-1.83011
-1.81986
-2.12973
-2.12657
-2.12536
-2.1266
-2.42966
-2.43887
-2.45236
-2.47128
-2.75454
-2.78189
-2.81772
-2.86398
-3.10405
-3.15749
-3.22669
-3.31482
-3.47255
-3.56177
-3.68041
-3.8371
-3.84094
-3.97129
-4.15406
-4.41369
-4.17131
-4.32347
-4.54124
-4.87932
-4.43297
-4.56194
-4.73942
-5.04344
-4.65324
-4.72604
-4.79251
-4.86136
-4.89854
-4.96426
-5.01923
-5.05351
-5.15419
-5.23906
-5.32905
-5.42667
-5.37949
-5.47956
-5.59572
-5.74299
-5.55297
-5.65158
-5.77234
-5.93443
-5.6746
-5.75172
-5.84623
-5.97194
-5.7679
-5.81568
-5.86903
-5.9342
-5.85944
-5.88572
-5.91303
-5.94417
-5.95474
-5.96291
-5.97269
-5.98835
-6.05632
-6.04264
-6.0236
-5.99951
-6.19378
-6.16626
-6.13023
-6.08506
317.014
317.063
317.166
317.422
317.402
317.342
317.268
317.202
317.154
317.121
317.099
317.09
317.094
317.114
317.153
317.212
317.282
317.346
317.378
323.594
317.479
317.253
317.312
317.26
317.199
317.1
317.016
316.971
316.943
316.924
316.915
316.916
316.936
316.984
317.065
317.172
317.28
317.336
322.794
318.086
317.368
317.326
317.156
317.066
316.909
316.778
316.773
316.752
316.737
316.732
316.722
316.735
316.787
316.891
317.056
317.247
317.355
288.995
291.681
316.7
317.153
317.199
316.942
316.65
316.347
316.636
316.535
316.521
316.554
316.507
316.499
316.545
316.664
316.905
317.262
317.488
202.937
208.207
235.518
277.231
313.708
316.966
315.656
315.265
315.907
315.726
316.363
316.432
316.287
316.214
316.243
316.336
316.625
317.307
317.847
111.682
136.226
166.291
202.33
244.784
279.815
223.412
204.342
245.14
285.228
311.373
316.107
315.983
315.822
315.885
315.843
315.977
317.068
318.66
24.9945
46.8956
72.3819
101.035
129.856
150.389
149.604
146.386
174.231
201.312
249.235
288.592
299.547
313.655
315.622
315.176
314.386
312.907
321.435
0.58659
0.90343
4.73212
13.6966
25.8307
39.1144
46.5151
52.6831
68.5961
94.3931
128.141
169.993
193.314
266.607
311.943
314.467
312.731
307.578
321.219
0.576424
0.665022
0.780412
0.895233
1.01872
1.21423
1.25047
1.42906
2.86226
8.16743
23.4953
54.9087
103.503
185.074
282.883
309.977
312.252
311.126
319.932
0.462089
0.570616
0.687383
0.80182
0.921934
1.05029
1.17013
1.30213
1.44597
1.56108
1.65237
2.0143
10.0566
54.7425
149.189
248.098
307.314
313.653
315.419
0.371169
0.473726
0.581925
0.692853
0.811868
0.938924
1.06926
1.20301
1.33433
1.45667
1.59508
1.75263
1.90729
2.32189
23.9952
116.691
242.905
295.416
526.27
0.270998
0.364714
0.466764
0.576406
0.69517
0.822637
0.956754
1.09552
1.23285
1.36129
1.5028
1.67817
1.84986
1.98946
2.12539
8.60408
169.767
611.245
1128.93
0.159355
0.247029
0.345067
0.453219
0.571919
0.700776
0.838494
0.983354
1.13186
1.27778
1.42466
1.59394
1.77541
1.93311
2.0324
2.13993
20.126
506.368
934.798
0.0349049
0.119021
0.21452
0.321589
0.440547
0.571157
0.712752
0.864168
1.0234
1.18702
1.35129
1.52038
1.69907
1.8699
1.98219
2.00819
1.98628
270.202
517.306
-0.102931
-0.0206185
0.0734236
0.179912
0.299302
0.431724
0.577283
0.735487
0.90475
1.08244
1.26516
1.44889
1.63064
1.80529
1.952
1.98388
2.25518
163.022
277.592
-0.253955
-0.172742
-0.0797164
0.0262654
0.14588
0.279876
0.429196
0.593864
0.772633
0.963436
1.16364
1.3684
1.56838
1.75306
1.91607
1.98778
2.08006
98.0157
171.256
-0.41895
-0.338849
-0.246994
-0.141932
-0.0226476
0.112254
0.264488
0.434427
0.621444
0.82548
1.04583
1.2768
1.50586
1.71696
1.89396
2.0121
1.90374
45.7048
119.747
-0.59893
-0.52067
-0.43086
-0.327729
-0.209961
-0.0756005
0.0777043
0.250533
0.44339
0.660768
0.907204
1.17444
1.44395
1.69739
1.91376
2.05937
2.51756
8.74647
109.265
-0.795277
-0.720351
-0.634297
-0.534942
-0.420726
-0.289403
-0.138147
0.0339006
0.228549
0.458345
0.741435
1.06118
1.38432
1.69628
1.98253
2.2178
3.0678
22.0239
40.3847
-1.01008
-0.940934
-0.861273
-0.768568
-0.661162
-0.536685
-0.391533
-0.224898
-0.0371893
0.195131
0.539654
0.940343
1.32367
1.70729
2.08014
2.42495
2.42333
32.2525
11.769
-1.24633
-1.18655
-1.1171
-1.03522
-0.939183
-0.826321
-0.69224
-0.538377
-0.381432
-0.195798
0.287851
0.832046
1.24732
1.71607
2.20929
2.66308
2.50461
69.2037
53.0244
-1.5081
-1.46291
-1.40936
-1.34384
-1.26407
-1.16731
-1.0505
-0.921312
-0.819421
-0.678332
-0.199119
0.535205
1.07653
1.69383
2.37692
2.82348
2.55581
7.16655
45.7383
-1.80126
-1.77873
-1.74922
-1.7064
-1.64599
-1.56613
-1.46785
-1.35977
-1.26116
-1.11765
-1.05826
-0.566143
0.375883
1.55817
2.67978
3.19902
3.08871
3.88788
23.0318
-2.13433
-2.14729
-2.15346
-2.13903
-2.09609
-2.02623
-1.93808
-1.83857
-1.71547
-1.50562
-1.42014
-1.71779
-1.64349
1.04768
3.25766
3.9237
4.39299
4.78242
9.73829
-2.52005
-2.58968
-2.65001
-2.66806
-2.63096
-2.55282
-2.4595
-2.36003
-2.22443
-1.99568
-1.81176
-2.17526
-2.77505
0.00484575
3.1796
4.40468
4.61587
7.71319
9.13758
-2.97827
-3.14366
-3.29123
-3.34603
-3.28254
-3.15685
-3.03418
-2.93012
-2.81627
-2.60773
-2.1716
-2.44497
-2.95326
-1.47808
1.55459
3.80522
4.42346
4.78497
8.72063
-3.53555
-3.87856
-4.19618
-4.29447
-4.11206
-3.85015
-3.6558
-3.53542
-3.52538
-3.43267
-3.61099
-4.65189
-4.89203
-3.8451
-1.20013
2.20975
3.23797
4.24316
14.2266
-4.28436
-5.11366
-5.8509
-5.95237
-5.2692
-4.64262
-4.29467
-4.12746
-4.31548
-5.31202
-5.61747
-5.88137
-6.13525
-5.5165
-3.85542
-0.280269
0.591447
-5.4407
10.7194
-5.31673
-6.96047
-8.42548
-8.38488
-6.60569
-5.46088
-4.86195
-4.50774
-4.48985
-4.98778
-6.08862
-6.73027
-7.36534
-7.1431
-5.31614
-0.798229
1.35645
1.87682
46.5323
-6.22519
-7.48398
-8.70644
-8.95913
-6.67459
-5.79713
-5.25602
-4.64349
-4.50415
-5.56989
-6.31773
-7.12739
-7.96715
-7.8465
-4.42039
-0.334964
2.66312
4.26954
113.508
-5.95832
-7.6393
-8.09309
-8.67077
-5.62064
-5.53197
-5.55972
-4.9766
-5.53133
-6.11495
-6.1944
-6.85695
-7.30889
-6.41277
-3.53087
-0.456128
1.80195
17.6746
192.138
-5.02548
-7.32286
-5.79174
-5.9708
-6.69081
-6.26752
-6.17211
-6.15149
-6.35055
-6.25103
-6.30996
-6.77435
-7.02301
-5.74229
-2.71377
-0.345297
18.3258
85.633
263.441
-5.21786
-6.05374
-6.56286
-6.81335
-7.38431
-7.20598
-6.96342
-7.00597
-6.77985
-6.58761
-6.92317
-7.70555
-7.95159
-7.49346
-3.55407
7.71001
5.75516
21.4957
97.7503
-5.64515
-6.29007
-6.7959
-7.44485
-8.05606
-7.71235
-7.37429
-7.90469
-7.51915
-7.30943
-8.30881
-9.89295
-11.0445
-3.92702
-0.152227
-2.44626
-1.54965
0.353272
14.3154
-6.04868
-6.18401
-6.32259
-7.53379
-8.05781
-7.79946
-7.95342
-8.6226
-8.1348
-7.6756
-9.50992
-14.1974
-7.2185
-4.393
-4.02807
-3.31398
-2.19206
-0.852724
0.813933
-6.2451
-6.15501
-5.95893
-7.05451
-7.46769
-7.42725
-7.73953
-8.10689
-7.10308
-6.36477
-8.63077
-12.1721
-5.7869
-5.11989
-4.46109
-3.6941
-2.72267
-2.21372
43.1766
-6.19859
-5.1037
-6.21017
-6.5299
-6.43597
-6.53234
-6.68452
-6.41939
-5.16829
-4.60615
-4.7499
-8.10982
-6.51506
-5.62272
-4.97685
-4.37552
-3.30684
-1.62041
60.2163
-6.02926
-6.1369
-6.79135
-5.85894
-4.9811
-5.51402
-5.88557
-5.6397
-4.3764
-3.81088
1.64407
-7.49126
-7.12255
-6.07069
-5.73109
-5.81242
-5.84439
-4.11502
9.75366
-6.02482
-6.1282
-6.41803
-5.3691
-4.74582
-5.20577
-5.70346
-6.58559
-6.28477
2.10623
2.58757
-6.87375
-7.45426
-7.03145
-6.65948
-7.46256
-9.40327
-7.01476
-0.699479
-6.05327
-6.16478
-6.0706
-5.80167
-5.46485
-5.43556
-5.60837
-6.34645
-4.33734
0.936869
0.415528
-2.8663
-9.4709
-10.4539
-7.92779
-7.9034
-9.39452
-10.0429
-14.4642
-5.93671
-6.04739
-4.05291
-5.58071
-5.61861
-5.50195
-5.58331
-5.61158
-6.86822
-3.58913
-1.34019
-4.098
-10.1564
-12.407
-8.94856
-7.77402
-14.0302
-5.78403
-8.38392
-5.9982
-6.0694
-9.94633
-5.96318
-5.75749
-5.72814
-5.71542
-5.80084
-6.736
-5.8838
-5.40024
-6.26991
-7.72892
-8.57725
-7.39312
-8.14063
-55.0161
-15.0208
-6.849
)
;

boundaryField
{
    leftWall
    {
        type            calculated;
        value           nonuniform List<scalar> 
100
(
869.03
808.938
747.108
683.727
618.932
552.934
486.052
418.757
332.985
199.656
98.8102
33.8976
0.839713
0.711128
0.559064
0.395599
0.235878
0.0842779
-0.0684845
-0.225191
-0.386097
-0.550782
-0.718683
-0.889153
-1.06179
-1.23675
-1.4145
-1.5952
-1.77853
-1.96409
-2.15167
-2.34116
-2.53251
-2.72566
-2.92051
-3.11686
-3.31449
-3.5132
-3.71265
-3.9125
-4.11244
-4.31231
-4.51201
-4.71152
-4.91088
-5.10997
-5.30855
-5.50649
-5.70311
-5.89581
839.22
778.223
715.605
651.495
586.067
519.578
452.42
385.167
263.907
144.098
61.8687
5.65074
0.776894
0.637391
0.477845
0.314437
0.159808
0.00830246
-0.146301
-0.30514
-0.467999
-0.634369
-0.803637
-0.975212
-1.14895
-1.32525
-1.50449
-1.68656
-1.87105
-2.05764
-2.24618
-2.4366
-2.62886
-2.82289
-3.01851
-3.21553
-3.41373
-3.61285
-3.81255
-4.01247
-4.2124
-4.41218
-4.61179
-4.81122
-5.01047
-5.20935
-5.40758
-5.60521
-5.79948
-5.99619
)
;
    }
    rightWall
    {
        type            calculated;
        value           nonuniform List<scalar> 
100
(
317.796
317.738
317.683
317.63
317.579
317.53
317.484
317.442
317.378
317.336
317.355
317.488
317.847
318.66
321.435
321.219
319.932
315.419
526.27
1128.93
934.798
517.306
277.592
171.256
119.747
109.265
40.3847
11.769
53.0244
45.7383
23.0318
9.73829
9.13758
8.72063
14.2266
10.7194
46.5323
113.508
192.138
263.441
97.7503
14.3154
0.813933
43.1766
60.2163
9.75366
-0.699479
-14.4642
-8.38392
-6.849
317.825
317.767
317.711
317.656
317.604
317.554
317.507
317.463
317.412
317.351
317.336
317.402
317.628
318.188
319.327
327.852
315.34
319.245
328.756
917.092
1085.59
720.356
371.584
216.443
136.831
109.874
93.634
9.47304
33.0607
55.187
47.8323
4.86354
18.9816
-1.74667
16.2238
11.0278
24.5568
76.9219
151.755
250.196
187.946
35.8267
4.65151
5.22563
67.5786
36.1317
10.3795
-10.7072
-12.0801
-7.24423
)
;
    }
    lowerWall
    {
        type            calculated;
        value           nonuniform List<scalar> 
124
(
884.329
890.442
892.195
886.362
879.601
875.39
873.819
874.422
876.979
881.558
888.47
898.204
911.342
928.624
950.578
977.934
1010.81
1042.37
1052.84
1054.31
1048.04
1018.5
1086.54
1034.19
941.535
872.018
852.418
846.585
810.155
726.468
580.117
291.558
290.232
321.684
317.419
318.005
317.944
317.88
317.811
317.735
317.646
317.537
317.391
318.022
318.024
318.019
318.001
317.971
317.931
317.888
317.845
317.808
317.778
317.757
317.747
317.747
317.757
317.774
317.795
317.816
317.832
317.839
883.745
886.864
892.436
889.84
882.753
877.137
874.307
873.87
875.459
879.001
884.695
892.95
904.307
919.419
938.985
963.523
993.811
1027.8
1051.62
1048.09
1055.56
1032.19
1059.05
264.953
304.607
311.208
317.772
318.019
318.023
318.023
318.012
317.987
317.952
317.91
317.866
317.826
317.791
317.766
317.751
317.746
317.751
317.765
317.784
317.806
317.825
317.837
1071.83
988.929
900.455
857.045
851.278
833.634
774.757
662.708
317.974
317.912
317.846
317.774
317.693
317.593
317.477
317.268
)
;
    }
    atmosphere
    {
        type            calculated;
        value           nonuniform List<scalar> 
92
(
-6.05876
-6.06075
-6.06464
-6.06942
-6.07522
-6.08214
-6.09026
-6.09965
-6.11039
-6.12252
-6.13609
-6.1511
-6.16752
-6.18525
-6.20409
-6.22369
-6.24349
-6.26259
-6.27962
-6.29255
-6.29841
-6.29278
-6.26935
-6.24198
-6.21244
-6.17366
-6.12304
-6.00906
-6.04634
-43.6362
-5.73165
-5.73571
-5.78501
-5.77195
-5.83091
-6.82474
-5.82326
-5.82521
-6.76668
-7.71202
-7.00497
-5.96355
-6.48102
-81.8376
-12.9703
-6.29122
-6.04972
-6.0588
-6.06258
-6.0669
-6.07218
-6.07853
-6.08604
-6.09479
-6.10485
-6.11627
-6.12912
-6.14341
-6.15914
-6.17623
-6.19454
-6.21382
-6.23361
-6.25319
-6.27146
-6.28675
-6.29658
-6.29736
-6.28378
-6.25377
-6.22827
-6.1943
-6.15021
-6.07189
-5.90641
-6.27609
-5.73165
-5.73207
-5.77655
-5.77195
-5.77195
-6.236
-6.839
-5.72904
-6.19219
-7.44396
-6.79124
-6.53667
-5.78471
-55.2522
-86.5271
-6.29122
)
;
    }
    defaultFaces
    {
        type            empty;
    }
}


// ************************************************************************* //
