/*--------------------------------*- C++ -*----------------------------------*\
| =========                 |                                                 |
| \\      /  F ield         | OpenFOAM: The Open Source CFD Toolbox           |
|  \\    /   O peration     | Version:  v1912                                 |
|   \\  /    A nd           | Website:  www.openfoam.com                      |
|    \\/     M anipulation  |                                                 |
\*---------------------------------------------------------------------------*/
FoamFile
{
    version     2.0;
    format      ascii;
    class       volScalarField;
    location    "0.4";
    object      p_rgh;
}
// * * * * * * * * * * * * * * * * * * * * * * * * * * * * * * * * * * * * * //

dimensions      [1 -1 -2 0 0 0 0];


internalField   nonuniform List<scalar> 
9072
(
883.364
886.864
892.436
889.84
882.753
877.137
874.307
873.87
875.459
879.001
884.695
892.95
904.307
919.419
938.985
963.523
993.811
1027.8
1051.62
1048.09
1055.56
1032.19
1059.05
881.225
885.418
891.176
888.483
881.65
876.354
873.731
873.366
874.946
878.447
884.096
892.308
903.614
918.568
937.706
961.462
989.748
1020.66
1046.43
1050.1
1069.43
994.195
999.785
877.466
882.549
888.175
885.411
879.185
874.595
872.4
872.176
873.727
877.138
882.692
890.817
902.025
916.828
935.653
958.658
985.256
1012.84
1035.6
1050.04
1074.97
965.839
928.417
872.215
878.199
883.553
880.89
875.608
871.988
870.339
870.272
871.764
875.042
880.459
888.456
899.525
914.134
932.601
954.878
980.11
1005.86
1027.82
1043.53
1057.54
970.519
954.064
865.646
872.415
877.571
875.285
871.211
868.66
867.555
867.611
869.006
872.117
877.365
885.2
896.097
910.482
928.582
950.209
974.389
998.911
1020.48
1036.55
1045.69
1023.48
1037.8
858.016
865.375
870.52
868.959
866.223
864.675
864.015
864.129
865.391
868.312
873.371
881.016
891.709
905.852
923.608
944.7
968.131
991.925
1013.37
1030.19
1040.72
1043.64
1091.72
849.717
857.367
862.713
862.194
860.764
860.024
859.66
859.754
860.857
863.583
868.441
875.864
886.318
900.205
917.651
938.337
961.3
984.769
1006.43
1024.18
1037.1
1049.9
1099.64
841.322
848.714
854.355
855.119
854.832
854.634
854.405
854.418
855.347
857.877
862.525
869.686
879.86
893.485
910.662
931.066
953.814
977.314
999.512
1018.36
1032.88
1046.18
1074.79
318.019
318.023
318.023
318.012
317.987
317.952
317.91
317.866
317.826
317.791
317.766
317.751
317.746
317.751
317.765
317.784
317.806
317.825
317.837
318.015
318.023
318.024
318.013
317.988
317.952
317.91
317.866
317.825
317.79
317.765
317.75
317.745
317.75
317.764
317.783
317.806
317.825
317.838
318.008
318.023
318.027
318.018
317.991
317.953
317.909
317.864
317.822
317.787
317.761
317.746
317.742
317.747
317.762
317.782
317.806
317.827
317.84
317.995
318.023
318.031
318.025
317.996
317.955
317.908
317.861
317.818
317.782
317.756
317.741
317.736
317.743
317.758
317.781
317.806
317.829
317.845
317.973
318.024
318.035
318.034
318.001
317.956
317.906
317.856
317.812
317.775
317.749
317.734
317.73
317.737
317.754
317.778
317.807
317.833
317.851
317.932
318.03
318.039
318.046
318.006
317.956
317.903
317.851
317.804
317.767
317.74
317.725
317.721
317.729
317.747
317.775
317.808
317.838
317.859
317.875
318.038
318.084
318.055
318.009
317.956
317.899
317.843
317.794
317.756
317.729
317.713
317.71
317.718
317.739
317.771
317.809
317.845
317.87
317.736
318.011
318.028
318.07
318.008
317.953
317.892
317.833
317.782
317.743
317.715
317.7
317.696
317.706
317.729
317.766
317.81
317.854
317.884
828.672
836.044
843.249
846.021
846.565
846.656
846.395
846.226
846.916
849.208
853.596
860.337
870.048
883.292
900.175
920.394
943.179
967.129
990.503
1010.97
1026.4
1034
1013.13
834.058
812.129
825.263
831.427
830.547
829.992
829.365
828.887
829.257
831.227
834.877
840.195
848.494
860.647
877.076
897.547
921.267
947.429
974.8
999.598
1017.91
1023.41
1006.13
877.021
813.738
731.358
781.727
771.175
771.083
767.165
763.288
760.954
764.941
774.227
784.826
806.118
833.124
855.953
874.572
895.773
922.605
957.751
990.931
1018.22
1036.14
1044.62
144.281
2.25871
1.894
1.91627
1.92274
1.93262
1.94505
1.96279
1.99284
2.00823
2.14378
2.27088
2.2965
2.34254
6.30857
67.3273
226.101
609.81
948.025
990.455
1024.6
1054.71
1082.29
1.84244
1.87358
1.88497
1.89201
1.90181
1.9134
1.92709
1.94326
1.95838
1.95111
2.48166
2.57551
2.58786
2.492
2.44414
2.50639
2.35612
2.41166
2.79836
138.234
937.278
1078.7
1116.44
1.82813
1.84513
1.85711
1.86632
1.87718
1.88994
1.90516
1.92239
1.93615
1.89008
2.19039
2.02962
2.08766
2.13233
2.16754
2.21004
2.2689
2.40656
2.45518
2.32482
2.15742
82.8901
904.097
1.79378
1.81802
1.82815
1.83821
1.84963
1.86298
1.87844
1.89547
1.91173
1.91387
1.93241
1.99617
2.03697
2.06083
2.09007
2.11703
2.13888
2.1186
2.60326
2.31631
1.63428
1.66244
1.96508
1.75556
1.78457
1.79667
1.80745
1.81926
1.83258
1.84755
1.86388
1.88061
1.89552
1.91197
1.93958
1.96766
1.99145
2.0079
2.01397
2.0006
1.92027
2.13367
1.95752
1.33381
1.54912
1.7825
1.72613
1.75145
1.76388
1.7747
1.78633
1.79914
1.81325
1.82844
1.8442
1.85997
1.87641
1.8956
1.91419
1.9289
1.93536
1.92753
1.89365
1.79046
2.16274
1.66658
1.30258
1.56514
1.8388
1.69982
1.72034
1.73063
1.74046
1.75129
1.76324
1.77632
1.79032
1.80492
1.81976
1.83486
1.8502
1.86409
1.87393
1.87622
1.86525
1.83025
1.74862
1.608
1.96391
1.4725
1.65865
1.89163
1.67041
1.68913
1.69648
1.70473
1.71445
1.72541
1.73747
1.75043
1.76401
1.77792
1.79191
1.8055
1.81757
1.82636
1.82952
1.82353
1.80301
1.75983
1.67194
2.03318
1.6596
1.77614
2.971
1.63676
1.65578
1.66063
1.66742
1.67599
1.686
1.69718
1.70932
1.72219
1.73553
1.74897
1.7621
1.77424
1.78447
1.79158
1.79419
1.79094
1.78147
1.76699
1.76232
1.80468
1.89446
1.95718
1.5991
1.61923
1.62267
1.62834
1.63594
1.64513
1.65564
1.66723
1.67967
1.69274
1.70616
1.71968
1.73306
1.74599
1.75816
1.7695
1.78063
1.79359
1.81287
1.84631
1.8985
1.95697
2.00722
1.55793
1.5795
1.58228
1.58726
1.59416
1.60272
1.61272
1.62392
1.63612
1.64917
1.66294
1.67742
1.69261
1.70862
1.72563
1.74423
1.7656
1.7918
1.82566
1.86945
1.92144
1.97493
2.02469
1.51385
1.53681
1.53938
1.54397
1.5504
1.55848
1.56805
1.57894
1.59103
1.60426
1.61867
1.63437
1.65153
1.6704
1.69143
1.71539
1.74341
1.77691
1.81709
1.86402
1.91554
1.96793
2.0193
1.46747
1.49168
1.49421
1.49859
1.50469
1.5124
1.52163
1.53229
1.54438
1.55794
1.57307
1.58996
1.60883
1.63001
1.65403
1.68162
1.71365
1.75097
1.79391
1.84186
1.89312
1.9456
1.99835
1.41893
1.44451
1.4471
1.45138
1.45727
1.46473
1.47374
1.4843
1.49646
1.51034
1.52606
1.54383
1.56391
1.58667
1.61262
1.64235
1.67651
1.71555
1.75946
1.80752
1.85843
1.91087
1.96428
1.36782
1.39505
1.39774
1.40199
1.40778
1.41512
1.42403
1.43457
1.44681
1.46089
1.47694
1.4952
1.51595
1.53955
1.56647
1.59717
1.63209
1.6715
1.71526
1.76274
1.81293
1.86487
1.91815
1.31378
1.34268
1.34546
1.3497
1.35545
1.36272
1.37158
1.38208
1.39432
1.40842
1.42455
1.44295
1.4639
1.48775
1.51488
1.54566
1.58039
1.61921
1.66198
1.70817
1.75704
1.80784
1.86013
1.25691
1.28721
1.29003
1.29426
1.29992
1.30709
1.31582
1.32617
1.33825
1.35219
1.36817
1.3864
1.40716
1.43074
1.45748
1.48766
1.52146
1.55896
1.59999
1.64415
1.69089
1.73958
1.78978
1.19761
1.22903
1.23182
1.23594
1.24145
1.24841
1.25688
1.26693
1.27868
1.29224
1.3078
1.32554
1.3457
1.36855
1.39434
1.42329
1.45551
1.49099
1.52955
1.57088
1.6145
1.65986
1.70648
1.13621
1.16859
1.17125
1.17517
1.18042
1.18706
1.19514
1.20475
1.21597
1.22893
1.24377
1.26067
1.27983
1.30145
1.32574
1.35284
1.38278
1.41549
1.45081
1.48841
1.5278
1.56839
1.60961
1.07286
1.1061
1.10855
1.1122
1.11711
1.12333
1.1309
1.1399
1.15041
1.16252
1.17636
1.19207
1.20981
1.22973
1.25197
1.27657
1.30351
1.33267
1.36386
1.39668
1.43053
1.46467
1.49834
1.00764
1.04166
1.04384
1.04716
1.05166
1.05737
1.06432
1.07257
1.08218
1.09322
1.10578
1.11998
1.13591
1.15367
1.17331
1.19479
1.21801
1.24281
1.26889
1.29571
1.32246
1.34815
1.37161
0.940569
0.975322
0.977206
0.980165
0.9842
0.989319
0.995544
1.00291
1.01144
1.02121
1.03225
1.04463
1.05841
1.07359
1.09014
1.10791
1.12674
1.14635
1.16628
1.18574
1.20365
1.21853
1.22845
0.87174
0.907162
0.908773
0.911358
0.91488
0.919339
0.924738
0.931092
0.938415
0.946728
0.956041
0.966359
0.97767
0.989911
1.00293
1.01649
1.0303
1.04394
1.05669
1.06748
1.07472
1.07616
1.06858
0.801312
0.837322
0.838697
0.840896
0.843866
0.847604
0.852101
0.857349
0.863339
0.870055
0.877466
0.885519
0.89413
0.903142
0.912287
0.92122
0.929509
0.936516
0.941245
0.942196
0.9371
0.922514
0.893065
0.729491
0.766006
0.767166
0.768963
0.771349
0.774322
0.777858
0.781927
0.786495
0.791511
0.796898
0.802547
0.808296
0.813884
0.818933
0.822965
0.82539
0.825351
0.821515
0.81185
0.79323
0.760628
0.705345
0.656481
0.693439
0.694389
0.695766
0.697543
0.699718
0.702253
0.705097
0.708191
0.711447
0.714744
0.717917
0.720722
0.722801
0.723662
0.7227
0.719165
0.711977
0.699445
0.678988
0.646605
0.595471
0.512828
0.582554
0.619862
0.620594
0.621531
0.622681
0.624038
0.62555
0.627152
0.628754
0.630237
0.631435
0.632129
0.632002
0.630604
0.62734
0.621492
0.612168
0.598072
0.577189
0.546503
0.501372
0.433651
0.32779
0.508057
0.545558
0.546039
0.546507
0.547016
0.547549
0.54804
0.548407
0.548537
0.548276
0.547425
0.545712
0.542757
0.538036
0.530868
0.520445
0.505759
0.485325
0.456886
0.417224
0.361461
0.281474
0.162932
0.433326
0.470806
0.47098
0.47095
0.470807
0.470522
0.470014
0.469183
0.467891
0.46596
0.463161
0.459183
0.453595
0.445819
0.435116
0.420611
0.401206
0.37528
0.340453
0.293432
0.229471
0.141656
0.0219762
0.358598
0.395834
0.395633
0.395082
0.394287
0.393203
0.391733
0.389759
0.387128
0.38364
0.37904
0.372995
0.365046
0.354584
0.340838
0.322893
0.299593
0.269252
0.229434
0.176833
0.106779
0.013511
-0.106877
0.284008
0.320825
0.32019
0.319105
0.317672
0.31582
0.313437
0.310393
0.306527
0.301623
0.295412
0.287549
0.277568
0.264862
0.248659
0.228029
0.201801
0.168301
0.125132
0.068933
-0.00497086
-0.102225
-0.226902
0.209593
0.245918
0.244831
0.243222
0.241179
0.238604
0.235371
0.231349
0.22637
0.220214
0.212607
0.203208
0.191565
0.177102
0.159079
0.136586
0.108493
0.0732329
0.0285243
-0.0289223
-0.103726
-0.201679
-0.329143
0.135346
0.171211
0.169691
0.167597
0.164991
0.161753
0.15775
0.152851
0.146891
0.139653
0.130878
0.120237
0.10731
0.0915787
0.072372
0.0488493
0.0199733
-0.0156197
-0.0599406
-0.116024
-0.188036
-0.281458
-0.403825
0.0612915
0.0967448
0.0948467
0.0923211
0.0892087
0.0853726
0.0806821
0.0750119
0.068204
0.0600566
0.0503327
0.0387343
0.0248849
0.00834008
-0.0114634
-0.0352459
-0.0638901
-0.0984892
-0.140603
-0.19269
-0.258143
-0.341237
-0.448361
-0.012387
0.0226623
0.020447
0.0175513
0.0139907
0.00962101
0.00432267
-0.00201845
-0.0095466
-0.0184437
-0.0289174
-0.0412237
-0.0556792
-0.0726433
-0.0925527
-0.115958
-0.143524
-0.176009
-0.214437
-0.26046
-0.316331
-0.384659
-0.468971
-0.0854233
-0.0508245
-0.0533102
-0.0565255
-0.0604821
-0.0653248
-0.0711542
-0.0780715
-0.0862051
-0.0957143
-0.106773
-0.119585
-0.134397
-0.151479
-0.17113
-0.1937
-0.219583
-0.249182
-0.282963
-0.321693
-0.366375
-0.417888
-0.477178
-0.157855
-0.123727
-0.126524
-0.130028
-0.134345
-0.139611
-0.145909
-0.153331
-0.161987
-0.172009
-0.183537
-0.19672
-0.211735
-0.228756
-0.247946
-0.269449
-0.293374
-0.319764
-0.348571
-0.379705
-0.412911
-0.447503
-0.482677
-0.226931
-0.195817
-0.198967
-0.202744
-0.20741
-0.213063
-0.219784
-0.227659
-0.236779
-0.247252
-0.259181
-0.272665
-0.28781
-0.304696
-0.32336
-0.343766
-0.365771
-0.389078
-0.413174
-0.437216
-0.459848
-0.478904
-0.491517
-0.298451
-0.264515
-0.26806
-0.272121
-0.277079
-0.283041
-0.290099
-0.298334
-0.307825
-0.318655
-0.330896
-0.344603
-0.359818
-0.37654
-0.394699
-0.414127
-0.434499
-0.455259
-0.475518
-0.493887
-0.50822
-0.515326
-0.510464
735.823
757.564
523.018
324.159
964.216
927.841
925.112
930.954
1047.8
1055
1072.56
1096.2
1109.57
1129.4
1154.85
1189.92
1151.57
1172.78
1195.83
1218.86
1185.16
1206.55
1226.42
1246.04
23.2936
214.564
659.127
1194.8
1.91655
1.99804
2.1826
2.50602
1.99943
2.0481
3.15724
2.25598
3.57895
3.80846
3.80387
2.14489
3.84823
2.51606
2.05906
2.09079
2.00809
2.04456
2.07968
2.11364
2.05052
2.0783
2.10752
2.13821
2.0685
2.09443
2.12153
2.15002
2.06473
2.09078
2.11768
2.14569
2.04524
2.07179
2.09899
2.12711
2.01197
2.03887
2.0664
2.0947
1.96582
1.99265
2.02013
2.04834
1.90691
1.93314
1.95994
1.98748
1.83458
1.85958
1.88505
1.91122
1.74781
1.77077
1.79415
1.81806
1.64556
1.66535
1.6854
1.70568
1.52653
1.54155
1.55644
1.57099
1.38894
1.39709
1.40438
1.41026
1.23081
1.22921
1.22547
1.21827
1.05051
1.03497
1.01485
0.98768
0.84771
0.812322
0.767805
0.709999
0.625341
0.562896
0.482979
0.378828
0.393504
0.297683
0.169673
-0.00495703
0.176532
0.0528231
-0.12007
-0.371947
0.00395407
-0.121874
-0.297187
-0.553681
-0.116043
-0.206309
-0.313052
-0.45082
-0.229606
-0.296411
-0.353344
-0.390667
-0.356675
-0.431717
-0.504949
-0.575977
-0.469816
-0.559558
-0.65865
-0.772192
-0.543978
-0.63821
-0.74904
-0.886712
-0.570573
-0.653081
-0.752
-0.882914
-0.560227
-0.618572
-0.685373
-0.769334
-0.536241
-0.571034
-0.607846
-0.646467
-0.51358
-0.530896
-0.549606
-0.570374
-0.494484
-0.49247
-0.488465
-0.484611
-0.490834
-0.472414
-0.447104
-0.414034
317.891
317.773
317.779
317.984
317.998
317.948
317.881
317.816
317.762
317.722
317.694
317.679
317.676
317.686
317.713
317.756
317.811
317.867
317.907
326.096
326.893
317.899
317.928
317.985
317.937
317.855
317.774
317.714
317.675
317.649
317.635
317.631
317.642
317.674
317.73
317.81
317.898
317.965
417.541
321.749
318.364
318.037
317.997
317.946
317.82
317.703
317.64
317.61
317.593
317.581
317.573
317.579
317.612
317.683
317.798
317.942
318.063
795.864
400.289
318.562
318.194
317.903
318.021
317.783
317.575
317.52
317.508
317.531
317.527
317.505
317.492
317.518
317.598
317.754
317.995
318.23
1243.61
1231.74
1226.66
973.474
317.514
318.093
317.748
317.315
317.37
317.308
317.329
317.522
317.423
317.371
317.379
317.449
317.631
318.022
318.525
1271.13
1297.81
1318.04
1358.62
1401.48
1158.11
708.352
1031.73
996.691
316.694
406.376
317.463
317.319
317.156
317.197
317.211
317.323
317.84
319.043
1300.79
1331.41
1357.64
1388.35
1422.32
1453.45
1455.72
1421.24
1455.18
1505.41
1477.04
1035.52
317.262
316.665
316.913
316.902
316.673
316.618
319.564
9.47832
378.343
1012.63
1397.5
1440.71
1464.47
1477.76
1475.89
1486.81
1511.33
1546.09
1589.21
1615.07
1604.16
503.939
316.563
315.639
312.913
338.855
2.27114
2.60276
2.3874
2.86982
23.0617
176.96
407.288
626.455
913.338
1268.23
1557.62
1595.29
1637.08
1698.66
1790.25
557.654
314.636
312.402
308.978
3.04667
2.92129
2.30881
2.42051
2.54103
2.68537
2.82019
2.92887
3.11683
3.40837
4.88082
251.314
1322.14
1705.56
1795.75
1890.19
656.258
314.117
314.834
2.13552
2.22072
2.33537
2.44647
2.56109
2.68492
2.81316
2.94055
3.07624
3.20511
3.32449
3.47917
3.77809
95.2482
1619.15
1881.91
1981.88
853.373
324.125
2.15927
2.25113
2.35177
2.45853
2.57305
2.69628
2.82634
2.96085
3.09696
3.22445
3.35263
3.51045
3.68105
3.83815
4.48086
729.239
1982.8
2176.36
2486.51
2.18094
2.26479
2.36041
2.4646
2.57834
2.70191
2.83412
2.97322
3.11641
3.25656
3.39201
3.54921
3.7304
3.89673
4.02571
4.22439
425.117
2299.93
2862.18
2.19033
2.26987
2.36112
2.46311
2.57626
2.7006
2.83541
2.9795
3.13098
3.28631
3.44072
3.59966
3.77578
3.95355
4.09392
4.16181
4.46623
1999.18
2688.02
2.18519
2.26258
2.35145
2.45208
2.56504
2.69041
2.82802
2.97737
3.13721
3.30527
3.47809
3.65233
3.82903
4.00719
4.16547
4.2348
4.33895
1978.35
2531.08
2.16645
2.24277
2.33029
2.43005
2.54292
2.66925
2.80958
2.96419
3.13226
3.3118
3.50001
3.69337
3.88575
4.07022
4.23871
4.34173
4.78881
2336.28
2515.66
2.13403
2.20961
2.29603
2.39494
2.50743
2.63432
2.77694
2.93624
3.11171
3.30215
3.50607
3.72039
3.93723
4.14334
4.32611
4.46461
4.88779
2418.28
2552.57
2.08736
2.1618
2.24673
2.34418
2.45554
2.58205
2.72584
2.88831
3.06928
3.26945
3.49113
3.73264
3.98234
4.22353
4.43828
4.60326
4.76469
2476.78
1770.13
2.02562
2.09786
2.18012
2.27476
2.38351
2.50793
2.65068
2.81355
2.99678
3.20445
3.44746
3.72753
4.02298
4.31284
4.58044
4.80676
13.9755
2433.88
486.96
1.9475
2.01565
2.09319
2.18278
2.28649
2.40596
2.54425
2.70368
2.88439
3.09362
3.36256
3.70327
4.0595
4.40983
4.74743
5.03269
5.40044
1779.87
467.773
1.85097
1.91215
1.98189
2.0631
2.15806
2.2684
2.39778
2.5492
2.72075
2.91035
3.19783
3.66337
4.09206
4.504
4.93396
5.32305
5.67532
1031.41
2610.08
1.73311
1.78324
1.84068
1.90874
1.99001
2.08635
2.20169
2.33799
2.47848
2.59376
4.06829
5.76138
4.10831
4.56295
5.13531
5.66455
6.04754
1766.54
2336.51
1.58993
1.62301
1.66138
1.70969
1.77202
1.85081
1.94847
2.06318
2.17121
2.26207
4.98725
5.39942
4.35285
4.46304
5.36745
6.04497
6.15557
46.4998
1364.89
1.416
1.4226
1.43157
1.45183
1.49157
1.55399
1.63736
1.73535
1.83972
2.38667
2.8782
4.70706
2.73133
10.945
5.73838
6.69666
7.0304
7.4258
1250.31
1.2035
1.16858
1.132
1.11394
1.13164
1.1876
1.26903
1.36222
1.47342
1.67249
1.90598
1.83624
1.89597
15.0979
18.6577
7.93952
7.88401
8.07671
1385.74
0.94117
0.839558
0.729063
0.657018
0.661424
0.736981
0.840309
0.941817
1.05251
1.20979
1.48291
1.55168
3.53804
3.97383
17.9063
16.0295
8.04622
7.88073
1244.08
0.613769
0.399085
0.156927
-0.00219531
0.0178545
0.177447
0.347015
0.476181
0.574753
0.66303
1.24671
11.6571
10.5069
1.36815
15.6426
18.938
7.45332
9.05795
1734.65
0.203212
-0.22974
-0.778805
-1.1049
-0.95384
-0.529169
-0.206132
-0.0119163
0.0415329
2.24104
10.2135
6.21914
-1.46181
-1.34385
11.6721
16.5634
5.58327
4.19381
1668.83
-0.32251
-1.36156
-2.52775
-2.77211
-2.62448
-1.44831
-0.795545
-0.437913
-0.349955
-0.780416
0.836558
-1.8237
-2.53001
-2.62428
11.8324
15.2878
4.36074
6.6306
1110.5
-0.90353
-1.91596
5.5088
-5.17835
-2.40637
-1.9942
-1.26934
-0.661406
-0.343012
0.0256976
3.50686
-2.39932
-3.33224
-3.46753
10.6261
1.88356
5.17326
7.46301
1481.37
-1.15686
108.969
-3.56793
-4.26676
-1.95779
-1.36908
-1.39024
-0.795829
2.06591
6.21012
-1.49363
-2.28504
-3.22498
-1.18048
-1.22439
2.31984
5.42923
8.63728
1774.65
-0.715801
119.173
21.2237
82.4336
124.873
126.325
-1.28183
0.953904
6.63644
-1.04366
-1.67133
-2.01175
-2.4664
-2.18362
-0.110329
2.93583
4.49072
784.063
784.117
-0.338886
48.6367
76.4107
-1.79034
-2.42818
-2.46671
2.16468
5.59955
-0.607461
-1.50499
-0.217695
-2.23715
-2.79198
-2.44333
0.321416
170.51
886.359
910.779
224.934
-0.674596
-0.869134
-1.92409
-2.19311
-2.95096
-3.01623
-2.73816
5.11447
-2.12582
-1.40889
-1.05502
-3.40767
-4.09062
29.1696
792.458
850.57
474.427
26.1576
74.6047
-0.971195
1.28396
0.103678
-1.90835
-3.30331
-3.23346
-2.93351
4.65467
-2.39948
0.046612
-3.04704
-5.30768
209.619
698.653
276.692
3.82931
2.89766
3.81814
17.1603
-1.11129
-0.644876
-0.647933
-1.45687
-2.71661
-2.75949
-1.60113
-2.34562
-0.220851
0.706972
-2.41306
5.30231
639.898
26.8103
0.48027
1.0023
1.91947
2.81512
11.4018
-1.08423
-0.750372
-0.904455
-1.22755
-0.264715
-0.322115
-1.91533
0.70139
1.63716
0.938853
0.138311
515.819
66.9195
-0.616309
0.00780105
0.646127
1.52904
2.76772
97.44
-0.889816
-0.909346
172.425
135.482
-0.432719
-0.0553686
-0.860008
-0.721259
0.883172
1.25352
1.81418
668.128
-0.869567
-1.14424
-0.388518
-0.0418535
0.488941
1.88843
272.165
-0.709583
-0.797827
44.3926
200.3
16.9174
0.460534
0.196379
0.291391
0.548036
13.993
737.011
754.084
6.90728
-0.624448
-0.871062
-1.10906
-2.01431
-2.34312
581.915
-0.614385
0.039584
15.133
5.81231
0.414745
0.311967
0.382601
-0.768658
724.714
830.552
826.906
51.6251
-1.15715
-3.12571
-2.31312
-1.85006
-3.77171
13.0637
514.147
-0.485168
-0.546192
83.9865
-0.142717
-0.00460875
0.681742
0.575802
0.0778417
215.031
842.677
43.5557
4.99036
-1.07082
-5.66374
-3.93594
-2.19448
-0.887092
437.681
409.745
-0.351743
-0.214237
75.993
0.0616419
-0.0536849
0.527856
0.229752
0.0182418
0.0828123
2.57066
2.06648
1.4466
-1.28236
-3.88806
-3.18293
-2.02597
57.0899
347.618
0.0142007
884.329
890.442
892.195
886.362
879.601
875.39
873.819
874.422
876.979
881.558
888.47
898.204
911.342
928.624
950.578
977.934
1010.81
1042.37
1052.84
1054.31
1048.04
1018.5
1086.54
882.967
889.367
890.838
885.104
878.665
874.729
873.293
873.921
876.447
880.981
887.85
897.539
910.602
927.601
948.994
975.081
1005.15
1035.19
1051.67
1055.03
1061.39
950.466
1062.47
879.967
886.405
887.716
882.281
876.575
873.225
872.062
872.729
875.186
879.624
886.402
896.002
908.947
925.715
946.642
971.601
999.221
1025.26
1043.62
1060.05
1069.56
898.318
1031.7
875.441
881.812
883.028
878.173
873.525
870.948
870.118
870.813
873.16
877.458
884.105
893.575
906.362
922.876
943.289
967.23
993.155
1017.61
1036.32
1050.89
1047.97
926.29
1047.19
869.497
875.854
877.095
873.132
869.721
867.957
867.435
868.12
870.321
874.447
880.93
890.237
902.833
919.067
938.991
962.085
986.8
1010.27
1029.26
1042.31
1042.18
999.768
1101.4
862.302
868.734
870.27
867.471
865.307
864.257
863.959
864.584
866.613
870.547
876.842
885.953
898.332
914.283
933.777
956.223
980.144
1003.11
1022.45
1036.4
1043.2
1055.39
1142.64
854.078
860.733
862.87
861.399
860.325
859.806
859.621
860.139
861.982
865.718
871.803
880.682
892.816
908.491
927.631
949.626
973.111
995.972
1015.89
1031.26
1042.69
1066.3
1142.62
845.155
852.11
855.075
854.974
854.729
854.521
854.343
854.722
856.375
859.912
865.763
874.363
886.225
901.64
920.5
942.23
965.592
988.712
1009.46
1026.15
1039.15
1056.74
1089.43
318.022
318.024
318.019
318.001
317.971
317.931
317.888
317.845
317.808
317.778
317.757
317.747
317.747
317.757
317.774
317.795
317.816
317.832
317.839
318.021
318.025
318.021
318.003
317.972
317.932
317.888
317.844
317.806
317.776
317.756
317.746
317.746
317.756
317.773
317.794
317.816
317.833
317.84
318.018
318.026
318.025
318.006
317.973
317.932
317.886
317.842
317.803
317.773
317.753
317.743
317.743
317.753
317.771
317.794
317.817
317.835
317.843
318.015
318.027
318.031
318.012
317.976
317.932
317.884
317.839
317.799
317.768
317.747
317.737
317.738
317.749
317.769
317.793
317.818
317.838
317.847
318.01
318.028
318.04
318.02
317.979
317.931
317.881
317.833
317.792
317.761
317.74
317.73
317.732
317.744
317.765
317.793
317.821
317.843
317.854
318.005
318.027
318.051
318.028
317.982
317.93
317.876
317.826
317.784
317.752
317.731
317.721
317.723
317.737
317.76
317.791
317.824
317.85
317.863
317.99
318.042
318.079
318.035
317.983
317.927
317.87
317.817
317.774
317.741
317.72
317.71
317.713
317.727
317.754
317.79
317.828
317.86
317.875
317.967
317.999
318.072
318.032
317.982
317.923
317.862
317.806
317.761
317.727
317.706
317.696
317.699
317.716
317.746
317.787
317.833
317.871
317.89
832.629
839.857
845.195
846.375
846.66
846.554
846.253
846.414
847.822
851.125
856.643
864.775
876.211
891.29
909.904
931.541
955.106
979.024
1001.25
1019.44
1031.45
1029.5
915.151
815.724
816.712
830.477
830.989
830.251
829.695
829.069
828.918
830.004
832.885
837.253
843.898
854.061
868.305
887.038
909.065
934.066
961.168
987.749
1009.87
1022.72
1018.22
990.566
836.786
719.268
779.673
773.362
771.735
769.311
765.08
761.967
761.594
769.891
778.58
794.169
819.517
845.432
865.98
884.33
908.095
939.93
974.732
1005.7
1028.38
1041.6
1046.17
344.643
1.80684
1.91739
1.91818
1.92735
1.93832
1.95309
1.97522
2.00574
2.0467
2.22804
2.28553
2.31443
2.37677
27.1251
129.286
376.327
905.584
969.179
1008.36
1040.1
1068.62
1096.65
1.84125
1.88305
1.88768
1.89661
1.9074
1.91993
1.93473
1.9508
1.95404
2.3853
2.54643
2.5936
2.5215
2.45752
2.48172
2.45811
2.38607
2.51043
15.3756
441.036
1057.83
1097.8
1136.17
1.83743
1.85178
1.8614
1.87141
1.88326
1.89723
1.91359
1.93001
1.92588
2.274
1.99543
2.06022
2.11136
2.15085
2.18589
2.23783
2.30267
2.47568
2.40035
2.24977
2.76172
347.106
1169.46
1.81174
1.82283
1.83292
1.84365
1.85606
1.87045
1.88685
1.90393
1.91631
1.91398
1.95957
2.01814
2.04489
2.07621
2.10356
2.12934
2.13933
2.43467
2.46614
1.87314
1.59873
1.76422
2.67211
1.77554
1.79064
1.80185
1.81319
1.82571
1.83986
1.85559
1.87226
1.88862
1.90223
1.92536
1.95531
1.98045
2.00058
2.01249
2.01256
1.97282
1.83295
2.12202
1.77152
1.40915
1.68149
1.86452
1.7404
1.75788
1.76922
1.78039
1.79257
1.80604
1.82073
1.83628
1.85211
1.86789
1.88581
1.90517
1.92226
1.93345
1.93381
1.91491
1.85358
1.69481
2.03671
1.23938
1.42112
1.70926
1.94493
1.71359
1.72591
1.73544
1.74574
1.75712
1.76965
1.78322
1.79757
1.81232
1.82726
1.84256
1.85748
1.8697
1.87633
1.87289
1.85176
1.79752
1.67505
2.219
1.41808
1.55861
1.76633
2.77869
1.68664
1.69288
1.7004
1.70942
1.71978
1.73131
1.74385
1.75716
1.77094
1.78493
1.79881
1.81182
1.8225
1.82883
1.82795
1.81553
1.78482
1.72623
1.61044
1.94879
1.71468
1.83437
3.79298
1.65505
1.65799
1.66377
1.67151
1.68083
1.69146
1.70314
1.71568
1.72882
1.74226
1.75561
1.76835
1.77966
1.7885
1.79354
1.79336
1.78692
1.775
1.76132
1.77618
1.84873
1.93124
1.98256
1.61915
1.62065
1.62524
1.63192
1.64036
1.65024
1.66131
1.67336
1.68615
1.69942
1.71292
1.72641
1.7396
1.75218
1.76392
1.77501
1.78667
1.80204
1.82732
1.87023
1.92847
1.98347
2.03064
1.57951
1.5806
1.58451
1.59049
1.59825
1.60756
1.61818
1.62991
1.64255
1.65597
1.67009
1.68492
1.70051
1.71698
1.73467
1.75446
1.77793
1.80758
1.84628
1.89476
1.94842
2.00024
2.0493
1.53669
1.53782
1.54143
1.54697
1.55424
1.56309
1.57333
1.58483
1.5975
1.61131
1.62635
1.64275
1.66072
1.6806
1.70298
1.72881
1.75939
1.79612
1.83979
1.88943
1.94183
1.99371
2.0451
1.49138
1.4927
1.49618
1.50144
1.50835
1.51683
1.52678
1.53816
1.55097
1.5653
1.58129
1.59913
1.61911
1.64163
1.66733
1.69702
1.73161
1.77175
1.81734
1.86722
1.91931
1.97192
2.02507
1.44402
1.44559
1.44903
1.45413
1.46081
1.46905
1.47882
1.49018
1.50318
1.51796
1.53468
1.55356
1.57493
1.59921
1.62697
1.65884
1.69541
1.73693
1.78305
1.83271
1.88452
1.93744
1.99149
1.39438
1.39621
1.39967
1.40469
1.41126
1.41938
1.42909
1.44047
1.45361
1.46866
1.48578
1.50524
1.52737
1.55257
1.58131
1.61408
1.65123
1.69287
1.7386
1.78756
1.83872
1.89134
1.94536
1.34188
1.34389
1.34739
1.35239
1.35889
1.36695
1.37662
1.38797
1.40112
1.41622
1.43345
1.45309
1.47544
1.50088
1.52979
1.56252
1.59929
1.64013
1.68469
1.73232
1.78224
1.8338
1.88685
1.28634
1.28845
1.29197
1.29691
1.30332
1.31126
1.32079
1.33199
1.34498
1.35991
1.37699
1.39645
1.41857
1.4437
1.47212
1.5041
1.53976
1.57905
1.62171
1.66724
1.71503
1.76451
1.8154
1.22815
1.23027
1.23371
1.23852
1.24474
1.25245
1.2617
1.27259
1.28522
1.29976
1.31638
1.3353
1.35677
1.38106
1.40841
1.43899
1.47285
1.5099
1.5499
1.59244
1.637
1.68303
1.73016
1.16774
1.16977
1.17305
1.17763
1.18357
1.19092
1.19975
1.21015
1.22222
1.2361
1.25195
1.26996
1.29032
1.31325
1.33894
1.36746
1.39879
1.43284
1.46935
1.50792
1.54799
1.58895
1.63031
1.10532
1.10719
1.11021
1.11449
1.12005
1.12694
1.13522
1.14496
1.15625
1.16921
1.18397
1.20068
1.21949
1.24056
1.26398
1.28975
1.31782
1.34803
1.3801
1.41352
1.44761
1.48161
1.51477
1.041
1.04262
1.04535
1.04926
1.05436
1.06068
1.06828
1.0772
1.08751
1.0993
1.11267
1.12772
1.14456
1.16326
1.18383
1.20619
1.23023
1.25572
1.28225
1.30915
1.33551
1.36024
1.38211
0.974822
0.976144
0.978551
0.982048
0.986623
0.99229
0.99908
1.00702
1.01617
1.02657
1.03827
1.05134
1.06582
1.0817
1.09888
1.11721
1.13647
1.15632
1.17613
1.19497
1.21158
1.22426
1.23088
0.906812
0.907853
0.909949
0.913001
0.916992
0.921921
0.927795
0.93463
0.942447
0.95126
0.961075
0.971892
0.983682
0.996335
1.00965
1.02338
1.03718
1.05049
1.06241
1.07166
1.07635
1.07377
1.06017
0.837096
0.837906
0.839699
0.842283
0.84564
0.849758
0.85463
0.860251
0.866607
0.873677
0.881417
0.889762
0.8986
0.907718
0.916804
0.925478
0.933226
0.939245
0.942312
0.940586
0.931279
0.910134
0.870476
0.765887
0.7665
0.767988
0.770079
0.772764
0.776022
0.779827
0.784151
0.788951
0.794164
0.799698
0.805423
0.811131
0.816505
0.821109
0.824423
0.825748
0.824015
0.817576
0.803914
0.779114
0.73664
0.66511
0.693399
0.693848
0.695019
0.696599
0.698583
0.700943
0.70364
0.706617
0.709804
0.713099
0.716359
0.719385
0.721881
0.72342
0.723451
0.721309
0.716115
0.706516
0.690411
0.664621
0.623995
0.5593
0.452945
0.619864
0.620181
0.62102
0.622073
0.623337
0.624779
0.626345
0.627959
0.62952
0.630884
0.631863
0.632194
0.631496
0.629247
0.624789
0.617333
0.605823
0.588639
0.563308
0.526136
0.471069
0.386931
0.251543
0.5456
0.545763
0.546238
0.546748
0.547284
0.547804
0.548245
0.54851
0.548466
0.547939
0.546697
0.54442
0.540656
0.534805
0.52612
0.513713
0.496381
0.472282
0.438707
0.39177
0.325167
0.228287
0.0809481
0.470927
0.47086
0.470934
0.470883
0.470687
0.470302
0.469646
0.468604
0.467018
0.464686
0.461344
0.456623
0.450024
0.440885
0.428399
0.411606
0.389188
0.359158
0.318721
0.263948
0.189059
0.0862076
-0.0527897
0.396094
0.39569
0.395326
0.394705
0.393787
0.392523
0.390817
0.388538
0.385506
0.381496
0.376223
0.369293
0.360173
0.348174
0.332454
0.312002
0.285435
0.250711
0.204984
0.144348
0.0633863
-0.0432642
-0.17625
0.321258
0.320442
0.31961
0.318421
0.316806
0.314702
0.312006
0.308575
0.30422
0.2987
0.291712
0.282857
0.2716
0.257252
0.238963
0.215705
0.186091
0.148107
0.098926
0.0345374
-0.0503264
-0.161019
-0.299081
0.246501
0.245274
0.243985
0.242246
0.239966
0.237077
0.233467
0.228991
0.223455
0.21661
0.208157
0.197699
0.184728
0.168589
0.148456
0.123324
0.0918815
0.052239
0.00164797
-0.0638102
-0.149418
-0.261272
-0.405607
0.171871
0.170309
0.1686
0.166352
0.163461
0.159855
0.155422
0.150016
0.143447
0.135476
0.125814
0.114088
0.0998329
0.082458
0.0612104
0.0351559
0.00312018
-0.036523
-0.0862757
-0.149736
-0.231659
-0.338422
-0.478981
0.0973754
0.0956068
0.0935456
0.0908368
0.0873915
0.0831418
0.0779781
0.0717621
0.0643112
0.0554076
0.0447894
0.0321169
0.0169803
-0.00111442
-0.0228059
-0.0488985
-0.0803638
-0.118478
-0.165207
-0.223502
-0.297165
-0.391278
-0.513966
0.0231688
0.0213233
0.0189773
0.015859
0.0119164
0.00709472
0.00128992
-0.0056246
-0.0138129
-0.0234703
-0.0348233
-0.0481614
-0.0638226
-0.0821988
-0.103779
-0.129177
-0.159099
-0.194393
-0.236368
-0.287011
-0.348748
-0.424572
-0.518755
-0.0504924
-0.0523261
-0.0549087
-0.0583993
-0.0627847
-0.0681102
-0.0744701
-0.0819765
-0.0907768
-0.101039
-0.112945
-0.126725
-0.142637
-0.160962
-0.182025
-0.206202
-0.233894
-0.26551
-0.301648
-0.343231
-0.391216
-0.446529
-0.510191
-0.12359
-0.1254
-0.128224
-0.132071
-0.136854
-0.142625
-0.149473
-0.157496
-0.166818
-0.177576
-0.189911
-0.203988
-0.219984
-0.238071
-0.258401
-0.281104
-0.306264
-0.33387
-0.363856
-0.396084
-0.43008
-0.465081
-0.500394
-0.195852
-0.197616
-0.200759
-0.204958
-0.210109
-0.216285
-0.223572
-0.232058
-0.241841
-0.253029
-0.265722
-0.280024
-0.296033
-0.313807
-0.333352
-0.354584
-0.377289
-0.401072
-0.425274
-0.448826
-0.469973
-0.486239
-0.494449
-0.264091
-0.26636
-0.269984
-0.27448
-0.279928
-0.286427
-0.294063
-0.302916
-0.313067
-0.324595
-0.337562
-0.35202
-0.367992
-0.385446
-0.404269
-0.424222
-0.444875
-0.465522
-0.48505
-0.501733
-0.512913
-0.514747
-0.501603
762.428
607.148
416.443
318.434
942.204
925.675
924.839
619.441
1050.24
1062.36
1085.63
1015.08
1118.98
1141.2
1170.81
1211.97
1161.86
1184.18
1207.59
1229.34
1196.01
1216.54
1236.26
1255.27
79.9908
413.966
911.585
1287.91
1.95495
2.08486
2.33856
2.72858
2.02624
2.16906
2.58447
2.17207
3.79438
3.80761
3.34057
2.11083
3.50125
2.08291
2.07459
2.10645
2.02643
2.06227
2.09675
2.1307
2.06426
2.09269
2.12272
2.15403
2.08131
2.10782
2.13559
2.16485
2.07764
2.10412
2.13152
2.16022
2.05842
2.0853
2.11292
2.14162
2.02533
2.05255
2.08044
2.10923
1.97915
2.00631
2.03413
2.06277
1.91995
1.94646
1.97361
2.0016
1.84702
1.87224
1.89803
1.92467
1.75924
1.7824
1.80603
1.83029
1.65541
1.67535
1.69551
1.71593
1.53403
1.54903
1.56376
1.57815
1.39307
1.4009
1.40751
1.41262
1.23017
1.22773
1.22234
1.21319
1.04312
1.0257
1.0022
0.971108
0.830826
0.79157
0.740639
0.675608
0.59578
0.525664
0.434097
0.316363
0.348732
0.238676
0.0887692
-0.115977
0.119574
-0.0258519
-0.23465
-0.547452
-0.0536108
-0.202177
-0.411897
-0.747758
-0.159473
-0.257156
-0.375067
-0.565144
-0.263581
-0.326845
-0.374622
-0.392672
-0.394338
-0.468697
-0.54047
-0.605591
-0.513648
-0.607739
-0.713101
-0.839486
-0.589315
-0.691174
-0.812984
-0.972979
-0.610055
-0.700115
-0.81112
-0.962344
-0.588479
-0.650638
-0.724258
-0.818019
-0.553415
-0.589157
-0.626667
-0.670852
-0.522138
-0.539988
-0.559671
-0.58384
-0.493773
-0.490666
-0.48613
-0.483985
-0.482417
-0.46069
-0.431562
-0.393751
317.604
317.83
317.862
318.011
317.975
317.916
317.848
317.787
317.74
317.707
317.685
317.676
317.679
317.698
317.733
317.783
317.84
317.89
317.914
327.862
322.016
317.756
317.974
317.959
317.896
317.813
317.74
317.692
317.661
317.641
317.631
317.634
317.655
317.699
317.768
317.854
317.937
317.979
346.252
318.607
318.159
318.057
317.958
317.881
317.76
317.661
317.625
317.602
317.585
317.577
317.574
317.592
317.643
317.735
317.868
318.011
318.088
533.444
318.086
318.266
318.014
318.013
317.882
317.68
317.494
317.55
317.518
317.512
317.518
317.495
317.499
317.55
317.665
317.866
318.126
318.28
1240.56
1238.73
1091.49
537.275
318.245
317.863
317.51
317.016
317.607
317.522
317.363
317.475
317.395
317.367
317.405
317.52
317.795
318.289
318.631
1288.75
1305.88
1337.47
1376.77
1347.61
748.833
798.027
1045.63
656.278
315.185
316.546
317.52
317.253
317.174
317.199
317.241
317.49
318.404
319.324
1317.49
1344.09
1372.43
1404.89
1439.48
1461.27
1437.69
1432.49
1474.46
1493.63
1347.48
317.535
319.959
316.678
316.984
316.777
316.577
317.686
321.328
126.744
707.797
1236.13
1428.48
1453.24
1473.05
1477.84
1478.43
1498.33
1528
1571.14
1608.68
1591.91
1289.65
317.36
316.187
314.804
313.296
406.453
2.43205
2.37276
2.59023
3.80791
79.9785
293.899
509.539
761.801
1080.54
1530.35
1574.48
1616.22
1662.02
1744.96
1497.9
315.617
313.88
311.676
1184.64
3.1659
2.28414
2.36313
2.48027
2.61031
2.75671
2.87202
3.01149
3.23962
3.67068
48.4945
622.381
1675.18
1745.92
1848.96
1707.38
314.161
314.751
1206.09
2.18031
2.27853
2.39106
2.503
2.62166
2.74933
2.8762
3.00773
3.14263
3.26282
3.39505
3.58109
4.62188
553.58
1831.16
1932.73
1902.54
316.623
1754.57
2.20232
2.30146
2.40433
2.51467
2.63362
2.76067
2.89308
3.02924
3.16218
3.28614
3.42766
3.59973
3.75861
3.94929
65.3922
1877.72
2071.94
2283.2
2772.12
2.22106
2.31147
2.41138
2.52024
2.63894
2.76705
2.90293
3.04463
3.18744
3.32382
3.46618
3.6394
3.81823
3.96851
4.07744
6.03837
1828.12
2596.85
2878.56
2.22856
2.31415
2.41074
2.51828
2.63705
2.76676
2.90638
3.05448
3.20849
3.36376
3.51856
3.6857
3.86648
4.03156
4.13366
4.15835
388.022
2479.87
2652.8
2.2225
2.30558
2.40026
2.507
2.62618
2.75771
2.90129
3.05609
3.2204
3.39134
3.5651
3.74018
3.91852
4.09188
4.22117
4.25358
463.309
2439.24
2088.72
2.20333
2.28506
2.37857
2.48482
2.60436
2.73763
2.88512
3.04665
3.22076
3.405
3.59636
3.79016
3.97936
4.15768
4.3111
4.3675
835.26
2481.01
1963.45
2.17063
2.25134
2.34384
2.44945
2.569
2.70357
2.85451
3.02203
3.20514
3.40254
3.61228
3.82922
4.04255
4.23852
4.40633
4.51654
557.579
2559.45
2342.28
2.12348
2.2028
2.29379
2.39806
2.51678
2.65166
2.80473
2.97649
3.16682
3.3775
3.60993
3.85747
4.10509
4.33528
4.52751
4.65266
824.786
2611.2
601.517
2.06073
2.13757
2.22577
2.32729
2.44361
2.57685
2.72958
2.90253
3.09698
3.32085
3.58391
3.87488
4.16962
4.45049
4.69936
4.89014
1254.55
530.956
1140.86
1.98065
2.05307
2.13632
2.23278
2.34409
2.47254
2.62129
2.7913
2.98417
3.21789
3.52728
3.88198
4.23542
4.58176
4.90938
5.21615
175.159
1774.76
1716.11
1.88075
1.94577
2.02088
2.10879
2.21113
2.33042
2.47077
2.63232
2.81232
3.02767
3.42504
3.88608
4.29536
4.71928
5.14618
5.53805
5.9166
2618.18
1917.74
1.75755
1.81083
1.87317
1.94763
2.03609
2.14137
2.26754
2.41021
2.53868
2.68822
5.61799
4.01077
4.31874
4.84241
5.41793
5.90304
107.944
2681.29
2250.91
1.60615
1.64127
1.68398
1.73892
1.80918
1.89721
2.00427
2.12112
2.21315
2.8778
5.15552
5.83719
4.0935
4.91572
5.75927
6.21255
30.0729
573.362
2308.1
1.41952
1.42628
1.43966
1.46894
1.51994
1.59336
1.68508
1.78747
1.89769
2.83378
4.42575
2.96545
4.81409
8.48298
6.29335
6.92584
7.21079
8.05044
2338.58
1.18724
1.14936
1.11918
1.11775
1.15543
1.22618
1.31462
1.4136
1.54791
1.79478
1.93892
1.50272
12.6023
17.0116
16.7061
7.77346
8.14471
253.943
1171.86
0.893618
0.782754
0.685676
0.648673
0.692742
0.787797
0.891817
0.992635
1.12295
1.33308
1.59297
1.36909
2.83592
15.2023
19.2669
8.23908
8.17184
917.849
1648.73
0.5143
0.275588
0.0592281
-0.0162343
0.0889543
0.266152
0.417169
0.527509
0.611451
0.823066
6.01039
11.0372
10.2376
8.09275
17.4581
8.13128
8.00967
562.988
1723.76
0.0115687
-0.506219
-0.992529
-1.09311
-0.74257
-0.349428
-0.0940971
0.0419433
-0.0781272
10.1994
9.92023
0.131998
-1.58479
-0.600214
14.8161
9.17385
5.57886
639.009
1775.46
-0.782495
-1.98557
-2.5514
-3.12683
-1.98833
-1.06612
-0.588936
-0.351891
-0.46967
-0.429958
0.0765267
-2.22965
-2.72582
-0.181312
13.115
6.71384
4.66127
3.98575
1845.89
-1.66454
7.97184
-2.32787
-4.30828
-2.26736
-1.59192
-0.945686
-0.456434
-0.322633
4.09264
0.116124
-2.85257
-3.6649
9.90171
8.81058
3.64082
6.28336
7.28412
1949.02
12.5867
-3.25888
-3.93022
-4.41248
7.74436
-1.45338
-1.15644
-0.458653
6.96263
2.98706
-1.95618
-2.76428
-2.75207
-2.39372
0.452419
4.00544
6.8934
67.6698
2072.46
79.9225
29.3072
37.5931
122.422
126.944
39.9649
-1.39643
6.84059
4.73223
-1.63784
-1.74664
-2.30432
-2.48074
-1.35783
1.42485
3.76921
196.931
823.777
2199.43
-0.458575
111.907
2.17299
-2.05486
-2.55212
5.65534
-1.37255
6.0852
-1.56639
-1.40239
-0.920531
-2.55524
-2.78803
-1.21691
1.92903
717.891
902.519
747.264
1354.27
0.00795166
-1.56612
-2.09565
-2.50145
-3.12441
-2.86167
-1.99073
0.869062
-1.93255
0.0386116
-2.84049
-3.92048
-4.01123
412.592
828.607
790.734
145.364
17.4994
1405.63
-1.11479
2.47787
-1.81364
-2.78917
-3.40309
-3.06264
5.03024
-1.73607
-0.11519
-0.300991
-4.12305
-5.97614
683.752
644.692
45.1791
2.95965
3.30144
4.98117
760.99
-1.27934
0.26681
-1.03313
-2.36044
-2.92029
-2.08691
-2.27184
-0.643548
0.242843
-1.66723
-2.61856
585.913
376.2
0.879956
0.656154
1.42555
2.48598
3.40496
855.865
-1.11151
65.0718
-0.960802
-0.716045
-0.328629
-0.700617
-1.85519
1.08311
2.29596
-0.0736115
13.0174
515.468
-0.31737
-0.336112
0.320271
1.03091
2.06136
2.83712
1871.03
-0.957073
68.7348
96.1339
13.9219
-0.0141072
-0.742095
-0.923494
0.402959
0.867185
1.46703
232.231
129.855
-1.44796
-0.709656
-0.189266
0.151631
0.920036
2.65401
1890.61
-0.741003
-0.7949
200.879
201.449
0.839082
0.149823
0.63588
-0.083629
1.42711
239.52
784.777
281.786
0.803209
-0.895323
-0.908078
-1.45795
-2.47941
20.4239
208.92
-0.662329
16.9107
0.0711333
0.0647221
0.285993
0.163626
1.6389
152.611
818.471
831.985
564.938
2.50167
-2.63535
-2.96026
-1.83609
-2.4879
-4.89673
380.568
5.13739
-0.509262
10.3456
30.2025
-0.16338
0.587122
0.677059
0.0801749
0.0102115
798.419
479.973
5.67907
2.58915
-4.48564
-5.38304
-3.0584
-2.33505
57.0505
485.484
-1.32105
-0.279666
-0.198091
266.522
-0.0355195
0.12723
0.533258
0.0542056
0.279213
1.51151
1.85731
2.03312
0.36592
-3.1937
-4.33472
-2.40318
-2.16859
312.989
205.691
-1.05612
883.745
886.398
892.021
889.39
882.386
876.877
874.117
873.705
875.291
878.82
884.498
892.737
904.076
919.076
938.266
962.366
991.877
1025.56
1051.28
1046.46
1057.56
1018.98
1037.99
882.511
884.156
889.891
887.148
880.574
875.589
873.158
872.859
874.426
877.889
883.496
891.67
902.933
917.819
936.803
960.179
987.563
1016.43
1040.4
1050.93
1076.4
971.052
958.542
879.54
880.563
886.052
883.31
877.517
873.389
871.46
871.316
872.842
876.192
881.682
889.747
900.89
915.601
934.25
956.886
982.764
1009.35
1031.61
1047.18
1067.17
959.614
932.605
875.018
875.476
880.715
878.199
873.495
870.408
869.038
869.04
870.488
873.686
879.022
886.941
897.929
912.428
930.711
952.65
977.316
1002.38
1024.11
1039.93
1050.2
1001.14
1000.42
869.081
869.039
874.16
872.192
868.78
866.749
865.883
865.977
867.31
870.328
875.484
883.227
894.026
908.291
926.216
947.559
971.328
995.431
1016.9
1033.32
1042.84
1035.24
1072.01
861.943
861.463
866.696
865.621
863.55
862.437
861.945
862.057
863.242
866.066
871.025
878.563
889.142
903.158
920.755
941.627
964.792
988.376
1009.89
1027.15
1038.91
1048.34
1100.59
853.919
853.132
858.585
858.677
857.855
857.423
857.147
857.208
858.225
860.853
865.608
872.907
883.228
896.984
914.29
934.821
957.646
981.088
1002.98
1021.26
1035.12
1049
1090.64
845.483
844.033
850.082
851.592
851.712
851.667
851.442
851.39
852.229
854.668
859.21
866.217
876.223
889.703
906.76
927.066
949.79
973.438
996.045
1015.49
1030.45
1041.99
1054.93
318.019
318.023
318.023
318.012
317.988
317.952
317.91
317.866
317.825
317.791
317.766
317.75
317.746
317.751
317.764
317.784
317.805
317.825
317.837
318.017
318.023
318.025
318.015
317.99
317.953
317.91
317.865
317.823
317.789
317.763
317.748
317.743
317.749
317.763
317.783
317.806
317.826
317.839
318.012
318.023
318.029
318.021
317.993
317.954
317.909
317.862
317.82
317.785
317.759
317.744
317.739
317.745
317.76
317.782
317.806
317.828
317.842
318.002
318.023
318.033
318.029
317.998
317.955
317.907
317.859
317.815
317.779
317.753
317.738
317.733
317.74
317.756
317.78
317.807
317.831
317.847
317.985
318.026
318.037
318.04
318.004
317.956
317.905
317.854
317.808
317.771
317.745
317.729
317.725
317.733
317.751
317.777
317.807
317.836
317.854
317.955
318.035
318.041
318.052
318.008
317.956
317.901
317.847
317.799
317.762
317.735
317.719
317.716
317.724
317.744
317.773
317.808
317.842
317.864
317.905
318.035
318.072
318.055
318.01
317.955
317.896
317.838
317.788
317.75
317.722
317.707
317.703
317.713
317.735
317.769
317.81
317.849
317.876
317.819
317.931
317.943
318.053
318.005
317.951
317.888
317.827
317.775
317.735
317.707
317.692
317.689
317.699
317.724
317.762
317.81
317.858
317.892
835.153
823.647
833.422
838.316
838.7
838.663
838.256
837.913
838.387
840.423
844.497
850.721
859.893
872.823
889.633
909.844
933.165
958.134
983.077
1005.21
1021.28
1024.62
990.144
827.019
808.709
818.771
823.501
820.836
819.871
819.033
818.337
818.347
820.345
824.654
829.281
837.166
849.001
863.875
883.013
908.011
936.077
967.055
995.05
1016.97
1028.5
1026.54
851.368
500.461
180.289
267.996
238.224
238.161
229.135
221.795
219.028
230.542
234.953
250.133
304.494
408.955
580.208
763.149
881.731
913.278
951.061
986.629
1019.81
1044.98
1063.49
835.092
1.91144
1.88548
1.90491
1.91325
1.92393
1.9368
1.95315
1.97671
1.97226
2.29493
2.36284
2.31608
2.33573
2.36197
2.39552
2.48596
26.5811
263.546
966.725
1032.48
1066.34
1099.78
1.84266
1.85722
1.87083
1.87936
1.8897
1.90195
1.91657
1.93355
1.94542
1.93975
2.45948
2.19865
2.24412
2.37856
2.43636
2.2808
2.3104
2.39026
2.48933
2.6245
112.33
891.223
1132.3
1.83927
1.83298
1.84305
1.85263
1.86379
1.87693
1.89237
1.90953
1.92442
1.91601
1.9349
2.00989
2.0609
2.09699
2.13029
2.16678
2.20911
2.4935
2.76578
2.21195
1.84868
1.9392
83.6927
1.8124
1.8017
1.81265
1.82313
1.83478
1.84819
1.86348
1.88024
1.89709
1.90878
1.92468
1.9693
2.00217
2.02551
2.04892
2.06478
2.06766
2.01455
2.30087
2.10862
1.47959
1.58306
1.7882
1.77412
1.76758
1.78038
1.79127
1.80308
1.8162
1.83077
1.84656
1.86286
1.87866
1.89543
1.91796
1.94046
1.95923
1.96994
1.96795
1.94131
1.84337
2.16924
1.80897
1.26419
1.54288
1.80757
1.7396
1.73591
1.74731
1.75777
1.76905
1.78147
1.79506
1.80965
1.82482
1.84018
1.85599
1.8729
1.8887
1.90045
1.90417
1.89341
1.85541
1.76033
1.88223
1.69785
1.37971
1.60676
1.86388
1.71319
1.70486
1.71373
1.72278
1.73307
1.74454
1.75709
1.77055
1.78461
1.79896
1.81343
1.8277
1.84038
1.84931
1.8515
1.84229
1.81359
1.75049
1.61386
2.26448
1.56688
1.7141
3.38256
1.68563
1.67284
1.6788
1.68629
1.69542
1.70589
1.71749
1.73
1.74319
1.75677
1.77041
1.78365
1.79556
1.80484
1.80973
1.80785
1.79611
1.7711
1.72643
1.68229
1.73611
1.84072
1.96136
1.65412
1.63792
1.64194
1.64811
1.65617
1.66574
1.67657
1.6884
1.70103
1.7142
1.72757
1.74081
1.75347
1.76495
1.77456
1.78165
1.78609
1.78919
1.79501
1.81601
1.86489
1.93214
1.98783
1.6184
1.59976
1.60279
1.60807
1.61528
1.62414
1.63437
1.64575
1.65806
1.67109
1.68464
1.69859
1.71284
1.7273
1.74197
1.75717
1.77392
1.79445
1.82254
1.86275
1.91499
1.97044
2.01943
1.57892
1.5585
1.56114
1.5659
1.57254
1.58084
1.59061
1.60165
1.61378
1.6269
1.64097
1.65604
1.67222
1.68971
1.70886
1.73037
1.75545
1.78586
1.82352
1.86931
1.92102
1.97363
2.02417
1.53621
1.51452
1.51705
1.52152
1.52777
1.53565
1.54503
1.5558
1.56787
1.58126
1.59604
1.61236
1.63042
1.65053
1.67319
1.69916
1.72947
1.76521
1.80706
1.85465
1.90603
1.95844
2.01057
1.49093
1.46835
1.4709
1.47522
1.4812
1.48877
1.49787
1.50847
1.52059
1.53431
1.54977
1.56715
1.58669
1.60876
1.63387
1.66269
1.69599
1.73438
1.77797
1.82606
1.87718
1.92969
1.98286
1.44349
1.42011
1.42275
1.427
1.43283
1.44022
1.44917
1.45971
1.47192
1.48592
1.50184
1.5199
1.54038
1.56365
1.59018
1.62053
1.65521
1.69458
1.73853
1.78638
1.83699
1.88925
1.9427
1.39372
1.36925
1.37199
1.37624
1.382
1.38931
1.3982
1.40873
1.42098
1.43509
1.45122
1.46959
1.49049
1.51428
1.54139
1.57223
1.60715
1.64637
1.68973
1.73665
1.78627
1.83774
1.89065
1.34117
1.3153
1.31812
1.32236
1.32808
1.33531
1.34411
1.35456
1.36674
1.38078
1.39687
1.41523
1.43613
1.4599
1.48691
1.51747
1.55182
1.59007
1.63205
1.67732
1.72524
1.77513
1.82654
1.28567
1.25843
1.26125
1.26543
1.27103
1.27811
1.28672
1.29694
1.30888
1.32266
1.33846
1.35649
1.377
1.40028
1.42661
1.45625
1.48935
1.52593
1.56582
1.60867
1.65398
1.70117
1.74979
1.22753
1.19908
1.20182
1.20584
1.21124
1.21805
1.22634
1.23619
1.24769
1.26099
1.27622
1.29359
1.3133
1.33559
1.36071
1.38881
1.41997
1.45417
1.49121
1.5308
1.57246
1.61562
1.65978
1.16716
1.13759
1.14016
1.14395
1.14904
1.15548
1.16332
1.17265
1.18353
1.1961
1.21047
1.22682
1.24532
1.26615
1.28949
1.31542
1.34394
1.37498
1.40835
1.4437
1.4805
1.5181
1.55583
1.10477
1.07412
1.07644
1.07993
1.08464
1.09062
1.09789
1.10654
1.11661
1.12822
1.14145
1.15645
1.17333
1.19223
1.21323
1.23635
1.26151
1.2886
1.31736
1.34734
1.37785
1.40804
1.43697
1.04048
1.00872
1.01075
1.0139
1.01817
1.02359
1.0302
1.03802
1.04711
1.05754
1.06937
1.08269
1.09759
1.11411
1.13226
1.15196
1.17306
1.19538
1.21851
1.24182
1.26438
1.28498
1.30212
0.974329
0.941464
0.943206
0.945979
0.949763
0.95456
0.960383
0.967254
0.975201
0.984261
0.994465
1.00584
1.01842
1.03217
1.047
1.06273
1.07912
1.09584
1.1123
1.12758
1.14039
1.14888
1.15058
0.906367
0.87244
0.87393
0.876323
0.879573
0.883679
0.888634
0.894446
0.901116
0.908646
0.917028
0.926234
0.936219
0.946877
0.957993
0.969283
0.98039
0.990782
0.999614
1.00561
1.00687
1.0006
0.982631
0.836714
0.801835
0.8031
0.805101
0.807783
0.811143
0.815165
0.819831
0.825119
0.830995
0.837407
0.844272
0.851465
0.858784
0.865902
0.872407
0.877793
0.881311
0.881801
0.877508
0.865751
0.842342
0.800383
0.765563
0.729864
0.730919
0.732509
0.734592
0.73717
0.74021
0.74367
0.747505
0.751646
0.755993
0.760409
0.76469
0.768528
0.771485
0.773018
0.772458
0.768837
0.76064
0.745558
0.720013
0.678068
0.609012
0.693121
0.65676
0.657603
0.658762
0.660229
0.661996
0.664021
0.666245
0.668592
0.67096
0.673206
0.675136
0.676468
0.676796
0.675577
0.672145
0.665677
0.654984
0.638203
0.612513
0.573551
0.513708
0.418513
0.61961
0.582782
0.583395
0.584102
0.584932
0.585878
0.586878
0.587858
0.58872
0.589325
0.589489
0.588967
0.587406
0.584319
0.579066
0.570881
0.558809
0.541452
0.516665
0.481307
0.430548
0.356066
0.242183
0.545356
0.508223
0.508558
0.508779
0.508965
0.509087
0.509073
0.508836
0.508246
0.507138
0.505298
0.502432
0.498131
0.491841
0.482851
0.470317
0.453178
0.429875
0.398084
0.354528
0.294376
0.210026
0.0900592
0.470703
0.433335
0.433331
0.433043
0.432572
0.431884
0.430891
0.429479
0.427507
0.424781
0.42106
0.416021
0.409214
0.400043
0.387751
0.371438
0.349973
0.321692
0.284181
0.234141
0.166873
0.0761649
-0.0433394
0.395951
0.358325
0.357913
0.357093
0.355977
0.354505
0.352571
0.350052
0.34679
0.342574
0.337142
0.330155
0.321146
0.309503
0.294451
0.275065
0.250172
0.218083
0.176376
0.121703
0.0494026
-0.0461191
-0.168389
0.32128
0.283351
0.28249
0.28114
0.279397
0.277177
0.27436
0.270814
0.266377
0.260825
0.253887
0.24522
0.234361
0.220714
0.203521
0.181855
0.154558
0.119998
0.0758227
0.0186855
-0.0560955
-0.154253
-0.280971
0.246779
0.208537
0.207229
0.205371
0.203039
0.200125
0.196497
0.192022
0.186538
0.179819
0.171599
0.161542
0.149211
0.134054
0.115362
0.0922533
0.0636352
0.0280332
-0.0167203
-0.0738258
-0.147722
-0.244144
-0.370286
0.172451
0.133942
0.132225
0.129907
0.127041
0.123496
0.119138
0.11384
0.10744
0.0997258
0.0904491
0.0792967
0.0658648
0.0496723
0.0300999
0.00635732
-0.0225198
-0.0577714
-0.101203
-0.155594
-0.224769
-0.313714
-0.429683
0.0982867
0.0596446
0.05758
0.0548612
0.0515185
0.0474085
0.0424034
0.036385
0.0292026
0.0206609
0.010539
-0.00144009
-0.0156284
-0.032427
-0.0523378
-0.0760006
-0.104196
-0.13786
-0.178287
-0.227553
-0.288509
-0.364633
-0.460969
0.0243891
-0.0141728
-0.0165258
-0.0195866
-0.0233501
-0.0279639
-0.0335387
-0.0401792
-0.0480225
-0.0572425
-0.0680275
-0.0806078
-0.0952688
-0.112323
-0.132139
-0.155173
-0.181954
-0.213065
-0.249254
-0.291727
-0.342115
-0.402147
-0.473916
-0.0489962
-0.0872995
-0.0899302
-0.093294
-0.0974329
-0.102491
-0.10856
-0.115736
-0.124137
-0.13391
-0.145213
-0.15822
-0.173145
-0.190208
-0.209642
-0.231691
-0.256606
-0.284608
-0.315903
-0.35082
-0.389722
-0.432704
-0.479813
-0.121734
-0.160115
-0.163088
-0.16673
-0.171225
-0.176692
-0.183212
-0.190872
-0.199772
-0.210033
-0.221775
-0.235122
-0.250215
-0.267181
-0.286116
-0.307071
-0.330023
-0.354835
-0.381222
-0.408697
-0.436427
-0.462954
-0.486492
-0.193157
-0.230033
-0.233371
-0.237287
-0.242103
-0.247912
-0.254801
-0.262855
-0.272156
-0.282801
-0.294876
-0.308457
-0.323618
-0.340397
-0.358772
-0.378639
-0.399754
-0.42168
-0.443699
-0.464668
-0.482783
-0.495304
-0.498304
-0.260664
-0.304499
-0.308222
-0.312447
-0.317589
-0.323768
-0.331076
-0.339593
-0.34939
-0.360539
-0.373095
-0.387094
-0.402545
-0.419405
-0.437557
-0.45677
-0.476641
-0.496507
-0.515329
-0.53152
-0.54269
-0.545336
-0.534225
865.717
782.131
818.933
526.036
1013.06
1007.72
1017.51
1028.55
1080.99
1095.79
1116.91
1145.76
1132.39
1154.08
1179.67
1209.44
1168.83
1189.41
1210.95
1231.53
707.399
1223.51
1242.29
1261.48
2.00967
2.35135
12.6174
142.66
1.94874
1.99819
2.12239
2.28674
2.03979
3.23884
3.74658
2.43342
3.80144
3.84534
2.43921
2.08716
2.32829
2.04259
2.06519
2.10041
2.03268
2.0635
2.09484
2.12718
2.06255
2.08897
2.11677
2.1461
2.06879
2.09471
2.1216
2.14973
2.0568
2.08308
2.11011
2.13814
2.03026
2.05702
2.08441
2.11264
1.99048
2.0174
2.04498
2.07329
1.93799
1.96458
1.99181
2.01977
1.87248
1.89818
1.9244
1.95135
1.79306
1.81716
1.8417
1.86688
1.69869
1.72023
1.74214
1.76445
1.58824
1.60587
1.62361
1.64134
1.46018
1.47206
1.4835
1.49416
1.31256
1.31626
1.31856
1.31859
1.1435
1.13556
1.12446
1.10835
0.951846
0.927217
0.896065
0.855179
0.738593
0.69061
0.630025
0.551561
0.509482
0.430841
0.328203
0.191927
0.281137
0.169198
0.0156339
-0.200986
0.0832303
-0.045815
-0.226275
-0.490681
-0.0606896
-0.172083
-0.322274
-0.542349
-0.170639
-0.244237
-0.314739
-0.377988
-0.292783
-0.361259
-0.422432
-0.471587
-0.416931
-0.499929
-0.586992
-0.680928
-0.512706
-0.606475
-0.713842
-0.841931
-0.563043
-0.653521
-0.761788
-0.901618
-0.568632
-0.639849
-0.723952
-0.834902
-0.548566
-0.594294
-0.644582
-0.70255
-0.524538
-0.550268
-0.577219
-0.604806
-0.50334
-0.511395
-0.520149
-0.531858
-0.488797
-0.477568
-0.461249
-0.439944
-0.506959
-0.483283
-0.451625
-0.411061
319.175
319.008
317.852
317.935
317.987
317.941
317.869
317.798
317.74
317.7
317.673
317.658
317.655
317.666
317.696
317.745
317.811
317.881
317.932
363.511
329.599
317.95
317.975
317.993
317.941
317.84
317.743
317.681
317.645
317.623
317.609
317.604
317.613
317.646
317.71
317.806
317.919
318.008
564.548
320.394
318.543
318.002
317.965
317.97
317.802
317.645
317.589
317.569
317.561
317.552
317.54
317.539
317.57
317.647
317.782
317.969
318.135
1170.78
1006.86
630.861
317.054
318.013
318.149
317.743
317.464
317.4
317.438
317.481
317.515
317.468
317.437
317.455
317.533
317.707
318.017
318.356
1256.46
1270.32
1280.33
1319.05
1015.47
320.299
318.241
377.096
315.984
317.232
317.292
317.615
317.416
317.289
317.292
317.342
317.509
317.982
318.745
1284.64
1315.2
1340.69
1375.04
1415.1
1452.26
1425.15
1359.68
1416.05
1195.62
769.446
373.834
317.203
316.945
317.079
317.057
317.058
317.469
319.396
664.527
1351.34
1375.01
1402.6
1431.5
1457.93
1469.14
1459.38
1474.93
1505.43
1530.58
1589.46
1139.15
473.123
317.351
316.754
316.181
314.84
332.437
2.33886
3.1289
68.0556
366.526
860.829
1261.03
1430.78
1489.64
1500.52
1521.15
1550.59
1589.08
1624.61
1667.72
1523.22
316.584
315.162
312.258
317.464
2.36009
2.72025
2.30166
2.42907
2.56967
2.92868
3.40995
4.15847
26.5087
148.506
652.625
1558.41
1643.65
1703.51
1805.08
1647.36
314.446
313.176
312.241
2.65606
2.48482
2.32279
2.43545
2.55211
2.67826
2.80421
2.92561
3.06836
3.2082
3.33779
3.79592
108.435
1295.52
1788.18
1890.14
1846.62
315.284
315.86
2.14537
2.24014
2.34468
2.45332
2.56789
2.69138
2.82058
2.95234
3.08664
3.21258
3.33986
3.48792
3.65701
3.98892
240.986
1872.23
1984.48
1977.4
1216.35
2.17144
2.2583
2.35701
2.46239
2.57653
2.69983
2.83088
2.96765
3.10696
3.23977
3.36957
3.52942
3.70695
3.86535
4.00755
6.38724
1740.29
2279.36
2804.4
2.1874
2.26881
2.36194
2.46494
2.57835
2.70225
2.83572
2.97728
3.1246
3.27257
3.41687
3.57291
3.75264
3.92604
4.05883
4.13285
6.90155
2226.88
2791.22
2.18952
2.26779
2.35765
2.45887
2.57188
2.69673
2.83293
2.97963
3.13528
3.29725
3.46139
3.62691
3.80129
3.98
4.13017
4.19227
4.25331
1874.67
2590.23
2.1775
2.25427
2.3424
2.44255
2.55548
2.68136
2.82036
2.97237
3.13637
3.31023
3.4909
3.67462
3.85767
4.03707
4.19918
4.28764
4.60172
2157.74
2508.41
2.15198
2.22793
2.31491
2.41428
2.52702
2.65371
2.79527
2.95235
3.12429
3.30936
3.50525
3.70863
3.91237
4.10581
4.27713
4.40056
4.86944
2410.03
2536.27
2.11252
2.18762
2.27339
2.37169
2.48375
2.61061
2.75402
2.91516
3.0937
3.2892
3.50167
3.7285
3.96044
4.18245
4.37899
4.53058
4.80946
2449.41
2556.75
2.05845
2.13196
2.21575
2.31202
2.42231
2.54805
2.69167
2.85477
3.03736
3.24167
3.47352
3.73241
4.00316
4.26698
4.50534
4.69513
13.6115
2535.01
528.807
1.98873
2.05921
2.13942
2.23187
2.33848
2.46087
2.60189
2.76355
2.94625
3.15597
3.4113
3.71755
4.04177
4.36075
4.66145
4.91733
5.45298
2345.08
456.563
1.9017
1.96679
2.04089
2.12678
2.22667
2.34217
2.47661
2.63268
2.80943
3.01382
3.29445
3.68486
4.0765
4.45852
4.83824
5.16707
5.4367
982.687
1447.77
1.79493
1.85118
1.91546
1.9908
2.07959
2.18351
2.30654
2.45155
2.61074
2.76756
3.18778
3.6626
4.10644
4.54201
5.0333
5.49279
5.95518
1589
2702.73
1.66498
1.70751
1.75645
1.81557
1.88799
1.97579
2.08243
2.20808
2.32935
2.41673
5.08445
5.83746
4.29969
4.5526
5.24198
5.83255
5.83228
1076.53
2006.94
1.50722
1.52853
1.55378
1.58922
1.6405
1.71051
1.80005
1.90518
2.0086
2.14607
4.72705
4.94817
3.3909
4.21044
5.50231
6.33621
6.48618
6.69269
1093.11
1.31518
1.30337
1.29217
1.29472
1.32297
1.38017
1.46042
1.55438
1.66219
2.1776
2.10607
2.65874
6.23786
15.3043
16.2057
7.12967
7.52808
7.9114
1354.53
1.07943
1.01528
0.946458
0.903956
0.913217
0.974162
1.06261
1.15816
1.27136
1.44391
1.70746
1.66024
1.04584
11.6562
18.4169
12.0992
8.07636
17.5611
927.673
0.786541
0.636047
0.469839
0.360816
0.367446
0.47241
0.601475
0.713785
0.818647
0.955329
1.2937
1.49511
11.2757
3.36536
16.9375
18.9344
7.81921
8.46475
1686.08
0.420939
0.121372
-0.234066
-0.46217
-0.410631
-0.156403
0.0766646
0.23203
0.315037
0.305966
10.2167
10.5924
6.90285
-0.543335
14.3746
17.7946
6.73048
7.8814
1766.36
-0.0451229
-0.726233
-1.5837
-2.05819
-1.71824
-0.966657
-0.499535
-0.24231
-0.203772
0.306282
9.33807
-1.27042
-2.05514
-1.98805
10.9355
15.5632
4.56501
5.39733
1293.13
-0.619439
-1.91767
2.0439
-0.645935
-2.12859
-1.83942
-1.0643
-0.577336
-0.37859
-0.591277
2.95636
-2.17193
-2.99896
-3.18273
11.1485
8.87935
4.75306
6.38124
1172.34
-1.0886
53.6282
-3.88185
-4.92728
-3.66848
-1.76918
-1.37713
-0.723727
-0.28357
5.97045
1.5791
-2.41005
-3.42217
-1.72019
5.10366
2.0666
5.44486
8.3187
1843.46
-1.10188
114.142
-3.50925
-2.96038
100.399
12.1429
-1.29956
-0.923589
7.10912
4.15811
-1.76092
-2.12213
-2.70927
-2.26692
-0.689324
2.5968
5.00946
61.4314
1203.99
-0.433363
123.832
122.628
100.933
36.4157
30.7995
0.650083
6.03842
4.83214
-1.46581
-0.298755
-2.03559
-2.5166
-2.13979
0.266917
3.66467
383.222
910.215
513.988
-0.485195
-1.01941
-1.82742
-1.99527
-2.63889
-2.74869
-1.42322
5.089
-1.82359
-1.60126
-0.469585
-2.67703
-3.33021
-3.49618
117.613
877.112
884.575
543.813
108.96
-0.837073
1.5741
-1.89006
-2.14899
-3.22247
-3.20032
-2.88587
4.9574
-2.39896
0.169312
-2.68539
-4.38827
-5.29355
657.79
777.026
335.501
11.8029
5.90742
47.672
-1.06177
1.52108
1.88823
-1.62654
-3.16404
-3.10608
-2.51946
-0.0783472
-0.551831
0.194234
-3.00639
-5.80273
627.717
454.287
2.33355
1.39396
2.13128
3.24931
5.93356
-1.12007
-1.29134
-1.02062
-1.32012
-0.808408
-0.864909
-1.81146
-1.0909
0.545849
1.59455
-1.34302
463.684
434.133
0.270408
0.171691
0.849208
1.73182
2.57844
39.7145
-1.00097
9.49064
6.20771
-1.08833
-0.24644
0.284896
-1.38961
0.385857
2.64507
0.653014
1.24076
175.995
-0.942276
-0.992794
-0.182046
0.364246
1.18689
2.79497
164.567
-0.78832
-0.870144
193.791
195.882
0.218015
0.0533594
-0.416739
-0.574646
0.514981
1.53357
71.5399
713.594
6.74006
-0.954005
-0.600399
-0.565052
-0.656432
-0.207824
607.826
-0.655275
-0.111489
2.63978
165.168
5.64518
0.48293
0.757961
-0.0661009
85.9875
731.609
814.506
455.946
0.764114
-1.30235
-1.38043
-1.5554
-3.1258
-2.1283
518.526
-0.562992
-0.609285
39.4533
-0.473864
-0.106069
0.568384
0.231636
-0.17748
810.926
837.543
587.518
5.50789
-1.00157
-4.55137
-3.56863
-2.03609
-3.54461
196.771
511.644
-0.399789
-0.372761
146.76
0.165291
-0.0107826
0.667454
0.682009
0.0390492
0.545926
136.693
4.08372
3.2566
-1.26579
-5.47019
-3.98717
-2.20723
20.2978
402.299
76.7592
-0.342266
-0.200127
-0.138569
-0.104429
-0.0437691
-0.00527402
0.0267585
0.0141303
0.00314467
0.135927
0.184965
0.0765036
-1.37772
-2.2252
-1.66738
-1.50053
32.3786
32.0034
-1.20289
883.857
890.069
891.746
885.944
879.29
875.171
873.647
874.259
876.805
881.368
888.265
897.983
911.089
928.088
949.667
976.432
1008.52
1040.97
1053.83
1050.32
1048.07
995.044
1078.32
881.658
888.118
889.488
883.874
877.754
874.078
872.766
873.413
875.91
880.401
887.231
896.881
909.891
926.766
947.94
973.449
1002.12
1029.61
1047.58
1059.36
1071.66
911.158
1044.4
877.89
884.292
885.55
880.367
875.157
872.179
871.18
871.865
874.272
878.644
885.362
894.901
907.772
924.418
945.088
969.521
996.233
1021.38
1039.94
1056.31
1058.42
906.89
1031.64
872.636
878.991
880.195
875.747
871.706
869.54
868.871
869.567
871.846
876.06
882.629
892.021
904.717
921.092
941.255
964.749
990.011
1013.91
1032.75
1046.09
1043.16
950.322
1073.04
866.044
872.426
873.772
870.364
867.586
866.197
865.8
866.462
868.58
872.611
879.003
888.216
900.706
916.798
936.499
959.243
983.514
1006.68
1025.83
1039.19
1042.63
1038.43
1126.13
858.3
864.819
866.63
864.48
862.888
862.13
861.902
862.479
864.416
868.251
874.443
883.443
895.703
911.515
930.823
953.019
976.681
999.549
1019.14
1033.79
1043.3
1064.2
1148.59
849.687
856.507
858.995
858.223
857.604
857.27
857.102
857.554
859.302
862.939
868.912
877.659
889.661
905.202
924.193
946.034
969.42
992.367
1012.67
1028.72
1041.3
1063.43
1123.76
840.369
847.485
851.219
851.689
851.71
851.569
851.353
851.651
853.211
856.655
862.377
870.808
882.512
897.796
916.545
938.203
961.614
985.007
1006.28
1023.55
1036.41
1047.35
1036.27
318.021
318.025
318.02
318.001
317.971
317.931
317.888
317.845
317.807
317.777
317.757
317.747
317.747
317.757
317.773
317.795
317.816
317.832
317.84
318.02
318.025
318.022
318.004
317.972
317.932
317.887
317.843
317.805
317.775
317.754
317.744
317.745
317.755
317.772
317.794
317.816
317.834
317.841
318.017
318.027
318.027
318.009
317.975
317.932
317.885
317.841
317.801
317.771
317.75
317.74
317.741
317.752
317.77
317.794
317.818
317.836
317.845
318.013
318.028
318.035
318.016
317.978
317.931
317.883
317.836
317.796
317.765
317.744
317.734
317.735
317.747
317.767
317.793
317.819
317.841
317.85
318.008
318.027
318.045
318.024
317.981
317.931
317.879
317.83
317.788
317.757
317.736
317.726
317.728
317.74
317.763
317.792
317.822
317.847
317.858
317.999
318.027
318.056
318.032
317.983
317.929
317.873
317.822
317.779
317.747
317.725
317.716
317.718
317.732
317.757
317.791
317.826
317.855
317.868
317.985
318.071
318.096
318.035
317.983
317.926
317.866
317.812
317.768
317.734
317.713
317.703
317.706
317.722
317.75
317.789
317.83
317.865
317.882
317.846
317.926
318.023
318.025
317.98
317.921
317.857
317.799
317.753
317.72
317.698
317.689
317.692
317.709
317.741
317.786
317.835
317.878
317.899
822.438
827.958
837.021
838.614
838.728
838.493
838.032
838
839.168
842.201
847.311
854.871
865.866
880.758
899.357
921.183
945.54
970.756
994.684
1014.26
1025.2
1014.17
939.917
819.164
810.347
824.257
821.746
820.31
819.457
818.634
818.192
818.962
822.456
826.757
832.706
842.625
856.137
872.297
895.27
921.495
951.606
981.594
1007.06
1024.24
1029.55
1021.18
844.868
158.749
273.516
244.25
239.657
233.899
225.057
220.056
222.586
235.061
238.693
271.842
349.152
487.601
670.795
862.022
896.444
933.053
968.407
1004.22
1033.42
1054.79
1072.34
1.85904
1.84764
1.89903
1.90855
1.91842
1.92999
1.9444
1.96246
1.98095
2.07195
2.36009
2.34244
2.3198
2.35508
2.36936
2.43121
2.97563
116.106
556.207
1009.95
1050.14
1082.85
1117.52
1.85064
1.86476
1.87468
1.88421
1.89555
1.90895
1.92466
1.94056
1.93841
2.36867
2.33873
2.19485
2.32013
2.42123
2.45102
2.27616
2.35262
2.42664
2.52314
3.87077
386.36
1110.8
1153.66
1.8265
1.83785
1.84754
1.85791
1.87009
1.88435
1.90085
1.91764
1.9225
1.89909
1.97699
2.04046
2.07861
2.11387
2.14746
2.18786
2.22721
2.80189
2.47717
2.01952
1.78261
2.66225
382.207
1.79422
1.80702
1.81766
1.82874
1.84126
1.8556
1.87174
1.88876
1.90441
1.9131
1.94274
1.99267
2.01186
2.03786
2.05795
2.06909
2.05228
1.94168
2.27774
1.97772
1.48753
1.68154
1.92071
1.75708
1.77413
1.78566
1.79704
1.80946
1.82331
1.83855
1.85469
1.87093
1.88639
1.90633
1.92939
1.95062
1.96574
1.97108
1.96058
1.90561
1.74695
2.03754
1.298
1.38949
1.6898
1.89831
1.72622
1.74193
1.75248
1.76328
1.77511
1.78812
1.80226
1.8172
1.8325
1.84796
1.86438
1.88113
1.89527
1.90367
1.90111
1.87911
1.81826
1.6726
2.11054
1.31505
1.48291
1.73622
1.97871
1.70065
1.70958
1.71809
1.72778
1.73866
1.75069
1.76373
1.77752
1.79176
1.80618
1.82064
1.83436
1.84548
1.85149
1.84872
1.83109
1.78762
1.69708
2.03696
1.8432
1.63785
1.81082
3.74595
1.67141
1.67571
1.68231
1.69067
1.7005
1.71156
1.72364
1.73653
1.74995
1.7636
1.77713
1.78984
1.80063
1.80796
1.80981
1.80343
1.78546
1.75279
1.69699
1.76161
1.78686
1.88828
2.31433
1.63761
1.63965
1.64476
1.65193
1.66079
1.67101
1.68237
1.69463
1.70756
1.72088
1.73424
1.74725
1.7594
1.77003
1.77845
1.78417
1.78763
1.79138
1.80247
1.83678
1.89662
1.96336
2.01108
1.59977
1.60097
1.60516
1.61145
1.61952
1.6291
1.63993
1.6518
1.6645
1.67781
1.69157
1.70568
1.72004
1.7346
1.74946
1.76525
1.78352
1.80725
1.84093
1.88777
1.94268
1.99573
2.04329
1.55846
1.55954
1.56327
1.569
1.5765
1.58556
1.59599
1.60759
1.62022
1.63382
1.64837
1.66398
1.68079
1.69904
1.71925
1.74236
1.76987
1.80368
1.84545
1.89471
1.94753
1.99913
2.04942
1.51431
1.51553
1.51905
1.52443
1.53151
1.54016
1.55025
1.56167
1.5744
1.58847
1.60399
1.62115
1.64019
1.6615
1.6857
1.7137
1.7466
1.78536
1.83022
1.88005
1.93225
1.98451
2.03689
1.46796
1.46939
1.47284
1.47801
1.48479
1.49313
1.50298
1.51433
1.52724
1.54181
1.5582
1.57663
1.59738
1.6209
1.64777
1.67874
1.71452
1.75555
1.80153
1.85136
1.90334
1.95617
2.00989
1.41953
1.42123
1.42468
1.42972
1.43633
1.4445
1.45424
1.4656
1.47869
1.49363
1.51059
1.52982
1.55164
1.57647
1.60484
1.6373
1.6743
1.71601
1.76203
1.81142
1.86296
1.91582
1.96996
1.36851
1.37045
1.37393
1.37893
1.38546
1.39355
1.40326
1.41464
1.4278
1.44289
1.46011
1.4797
1.502
1.52739
1.55632
1.58916
1.62623
1.66756
1.7128
1.76119
1.81182
1.86402
1.91768
1.31446
1.31654
1.32006
1.32503
1.3315
1.33951
1.34913
1.36043
1.37352
1.38856
1.40575
1.42534
1.44764
1.47298
1.50173
1.53416
1.57046
1.61061
1.65431
1.701
1.74998
1.80065
1.8528
1.25754
1.25968
1.26316
1.26805
1.27438
1.28222
1.29162
1.30269
1.31553
1.3303
1.34718
1.36642
1.38827
1.41305
1.44101
1.47236
1.50721
1.54548
1.5869
1.63105
1.67737
1.72532
1.77456
1.1982
1.20029
1.20366
1.20837
1.21446
1.222
1.23106
1.24173
1.25411
1.26835
1.28463
1.30314
1.32411
1.34778
1.37438
1.40401
1.4367
1.47235
1.51071
1.5514
1.59389
1.6376
1.68212
1.13677
1.13873
1.14189
1.14633
1.15209
1.15922
1.1678
1.17789
1.1896
1.20305
1.21839
1.23579
1.25543
1.2775
1.30213
1.32936
1.35916
1.39139
1.42581
1.46196
1.49925
1.53699
1.57458
1.0734
1.07515
1.07803
1.08213
1.08747
1.09409
1.10204
1.11139
1.12222
1.13463
1.14872
1.16464
1.18252
1.20246
1.22453
1.24868
1.27483
1.30279
1.33224
1.36258
1.39305
1.42273
1.45068
1.00815
1.00962
1.01218
1.01589
1.02074
1.02675
1.03395
1.0424
1.05215
1.06327
1.07584
1.08994
1.10564
1.12299
1.14192
1.16235
1.18409
1.20687
1.23019
1.25326
1.27501
1.29409
1.3089
0.941041
0.942217
0.944465
0.947745
0.952034
0.957341
0.963686
0.971091
0.97959
0.989218
1
1.01198
1.02515
1.03946
1.05477
1.07086
1.08747
1.10415
1.12016
1.13439
1.14531
1.15078
1.14797
0.872156
0.873074
0.87502
0.87784
0.881519
0.886051
0.891432
0.897673
0.904773
0.912732
0.92153
0.931134
0.941476
0.952393
0.963637
0.974887
0.98572
0.995462
1.00306
1.00698
1.0049
0.99344
0.967574
0.801665
0.802373
0.804013
0.806355
0.80938
0.813072
0.817419
0.822398
0.827986
0.834139
0.840789
0.847838
0.855126
0.862393
0.869259
0.875279
0.879847
0.882026
0.880394
0.87278
0.855857
0.82432
0.769372
0.729789
0.730315
0.731649
0.733485
0.735821
0.738635
0.74189
0.745544
0.749542
0.753801
0.758202
0.762583
0.76669
0.770148
0.772467
0.77305
0.771109
0.765433
0.754145
0.734387
0.701616
0.647942
0.558988
0.656743
0.657127
0.658132
0.659451
0.661078
0.66298
0.665112
0.667409
0.669782
0.672109
0.674226
0.675898
0.676788
0.676419
0.674184
0.669352
0.660956
0.647505
0.626695
0.595057
0.546924
0.471899
0.349538
0.582802
0.583047
0.583711
0.584494
0.585394
0.586376
0.587376
0.588311
0.589066
0.589475
0.589332
0.588344
0.58609
0.582009
0.575393
0.565402
0.550905
0.530156
0.500552
0.458261
0.396998
0.305488
0.16133
0.508296
0.508358
0.508636
0.508868
0.509039
0.509101
0.50899
0.508595
0.507768
0.506327
0.504016
0.500491
0.495276
0.487732
0.477086
0.462404
0.442422
0.41522
0.378026
0.326926
0.255829
0.155369
0.0106863
0.43352
0.433296
0.433157
0.432821
0.43226
0.431433
0.430245
0.428574
0.426252
0.423062
0.41873
0.412872
0.404967
0.394341
0.380159
0.361436
0.336817
0.304272
0.260978
0.203028
0.124866
0.0201358
-0.114253
0.358669
0.358066
0.357469
0.356562
0.355293
0.353603
0.351393
0.348526
0.344816
0.340029
0.33387
0.325938
0.315699
0.302456
0.285364
0.263398
0.235158
0.198615
0.150917
0.0881077
0.00487648
-0.103876
-0.238446
0.283867
0.282838
0.281775
0.280308
0.278354
0.275851
0.272687
0.268719
0.263755
0.257549
0.249795
0.240098
0.227929
0.212615
0.193312
0.168996
0.138314
0.0992928
0.0491346
-0.0161523
-0.101874
-0.213768
-0.355615
0.20917
0.207763
0.206257
0.204256
0.201665
0.198409
0.194374
0.189419
0.183348
0.175915
0.166826
0.155692
0.142027
0.125201
0.104421
0.0787139
0.0468208
0.00697443
-0.0434807
-0.108346
-0.192706
-0.302937
-0.447063
0.134601
0.132917
0.131023
0.12854
0.125363
0.121426
0.116616
0.110791
0.103761
0.0953011
0.0851308
0.0728934
0.0581488
0.0403539
0.0188072
-0.00737169
-0.0392557
-0.0783139
-0.126812
-0.188056
-0.266392
-0.367732
-0.50107
0.0602206
0.0584008
0.0561891
0.0532687
0.0495685
0.0450246
0.0395293
0.0329497
0.0251142
0.0158129
0.00480145
-0.00823497
-0.0236737
-0.0419574
-0.0636544
-0.0894786
-0.120279
-0.157121
-0.20165
-0.256369
-0.324419
-0.40988
-0.519143
-0.0137505
-0.0155967
-0.0180638
-0.0213716
-0.0255429
-0.030625
-0.0367181
-0.04394
-0.0524493
-0.0624265
-0.0740758
-0.0876598
-0.103475
-0.12186
-0.143221
-0.168059
-0.19693
-0.230462
-0.269608
-0.315824
-0.370803
-0.436445
-0.515134
-0.0870669
-0.0888842
-0.0915835
-0.0952527
-0.0998404
-0.105393
-0.112002
-0.119774
-0.128842
-0.13936
-0.151491
-0.165428
-0.181395
-0.199614
-0.220323
-0.243774
-0.27021
-0.299828
-0.332882
-0.369761
-0.410696
-0.455757
-0.505062
-0.160075
-0.161868
-0.164833
-0.168859
-0.173833
-0.179815
-0.186894
-0.19516
-0.204725
-0.215712
-0.228239
-0.242442
-0.258457
-0.276398
-0.296341
-0.318305
-0.342212
-0.367856
-0.394866
-0.422608
-0.449941
-0.475234
-0.496688
-0.229998
-0.23185
-0.235222
-0.239575
-0.244877
-0.251216
-0.258676
-0.267343
-0.277304
-0.288654
-0.301473
-0.315836
-0.331804
-0.349387
-0.36853
-0.389063
-0.410653
-0.432736
-0.454408
-0.474233
-0.48993
-0.498286
-0.494746
-0.303715
-0.306399
-0.310231
-0.314896
-0.320544
-0.327277
-0.33518
-0.344329
-0.354793
-0.36664
-0.379914
-0.394641
-0.410806
-0.428332
-0.447053
-0.466659
-0.486631
-0.506135
-0.523883
-0.537924
-0.54536
-0.541904
-0.521297
824.318
780.748
806.157
339.122
1008.06
1011.65
1025.56
850.756
1087.76
1105.4
1130.61
1155.11
1142.84
1166.29
1194.23
1225.89
1178.81
1200.27
1221.39
1240.85
1006.76
1232.61
1252
1270.19
2.11348
2.79412
50.0826
286.41
1.97625
2.04574
2.2244
2.23222
2.158
3.7473
3.69888
2.13042
3.82799
3.44949
2.11472
2.10048
2.17039
2.04659
2.08317
2.11742
2.04807
2.07901
2.11093
2.14368
2.07557
2.10268
2.13125
2.16133
2.08162
2.10802
2.1355
2.16436
2.06984
2.09649
2.12398
2.15263
2.04355
2.07063
2.0984
2.12716
2.00385
2.03111
2.05903
2.08779
1.9512
1.97811
2.00569
2.03408
1.88527
1.91121
1.93777
1.96519
1.80506
1.82937
1.8542
1.8798
1.70941
1.73114
1.75324
1.7758
1.59702
1.61474
1.63248
1.65021
1.46614
1.47788
1.48893
1.49918
1.31451
1.31767
1.31888
1.31763
1.13977
1.13057
1.11708
1.09815
0.940091
0.912739
0.876906
0.830651
0.715769
0.662337
0.593131
0.505003
0.472469
0.383244
0.264604
0.107914
0.229277
0.0989218
-0.0838503
-0.343475
0.024096
-0.128057
-0.345834
-0.683914
-0.112367
-0.241332
-0.418817
-0.722841
-0.207443
-0.28024
-0.346714
-0.415558
-0.327551
-0.393268
-0.448232
-0.48252
-0.458002
-0.542868
-0.632857
-0.730482
-0.558107
-0.658178
-0.774338
-0.921608
-0.606397
-0.705009
-0.825774
-0.98769
-0.602831
-0.679953
-0.77446
-0.900172
-0.570945
-0.618723
-0.67207
-0.737232
-0.537283
-0.563564
-0.590875
-0.622008
-0.507388
-0.515563
-0.52534
-0.541003
-0.483777
-0.470097
-0.451055
-0.42696
-0.496042
-0.468524
-0.432488
-0.387314
319.481
318.909
317.732
317.987
317.967
317.906
317.833
317.767
317.718
317.685
317.664
317.655
317.658
317.678
317.718
317.777
317.847
317.911
317.943
335.599
319.226
317.943
318.002
317.95
317.889
317.79
317.706
317.661
317.633
317.614
317.605
317.606
317.626
317.674
317.755
317.862
317.97
318.026
360.563
318.902
318.183
318.141
317.972
317.881
317.724
317.593
317.588
317.567
317.552
317.547
317.537
317.55
317.602
317.707
317.871
318.062
318.17
1081.3
933.568
320.76
318.093
318.14
317.883
317.59
317.287
317.576
317.482
317.461
317.494
317.448
317.439
317.485
317.605
317.845
318.202
318.428
1268.44
1273.68
1300.63
1300.52
539.822
318.031
321.966
316.334
330.555
318.679
317.429
317.497
317.352
317.28
317.309
317.401
317.691
318.372
318.913
1302.42
1326.95
1357.02
1393.05
1435.24
1448.72
1392.63
1394.19
1409.15
1003.42
312.748
317.297
317.174
317.015
317.075
317.033
317.168
318.273
319.935
1121.34
1362.81
1388.3
1416.95
1445.77
1466.25
1465.47
1462.27
1490.11
1517.14
1564.75
1378.19
969.986
356.852
316.962
316.492
315.703
316.964
327.577
2.55102
10.0095
190.874
605.351
1089.44
1368.84
1476.25
1493.75
1509.66
1535.45
1569.19
1610.95
1633.92
1706.84
560.378
315.908
314.178
311.339
943.414
3.12775
2.2991
2.36126
2.49676
2.71027
3.18496
3.54377
9.29644
67.097
338.875
1053.31
1620.86
1669.26
1750.72
1848.24
589.471
313.841
312.896
1224.39
2.89856
2.26544
2.37899
2.49343
2.61373
2.7427
2.86321
2.99529
3.14
3.26993
3.44529
4.68036
435.717
1744.93
1839.03
1936.18
715.951
315.667
1355.69
2.18817
2.29178
2.39864
2.50956
2.62858
2.75564
2.88597
3.01973
3.15104
3.2734
3.41195
3.57149
3.75465
5.27725
1221.05
1925.36
2046.58
1308.98
2216.4
2.2129
2.3069
2.40868
2.51831
2.63707
2.76454
2.89866
3.03742
3.17476
3.30319
3.4447
3.62008
3.7918
3.93224
4.26304
463.807
2090.27
2530.98
2954.31
2.22645
2.31413
2.41217
2.52032
2.63902
2.76788
2.90559
3.05045
3.19896
3.34488
3.49176
3.66104
3.84251
4.00021
4.09955
4.28994
1010.93
2549.37
2763.61
2.2272
2.31132
2.40681
2.51388
2.63284
2.76345
2.90505
3.05646
3.2157
3.37932
3.54358
3.71268
3.89137
4.06219
4.17449
4.20052
261.917
2440.9
2511.37
2.21456
2.29687
2.39091
2.4974
2.61679
2.74921
2.89477
3.05298
3.22224
3.39993
3.58265
3.76638
3.94813
4.12278
4.26949
4.30952
803.956
2458.49
1978.04
2.18873
2.26994
2.36297
2.46895
2.58856
2.72256
2.87188
3.03655
3.21532
3.40612
3.60632
3.81109
4.01107
4.19575
4.35876
4.44105
683.829
2517.55
2208.35
2.14893
2.22903
2.32089
2.42595
2.54523
2.68013
2.83237
3.00231
3.18932
3.39336
3.61371
3.84469
4.07374
4.28484
4.46184
4.58256
559.523
2589.24
1585.47
2.09415
2.17241
2.26222
2.36535
2.48311
2.61748
2.77078
2.94361
3.13647
3.35384
3.60028
3.86752
4.13703
4.39047
4.60684
4.75424
1265.2
1752.93
607.489
2.02299
2.09792
2.18397
2.28333
2.39754
2.52887
2.68012
2.85217
3.04682
3.27662
3.55971
3.87945
4.20259
4.51456
4.8008
5.03626
805.001
515.521
1702.72
1.93338
2.00253
2.08219
2.1749
2.2823
2.40678
2.55193
2.71857
2.90802
3.1386
3.48312
3.88381
4.26714
4.65075
5.02361
5.36967
6.38086
2543.98
1789.2
1.82233
1.88211
1.95155
2.03344
2.12947
2.24234
2.37642
2.53028
2.69021
2.87295
4.17455
3.9007
4.31597
4.78472
5.27795
5.73173
44.5035
2691.82
2072.1
1.68575
1.73094
1.78449
1.85001
1.92977
2.02654
2.14335
2.27253
2.37443
2.75887
5.46383
6.0558
4.27082
4.88768
5.57076
6.01733
81.484
1723.64
2284.01
1.51779
1.54031
1.56982
1.61264
1.67305
1.75292
1.85124
1.95928
2.05812
2.55394
4.84985
5.15359
3.69495
4.87721
5.99882
6.51806
6.48538
7.80385
2322.73
1.3099
1.29695
1.29077
1.3052
1.34815
1.41801
1.50619
1.60567
1.72878
2.45562
2.319
1.78744
13.9335
17.1492
7.1275
7.36824
7.84744
8.27835
1511
1.04938
0.979752
0.919417
0.90137
0.938468
1.01661
1.10994
1.20963
1.34809
1.57493
1.75998
1.40322
1.00454
16.6917
19.7975
8.03321
8.21476
910.398
1280.19
0.716358
0.550963
0.4034
0.3486
0.412093
0.537781
0.660443
0.764503
0.878691
1.08703
1.52351
6.57573
10.4859
9.32675
18.539
8.4945
8.15728
545.581
1687.8
0.284272
-0.0587075
-0.376312
-0.474633
-0.292235
-0.0303297
0.164022
0.284492
0.294459
2.02116
11.0381
9.99722
0.377948
3.79616
16.114
8.21656
7.10278
788.507
1750.21
-0.33935
-1.1642
-1.9036
-2.00507
-1.32416
-0.697604
-0.349649
-0.182429
-0.370441
8.25314
3.64448
-1.81571
-2.15577
-1.44616
13.798
8.63509
4.55923
159.174
1803.6
-1.24634
1.02831
1.0095
-1.54139
-2.50884
-1.39045
-0.79173
-0.437513
-0.419623
-0.610267
1.1347
-2.61656
-3.27064
7.68203
12.8078
4.23985
5.44109
6.47687
1894.93
-2.02669
8.05669
-4.50414
-4.75438
-2.44752
-1.59461
-1.06054
-0.448051
0.923199
5.35892
-1.905
-2.90321
-3.66579
2.15176
0.664699
3.88629
6.87341
8.64078
2008.41
68.5507
-3.29652
-3.75497
28.3207
125.099
-1.21029
-1.23903
2.62878
6.59419
-1.19427
-1.84232
-2.50487
-2.28678
-1.8189
0.920568
3.94437
6.32981
289.069
2137.3
19.6035
122.502
122.986
73.6639
12.5216
32.6646
-1.68625
6.39641
-0.981448
-1.45535
-1.04538
-2.2997
-2.52046
-1.15845
1.90197
4.28368
886.013
948.345
1931.83
0.167437
-1.48228
-1.9914
-2.24203
-2.81315
-2.62964
-1.57825
2.57164
-1.70203
-0.470256
-2.10841
-3.10396
-3.31327
-2.66699
541.061
884.558
880.989
102.402
1381.51
-0.489174
-0.57294
-2.08842
-2.7108
-3.35975
-3.01602
2.77876
-0.505035
-1.40677
-0.0358722
-3.50183
-5.02538
153.271
750.114
666.623
88.7093
5.90159
7.26616
1402.62
-1.22714
2.69173
-1.31508
-2.70881
-3.23632
-2.97778
3.6636
-1.83006
-0.181727
-1.48622
-4.39693
133.426
680.407
74.7731
1.39567
1.66521
2.74189
4.16791
10.6767
-1.25457
-1.17344
-0.935466
-1.3185
-0.963624
-0.917461
-2.31754
0.160168
1.14131
-0.970878
21.563
607.632
31.9714
-0.0675145
0.491261
1.25493
2.22864
2.76552
1783.51
-1.12279
133.029
-1.09456
-0.856499
0.343101
-1.33481
-1.43015
2.05862
1.81112
0.787883
0.778318
81.4664
-1.30613
-0.547083
0.0957159
0.696554
1.76534
3.45395
1896.37
-0.831738
14.4444
196.836
143.889
0.325216
-0.199458
-0.564678
-0.207373
1.15477
1.71074
729.953
375.429
-0.410255
-0.792199
-0.531853
-0.615139
-0.647081
3.8702
1560.96
-0.702391
2.78657
43.0394
89.0251
0.686533
0.232566
3.11065
33.4615
427.868
815.472
797.772
40.6383
-0.948112
-1.47961
-1.32403
-2.13932
-3.78889
63.6882
26.3701
-0.605644
11.5818
-0.22937
-0.305533
0.424301
0.187847
0.0514016
66.0379
834.105
839.38
58.1191
2.63093
-3.80818
-4.37339
-2.47164
-2.45289
-3.1094
517.917
-2.33242
-0.363997
0.130605
267.472
-0.00337934
0.53467
0.715974
0.0459533
0.039925
132.877
16.3263
4.23245
1.47517
-4.21922
-5.59335
-3.06969
-2.17398
360.063
449.801
-1.79239
-0.300461
-0.371656
33.4515
-0.262842
-0.0531233
0.025264
0.0249949
-0.00178279
0.0514486
-0.0923484
0.297497
-0.572166
-2.03119
-1.61055
-1.46215
-1.69502
26.3744
-2.12139
-0.592147
)
;

boundaryField
{
    leftWall
    {
        type            fixedFluxPressure;
        gradient        uniform 0;
        value           nonuniform List<scalar> 
100
(
883.745
882.511
879.54
875.018
869.081
861.943
853.919
845.483
835.153
827.019
851.368
835.092
1.84266
1.83927
1.8124
1.77412
1.7396
1.71319
1.68563
1.65412
1.6184
1.57892
1.53621
1.49093
1.44349
1.39372
1.34117
1.28567
1.22753
1.16716
1.10477
1.04048
0.974329
0.906367
0.836714
0.765563
0.693121
0.61961
0.545356
0.470703
0.395951
0.32128
0.246779
0.172451
0.0982867
0.0243891
-0.0489962
-0.121734
-0.193157
-0.260664
883.364
881.225
877.466
872.215
865.646
858.016
849.717
841.322
828.672
834.058
877.021
144.281
1.84244
1.82813
1.79378
1.75556
1.72613
1.69982
1.67041
1.63676
1.5991
1.55793
1.51385
1.46747
1.41893
1.36782
1.31378
1.25691
1.19761
1.13621
1.07286
1.00764
0.940569
0.87174
0.801312
0.729491
0.656481
0.582554
0.508057
0.433326
0.358598
0.284008
0.209593
0.135346
0.0612915
-0.012387
-0.0854233
-0.157855
-0.226931
-0.298451
)
;
    }
    rightWall
    {
        type            fixedFluxPressure;
        gradient        uniform 0;
        value           nonuniform List<scalar> 
100
(
317.84
317.841
317.845
317.85
317.858
317.868
317.882
317.899
317.943
318.026
318.17
318.428
318.913
319.935
327.577
943.414
1224.39
1355.69
2216.4
2954.31
2763.61
2511.37
1978.04
2208.35
1585.47
607.489
1702.72
1789.2
2072.1
2284.01
2322.73
1511
1280.19
1687.8
1750.21
1803.6
1894.93
2008.41
2137.3
1931.83
1381.51
1402.62
10.6767
1783.51
1896.37
1560.96
26.3701
-2.33242
-1.79239
-0.592147
317.839
317.84
317.843
317.847
317.854
317.863
317.875
317.89
317.914
317.979
318.088
318.28
318.631
319.324
321.328
406.453
1184.64
1206.09
1754.57
2772.12
2878.56
2652.8
2088.72
1963.45
2342.28
601.517
1140.86
1716.11
1917.74
2250.91
2308.1
2338.58
1171.86
1648.73
1723.76
1775.46
1845.89
1949.02
2072.46
2199.43
1354.27
1405.63
760.99
855.865
1871.03
1890.61
208.92
5.13739
-1.32105
-1.05612
)
;
    }
    lowerWall
    {
        type            fixedFluxPressure;
        gradient        uniform 0;
        value           nonuniform List<scalar> 
124
(
884.329
890.442
892.195
886.362
879.601
875.39
873.819
874.422
876.979
881.558
888.47
898.204
911.342
928.624
950.578
977.934
1010.81
1042.37
1052.84
1054.31
1048.04
1018.5
1086.54
1078.32
1044.4
1031.64
1073.04
1126.13
1148.59
1123.76
1036.27
762.428
607.148
416.443
318.434
318.019
318.017
318.012
318.002
317.985
317.955
317.905
317.819
318.022
318.024
318.019
318.001
317.971
317.931
317.888
317.845
317.808
317.778
317.757
317.747
317.747
317.757
317.774
317.795
317.816
317.832
317.839
883.745
886.864
892.436
889.84
882.753
877.137
874.307
873.87
875.459
879.001
884.695
892.95
904.307
919.419
938.985
963.523
993.811
1027.8
1051.62
1048.09
1055.56
1032.19
1059.05
735.823
757.564
523.018
324.159
318.019
318.023
318.023
318.012
317.987
317.952
317.91
317.866
317.826
317.791
317.766
317.751
317.746
317.751
317.765
317.784
317.806
317.825
317.837
1086.54
1062.47
1031.7
1047.19
1101.4
1142.64
1142.62
1089.43
318.019
318.015
318.008
317.995
317.973
317.932
317.875
317.736
)
;
    }
    atmosphere
    {
        type            totalPressure;
        rho             rho;
        psi             none;
        gamma           1;
        p0              uniform 0;
        value           nonuniform List<scalar> 
92
(
-0.32972
-0.331709
-0.335595
-0.340377
-0.346177
-0.353097
-0.361218
-0.370614
-0.381351
-0.393483
-0.407049
-0.422061
-0.438483
-0.456212
-0.475051
-0.494652
-0.514448
-0.533547
-0.550578
-0.563508
-0.569369
-0.563738
-0.540312
-0.512936
-0.483404
-0.444624
-0.394003
-0.280017
-0.317305
0
0
0
0
0
0
0
0
-0.0961665
-1.03764
-1.98298
0
0
0
0
0
0
-0.320677
-0.329759
-0.333543
-0.337862
-0.343138
-0.349487
-0.356998
-0.365748
-0.375806
-0.387235
-0.40008
-0.41437
-0.430095
-0.447188
-0.465505
-0.48478
-0.504566
-0.52415
-0.542422
-0.557707
-0.567536
-0.568324
-0.554736
-0.52473
-0.499227
-0.465259
-0.42117
-0.342854
-0.177367
-0.547053
0
0
0
0
0
0
0
0
-0.463155
-1.71492
-1.0622
0
0
0
0
0
)
;
    }
    defaultFaces
    {
        type            empty;
    }
}


// ************************************************************************* //
